account 1 0.0 0.0
action 0 0.0 0.0
add 1 0.0 0.0
additional 1 0.0 0.0
agree 1 0.0 0.0
aksu 1 3.912023005428146 3.912023005428146
aleksandrovich 1 3.912023005428146 3.912023005428146
alike 1 0.0 0.0
alleged 1 2.8134107167600364 2.8134107167600364
amp 1 0.4620354595965586 0.4620354595965586
angelova 1 4.605170185988092 4.605170185988092
anguelova 1 4.605170185988092 4.605170185988092
appearance 1 0.0 0.0
application 1 2.0402208285265546 2.0402208285265546
apply 1 0.0 0.0
approach 1 1.9661128563728327 1.9661128563728327
april 1 0.44628710262841953 0.44628710262841953
article 1 0.0 0.0
assenov 1 4.605170185988092 4.605170185988092
attribution 1 0.0 0.0
available 1 0.0 0.0
bagdonavicius 1 4.605170185988092 4.605170185988092
balogh 1 4.605170185988092 4.605170185988092
bayefskycom 1 4.605170185988092 4.605170185988092
beganovi 1 4.605170185988092 4.605170185988092
bekos 1 4.605170185988092 4.605170185988092
belgium 1 2.207274913189721 2.207274913189721
body 1 1.4271163556401458 1.4271163556401458
bojilov 1 4.605170185988092 4.605170185988092
bosnia 1 3.2188758248682006 3.2188758248682006
brief 1 2.407945608651872 2.407945608651872
brought 1 1.5606477482646683 1.5606477482646683
buckley 1 3.912023005428146 3.912023005428146
budinova 1 4.605170185988092 4.605170185988092
bulgaria 1 3.506557897319982 3.506557897319982
carabulea 1 4.605170185988092 4.605170185988092
case 1 1.3862943611198906 1.3862943611198906
cat 1 1.5606477482646683 1.5606477482646683
category 0 0.0 0.0
cedaw 1 4.605170185988092 4.605170185988092
centerpx 1 0.0408219945202552 0.0408219945202552
cerd 1 4.605170185988092 4.605170185988092
change 0 0.0 0.0
chapman 1 2.995732273553991 2.995732273553991
chaprazov 1 4.605170185988092 4.605170185988092
charter 1 2.995732273553991 2.995732273553991
chez 1 3.912023005428146 3.912023005428146
choban 1 4.605170185988092 4.605170185988092
chronological 1 3.2188758248682006 3.2188758248682006
ciorcan 1 4.605170185988092 4.605170185988092
citation 1 0.0408219945202552 0.0408219945202552
cite 1 0.0 0.0
citeweb 1 0.5447271754416719 0.5447271754416719
cjeu 1 4.605170185988092 4.605170185988092
cmiskpechrcoeint 1 4.605170185988092 4.605170185988092
code 1 0.0 0.0
cohre 1 4.605170185988092 4.605170185988092
committee 1 1.6607312068216509 1.6607312068216509
common 0 0.0 0.0
communication 1 2.207274913189721 2.207274913189721
concerning 1 3.912023005428146 3.912023005428146
conduct 1 0.0 0.0
conka 1 4.605170185988092 4.605170185988092
connors 1 3.912023005428146 3.912023005428146
contact 1 0.0 0.0
contains 1 2.8134107167600364 2.8134107167600364
content 1 0.0 0.0
context 1 0.010050335853501506 0.010050335853501506
contribute 1 0.0 0.0
contribution 0 0.0 0.0
cookie 1 0.0 0.0
cookiematch 1 0.0 0.0
coster 1 4.605170185988092 4.605170185988092
council 1 1.4696759700589417 1.4696759700589417
court 1 1.5141277326297755 1.5141277326297755
create 1 0.0 0.0
creative 1 0.0 0.0
croatia 1 2.8134107167600364 2.8134107167600364
csmaintcolorf 1 0.06187540371808745 0.06187540371808745
csmaintcolorfmedia 1 0.0408219945202552 0.0408219945202552
cswsicon 1 0.0408219945202552 0.0408219945202552
curia 1 4.605170185988092 4.605170185988092
curiaeuropaeu 1 4.605170185988092 4.605170185988092
current 1 0.0 0.0
cyprus 1 3.506557897319982 3.506557897319982
czech 1 2.207274913189721 2.207274913189721
defamation 1 4.605170185988092 4.605170185988092
description 1 0.07257069283483537 0.07257069283483537
developer 0 0.0 0.0
diaz 1 3.506557897319982 3.506557897319982
different 1 0.3424903089467759 0.3424903089467759
dimov 1 4.605170185988092 4.605170185988092
disclaimer 0 0.0 0.0
dmtr 1 4.605170185988092 4.605170185988092
document 0 2.120263536200091 0.0
donate 1 0.0 0.0
download 1 0.0 0.0
durmic 1 4.605170185988092 4.605170185988092
dzeladinov 1 4.605170185988092 4.605170185988092
dzemajl 1 4.605170185988092 4.605170185988092
echr 1 4.605170185988092 4.605170185988092
ecsr 1 4.605170185988092 4.605170185988092
ect 1 4.605170185988092 4.605170185988092
education 1 1.3470736479666094 1.3470736479666094
election 0 1.9661128563728327 0.0
encyclopedia 1 0.0 0.0
english 1 0.0 0.0
eremiov 1 4.605170185988092 4.605170185988092
errc 1 4.605170185988092 4.605170185988092
ertf 1 4.605170185988092 4.605170185988092
esc 1 4.605170185988092 4.605170185988092
europe 1 1.5141277326297755 1.5141277326297755
european 1 1.3093333199837622 1.3093333199837622
event 0 0.0 0.0
execution 1 2.995732273553991 2.995732273553991
exp 1 0.0 0.0
external 1 0.44628710262841953 0.44628710262841953
factsheet 1 4.605170185988092 4.605170185988092
family 1 0.9162907318741551 0.9162907318741551
february 1 0.27443684570176036 0.27443684570176036
fedorchenko 1 4.605170185988092 4.605170185988092
fidh 1 4.605170185988092 4.605170185988092
file 1 0.0 0.0
finci 1 4.605170185988092 4.605170185988092
forum 1 2.8134107167600364 2.8134107167600364
foundation 1 0.0 0.0
france 1 1.2039728043259361 1.2039728043259361
free 1 0.0 0.0
general 1 0.0 0.0
generalising 1 4.605170185988092 4.605170185988092
georgopoulos 1 4.605170185988092 4.605170185988092
gergely 1 4.605170185988092 4.605170185988092
get 1 0.0 0.0
greece 1 2.302585092994046 2.302585092994046
help 1 0.0 0.0
herzegovina 1 3.2188758248682006 3.2188758248682006
hidden 1 0.010050335853501506 0.010050335853501506
hide 1 0.0 0.0
history 1 0.0 0.0
horvath 1 4.605170185988092 4.605170185988092
housing 1 2.8134107167600364 2.8134107167600364
hrc 1 4.605170185988092 4.605170185988092
hudoc 1 4.605170185988092 4.605170185988092
hudocechrcoeint 1 4.605170185988092 4.605170185988092
hudocesc 1 4.605170185988092 4.605170185988092
hudocesccoeint 1 4.605170185988092 4.605170185988092
hudorovi 1 4.605170185988092 4.605170185988092
human 1 1.3862943611198906 1.3862943611198906
hungary 1 2.995732273553991 2.995732273553991
idlockfree 1 0.0408219945202552 0.0408219945202552
idlockfreeidlockfree 1 0.0408219945202552 0.0408219945202552
idlocklimited 1 0.0408219945202552 0.0408219945202552
idlockregistration 1 0.0408219945202552 0.0408219945202552
idlocksubscription 1 0.0408219945202552 0.0408219945202552
iliev 1 4.605170185988092 4.605170185988092
illtreatment 1 4.605170185988092 4.605170185988092
inc 1 0.0 0.0
information 1 0.0 0.0
interights 1 4.605170185988092 4.605170185988092
international 1 0.5978370007556204 0.5978370007556204
issue 0 1.1086626245216111 0.0
italy 1 2.120263536200091 2.120263536200091
item 1 0.010050335853501506 0.010050335853501506
january 1 0.3424903089467759 0.3424903089467759
jasar 1 4.605170185988092 4.605170185988092
judgment 0 3.912023005428146 0.0
july 1 0.43078291609245434 0.43078291609245434
jump 1 0.0 0.0
june 1 0.40047756659712536 0.40047756659712536
jurisprudence 1 3.506557897319982 3.506557897319982
jusinova 1 4.605170185988092 4.605170185988092
kalamiotis 1 4.605170185988092 4.605170185988092
kalanyos 1 4.605170185988092 4.605170185988092
karagiannopoulos 1 4.605170185988092 4.605170185988092
katsaris 1 4.605170185988092 4.605170185988092
kehayov 1 4.605170185988092 4.605170185988092
kirilov 1 4.605170185988092 4.605170185988092
kirly 1 4.605170185988092 4.605170185988092
kiss 1 3.2188758248682006 3.2188758248682006
kitov 1 4.605170185988092 4.605170185988092
kleyn 1 4.605170185988092 4.605170185988092
koky 1 4.605170185988092 4.605170185988092
koptova 1 4.605170185988092 4.605170185988092
korjanec 1 4.605170185988092 4.605170185988092
koutropoulos 1 4.605170185988092 4.605170185988092
lacatus 1 4.605170185988092 4.605170185988092
lack 1 2.120263536200091 2.120263536200091
lacko 1 4.605170185988092 4.605170185988092
language 0 0.0 0.0
last 1 0.0 0.0
lavida 1 4.605170185988092 4.605170185988092
law 1 1.4271163556401458 1.4271163556401458
learn 1 0.0 0.0
lee 1 1.6607312068216509 1.6607312068216509
license 1 0.0 0.0
lingurar 1 4.605170185988092 4.605170185988092
link 1 0.0 0.0
list 1 0.6348782724359695 0.6348782724359695
log 1 0.0 0.0
logged 1 0.0 0.0
lozenko 1 4.605170185988092 4.605170185988092
macedonia 1 3.912023005428146 3.912023005428146
main 1 0.0 0.0
mainother 1 1.5141277326297755 1.5141277326297755
malinova 1 4.605170185988092 4.605170185988092
march 1 0.3147107448397002 0.3147107448397002
may 1 0.0 0.0
mdac 1 4.605170185988092 4.605170185988092
memedov 1 4.605170185988092 4.605170185988092
menu 1 0.0 0.0
mihaylova 1 4.605170185988092 4.605170185988092
miigrov 1 4.605170185988092 4.605170185988092
minister 0 1.5606477482646683 0.0
mobile 1 0.0 0.0
moldovan 1 3.912023005428146 3.912023005428146
molnar 1 4.605170185988092 4.605170185988092
montenegro 1 3.506557897319982 3.506557897319982
month 1 0.8915981192837835 0.8915981192837835
move 1 0.0 0.0
munoz 1 4.605170185988092 4.605170185988092
nachova 1 4.605170185988092 4.605170185988092
nation 0 1.2729656758128876 0.0
navigation 1 0.0 0.0
nikolova 1 4.605170185988092 4.605170185988092
nonprofit 1 0.0 0.0
north 1 0.8209805520698303 0.8209805520698303
november 1 0.3011050927839216 0.3011050927839216
october 1 0.28768207245178085 0.28768207245178085
ognyanova 1 4.605170185988092 4.605170185988092
ongoing 1 2.995732273553991 2.995732273553991
organization 1 0.0 0.0
organizationname 1 0.010050335853501506 0.010050335853501506
oru 1 4.605170185988092 4.605170185988092
others 1 1.1394342831883648 1.1394342831883648
overview 1 2.0402208285265546 2.0402208285265546
page 1 0.0 0.0
pagetype 1 1.2729656758128876 1.2729656758128876
paraskeva 1 4.605170185988092 4.605170185988092
pastrama 1 4.605170185988092 4.605170185988092
pdf 1 1.0498221244986776 1.0498221244986776
pdfprintable 1 0.0 0.0
pechov 1 4.605170185988092 4.605170185988092
people 1 0.49429632181478017 0.49429632181478017
permanent 1 0.0 0.0
person 0 1.5606477482646683 0.0
personal 1 0.0 0.0
petropoulou 1 4.605170185988092 4.605170185988092
petrov 1 4.605170185988092 4.605170185988092
police 1 1.7719568419318754 1.7719568419318754
policy 1 0.0 0.0
portal 1 0.0 0.0
portugal 1 2.302585092994046 2.302585092994046
printexport 1 0.0 0.0
prison 1 2.302585092994046 2.302585092994046
privacy 1 0.0 0.0
private 1 1.8325814637483102 1.8325814637483102
project 0 0.0 0.0
protection 1 2.407945608651872 2.407945608651872
quasijudicial 1 4.605170185988092 4.605170185988092
racist 1 3.506557897319982 3.506557897319982
random 1 0.0 0.0
read 1 0.0 0.0
recent 1 0.0 0.0
redjepovi 1 4.605170185988092 4.605170185988092
reference 0 0.03045920748470844 0.0
reflist 1 0.06187540371808745 0.06187540371808745
reflistcolumns 1 0.06187540371808745 0.06187540371808745
reg 1 0.0 0.0
registered 1 0.0 0.0
related 1 0.0 0.0
republic 1 1.5141277326297755 1.5141277326297755
retrieved 1 0.0 0.0
right 0 0.9675840262617057 0.0
rightsrelated 1 4.605170185988092 4.605170185988092
rom 0 2.995732273553991 0.0
romani 1 4.605170185988092 4.605170185988092
romania 1 3.2188758248682006 3.2188758248682006
romanirelated 1 4.605170185988092 4.605170185988092
russia 1 2.0402208285265546 2.0402208285265546
sampani 1 4.605170185988092 4.605170185988092
sampanis 1 4.605170185988092 4.605170185988092
sashov 1 4.605170185988092 4.605170185988092
screen 1 0.010050335853501506 0.010050335853501506
sdcat 1 2.995732273553991 2.995732273553991
search 1 0.0 0.0
sejdi 1 4.605170185988092 4.605170185988092
serbia 1 3.2188758248682006 3.2188758248682006
share 1 0.0 0.0
short 1 0.06187540371808745 0.06187540371808745
shortdescription 1 0.2613647641344075 0.2613647641344075
shortened 1 0.0 0.0
sidebar 1 0.0 0.0
site 1 0.0 0.0
slovak 1 3.912023005428146 3.912023005428146
slovakia 1 3.2188758248682006 3.2188758248682006
slovenia 1 3.912023005428146 3.912023005428146
social 1 1.3093333199837622 1.3093333199837622
spain 1 1.6607312068216509 1.6607312068216509
special 1 0.0 0.0
statement 1 0.0 0.0
statistic 0 0.0 0.0
stefanou 1 4.605170185988092 4.605170185988092
sterilization 0 4.605170185988092 0.0
stoica 1 4.605170185988092 4.605170185988092
subsection 1 0.3424903089467759 0.3424903089467759
sulejmanov 1 4.605170185988092 4.605170185988092
supervision 1 3.2188758248682006 3.2188758248682006
table 1 0.0 0.0
talk 1 0.0 0.0
tanase 1 4.605170185988092 4.605170185988092
template 1 0.0 0.0
term 0 0.0 0.0
terna 1 4.605170185988092 4.605170185988092
text 1 0.0 0.0
threat 0 2.407945608651872 0.0
todorova 1 4.605170185988092 4.605170185988092
toggle 1 0.010050335853501506 0.010050335853501506
tool 0 0.0 0.0
top 1 0.010050335853501506 0.010050335853501506
topic 1 0.0 0.0
total 1 0.0 0.0
trademark 1 0.0 0.0
traveller 0 3.912023005428146 0.0
treaty 1 2.5257286443082556 2.5257286443082556
tsakiris 1 4.605170185988092 4.605170185988092
turkey 1 2.302585092994046 2.302585092994046
tzekov 1 4.605170185988092 4.605170185988092
ukraine 1 2.8134107167600364 2.8134107167600364
united 1 0.4155154439616658 0.4155154439616658
upload 1 0.0 0.0
use 1 0.0 0.0
using 1 0.0 0.0
utc 1 0.0 0.0
var 1 0.0 0.0
velikova 1 4.605170185988092 4.605170185988092
version 1 0.0 0.0
view 1 0.0 0.0
violation 0 2.995732273553991 0.0
violence 1 2.8134107167600364 2.8134107167600364
vona 1 4.605170185988092 4.605170185988092
wikidata 1 0.010050335853501506 0.010050335853501506
wikimedia 1 0.0 0.0
wikipedia 1 0.0 0.0
year 1 0.3424903089467759 0.3424903089467759
yordanova 1 4.605170185988092 4.605170185988092
yugoslavia 1 3.506557897319982 3.506557897319982
