aaa 1 3.2188758248682006 3.2188758248682006
aaron 1 2.207274913189721 2.207274913189721
abandoned 1 3.2188758248682006 3.2188758248682006
ability 1 2.302585092994046 2.302585092994046
accord 0 3.506557897319982 0.0
according 1 1.3093333199837622 1.3093333199837622
account 1 0.0 0.0
acre 0 2.995732273553991 0.0
action 0 0.0 0.0
add 1 0.0 0.0
additional 1 0.0 0.0
administration 1 2.120263536200091 2.120263536200091
adumim 1 4.605170185988092 4.605170185988092
advanced 1 2.407945608651872 2.407945608651872
affair 0 1.6094379124341003 0.0
affected 1 3.2188758248682006 3.2188758248682006
ago 1 1.9661128563728327 1.9661128563728327
agree 1 0.0 0.0
agriculture 1 2.5257286443082556 2.5257286443082556
alike 1 0.0 0.0
allocated 1 3.506557897319982 3.506557897319982
allow 1 2.207274913189721 2.207274913189721
almost 1 1.7147984280919266 1.7147984280919266
along 1 1.4696759700589417 1.4696759700589417
alongside 1 1.9661128563728327 1.9661128563728327
also 1 0.127833371509885 0.127833371509885
although 1 1.4696759700589417 1.4696759700589417
amnesty 1 3.2188758248682006 3.2188758248682006
among 1 1.2378743560016172 1.2378743560016172
amp 1 0.4620354595965586 0.4620354595965586
analysis 1 2.120263536200091 2.120263536200091
analyzed 1 3.912023005428146 3.912023005428146
apartheid 1 3.2188758248682006 3.2188758248682006
appearance 1 0.0 0.0
applied 1 2.659260036932778 2.659260036932778
apply 1 0.0 0.0
approximately 1 2.407945608651872 2.407945608651872
area 1 1.2729656758128876 1.2729656758128876
argue 1 4.605170185988092 4.605170185988092
argues 1 4.605170185988092 4.605170185988092
ariel 1 4.605170185988092 4.605170185988092
army 1 1.6094379124341003 1.6094379124341003
article 1 0.0 0.0
asserts 1 3.912023005428146 3.912023005428146
attribution 1 0.0 0.0
august 1 0.3424903089467759 0.3424903089467759
authority 0 0.8915981192837835 0.0
available 1 0.0 0.0
bank 1 2.0402208285265546 2.0402208285265546
baroud 1 4.605170185988092 4.605170185988092
barrier 1 3.506557897319982 3.506557897319982
base 0 1.4696759700589417 0.0
battle 1 1.3862943611198906 1.3862943611198906
bedouin 1 4.605170185988092 4.605170185988092
began 1 0.8675005677047231 0.8675005677047231
berman 1 3.912023005428146 3.912023005428146
bimkom 1 4.605170185988092 4.605170185988092
bimkomorg 1 4.605170185988092 4.605170185988092
blue 1 1.4696759700589417 1.4696759700589417
body 0 1.4271163556401458 0.0
boundary 0 2.995732273553991 0.0
boxerman 1 4.605170185988092 4.605170185988092
breakdown 1 2.659260036932778 2.659260036932778
btselem 1 4.605170185988092 4.605170185988092
build 1 2.120263536200091 2.120263536200091
building 1 1.6607312068216509 1.6607312068216509
built 1 1.6607312068216509 1.6607312068216509
category 1 0.0 0.0
cemented 1 4.605170185988092 4.605170185988092
centerpx 1 0.0408219945202552 0.0408219945202552
chaim 1 4.605170185988092 4.605170185988092
change 0 0.0 0.0
changed 1 1.6607312068216509 1.6607312068216509
citation 1 0.0408219945202552 0.0408219945202552
cite 1 0.0 0.0
citeweb 1 0.5447271754416719 0.5447271754416719
city 0 0.6348782724359695 0.0
civil 1 1.7719568419318754 1.7719568419318754
civilian 1 2.407945608651872 2.407945608651872
closed 1 2.207274913189721 2.207274913189721
code 1 0.0 0.0
common 0 0.0 0.0
communitiesover 1 4.605170185988092 4.605170185988092
community 1 1.6094379124341003 1.6094379124341003
completely 1 2.5257286443082556 2.5257286443082556
concentration 1 3.506557897319982 3.506557897319982
conduct 1 0.0 0.0
confiscation 1 4.605170185988092 4.605170185988092
conflict 1 2.0402208285265546 2.0402208285265546
consequence 0 2.8134107167600364 0.0
consideration 0 3.506557897319982 0.0
considered 1 1.3862943611198906 1.3862943611198906
consistent 1 2.8134107167600364 2.8134107167600364
construction 1 1.8325814637483102 1.8325814637483102
contact 1 0.0 0.0
contained 1 2.8134107167600364 2.8134107167600364
content 1 0.0 0.0
contentious 1 3.912023005428146 3.912023005428146
continue 1 2.207274913189721 2.207274913189721
contrast 1 2.995732273553991 2.995732273553991
contribute 1 0.0 0.0
contribution 0 0.0 0.0
control 1 0.7765287894989963 0.7765287894989963
convention 1 2.995732273553991 2.995732273553991
cookie 1 0.0 0.0
cookiematch 1 0.0 0.0
coordination 1 2.995732273553991 2.995732273553991
countslive 1 4.605170185988092 4.605170185988092
court 1 1.5141277326297755 1.5141277326297755
create 1 0.0 0.0
created 1 1.5606477482646683 1.5606477482646683
creative 1 0.0 0.0
crime 1 1.9661128563728327 1.9661128563728327
critic 0 1.9661128563728327 0.0
critized 1 4.605170185988092 4.605170185988092
cruel 1 3.912023005428146 3.912023005428146
csmaintcolorf 1 0.06187540371808745 0.06187540371808745
csmaintcolorfmedia 1 0.0408219945202552 0.0408219945202552
cswsicon 1 0.0408219945202552 0.0408219945202552
current 1 0.0 0.0
currently 1 2.207274913189721 2.207274913189721
database 1 0.9675840262617057 0.9675840262617057
date 1 0.3147107448397002 0.3147107448397002
day 1 0.5276327420823719 0.5276327420823719
decade 0 2.659260036932778 0.0
december 1 0.37106368139083196 0.37106368139083196
decide 1 2.995732273553991 2.995732273553991
declaration 1 3.506557897319982 3.506557897319982
declared 1 2.407945608651872 2.407945608651872
declaring 1 4.605170185988092 4.605170185988092
declined 1 2.8134107167600364 2.8134107167600364
deepening 1 4.605170185988092 4.605170185988092
defense 1 1.7719568419318754 1.7719568419318754
defined 1 2.207274913189721 2.207274913189721
demolishes 1 4.605170185988092 4.605170185988092
demolishing 1 3.912023005428146 3.912023005428146
demolition 0 3.912023005428146 0.0
desert 1 2.8134107167600364 2.8134107167600364
designated 1 3.506557897319982 3.506557897319982
designating 1 3.912023005428146 3.912023005428146
designation 1 3.506557897319982 3.506557897319982
despite 1 1.1394342831883648 1.1394342831883648
destroyed 1 2.302585092994046 2.302585092994046
determines 1 4.605170185988092 4.605170185988092
developer 0 0.0 0.0
development 1 1.3093333199837622 1.3093333199837622
different 1 0.3424903089467759 0.3424903089467759
digital 1 1.9661128563728327 1.9661128563728327
diminishes 1 4.605170185988092 4.605170185988092
disclaimer 0 0.0 0.0
displacement 1 2.995732273553991 2.995732273553991
disruption 1 3.912023005428146 3.912023005428146
division 1 1.2729656758128876 1.2729656758128876
dmca 1 4.605170185988092 4.605170185988092
dmy 1 1.4271163556401458 1.4271163556401458
document 1 2.120263536200091 2.120263536200091
domination 1 4.605170185988092 4.605170185988092
donate 1 0.0 0.0
download 1 0.0 0.0
dozen 1 3.506557897319982 3.506557897319982
drew 1 2.659260036932778 2.659260036932778
dror 1 4.605170185988092 4.605170185988092
dunams 1 4.605170185988092 4.605170185988092
dunums 1 4.605170185988092 4.605170185988092
earmarked 1 4.605170185988092 4.605170185988092
earmarking 1 4.605170185988092 4.605170185988092
eastern 1 1.5606477482646683 1.5606477482646683
economic 1 1.7719568419318754 1.7719568419318754
ecstasy 1 4.605170185988092 4.605170185988092
ecstatic 1 3.912023005428146 3.912023005428146
edo 1 4.605170185988092 4.605170185988092
effectively 1 2.8134107167600364 2.8134107167600364
enacted 1 3.912023005428146 3.912023005428146
encyclopedia 1 0.0 0.0
end 1 0.7985076962177716 0.7985076962177716
ended 1 2.0402208285265546 2.0402208285265546
english 1 0.0 0.0
entire 1 2.0402208285265546 2.0402208285265546
erected 1 3.912023005428146 3.912023005428146
essential 1 2.5257286443082556 2.5257286443082556
establishment 1 1.9661128563728327 1.9661128563728327
estimated 1 2.995732273553991 2.995732273553991
eternalizing 1 4.605170185988092 4.605170185988092
etkes 1 4.605170185988092 4.605170185988092
european 1 1.3093333199837622 1.3093333199837622
evacuate 1 3.912023005428146 3.912023005428146
event 0 0.0 0.0
eviction 1 3.506557897319982 3.506557897319982
exclusive 1 2.302585092994046 2.302585092994046
exercise 0 2.995732273553991 0.0
exp 1 0.0 0.0
expand 1 2.8134107167600364 2.8134107167600364
expansion 1 2.0402208285265546 2.0402208285265546
explicit 1 3.506557897319982 3.506557897319982
expropriation 1 4.605170185988092 4.605170185988092
expulsion 1 3.2188758248682006 3.2188758248682006
extensive 1 2.995732273553991 2.995732273553991
extensively 1 3.2188758248682006 3.2188758248682006
eyal 1 4.605170185988092 4.605170185988092
face 1 1.9661128563728327 1.9661128563728327
facilitate 1 3.912023005428146 3.912023005428146
family 0 0.9162907318741551 0.0
far 1 1.6607312068216509 1.6607312068216509
farmland 0 4.605170185988092 0.0
fate 1 2.407945608651872 2.407945608651872
february 1 0.27443684570176036 0.27443684570176036
figure 0 1.3470736479666094 0.0
file 1 0.0 0.0
fire 1 1.7147984280919266 1.7147984280919266
firing 1 3.912023005428146 3.912023005428146
first 1 0.1508228897345837 0.1508228897345837
five 1 1.0216512475319812 1.0216512475319812
following 1 0.7133498878774648 0.7133498878774648
forbidden 1 2.8134107167600364 2.8134107167600364
force 0 1.2378743560016172 0.0
forced 1 2.207274913189721 2.207274913189721
forcible 1 4.605170185988092 4.605170185988092
foundation 1 0.0 0.0
founded 1 1.7147984280919266 1.7147984280919266
fourth 1 1.4696759700589417 1.4696759700589417
free 1 0.0 0.0
frequently 1 2.659260036932778 2.659260036932778
fullrootpagename 1 4.605170185988092 4.605170185988092
future 1 1.6607312068216509 1.6607312068216509
general 1 0.0 0.0
geneva 1 3.2188758248682006 3.2188758248682006
geographic 1 3.506557897319982 3.506557897319982
geographical 1 4.605170185988092 4.605170185988092
get 1 0.0 0.0
give 1 1.5141277326297755 1.5141277326297755
given 1 1.2378743560016172 1.2378743560016172
goal 1 1.8971199848858813 1.8971199848858813
governorate 1 4.605170185988092 4.605170185988092
group 0 0.8209805520698303 0.0
haaretzcom 1 4.605170185988092 4.605170185988092
hand 0 1.3862943611198906 0.0
heavily 1 2.8134107167600364 2.8134107167600364
hebron 1 4.605170185988092 4.605170185988092
hectare 0 4.605170185988092 0.0
help 1 0.0 0.0
herding 1 4.605170185988092 4.605170185988092
hidden 1 0.010050335853501506 0.010050335853501506
hide 1 0.0 0.0
hill 0 1.2039728043259361 0.0
history 1 0.0 0.0
home 0 0.7339691750802005 0.0
however 1 0.6931471805599453 0.6931471805599453
human 1 1.3862943611198906 1.3862943611198906
humanitarian 1 3.506557897319982 3.506557897319982
humanity 1 2.659260036932778 2.659260036932778
hundred 1 2.302585092994046 2.302585092994046
idf 1 4.605170185988092 4.605170185988092
idlockfree 1 0.0408219945202552 0.0408219945202552
idlockfreeidlockfree 1 0.0408219945202552 0.0408219945202552
idlocklimited 1 0.0408219945202552 0.0408219945202552
idlockregistration 1 0.0408219945202552 0.0408219945202552
idlocksubscription 1 0.0408219945202552 0.0408219945202552
impact 1 2.302585092994046 2.302585092994046
implication 0 4.605170185988092 0.0
inc 1 0.0 0.0
including 1 0.7133498878774648 0.7133498878774648
incorporated 1 2.120263536200091 2.120263536200091
information 1 0.0 0.0
infrastructure 1 2.659260036932778 2.659260036932778
initiated 1 3.2188758248682006 3.2188758248682006
inside 1 2.0402208285265546 2.0402208285265546
institute 1 1.5141277326297755 1.5141277326297755
intended 1 2.120263536200091 2.120263536200091
intent 1 3.506557897319982 3.506557897319982
international 1 0.5978370007556204 0.5978370007556204
israel 1 1.7147984280919266 1.7147984280919266
israeli 1 3.2188758248682006 3.2188758248682006
israelideclared 1 4.605170185988092 4.605170185988092
issue 1 1.1086626245216111 1.1086626245216111
jacob 1 2.120263536200091 2.120263536200091
jahalin 1 4.605170185988092 4.605170185988092
january 1 0.3424903089467759 0.3424903089467759
jerusalem 1 2.995732273553991 2.995732273553991
jewish 1 2.207274913189721 2.207274913189721
jordan 1 1.7147984280919266 1.7147984280919266
judean 1 4.605170185988092 4.605170185988092
july 1 0.43078291609245434 0.43078291609245434
jump 1 0.0 0.0
jurisdictional 1 3.506557897319982 3.506557897319982
keeping 1 2.995732273553991 2.995732273553991
khirbet 1 4.605170185988092 4.605170185988092
know 1 1.7147984280919266 1.7147984280919266
known 1 0.7985076962177716 0.7985076962177716
konrad 1 4.605170185988092 4.605170185988092
lack 1 2.120263536200091 2.120263536200091
land 1 1.5141277326297755 1.5141277326297755
language 0 0.0 0.0
large 1 1.4696759700589417 1.4696759700589417
largest 1 2.407945608651872 2.407945608651872
last 1 0.0 0.0
late 1 1.3093333199837622 1.3093333199837622
latrun 1 4.605170185988092 4.605170185988092
law 1 1.4271163556401458 1.4271163556401458
lazar 1 4.605170185988092 4.605170185988092
learn 1 0.0 0.0
legal 1 1.9661128563728327 1.9661128563728327
levinson 1 4.605170185988092 4.605170185988092
license 1 0.0 0.0
like 1 1.2039728043259361 1.2039728043259361
line 1 1.4696759700589417 1.4696759700589417
link 1 0.0 0.0
list 1 0.6348782724359695 0.6348782724359695
live 1 1.2378743560016172 1.2378743560016172
lived 1 2.207274913189721 2.207274913189721
livefire 1 4.605170185988092 4.605170185988092
livelihood 0 4.605170185988092 0.0
locality 0 4.605170185988092 0.0
located 1 2.407945608651872 2.407945608651872
location 1 1.171182981502945 1.171182981502945
log 1 0.0 0.0
logged 1 0.0 0.0
longstanding 1 3.506557897319982 3.506557897319982
losing 1 2.120263536200091 2.120263536200091
maale 1 4.605170185988092 4.605170185988092
magazine 1 1.8971199848858813 1.8971199848858813
magid 1 4.605170185988092 4.605170185988092
main 1 0.0 0.0
major 1 1.1086626245216111 1.1086626245216111
make 1 1.0498221244986776 1.0498221244986776
making 1 1.6607312068216509 1.6607312068216509
many 1 0.7550225842780328 0.7550225842780328
map 1 2.0402208285265546 2.0402208285265546
mapped 1 4.605170185988092 4.605170185988092
mapping 1 3.2188758248682006 3.2188758248682006
march 1 0.3147107448397002 0.3147107448397002
marginalized 1 4.605170185988092 4.605170185988092
masafer 1 4.605170185988092 4.605170185988092
mass 1 1.9661128563728327 1.9661128563728327
master 1 1.3093333199837622 1.3093333199837622
may 1 0.0 0.0
mechanism 0 3.506557897319982 0.0
meeting 1 1.8971199848858813 1.8971199848858813
menu 1 0.0 0.0
method 0 1.8971199848858813 0.0
military 1 1.4696759700589417 1.4696759700589417
million 1 1.6094379124341003 1.6094379124341003
minister 1 1.5606477482646683 1.5606477482646683
mobile 1 0.0 0.0
mostly 1 2.407945608651872 2.407945608651872
move 1 0.0 0.0
moved 1 1.7719568419318754 1.7719568419318754
movement 1 1.6607312068216509 1.6607312068216509
nablus 1 4.605170185988092 4.605170185988092
name 1 0.5276327420823719 0.5276327420823719
nation 0 1.2729656758128876 0.0
national 1 0.5108256237659907 0.5108256237659907
nature 1 2.0402208285265546 2.0402208285265546
navigation 1 0.0 0.0
nearly 1 2.8134107167600364 2.8134107167600364
necessary 1 2.659260036932778 2.659260036932778
nevertheless 1 2.5257286443082556 2.5257286443082556
nonprofit 1 0.0 0.0
nonprovision 1 4.605170185988092 4.605170185988092
northern 1 1.3093333199837622 1.3093333199837622
notable 1 1.7719568419318754 1.7719568419318754
nshassubpages 1 4.605170185988092 4.605170185988092
number 1 0.7550225842780328 0.7550225842780328
occupation 1 1.8971199848858813 1.8971199848858813
occupied 1 3.506557897319982 3.506557897319982
ocha 1 4.605170185988092 4.605170185988092
office 1 1.1086626245216111 1.1086626245216111
officially 1 2.8134107167600364 2.8134107167600364
offlimits 1 4.605170185988092 4.605170185988092
okaying 1 4.605170185988092 4.605170185988092
old 1 1.07880966137193 1.07880966137193
one 1 0.23572233352106994 0.23572233352106994
opportunity 1 2.5257286443082556 2.5257286443082556
orange 1 2.5257286443082556 2.5257286443082556
order 1 1.171182981502945 1.171182981502945
organization 1 0.0 0.0
oslo 1 3.912023005428146 3.912023005428146
ostensible 1 3.912023005428146 3.912023005428146
outpost 0 3.912023005428146 0.0
page 1 0.0 0.0
palestine 1 3.912023005428146 3.912023005428146
palestinian 1 3.912023005428146 3.912023005428146
park 0 1.3093333199837622 0.0
part 1 0.6348782724359695 0.6348782724359695
partially 1 3.506557897319982 3.506557897319982
pdf 1 1.0498221244986776 1.0498221244986776
pdfprintable 1 0.0 0.0
people 1 0.49429632181478017 0.49429632181478017
percent 1 2.8134107167600364 2.8134107167600364
periodically 1 4.605170185988092 4.605170185988092
permanent 1 0.0 0.0
permission 1 2.659260036932778 2.659260036932778
permit 0 2.8134107167600364 0.0
person 1 1.5606477482646683 1.5606477482646683
personal 1 0.0 0.0
placed 1 1.7147984280919266 1.7147984280919266
plan 1 1.4696759700589417 1.4696759700589417
poica 1 4.605170185988092 4.605170185988092
policy 1 0.0 0.0
population 1 2.207274913189721 2.207274913189721
portal 1 0.0 0.0
presence 1 2.207274913189721 2.207274913189721
primary 1 2.0402208285265546 2.0402208285265546
printexport 1 0.0 0.0
privacy 1 0.0 0.0
prohibited 1 2.995732273553991 2.995732273553991
project 0 0.0 0.0
protected 1 3.912023005428146 3.912023005428146
provide 1 2.302585092994046 2.302585092994046
purpose 1 3.2188758248682006 3.2188758248682006
question 1 1.7719568419318754 1.7719568419318754
ramallah 1 4.605170185988092 4.605170185988092
ramzy 1 4.605170185988092 4.605170185988092
random 1 0.0 0.0
raz 1 4.605170185988092 4.605170185988092
read 1 0.0 0.0
reaffirm 1 4.605170185988092 4.605170185988092
recent 1 0.0 0.0
recently 1 2.302585092994046 2.302585092994046
reference 0 0.03045920748470844 0.0
reflist 1 0.06187540371808745 0.06187540371808745
reflistcolumns 1 0.06187540371808745 0.06187540371808745
reg 1 0.0 0.0
region 1 1.6607312068216509 1.6607312068216509
registered 1 0.0 0.0
related 1 0.0 0.0
removal 0 2.8134107167600364 0.0
removed 1 1.6094379124341003 1.6094379124341003
reported 1 1.8325814637483102 1.8325814637483102
research 1 1.6094379124341003 1.6094379124341003
researcher 0 3.2188758248682006 0.0
reserve 0 2.207274913189721 0.0
reserving 1 4.605170185988092 4.605170185988092
resident 0 2.995732273553991 0.0
restrict 1 3.912023005428146 3.912023005428146
restricted 1 3.2188758248682006 3.2188758248682006
restriction 0 3.2188758248682006 0.0
retrieved 1 0.0 0.0
revealed 1 2.302585092994046 2.302585092994046
reveals 1 2.659260036932778 2.659260036932778
right 0 0.9675840262617057 0.0
rip 1 3.506557897319982 3.506557897319982
risk 1 2.5257286443082556 2.5257286443082556
roughly 1 3.2188758248682006 3.2188758248682006
routinely 1 4.605170185988092 4.605170185988092
ruling 1 2.995732273553991 2.995732273553991
say 0 1.7719568419318754 0.0
school 0 0.7765287894989963 0.0
screen 1 0.010050335853501506 0.010050335853501506
sealing 1 4.605170185988092 4.605170185988092
seam 1 4.605170185988092 4.605170185988092
search 1 0.0 0.0
seasonal 1 3.2188758248682006 3.2188758248682006
security 1 1.6607312068216509 1.6607312068216509
seen 1 1.8971199848858813 1.8971199848858813
separation 1 2.995732273553991 2.995732273553991
settlement 1 2.407945608651872 2.407945608651872
settlementtracking 1 4.605170185988092 4.605170185988092
settler 1 3.912023005428146 3.912023005428146
severe 1 3.912023005428146 3.912023005428146
shaarei 1 4.605170185988092 4.605170185988092
share 1 0.0 0.0
sharon 1 2.659260036932778 2.659260036932778
shepherding 1 4.605170185988092 4.605170185988092
shortened 1 0.0 0.0
show 1 1.0498221244986776 1.0498221244986776
showing 1 2.659260036932778 2.659260036932778
shown 1 2.302585092994046 2.302585092994046
sidebar 1 0.0 0.0
siesta 1 4.605170185988092 4.605170185988092
sinai 1 3.506557897319982 3.506557897319982
since 1 0.7985076962177716 0.7985076962177716
site 1 0.0 0.0
sitting 1 2.995732273553991 2.995732273553991
six 1 1.3470736479666094 1.3470736479666094
slam 0 3.506557897319982 0.0
slightly 1 2.659260036932778 2.659260036932778
small 1 1.4271163556401458 1.4271163556401458
solution 1 2.5257286443082556 2.5257286443082556
sometimes 1 2.302585092994046 2.302585092994046
soon 1 1.8325814637483102 1.8325814637483102
south 1 0.9162907318741551 0.9162907318741551
southern 1 1.6607312068216509 1.6607312068216509
special 1 0.0 0.0
sporadically 1 4.605170185988092 4.605170185988092
state 1 0.3147107448397002 0.3147107448397002
stated 1 2.120263536200091 2.120263536200091
statement 1 0.0 0.0
statistic 0 0.0 0.0
status 1 1.7719568419318754 1.7719568419318754
still 1 0.9416085398584451 0.9416085398584451
structure 0 1.8325814637483102 0.0
subsection 1 0.3424903089467759 0.3424903089467759
surveyed 1 3.912023005428146 3.912023005428146
surveying 1 4.605170185988092 4.605170185988092
system 1 0.9162907318741551 0.9162907318741551
systematic 1 3.2188758248682006 3.2188758248682006
table 1 0.0 0.0
tahta 1 4.605170185988092 4.605170185988092
talk 1 0.0 0.0
tana 1 3.912023005428146 3.912023005428146
team 1 1.0498221244986776 1.0498221244986776
template 1 0.0 0.0
term 0 0.0 0.0
territory 1 2.995732273553991 2.995732273553991
text 1 0.0 0.0
third 0 0.9162907318741551 0.0
thousand 1 1.9661128563728327 1.9661128563728327
threat 0 2.407945608651872 0.0
throughout 1 1.171182981502945 1.171182981502945
tikva 1 4.605170185988092 4.605170185988092
time 0 0.28768207245178085 0.0
today 1 1.4696759700589417 1.4696759700589417
toggle 1 0.010050335853501506 0.010050335853501506
tool 1 0.0 0.0
top 1 0.010050335853501506 0.010050335853501506
topic 1 0.0 0.0
total 1 0.0 0.0
tract 0 3.912023005428146 0.0
trademark 1 0.0 0.0
training 1 1.6094379124341003 1.6094379124341003
transfer 1 2.659260036932778 2.659260036932778
tuba 0 3.912023005428146 0.0
two 1 0.43078291609245434 0.43078291609245434
unilaterally 1 4.605170185988092 4.605170185988092
union 1 1.07880966137193 1.07880966137193
united 1 0.4155154439616658 0.4155154439616658
upload 1 0.0 0.0
use 1 0.0 0.0
used 1 0.8675005677047231 0.8675005677047231
usedmydates 1 3.506557897319982 3.506557897319982
using 1 0.0 0.0
utc 1 0.0 0.0
valley 1 2.120263536200091 2.120263536200091
var 1 0.0 0.0
version 1 0.0 0.0
view 1 0.0 0.0
village 0 2.659260036932778 0.0
villager 0 4.605170185988092 0.0
war 1 0.7985076962177716 0.7985076962177716
watch 1 1.8971199848858813 1.8971199848858813
way 1 1.1086626245216111 1.1086626245216111
west 1 1.171182981502945 1.171182981502945
widely 1 2.995732273553991 2.995732273553991
wider 1 2.659260036932778 2.659260036932778
wikimedia 1 0.0 0.0
wikipedia 1 0.0 0.0
without 1 1.3093333199837622 1.3093333199837622
yarza 1 4.605170185988092 4.605170185988092
yatta 1 4.605170185988092 4.605170185988092
year 0 0.3424903089467759 0.0
zone 1 2.407945608651872 2.407945608651872
zukka 1 4.605170185988092 4.605170185988092
