aamp 1 2.8134107167600364 2.8134107167600364
account 1 0.0 0.0
action 0 0.0 0.0
actual 1 2.8134107167600364 2.8134107167600364
add 1 0.0 0.0
additional 1 0.0 0.0
advertiser 1 3.506557897319982 3.506557897319982
agree 1 0.0 0.0
ahead 1 2.207274913189721 2.207274913189721
akron 1 3.912023005428146 3.912023005428146
alabama 1 2.995732273553991 2.995732273553991
alamogordo 1 4.605170185988092 4.605170185988092
albany 1 3.2188758248682006 3.2188758248682006
alcorn 1 3.912023005428146 3.912023005428146
alike 1 0.0 0.0
also 1 0.127833371509885 0.127833371509885
angelo 1 2.8134107167600364 2.8134107167600364
appearance 1 0.0 0.0
apply 1 0.0 0.0
arkansas 1 2.5257286443082556 2.5257286443082556
article 1 0.0 0.0
ashland 1 3.506557897319982 3.506557897319982
associated 1 1.4696759700589417 1.4696759700589417
atop 1 4.605170185988092 4.605170185988092
attribution 1 0.0 0.0
august 1 0.3424903089467759 0.3424903089467759
auto 1 0.1392620673335076 0.1392620673335076
available 1 0.0 0.0
avalanche 1 3.2188758248682006 3.2188758248682006
beach 1 2.407945608651872 2.407945608651872
begun 1 2.8134107167600364 2.8134107167600364
bennett 1 2.659260036932778 2.659260036932778
bill 1 1.171182981502945 1.171182981502945
black 1 0.8915981192837835 0.8915981192837835
blue 1 1.4696759700589417 1.4696759700589417
board 1 1.5606477482646683 1.5606477482646683
boise 1 4.605170185988092 4.605170185988092
bow 0 3.506557897319982 0.0
bridgeport 1 4.605170185988092 4.605170185988092
bulletin 1 2.5257286443082556 2.5257286443082556
cal 1 3.2188758248682006 3.2188758248682006
canonsburg 1 4.605170185988092 4.605170185988092
carolina 1 1.7147984280919266 1.7147984280919266
carson 1 2.995732273553991 2.995732273553991
category 0 0.0 0.0
centerpx 1 0.0408219945202552 0.0408219945202552
central 1 1.07880966137193 1.07880966137193
cfblink 1 3.912023005428146 3.912023005428146
champion 1 1.3862943611198906 1.3862943611198906
championship 1 1.5606477482646683 1.5606477482646683
change 0 0.0 0.0
citation 1 0.0408219945202552 0.0408219945202552
cite 1 0.0 0.0
citenews 1 1.5606477482646683 1.5606477482646683
clarion 1 3.506557897319982 3.506557897319982
clovis 1 4.605170185988092 4.605170185988092
coach 1 1.7719568419318754 1.7719568419318754
code 1 0.0 0.0
col 1 2.5257286443082556 2.5257286443082556
college 1 1.1394342831883648 1.1394342831883648
colorado 1 1.8971199848858813 1.8971199848858813
common 0 0.0 0.0
conduct 1 0.0 0.0
connecticut 1 2.207274913189721 2.207274913189721
contact 1 0.0 0.0
content 1 0.0 0.0
context 1 0.010050335853501506 0.010050335853501506
continued 1 1.5141277326297755 1.5141277326297755
contribute 1 0.0 0.0
contribution 0 0.0 0.0
cookie 1 0.0 0.0
cookiematch 1 0.0 0.0
counterlistitema 1 0.127833371509885 0.127833371509885
courant 1 4.605170185988092 4.605170185988092
create 1 0.0 0.0
creative 1 0.0 0.0
crown 1 1.9661128563728327 1.9661128563728327
crux 0 4.605170185988092 0.0
csmaintcolorf 1 0.06187540371808745 0.06187540371808745
csmaintcolorfmedia 1 0.0408219945202552 0.0408219945202552
cswsicon 1 0.0408219945202552 0.0408219945202552
current 1 0.0 0.0
daily 1 1.4271163556401458 1.4271163556401458
dakota 1 2.8134107167600364 2.8134107167600364
date 0 0.3147107448397002 0.0
davis 1 1.6607312068216509 1.6607312068216509
decatur 1 4.605170185988092 4.605170185988092
december 1 0.37106368139083196 0.37106368139083196
decrease 1 3.506557897319982 3.506557897319982
delaware 1 2.8134107167600364 2.8134107167600364
delta 1 3.2188758248682006 3.2188758248682006
democrat 1 2.995732273553991 2.995732273553991
description 1 0.07257069283483537 0.07257069283483537
determine 1 2.659260036932778 2.659260036932778
developer 0 0.0 0.0
different 1 0.3424903089467759 0.3424903089467759
disclaimer 0 0.0 0.0
division 1 1.2729656758128876 1.2729656758128876
donate 1 0.0 0.0
download 1 0.0 0.0
drake 1 2.659260036932778 2.659260036932778
dropped 1 2.0402208285265546 2.0402208285265546
dtaftercontent 1 0.127833371509885 0.127833371509885
east 1 1.0498221244986776 1.0498221244986776
eastern 1 1.5606477482646683 1.5606477482646683
elige 1 4.605170185988092 4.605170185988092
elite 1 3.506557897319982 3.506557897319982
encyclopedia 1 0.0 0.0
english 1 0.0 0.0
error 1 2.407945608651872 2.407945608651872
even 1 1.1394342831883648 1.1394342831883648
event 0 0.0 0.0
examiner 1 4.605170185988092 4.605170185988092
exp 1 0.0 0.0
fall 1 1.07880966137193 1.07880966137193
fightin 1 4.605170185988092 4.605170185988092
file 1 0.0 0.0
finocchiaro 1 4.605170185988092 4.605170185988092
first 1 0.1508228897345837 0.1508228897345837
fisk 1 3.2188758248682006 3.2188758248682006
florida 1 1.9661128563728327 1.9661128563728327
football 1 1.8325814637483102 1.8325814637483102
fort 1 2.120263536200091 2.120263536200091
foundation 1 0.0 0.0
free 1 0.0 0.0
fresno 1 3.506557897319982 3.506557897319982
general 1 0.0 0.0
get 1 0.0 0.0
grambling 1 4.605170185988092 4.605170185988092
greenville 1 3.2188758248682006 3.2188758248682006
grid 1 2.8134107167600364 2.8134107167600364
group 1 0.8209805520698303 0.8209805520698303
hartford 1 2.995732273553991 2.995732273553991
hawaii 1 2.302585092994046 2.302585092994046
hbcu 1 4.605170185988092 4.605170185988092
head 1 1.1086626245216111 1.1086626245216111
help 1 0.0 0.0
hen 0 3.912023005428146 0.0
herald 1 1.8971199848858813 1.8971199848858813
hidden 1 0.010050335853501506 0.010050335853501506
hide 1 0.0 0.0
historically 1 3.2188758248682006 3.2188758248682006
history 1 0.0 0.0
hlist 1 0.127833371509885 0.127833371509885
hlistinline 1 0.127833371509885 0.127833371509885
hold 1 1.3470736479666094 1.3470736479666094
honolulu 1 2.995732273553991 2.995732273553991
iaafcs 1 3.912023005428146 3.912023005428146
iafbs 1 3.912023005428146 3.912023005428146
idaho 1 2.8134107167600364 2.8134107167600364
idlockfree 1 0.0408219945202552 0.0408219945202552
idlockfreeidlockfree 1 0.0408219945202552 0.0408219945202552
idlocklimited 1 0.0408219945202552 0.0408219945202552
idlockregistration 1 0.0408219945202552 0.0408219945202552
idlocksubscription 1 0.0408219945202552 0.0408219945202552
iii 1 1.7147984280919266 1.7147984280919266
illinois 1 2.659260036932778 2.659260036932778
inc 1 0.0 0.0
included 1 1.3093333199837622 1.3093333199837622
including 1 0.7133498878774648 0.7133498878774648
increase 1 2.302585092994046 2.302585092994046
indiana 1 2.302585092994046 2.302585092994046
indianapolis 1 2.659260036932778 2.659260036932778
infobox 1 0.3011050927839216 0.3011050927839216
infoboxtable 1 0.3147107448397002 0.3147107448397002
information 1 0.0 0.0
international 1 0.5978370007556204 0.5978370007556204
isu 1 4.605170185988092 4.605170185988092
italic 0 3.2188758248682006 0.0
item 1 0.010050335853501506 0.010050335853501506
jackson 1 1.9661128563728327 1.9661128563728327
jacksonville 1 3.912023005428146 3.912023005428146
john 0 0.49429632181478017 0.0
johnny 0 1.9661128563728327 0.0
journal 1 1.3093333199837622 1.3093333199837622
jump 1 0.0 0.0
kentucky 1 2.5257286443082556 2.5257286443082556
la 0 2.407945608651872 0.0
lamar 1 3.2188758248682006 3.2188758248682006
language 0 0.0 0.0
last 1 0.0 0.0
lead 1 1.6607312068216509 1.6607312068216509
leading 1 1.3093333199837622 1.3093333199837622
learn 1 0.0 0.0
led 1 1.07880966137193 1.07880966137193
ledger 1 3.506557897319982 3.506557897319982
legend 1 1.8325814637483102 1.8325814637483102
lehigh 1 3.912023005428146 3.912023005428146
liaftercontent 1 0.127833371509885 0.127833371509885
license 1 0.0 0.0
limarginbottom 1 0.9675840262617057 0.9675840262617057
link 1 0.0 0.0
list 1 0.6348782724359695 0.6348782724359695
listed 1 2.302585092994046 2.302585092994046
livingston 1 3.912023005428146 3.912023005428146
log 1 0.0 0.0
logged 1 0.0 0.0
louisiana 1 2.8134107167600364 2.8134107167600364
lubbock 1 4.605170185988092 4.605170185988092
luis 1 2.659260036932778 2.659260036932778
madden 1 4.605170185988092 4.605170185988092
main 1 0.0 0.0
massachusetts 1 2.302585092994046 2.302585092994046
may 1 0.0 0.0
mdy 1 1.3862943611198906 1.3862943611198906
menu 1 0.0 0.0
mexican 1 2.5257286443082556 2.5257286443082556
mexico 1 1.5606477482646683 1.5606477482646683
michigan 1 2.207274913189721 2.207274913189721
middle 1 2.0402208285265546 2.0402208285265546
minneapolis 1 2.995732273553991 2.995732273553991
minnesota 1 2.0402208285265546 2.0402208285265546
mississippi 1 2.407945608651872 2.407945608651872
missouri 1 2.659260036932778 2.659260036932778
mndropped 1 4.605170185988092 4.605170185988092
mobile 1 0.0 0.0
montana 1 2.8134107167600364 2.8134107167600364
montgomery 1 2.5257286443082556 2.5257286443082556
move 1 0.0 0.0
mutual 1 3.2188758248682006 3.2188758248682006
naia 1 3.506557897319982 3.506557897319982
nashville 1 3.912023005428146 3.912023005428146
national 1 0.5108256237659907 0.5108256237659907
navbar 1 0.23572233352106994 0.23572233352106994
navbarfontsizemedia 1 0.3147107448397002 0.3147107448397002
navbarmini 1 0.23572233352106994 0.23572233352106994
navbox 1 0.1392620673335076 0.1392620673335076
navboximage 1 0.1392620673335076 0.1392620673335076
navboxsubgroup 1 0.1392620673335076 0.1392620673335076
navboxtitle 1 0.1392620673335076 0.1392620673335076
navigation 1 0.0 0.0
ncaa 1 2.5257286443082556 2.5257286443082556
nebraska 1 2.5257286443082556 2.5257286443082556
neese 1 4.605170185988092 4.605170185988092
network 1 1.3470736479666094 1.3470736479666094
new 1 0.24846135929849972 0.24846135929849972
newman 1 2.659260036932778 2.659260036932778
news 1 0.843970070294529 0.843970070294529
newspaperscom 1 3.506557897319982 3.506557897319982
nonprofit 1 0.0 0.0
north 1 0.8209805520698303 0.8209805520698303
northern 1 1.3093333199837622 1.3093333199837622
northwestern 1 3.2188758248682006 3.2188758248682006
note 1 0.8209805520698303 0.8209805520698303
nov 1 2.0402208285265546 2.0402208285265546
november 1 0.3011050927839216 0.3011050927839216
number 1 0.7550225842780328 0.7550225842780328
obispo 1 4.605170185988092 4.605170185988092
oct 1 2.5257286443082556 2.5257286443082556
october 1 0.28768207245178085 0.28768207245178085
ogden 1 3.506557897319982 3.506557897319982
oklahoma 1 2.5257286443082556 2.5257286443082556
ollibeforecontent 1 0.127833371509885 0.127833371509885
omaha 1 3.912023005428146 3.912023005428146
organization 1 0.0 0.0
organizationname 1 0.010050335853501506 0.010050335853501506
page 1 0.0 0.0
pagetype 1 1.2729656758128876 1.2729656758128876
pdfprintable 1 0.0 0.0
pennsylvania 1 2.302585092994046 2.302585092994046
permanent 1 0.0 0.0
personal 1 0.0 0.0
picked 1 3.506557897319982 3.506557897319982
place 1 0.653926467406664 0.653926467406664
plainlist 1 0.7339691750802005 0.7339691750802005
playground 1 3.506557897319982 3.506557897319982
playoff 0 2.5257286443082556 0.0
policy 1 0.0 0.0
poll 1 2.659260036932778 2.659260036932778
poly 1 4.605170185988092 4.605170185988092
portal 1 0.0 0.0
post 1 1.07880966137193 1.07880966137193
predivisional 1 3.506557897319982 3.506557897319982
preseason 1 3.912023005428146 3.912023005428146
press 1 0.7550225842780328 0.7550225842780328
previous 1 1.6607312068216509 1.6607312068216509
printbodyns 1 0.09431067947124142 0.09431067947124142
printed 1 2.659260036932778 2.659260036932778
printexport 1 0.0 0.0
privacy 1 0.0 0.0
project 0 0.0 0.0
published 1 1.3862943611198906 1.3862943611198906
publishing 1 1.7719568419318754 1.7719568419318754
random 1 0.0 0.0
ranked 1 3.506557897319982 3.506557897319982
ranking 1 2.207274913189721 2.207274913189721
rated 1 3.2188758248682006 3.2188758248682006
ray 1 1.7147984280919266 1.7147984280919266
raymond 1 2.302585092994046 2.302585092994046
read 1 0.0 0.0
recent 1 0.0 0.0
record 1 0.7765287894989963 0.7765287894989963
reference 0 0.03045920748470844 0.0
reflist 1 0.06187540371808745 0.06187540371808745
reflistcolumns 1 0.06187540371808745 0.06187540371808745
reg 1 0.0 0.0
registered 1 0.0 0.0
related 1 0.0 0.0
remains 1 2.0402208285265546 2.0402208285265546
representing 1 2.407945608651872 2.407945608651872
respectively 1 2.207274913189721 2.207274913189721
retains 1 4.605170185988092 4.605170185988092
retrieved 1 0.0 0.0
saint 1 1.6607312068216509 1.6607312068216509
samford 1 4.605170185988092 4.605170185988092
san 1 1.2378743560016172 1.2378743560016172
santa 1 2.659260036932778 2.659260036932778
screen 1 0.010050335853501506 0.010050335853501506
search 1 0.0 0.0
season 1 1.1394342831883648 1.1394342831883648
seasonending 1 3.912023005428146 3.912023005428146
second 1 0.49429632181478017 0.49429632181478017
selected 1 2.207274913189721 2.207274913189721
selector 0 4.605170185988092 0.0
separate 1 2.659260036932778 2.659260036932778
sept 1 3.2188758248682006 3.2188758248682006
september 1 0.43078291609245434 0.43078291609245434
share 1 0.0 0.0
short 1 0.06187540371808745 0.06187540371808745
shortdescription 1 0.2613647641344075 0.2613647641344075
shortened 1 0.0 0.0
shouldnt 1 3.506557897319982 3.506557897319982
shreveport 1 4.605170185988092 4.605170185988092
sidebar 1 0.0 0.0
sidelined 1 4.605170185988092 4.605170185988092
site 1 0.0 0.0
slo 1 4.605170185988092 4.605170185988092
small 1 1.4271163556401458 1.4271163556401458
smallcollege 1 4.605170185988092 4.605170185988092
smaller 1 2.659260036932778 2.659260036932778
solid 1 0.09431067947124142 0.09431067947124142
south 1 0.9162907318741551 0.9162907318741551
southern 1 1.6607312068216509 1.6607312068216509
southwest 1 2.407945608651872 2.407945608651872
special 1 0.0 0.0
sport 0 1.1394342831883648 0.0
standard 1 1.6607312068216509 1.6607312068216509
star 1 0.9675840262617057 0.9675840262617057
state 1 0.3147107448397002 0.3147107448397002
statement 1 0.0 0.0
statistic 0 0.0 0.0
still 1 0.9416085398584451 0.9416085398584451
straight 1 2.5257286443082556 2.5257286443082556
sun 1 1.6607312068216509 1.6607312068216509
symbol 1 2.0402208285265546 2.0402208285265546
table 1 0.0 0.0
take 0 0.9675840262617057 0.0
talk 1 0.0 0.0
tdhlist 1 0.1392620673335076 0.1392620673335076
team 1 1.0498221244986776 1.0498221244986776
tech 1 2.207274913189721 2.207274913189721
template 1 0.0 0.0
tennessean 1 3.506557897319982 3.506557897319982
tennessee 1 2.120263536200091 2.120263536200091
term 0 0.0 0.0
texas 1 1.8971199848858813 1.8971199848858813
text 1 0.0 0.0
thbodyskinresponsive 1 0.3147107448397002 0.3147107448397002
third 1 0.9162907318741551 0.9162907318741551
tie 1 2.659260036932778 2.659260036932778
tied 1 2.5257286443082556 2.5257286443082556
tiger 0 3.2188758248682006 0.0
time 0 0.28768207245178085 0.0
title 1 0.9162907318741551 0.9162907318741551
toggle 1 0.010050335853501506 0.010050335853501506
tool 0 0.0 0.0
top 1 0.010050335853501506 0.010050335853501506
topic 1 0.0 0.0
total 1 0.0 0.0
trademark 1 0.0 0.0
tribune 1 1.9661128563728327 1.9661128563728327
tubby 1 4.605170185988092 4.605170185988092
ulpaddingem 1 0.1392620673335076 0.1392620673335076
umass 1 4.605170185988092 4.605170185988092
united 1 0.4155154439616658 0.4155154439616658
university 1 0.616186139423817 0.616186139423817
upi 1 4.605170185988092 4.605170185988092
upino 1 4.605170185988092 4.605170185988092
upis 1 4.605170185988092 4.605170185988092
upload 1 0.0 0.0
use 1 0.0 0.0
used 1 0.8675005677047231 0.8675005677047231
using 1 0.0 0.0
utah 1 2.302585092994046 2.302585092994046
utc 1 0.0 0.0
valley 1 2.120263536200091 2.120263536200091
vals 1 4.605170185988092 4.605170185988092
var 1 0.0 0.0
version 1 0.0 0.0
via 1 1.4271163556401458 1.4271163556401458
view 1 0.0 0.0
virginia 1 1.8971199848858813 1.8971199848858813
vote 0 2.5257286443082556 0.0
voted 1 2.8134107167600364 2.8134107167600364
walton 1 4.605170185988092 4.605170185988092
washington 1 1.2378743560016172 1.2378743560016172
weber 1 2.8134107167600364 2.8134107167600364
week 1 1.2729656758128876 1.2729656758128876
weekly 1 2.5257286443082556 2.5257286443082556
western 1 1.2039728043259361 1.2039728043259361
wikidata 1 0.010050335853501506 0.010050335853501506
wikimedia 1 0.0 0.0
wikipedia 1 0.0 0.0
wilmington 1 3.912023005428146 3.912023005428146
win 1 1.1086626245216111 1.1086626245216111
winloss 1 3.912023005428146 3.912023005428146
would 1 0.7550225842780328 0.7550225842780328
writer 0 1.5141277326297755 0.0
year 1 0.3424903089467759 0.3424903089467759
