abare 1 4.605170185988092 4.605170185988092
abbott 1 2.995732273553991 2.995732273553991
abbr 1 4.605170185988092 4.605170185988092
aboul 1 3.912023005428146 3.912023005428146
account 1 0.0 0.0
action 0 0.0 0.0
add 1 0.0 0.0
additional 1 0.0 0.0
age 1 0.7985076962177716 0.7985076962177716
agree 1 0.0 0.0
aidan 1 3.2188758248682006 3.2188758248682006
alan 1 2.0402208285265546 2.0402208285265546
aleer 1 4.605170185988092 4.605170185988092
alexander 1 1.5141277326297755 1.5141277326297755
alexis 1 3.2188758248682006 3.2188758248682006
alicia 1 3.2188758248682006 3.2188758248682006
alike 1 0.0 0.0
alissandra 1 4.605170185988092 4.605170185988092
allan 1 3.506557897319982 3.506557897319982
allison 1 3.912023005428146 3.912023005428146
almy 1 4.605170185988092 4.605170185988092
alvin 1 4.605170185988092 4.605170185988092
amanda 1 2.8134107167600364 2.8134107167600364
american 1 0.5276327420823719 0.5276327420823719
ames 1 3.912023005428146 3.912023005428146
ammon 1 4.605170185988092 4.605170185988092
amy 1 2.659260036932778 2.659260036932778
andrew 1 1.5141277326297755 1.5141277326297755
andrus 1 4.605170185988092 4.605170185988092
angela 1 2.659260036932778 2.659260036932778
anita 1 3.506557897319982 3.506557897319982
ankarberg 1 4.605170185988092 4.605170185988092
appearance 1 0.0 0.0
apply 1 0.0 0.0
arlene 1 4.605170185988092 4.605170185988092
arnold 1 2.5257286443082556 2.5257286443082556
aron 1 4.605170185988092 4.605170185988092
around 1 1.0216512475319812 1.0216512475319812
article 1 0.0 0.0
asbox 1 2.995732273553991 2.995732273553991
assumed 1 2.659260036932778 2.659260036932778
attempt 1 1.6607312068216509 1.6607312068216509
attribution 1 0.0 0.0
aures 1 4.605170185988092 4.605170185988092
auto 1 0.1392620673335076 0.1392620673335076
available 1 0.0 0.0
avellani 1 4.605170185988092 4.605170185988092
aylward 1 4.605170185988092 4.605170185988092
bailey 1 2.5257286443082556 2.5257286443082556
balboni 1 4.605170185988092 4.605170185988092
baldwin 1 2.995732273553991 2.995732273553991
ball 1 1.8971199848858813 1.8971199848858813
ballotpedia 1 4.605170185988092 4.605170185988092
barbara 1 2.302585092994046 2.302585092994046
baroody 1 4.605170185988092 4.605170185988092
barrett 1 2.995732273553991 2.995732273553991
bay 1 1.6094379124341003 1.6094379124341003
bean 1 3.2188758248682006 3.2188758248682006
beath 1 4.605170185988092 4.605170185988092
beauchemin 1 4.605170185988092 4.605170185988092
beaudoin 1 4.605170185988092 4.605170185988092
beaulieu 1 4.605170185988092 4.605170185988092
belcher 1 4.605170185988092 4.605170185988092
belk 1 4.605170185988092 4.605170185988092
ben 1 2.207274913189721 2.207274913189721
benjamin 1 2.0402208285265546 2.0402208285265546
berezhny 1 4.605170185988092 4.605170185988092
bernardy 1 4.605170185988092 4.605170185988092
beth 1 3.912023005428146 3.912023005428146
bickford 1 3.506557897319982 3.506557897319982
bill 1 1.171182981502945 1.171182981502945
birth 1 1.1394342831883648 1.1394342831883648
bixby 1 4.605170185988092 4.605170185988092
boehm 1 4.605170185988092 4.605170185988092
bogert 1 4.605170185988092 4.605170185988092
bolia 1 4.605170185988092 4.605170185988092
bolton 1 2.995732273553991 2.995732273553991
booras 1 4.605170185988092 4.605170185988092
bordes 1 4.605170185988092 4.605170185988092
born 1 1.1394342831883648 1.1394342831883648
bornc 1 4.605170185988092 4.605170185988092
bouchard 1 4.605170185988092 4.605170185988092
bouldin 1 4.605170185988092 4.605170185988092
boyd 1 2.407945608651872 2.407945608651872
bradley 1 2.407945608651872 2.407945608651872
brandon 1 2.5257286443082556 2.5257286443082556
brennan 1 3.2188758248682006 3.2188758248682006
brian 1 1.6607312068216509 1.6607312068216509
brouillard 1 4.605170185988092 4.605170185988092
brown 1 1.6607312068216509 1.6607312068216509
bruce 1 2.120263536200091 2.120263536200091
buco 1 4.605170185988092 4.605170185988092
burnham 1 3.506557897319982 3.506557897319982
burroughs 1 4.605170185988092 4.605170185988092
cahill 1 3.2188758248682006 3.2188758248682006
calabro 1 4.605170185988092 4.605170185988092
cam 1 3.2188758248682006 3.2188758248682006
cambrils 1 4.605170185988092 4.605170185988092
candace 1 4.605170185988092 4.605170185988092
candice 1 3.912023005428146 3.912023005428146
cannon 1 2.8134107167600364 2.8134107167600364
caplan 1 3.912023005428146 3.912023005428146
career 1 1.2729656758128876 1.2729656758128876
carey 1 2.995732273553991 2.995732273553991
carol 1 3.2188758248682006 3.2188758248682006
carroll 1 3.2188758248682006 3.2188758248682006
carry 1 2.5257286443082556 2.5257286443082556
carter 1 2.5257286443082556 2.5257286443082556
cascadden 1 4.605170185988092 4.605170185988092
cassandra 1 3.912023005428146 3.912023005428146
category 0 0.0 0.0
catherine 1 2.995732273553991 2.995732273553991
cathryn 1 4.605170185988092 4.605170185988092
cathy 1 3.506557897319982 3.506557897319982
centerpx 1 0.0408219945202552 0.0408219945202552
change 0 0.0 0.0
charles 1 1.171182981502945 1.171182981502945
charlie 1 2.5257286443082556 2.5257286443082556
charlotte 1 2.5257286443082556 2.5257286443082556
chesh 1 4.605170185988092 4.605170185988092
child 1 1.07880966137193 1.07880966137193
chretien 1 4.605170185988092 4.605170185988092
chris 1 1.6607312068216509 1.6607312068216509
christal 1 4.605170185988092 4.605170185988092
christine 1 2.8134107167600364 2.8134107167600364
christopher 1 1.9661128563728327 1.9661128563728327
chuck 1 2.8134107167600364 2.8134107167600364
citation 1 0.0408219945202552 0.0408219945202552
cite 1 0.0 0.0
citeweb 1 0.5447271754416719 0.5447271754416719
citizen 0 1.9661128563728327 0.0
clair 1 4.605170185988092 4.605170185988092
claudine 1 3.912023005428146 3.912023005428146
clayton 1 2.659260036932778 2.659260036932778
clerc 1 4.605170185988092 4.605170185988092
clifford 1 2.5257286443082556 2.5257286443082556
cloutier 1 4.605170185988092 4.605170185988092
co 0 4.605170185988092 0.0
code 1 0.0 0.0
coker 1 4.605170185988092 4.605170185988092
colcombe 1 4.605170185988092 4.605170185988092
cole 1 2.659260036932778 2.659260036932778
common 0 0.0 0.0
comtois 1 4.605170185988092 4.605170185988092
conduct 1 0.0 0.0
conkey 1 4.605170185988092 4.605170185988092
conlin 1 4.605170185988092 4.605170185988092
connie 1 3.506557897319982 3.506557897319982
connor 1 2.995732273553991 2.995732273553991
contact 1 0.0 0.0
content 1 0.0 0.0
context 1 0.010050335853501506 0.010050335853501506
contribute 1 0.0 0.0
contribution 0 0.0 0.0
cookie 1 0.0 0.0
cookiematch 1 0.0 0.0
corcoran 1 4.605170185988092 4.605170185988092
cordelli 1 4.605170185988092 4.605170185988092
corinne 1 4.605170185988092 4.605170185988092
cormen 1 4.605170185988092 4.605170185988092
cornell 1 3.2188758248682006 3.2188758248682006
costable 1 4.605170185988092 4.605170185988092
coulon 1 4.605170185988092 4.605170185988092
count 1 2.407945608651872 2.407945608651872
counterlistitema 1 0.127833371509885 0.127833371509885
court 1 1.5141277326297755 1.5141277326297755
crawford 1 2.995732273553991 2.995732273553991
create 1 0.0 0.0
creative 1 0.0 0.0
creighton 1 3.912023005428146 3.912023005428146
csmaintcolorf 1 0.06187540371808745 0.06187540371808745
csmaintcolorfmedia 1 0.0408219945202552 0.0408219945202552
cswsicon 1 0.0408219945202552 0.0408219945202552
current 1 0.0 0.0
cushman 1 3.912023005428146 3.912023005428146
cyril 1 2.995732273553991 2.995732273553991
daily 1 1.4271163556401458 1.4271163556401458
damon 1 3.912023005428146 3.912023005428146
dan 1 1.7719568419318754 1.7719568419318754
daniel 1 1.3862943611198906 1.3862943611198906
darby 1 4.605170185988092 4.605170185988092
date 1 0.3147107448397002 0.3147107448397002
dave 1 2.302585092994046 2.302585092994046
david 1 0.9942522733438669 0.9942522733438669
davis 1 1.6607312068216509 1.6607312068216509
dealer 1 3.912023005428146 3.912023005428146
deb 1 4.605170185988092 4.605170185988092
deborah 1 3.912023005428146 3.912023005428146
debra 1 3.506557897319982 3.506557897319982
december 1 0.37106368139083196 0.37106368139083196
defeated 1 2.407945608651872 2.407945608651872
defeating 1 2.407945608651872 2.407945608651872
democrat 1 2.995732273553991 2.995732273553991
democratic 1 2.120263536200091 2.120263536200091
dennis 1 2.120263536200091 2.120263536200091
deputy 1 2.302585092994046 2.302585092994046
description 1 0.07257069283483537 0.07257069283483537
detail 0 1.6094379124341003 0.0
developer 0 0.0 0.0
devine 1 4.605170185988092 4.605170185988092
diane 1 3.506557897319982 3.506557897319982
dianne 1 3.912023005428146 3.912023005428146
dick 1 2.120263536200091 2.120263536200091
disclaimer 0 0.0 0.0
district 1 1.4271163556401458 1.4271163556401458
divcol 1 2.302585092994046 2.302585092994046
dolan 1 4.605170185988092 4.605170185988092
donald 1 2.120263536200091 2.120263536200091
donate 1 0.0 0.0
donnell 1 4.605170185988092 4.605170185988092
donnelly 1 3.506557897319982 3.506557897319982
doucette 1 4.605170185988092 4.605170185988092
douglas 1 2.407945608651872 2.407945608651872
download 1 0.0 0.0
drago 1 3.912023005428146 3.912023005428146
dru 1 4.605170185988092 4.605170185988092
drye 1 4.605170185988092 4.605170185988092
dtaftercontent 1 0.127833371509885 0.127833371509885
dumais 1 4.605170185988092 4.605170185988092
dunn 1 2.659260036932778 2.659260036932778
durkin 1 4.605170185988092 4.605170185988092
dutzy 1 4.605170185988092 4.605170185988092
eamon 1 4.605170185988092 4.605170185988092
early 1 0.6348782724359695 0.6348782724359695
east 1 1.0498221244986776 1.0498221244986776
eaton 1 3.2188758248682006 3.2188758248682006
ebel 1 4.605170185988092 4.605170185988092
edgar 1 2.659260036932778 2.659260036932778
edward 0 1.5606477482646683 0.0
efstathia 1 4.605170185988092 4.605170185988092
elberger 1 4.605170185988092 4.605170185988092
elected 1 1.9661128563728327 1.9661128563728327
ellen 1 3.2188758248682006 3.2188758248682006
emerick 1 4.605170185988092 4.605170185988092
emily 1 2.8134107167600364 2.8134107167600364
encyclopedia 1 0.0 0.0
english 1 0.0 0.0
erf 1 4.605170185988092 4.605170185988092
eric 1 1.8971199848858813 1.8971199848858813
erica 1 3.912023005428146 3.912023005428146
erik 1 2.5257286443082556 2.5257286443082556
event 0 0.0 0.0
exp 1 0.0 0.0
expanding 1 2.407945608651872 2.407945608651872
face 0 1.9661128563728327 0.0
faulkner 1 4.605170185988092 4.605170185988092
february 1 0.27443684570176036 0.27443684570176036
fedolfi 1 4.605170185988092 4.605170185988092
fellow 0 2.120263536200091 0.0
file 1 0.0 0.0
fitzpatrick 1 4.605170185988092 4.605170185988092
foote 1 4.605170185988092 4.605170185988092
ford 1 2.5257286443082556 2.5257286443082556
foster 0 2.207274913189721 0.0
foundation 1 0.0 0.0
fox 1 2.407945608651872 2.407945608651872
foxx 1 4.605170185988092 4.605170185988092
fracht 1 4.605170185988092 4.605170185988092
fran 1 3.912023005428146 3.912023005428146
fred 1 2.5257286443082556 2.5257286443082556
free 1 0.0 0.0
freitas 1 4.605170185988092 4.605170185988092
gaby 1 4.605170185988092 4.605170185988092
gagne 1 4.605170185988092 4.605170185988092
gail 1 3.912023005428146 3.912023005428146
gallager 1 4.605170185988092 4.605170185988092
gary 1 2.120263536200091 2.120263536200091
gathright 1 4.605170185988092 4.605170185988092
general 1 0.0 0.0
geoffrey 1 3.2188758248682006 3.2188758248682006
george 1 1.07880966137193 1.07880966137193
gerald 1 2.407945608651872 2.407945608651872
gerhard 1 3.506557897319982 3.506557897319982
germana 1 4.605170185988092 4.605170185988092
gerri 1 4.605170185988092 4.605170185988092
gerry 1 2.995732273553991 2.995732273553991
get 1 0.0 0.0
ghee 1 4.605170185988092 4.605170185988092
gibbon 0 2.8134107167600364 0.0
gibbs 1 3.2188758248682006 3.2188758248682006
gilman 1 3.912023005428146 3.912023005428146
glenn 1 2.5257286443082556 2.5257286443082556
goley 1 4.605170185988092 4.605170185988092
gorski 1 4.605170185988092 4.605170185988092
gough 1 3.912023005428146 3.912023005428146
gould 1 2.995732273553991 2.995732273553991
graduate 1 3.2188758248682006 3.2188758248682006
graf 1 3.506557897319982 3.506557897319982
granger 1 3.912023005428146 3.912023005428146
grassie 1 4.605170185988092 4.605170185988092
gregg 1 3.506557897319982 3.506557897319982
gregory 1 2.659260036932778 2.659260036932778
griffin 1 3.2188758248682006 3.2188758248682006
grill 1 4.605170185988092 4.605170185988092
grossman 1 3.912023005428146 3.912023005428146
grote 1 4.605170185988092 4.605170185988092
guire 1 2.995732273553991 2.995732273553991
guthrie 1 2.995732273553991 2.995732273553991
hakken 1 4.605170185988092 4.605170185988092
hal 1 3.506557897319982 3.506557897319982
hall 1 1.3470736479666094 1.3470736479666094
hamblet 1 4.605170185988092 4.605170185988092
hamer 1 3.912023005428146 3.912023005428146
hampshire 1 2.8134107167600364 2.8134107167600364
hampshirestcentury 1 4.605170185988092 4.605170185988092
harb 1 4.605170185988092 4.605170185988092
harrington 1 3.506557897319982 3.506557897319982
harriott 1 4.605170185988092 4.605170185988092
harry 1 2.120263536200091 2.120263536200091
harvey 1 2.995732273553991 2.995732273553991
haskins 1 4.605170185988092 4.605170185988092
heath 1 3.2188758248682006 3.2188758248682006
heather 1 2.407945608651872 2.407945608651872
heidi 1 3.912023005428146 3.912023005428146
help 1 0.0 0.0
henry 1 1.5606477482646683 1.5606477482646683
herbert 1 2.8134107167600364 2.8134107167600364
hick 0 3.506557897319982 0.0
hidden 1 0.010050335853501506 0.010050335853501506
hide 1 0.0 0.0
higgins 1 3.506557897319982 3.506557897319982
high 1 0.9416085398584451 0.9416085398584451
hill 1 1.2039728043259361 1.2039728043259361
history 1 0.0 0.0
hlist 1 0.127833371509885 0.127833371509885
hlistinline 1 0.127833371509885 0.127833371509885
hobson 1 4.605170185988092 4.605170185988092
hoell 1 4.605170185988092 4.605170185988092
hope 1 1.6607312068216509 1.6607312068216509
horgan 1 4.605170185988092 4.605170185988092
horrigan 1 4.605170185988092 4.605170185988092
house 1 1.0216512475319812 1.0216512475319812
houseof 1 3.506557897319982 3.506557897319982
howard 1 2.120263536200091 2.120263536200091
howland 1 3.506557897319982 3.506557897319982
hoyt 1 3.506557897319982 3.506557897319982
hunt 1 2.995732273553991 2.995732273553991
huot 1 4.605170185988092 4.605170185988092
idlockfree 1 0.0408219945202552 0.0408219945202552
idlockfreeidlockfree 1 0.0408219945202552 0.0408219945202552
idlocklimited 1 0.0408219945202552 0.0408219945202552
idlockregistration 1 0.0408219945202552 0.0408219945202552
idlocksubscription 1 0.0408219945202552 0.0408219945202552
iii 1 1.7147984280919266 1.7147984280919266
inc 1 0.0 0.0
incumbent 1 2.8134107167600364 2.8134107167600364
independent 1 1.4271163556401458 1.4271163556401458
infantine 1 4.605170185988092 4.605170185988092
infobox 1 0.3011050927839216 0.3011050927839216
infoboxofficeholder 1 2.659260036932778 2.659260036932778
infoboxtable 1 0.3147107448397002 0.3147107448397002
information 1 0.0 0.0
item 1 0.010050335853501506 0.010050335853501506
itvte 1 3.2188758248682006 3.2188758248682006
jaci 1 4.605170185988092 4.605170185988092
jack 1 1.4696759700589417 1.4696759700589417
jacob 1 2.120263536200091 2.120263536200091
jacqueline 1 3.506557897319982 3.506557897319982
james 1 1.0498221244986776 1.0498221244986776
jane 1 2.5257286443082556 2.5257286443082556
janet 1 3.2188758248682006 3.2188758248682006
janigian 1 4.605170185988092 4.605170185988092
janvrin 1 4.605170185988092 4.605170185988092
jared 1 3.506557897319982 3.506557897319982
jason 1 1.6607312068216509 1.6607312068216509
jean 1 1.7719568419318754 1.7719568419318754
jeanine 1 4.605170185988092 4.605170185988092
jeffrey 1 2.995732273553991 2.995732273553991
jennifer 1 2.659260036932778 2.659260036932778
jerry 1 2.659260036932778 2.659260036932778
jess 1 3.2188758248682006 3.2188758248682006
jessica 1 3.2188758248682006 3.2188758248682006
jeudy 1 4.605170185988092 4.605170185988092
jim 1 1.4696759700589417 1.4696759700589417
joan 1 2.995732273553991 2.995732273553991
jodi 1 3.912023005428146 3.912023005428146
joe 1 1.5141277326297755 1.5141277326297755
john 1 0.49429632181478017 0.49429632181478017
johnson 1 1.6094379124341003 1.6094379124341003
jonah 1 3.912023005428146 3.912023005428146
jonathan 1 2.302585092994046 2.302585092994046
jones 1 1.5141277326297755 1.5141277326297755
jordan 1 1.7147984280919266 1.7147984280919266
jose 1 2.120263536200091 2.120263536200091
joseph 1 1.5141277326297755 1.5141277326297755
josh 1 2.120263536200091 2.120263536200091
judi 1 3.912023005428146 3.912023005428146
judy 1 3.506557897319982 3.506557897319982
julie 1 2.5257286443082556 2.5257286443082556
juliet 1 3.912023005428146 3.912023005428146
julius 1 3.2188758248682006 3.2188758248682006
jump 1 0.0 0.0
juris 1 3.912023005428146 3.912023005428146
kaczynski 1 4.605170185988092 4.605170185988092
karel 1 3.912023005428146 3.912023005428146
karen 1 2.8134107167600364 2.8134107167600364
kat 1 2.995732273553991 2.995732273553991
kate 1 2.8134107167600364 2.8134107167600364
katelyn 1 3.912023005428146 3.912023005428146
katherine 1 3.2188758248682006 3.2188758248682006
kathy 1 3.2188758248682006 3.2188758248682006
katsakiores 1 4.605170185988092 4.605170185988092
katy 1 3.912023005428146 3.912023005428146
kay 1 3.506557897319982 3.506557897319982
keith 1 2.407945608651872 2.407945608651872
kelley 1 2.8134107167600364 2.8134107167600364
kennedy 1 2.407945608651872 2.407945608651872
kenneth 1 2.8134107167600364 2.8134107167600364
kenney 1 3.912023005428146 3.912023005428146
kenny 1 2.995732273553991 2.995732273553991
kenzie 1 2.995732273553991 2.995732273553991
kevin 1 1.5606477482646683 1.5606477482646683
khan 1 3.2188758248682006 3.2188758248682006
kimberly 1 4.605170185988092 4.605170185988092
king 1 1.3093333199837622 1.3093333199837622
knab 1 4.605170185988092 4.605170185988092
kofalt 1 4.605170185988092 4.605170185988092
kristin 1 3.912023005428146 3.912023005428146
kristina 1 4.605170185988092 4.605170185988092
kristine 1 3.506557897319982 3.506557897319982
kuttab 1 4.605170185988092 4.605170185988092
ladd 1 4.605170185988092 4.605170185988092
lane 1 2.120263536200091 2.120263536200091
language 0 0.0 0.0
lanza 1 3.912023005428146 3.912023005428146
larry 1 2.207274913189721 2.207274913189721
lascelles 1 4.605170185988092 4.605170185988092
last 1 0.0 0.0
latha 1 4.605170185988092 4.605170185988092
laura 1 2.207274913189721 2.207274913189721
laurel 1 4.605170185988092 4.605170185988092
laurie 1 3.912023005428146 3.912023005428146
layon 1 4.605170185988092 4.605170185988092
leader 1 1.3862943611198906 1.3862943611198906
leah 1 3.506557897319982 3.506557897319982
lean 1 3.2188758248682006 3.2188758248682006
leapley 1 4.605170185988092 4.605170185988092
learn 1 0.0 0.0
leavitt 1 4.605170185988092 4.605170185988092
leishman 1 4.605170185988092 4.605170185988092
lekas 1 4.605170185988092 4.605170185988092
len 1 3.506557897319982 3.506557897319982
levesque 1 4.605170185988092 4.605170185988092
lewicke 1 4.605170185988092 4.605170185988092
lex 1 3.912023005428146 3.912023005428146
liaftercontent 1 0.127833371509885 0.127833371509885
license 1 0.0 0.0
life 1 0.5447271754416719 0.5447271754416719
lilli 1 4.605170185988092 4.605170185988092
linda 1 3.2188758248682006 3.2188758248682006
link 1 0.0 0.0
lino 1 3.912023005428146 3.912023005428146
lisa 1 2.995732273553991 2.995732273553991
list 1 0.6348782724359695 0.6348782724359695
live 1 1.2378743560016172 1.2378743560016172
living 1 1.07880966137193 1.07880966137193
lloyd 1 2.8134107167600364 2.8134107167600364
log 1 0.0 0.0
logged 1 0.0 0.0
long 1 1.1086626245216111 1.1086626245216111
loren 1 4.605170185988092 4.605170185988092
lorenzo 1 3.912023005428146 3.912023005428146
lorie 1 4.605170185988092 4.605170185988092
lorrie 1 4.605170185988092 4.605170185988092
louis 1 1.5141277326297755 1.5141277326297755
louise 1 3.2188758248682006 3.2188758248682006
love 1 1.4271163556401458 1.4271163556401458
lovett 1 3.912023005428146 3.912023005428146
lucius 1 4.605170185988092 4.605170185988092
lucy 1 2.995732273553991 2.995732273553991
lundgren 1 4.605170185988092 4.605170185988092
luneau 1 4.605170185988092 4.605170185988092
luz 1 3.506557897319982 3.506557897319982
lynn 1 3.2188758248682006 3.2188758248682006
mac 1 2.0402208285265546 2.0402208285265546
maggiore 1 4.605170185988092 4.605170185988092
mahon 1 3.2188758248682006 3.2188758248682006
main 1 0.0 0.0
majority 1 1.8971199848858813 1.8971199848858813
malloy 1 3.912023005428146 3.912023005428146
mandelbaum 1 4.605170185988092 4.605170185988092
mangipudi 1 4.605170185988092 4.605170185988092
mannion 1 4.605170185988092 4.605170185988092
manos 1 4.605170185988092 4.605170185988092
marc 1 2.659260036932778 2.659260036932778
march 1 0.3147107448397002 0.3147107448397002
margaret 1 2.302585092994046 2.302585092994046
maria 1 1.9661128563728327 1.9661128563728327
marie 1 2.5257286443082556 2.5257286443082556
marjorie 1 3.912023005428146 3.912023005428146
mark 1 1.1394342831883648 1.1394342831883648
married 1 1.5141277326297755 1.5141277326297755
martin 1 1.3470736479666094 1.3470736479666094
mary 1 1.7719568419318754 1.7719568419318754
mason 1 2.207274913189721 2.207274913189721
massimilla 1 4.605170185988092 4.605170185988092
match 0 0.8675005677047231 0.0
matthew 1 1.8325814637483102 1.8325814637483102
maureen 1 4.605170185988092 4.605170185988092
may 1 0.0 0.0
mazur 1 4.605170185988092 4.605170185988092
megan 1 3.912023005428146 3.912023005428146
mel 1 3.2188758248682006 3.2188758248682006
melvin 1 3.912023005428146 3.912023005428146
member 1 0.6733445532637655 0.6733445532637655
menu 1 0.0 0.0
merchant 1 3.912023005428146 3.912023005428146
merr 1 4.605170185988092 4.605170185988092
meryl 1 4.605170185988092 4.605170185988092
meuse 1 4.605170185988092 4.605170185988092
michael 1 1.171182981502945 1.171182981502945
mike 1 1.6094379124341003 1.6094379124341003
milz 1 4.605170185988092 4.605170185988092
ming 1 3.2188758248682006 3.2188758248682006
minority 1 2.659260036932778 2.659260036932778
mobile 1 0.0 0.0
moffett 1 4.605170185988092 4.605170185988092
molly 1 3.506557897319982 3.506557897319982
montagne 1 4.605170185988092 4.605170185988092
monteil 1 4.605170185988092 4.605170185988092
mooney 1 4.605170185988092 4.605170185988092
morse 1 3.912023005428146 3.912023005428146
morton 1 2.659260036932778 2.659260036932778
move 1 0.0 0.0
muirhead 1 4.605170185988092 4.605170185988092
muller 1 3.506557897319982 3.506557897319982
muns 1 4.605170185988092 4.605170185988092
muriel 1 4.605170185988092 4.605170185988092
murphy 1 2.5257286443082556 2.5257286443082556
murray 1 2.302585092994046 2.302585092994046
myler 1 4.605170185988092 4.605170185988092
nagel 1 4.605170185988092 4.605170185988092
nancy 1 2.302585092994046 2.302585092994046
navbar 1 0.23572233352106994 0.23572233352106994
navbarfontsizemedia 1 0.3147107448397002 0.3147107448397002
navbarmini 1 0.23572233352106994 0.23572233352106994
navbox 1 0.1392620673335076 0.1392620673335076
navboximage 1 0.1392620673335076 0.1392620673335076
navboxsubgroup 1 0.1392620673335076 0.1392620673335076
navboxtitle 1 0.1392620673335076 0.1392620673335076
navigation 1 0.0 0.0
ned 1 2.995732273553991 2.995732273553991
nelson 1 2.407945608651872 2.407945608651872
new 1 0.24846135929849972 0.24846135929849972
newell 1 3.506557897319982 3.506557897319982
newman 1 2.659260036932778 2.659260036932778
newton 1 2.8134107167600364 2.8134107167600364
nicholas 1 2.302585092994046 2.302585092994046
nicole 1 3.2188758248682006 3.2188758248682006
nikki 1 3.2188758248682006 3.2188758248682006
noble 1 2.659260036932778 2.659260036932778
noel 1 2.995732273553991 2.995732273553991
nonprofit 1 0.0 0.0
notter 1 4.605170185988092 4.605170185988092
november 1 0.3011050927839216 0.3011050927839216
nutter 1 4.605170185988092 4.605170185988092
nutting 1 4.605170185988092 4.605170185988092
obrien 1 2.8134107167600364 2.8134107167600364
october 1 0.28768207245178085 0.28768207245178085
office 1 1.1086626245216111 1.1086626245216111
ohara 1 3.506557897319982 3.506557897319982
oliver 1 2.407945608651872 2.407945608651872
ollibeforecontent 1 0.127833371509885 0.127833371509885
oneil 1 3.912023005428146 3.912023005428146
organization 1 0.0 0.0
organizationname 1 0.010050335853501506 0.010050335853501506
osborne 1 3.2188758248682006 3.2188758248682006
ouellet 1 4.605170185988092 4.605170185988092
packard 1 3.912023005428146 3.912023005428146
page 1 0.0 0.0
paige 1 3.912023005428146 3.912023005428146
palmer 1 2.995732273553991 2.995732273553991
panek 1 4.605170185988092 4.605170185988092
pare 1 4.605170185988092 4.605170185988092
parshall 1 3.912023005428146 3.912023005428146
party 1 1.2378743560016172 1.2378743560016172
partystripe 1 3.912023005428146 3.912023005428146
past 1 1.7719568419318754 1.7719568419318754
patricia 1 2.995732273553991 2.995732273553991
patrick 1 1.8971199848858813 1.8971199848858813
pauer 1 4.605170185988092 4.605170185988092
paul 1 0.8675005677047231 0.8675005677047231
payeur 1 4.605170185988092 4.605170185988092
pdfprintable 1 0.0 0.0
pearson 1 3.2188758248682006 3.2188758248682006
pedersen 1 3.912023005428146 3.912023005428146
peg 1 4.605170185988092 4.605170185988092
peggy 1 3.506557897319982 3.506557897319982
people 1 0.49429632181478017 0.49429632181478017
perez 1 3.506557897319982 3.506557897319982
permanent 1 0.0 0.0
personal 1 0.0 0.0
peter 1 1.3093333199837622 1.3093333199837622
peternel 1 4.605170185988092 4.605170185988092
petrigno 1 4.605170185988092 4.605170185988092
philip 1 1.7147984280919266 1.7147984280919266
phillips 1 2.995732273553991 2.995732273553991
phinney 1 3.912023005428146 3.912023005428146
phyllis 1 2.995732273553991 2.995732273553991
piemonte 1 3.912023005428146 3.912023005428146
pitre 1 4.605170185988092 4.605170185988092
plainlist 1 0.7339691750802005 0.7339691750802005
plamondon 1 4.605170185988092 4.605170185988092
plett 1 4.605170185988092 4.605170185988092
ploszaj 1 4.605170185988092 4.605170185988092
policy 1 0.0 0.0
political 1 1.3470736479666094 1.3470736479666094
politician 1 1.8971199848858813 1.8971199848858813
polozov 1 4.605170185988092 4.605170185988092
popovici 1 4.605170185988092 4.605170185988092
porcelli 1 4.605170185988092 4.605170185988092
portal 1 0.0 0.0
post 1 1.07880966137193 1.07880966137193
potenza 1 4.605170185988092 4.605170185988092
potucek 1 4.605170185988092 4.605170185988092
poultry 1 4.605170185988092 4.605170185988092
pratt 1 3.2188758248682006 3.2188758248682006
preceded 1 2.302585092994046 2.302585092994046
preece 1 3.912023005428146 3.912023005428146
present 1 0.9675840262617057 0.9675840262617057
printbodyns 1 0.09431067947124142 0.09431067947124142
printexport 1 0.0 0.0
privacy 1 0.0 0.0
pro 1 1.6607312068216509 1.6607312068216509
project 0 0.0 0.0
proulx 1 3.912023005428146 3.912023005428146
prout 1 4.605170185988092 4.605170185988092
prudhomme 1 4.605170185988092 4.605170185988092
qualey 1 4.605170185988092 4.605170185988092
quaratiello 1 4.605170185988092 4.605170185988092
rafter 1 3.912023005428146 3.912023005428146
ralph 1 2.120263536200091 2.120263536200091
random 1 0.0 0.0
ray 1 1.7147984280919266 1.7147984280919266
raymond 1 2.302585092994046 2.302585092994046
raynolds 1 4.605170185988092 4.605170185988092
read 1 0.0 0.0
rebecca 1 2.8134107167600364 2.8134107167600364
recent 1 0.0 0.0
reelection 1 3.2188758248682006 3.2188758248682006
reference 0 0.03045920748470844 0.0
reflist 1 0.06187540371808745 0.06187540371808745
reflistcolumns 1 0.06187540371808745 0.06187540371808745
reg 1 0.0 0.0
registered 1 0.0 0.0
reid 1 2.659260036932778 2.659260036932778
related 1 0.0 0.0
renee 1 3.912023005428146 3.912023005428146
renzullo 1 4.605170185988092 4.605170185988092
rep 1 3.2188758248682006 3.2188758248682006
representative 1 1.7147984280919266 1.7147984280919266
representativesfrom 1 3.506557897319982 3.506557897319982
representativesth 1 4.605170185988092 4.605170185988092
represented 1 1.7719568419318754 1.7719568419318754
represents 1 2.5257286443082556 2.5257286443082556
republican 1 2.8134107167600364 2.8134107167600364
residence 1 2.5257286443082556 2.5257286443082556
resides 1 3.912023005428146 3.912023005428146
retrieved 1 0.0 0.0
rhodes 1 3.506557897319982 3.506557897319982
rich 1 2.207274913189721 2.207274913189721
richard 1 1.1394342831883648 1.1394342831883648
richards 1 2.8134107167600364 2.8134107167600364
rick 1 2.207274913189721 2.207274913189721
robert 1 0.8675005677047231 0.8675005677047231
rochefort 1 3.912023005428146 3.912023005428146
rochester 1 2.995732273553991 2.995732273553991
rock 1 1.6094379124341003 1.6094379124341003
roesener 1 4.605170185988092 4.605170185988092
rogers 1 3.506557897319982 3.506557897319982
rollins 1 3.912023005428146 3.912023005428146
rombeau 1 4.605170185988092 4.605170185988092
ron 1 2.5257286443082556 2.5257286443082556
rose 1 1.8325814637483102 1.8325814637483102
rosemarie 1 4.605170185988092 4.605170185988092
roy 1 2.120263536200091 2.120263536200091
rung 1 3.912023005428146 3.912023005428146
russell 1 2.0402208285265546 2.0402208285265546
ryan 1 1.8325814637483102 1.8325814637483102
sallie 1 4.605170185988092 4.605170185988092
sanborn 1 4.605170185988092 4.605170185988092
sandra 1 3.506557897319982 3.506557897319982
santonastaso 1 4.605170185988092 4.605170185988092
schamberg 1 4.605170185988092 4.605170185988092
schapiro 1 4.605170185988092 4.605170185988092
schmidt 1 2.995732273553991 2.995732273553991
school 1 0.7765287894989963 0.7765287894989963
schuett 1 4.605170185988092 4.605170185988092
schultz 1 3.506557897319982 3.506557897319982
scott 1 1.2729656758128876 1.2729656758128876
screen 1 0.010050335853501506 0.010050335853501506
sean 1 2.302585092994046 2.302585092994046
search 1 0.0 0.0
seat 1 2.302585092994046 2.302585092994046
seaworth 1 4.605170185988092 4.605170185988092
see 1 0.40047756659712536 0.40047756659712536
seibert 1 4.605170185988092 4.605170185988092
seidel 1 3.506557897319982 3.506557897319982
selig 1 4.605170185988092 4.605170185988092
seller 0 3.912023005428146 0.0
senate 1 2.5257286443082556 2.5257286443082556
seth 1 2.8134107167600364 2.8134107167600364
shane 1 2.995732273553991 2.995732273553991
share 1 0.0 0.0
sheehan 1 3.912023005428146 3.912023005428146
sheila 1 3.2188758248682006 3.2188758248682006
shelley 1 3.2188758248682006 3.2188758248682006
sherman 1 2.995732273553991 2.995732273553991
sherry 1 4.605170185988092 4.605170185988092
short 1 0.06187540371808745 0.06187540371808745
shortdescription 1 0.2613647641344075 0.2613647641344075
shortened 1 0.0 0.0
shurtleff 1 4.605170185988092 4.605170185988092
sidebar 1 0.0 0.0
silvestro 1 4.605170185988092 4.605170185988092
simon 1 2.0402208285265546 2.0402208285265546
simone 1 3.912023005428146 3.912023005428146
simpson 1 2.995732273553991 2.995732273553991
sirois 1 4.605170185988092 4.605170185988092
site 1 0.0 0.0
skip 1 3.912023005428146 3.912023005428146
smart 1 2.659260036932778 2.659260036932778
smith 1 1.2039728043259361 1.2039728043259361
sofikitis 1 4.605170185988092 4.605170185988092
solid 1 0.09431067947124142 0.09431067947124142
soti 1 4.605170185988092 4.605170185988092
soucy 1 4.605170185988092 4.605170185988092
sought 1 2.5257286443082556 2.5257286443082556
southworth 1 4.605170185988092 4.605170185988092
speaker 1 2.407945608651872 2.407945608651872
special 1 0.0 0.0
spier 1 3.912023005428146 3.912023005428146
spillane 1 4.605170185988092 4.605170185988092
spilsbury 1 4.605170185988092 4.605170185988092
stapleton 1 4.605170185988092 4.605170185988092
state 1 0.3147107448397002 0.3147107448397002
statement 1 0.0 0.0
statistic 0 0.0 0.0
staub 1 3.912023005428146 3.912023005428146
stavis 1 4.605170185988092 4.605170185988092
stephanie 1 2.995732273553991 2.995732273553991
stephen 1 1.8971199848858813 1.8971199848858813
steve 1 1.8971199848858813 1.8971199848858813
steven 1 2.207274913189721 2.207274913189721
stone 1 1.8971199848858813 1.8971199848858813
straf 1 3.912023005428146 3.912023005428146
strafford 1 4.605170185988092 4.605170185988092
stringham 1 4.605170185988092 4.605170185988092
stub 1 2.995732273553991 2.995732273553991
succeeded 1 2.120263536200091 2.120263536200091
sue 1 2.995732273553991 2.995732273553991
sullivan 1 2.659260036932778 2.659260036932778
summer 0 1.5141277326297755 0.0
susan 1 2.659260036932778 2.659260036932778
suzanne 1 2.995732273553991 2.995732273553991
sweeney 1 4.605170185988092 4.605170185988092
sykes 1 3.912023005428146 3.912023005428146
sytek 1 4.605170185988092 4.605170185988092
table 1 0.0 0.0
talk 1 0.0 0.0
tanner 1 3.506557897319982 3.506557897319982
tanya 1 3.912023005428146 3.912023005428146
tatro 1 4.605170185988092 4.605170185988092
tdhlist 1 0.1392620673335076 0.1392620673335076
ted 1 3.506557897319982 3.506557897319982
telerski 1 4.605170185988092 4.605170185988092
tellez 1 4.605170185988092 4.605170185988092
template 1 0.0 0.0
tempore 1 3.912023005428146 3.912023005428146
tenczar 1 4.605170185988092 4.605170185988092
term 0 0.0 0.0
terry 1 2.407945608651872 2.407945608651872
testerman 1 4.605170185988092 4.605170185988092
text 1 0.0 0.0
thackston 1 4.605170185988092 4.605170185988092
thbodyskinresponsive 1 0.3147107448397002 0.3147107448397002
thomas 1 1.1394342831883648 1.1394342831883648
tierney 1 3.506557897319982 3.506557897319982
tim 1 1.6607312068216509 1.6607312068216509
timothy 1 2.302585092994046 2.302585092994046
toggle 1 0.010050335853501506 0.010050335853501506
toll 1 3.506557897319982 3.506557897319982
tom 1 1.2378743560016172 1.2378743560016172
tommy 1 2.5257286443082556 2.5257286443082556
tony 1 1.8325814637483102 1.8325814637483102
tool 0 0.0 0.0
top 1 0.010050335853501506 0.010050335853501506
topic 1 0.0 0.0
total 1 0.0 0.0
tracy 1 2.995732273553991 2.995732273553991
trademark 1 0.0 0.0
travis 1 2.659260036932778 2.659260036932778
treleaven 1 4.605170185988092 4.605170185988092
trinidad 1 3.2188758248682006 3.2188758248682006
tripp 1 3.912023005428146 3.912023005428146
trottier 1 4.605170185988092 4.605170185988092
tudor 1 4.605170185988092 4.605170185988092
turcotte 1 4.605170185988092 4.605170185988092
turer 1 4.605170185988092 4.605170185988092
ulery 1 4.605170185988092 4.605170185988092
ulpaddingem 1 0.1392620673335076 0.1392620673335076
upham 1 4.605170185988092 4.605170185988092
upload 1 0.0 0.0
use 1 0.0 0.0
using 1 0.0 0.0
utc 1 0.0 0.0
vacant 1 3.2188758248682006 3.2188758248682006
vail 1 3.912023005428146 3.912023005428146
valerie 1 3.506557897319982 3.506557897319982
vallone 1 4.605170185988092 4.605170185988092
vandecasteele 1 4.605170185988092 4.605170185988092
vanessa 1 3.506557897319982 3.506557897319982
var 1 0.0 0.0
varney 1 4.605170185988092 4.605170185988092
veilleux 1 4.605170185988092 4.605170185988092
version 1 0.0 0.0
verville 1 4.605170185988092 4.605170185988092
view 1 0.0 0.0
vincent 1 2.659260036932778 2.659260036932778
vose 1 4.605170185988092 4.605170185988092
wall 1 1.9661128563728327 1.9661128563728327
wallace 1 2.659260036932778 2.659260036932778
wallner 1 4.605170185988092 4.605170185988092
walsh 1 2.302585092994046 2.302585092994046
walter 1 1.7147984280919266 1.7147984280919266
ward 1 2.302585092994046 2.302585092994046
wayne 1 2.302585092994046 2.302585092994046
weber 1 2.8134107167600364 2.8134107167600364
wendy 1 3.912023005428146 3.912023005428146
weyler 1 4.605170185988092 4.605170185988092
wheeler 1 2.995732273553991 2.995732273553991
wherry 1 4.605170185988092 4.605170185988092
wikidata 1 0.010050335853501506 0.010050335853501506
wikimedia 1 0.0 0.0
wikipedia 1 0.0 0.0
wilhelm 1 3.506557897319982 3.506557897319982
william 1 1.171182981502945 1.171182981502945
williams 1 1.8971199848858813 1.8971199848858813
wolf 1 2.207274913189721 2.207274913189721
wong 1 3.912023005428146 3.912023005428146
wood 1 1.7147984280919266 1.7147984280919266
woodcock 1 4.605170185988092 4.605170185988092
yokela 1 4.605170185988092 4.605170185988092
yury 1 4.605170185988092 4.605170185988092
zoe 1 3.506557897319982 3.506557897319982
