aaron 1 2.207274913189721 2.207274913189721
acceptance 1 4.605170185988092 4.605170185988092
according 1 1.3093333199837622 1.3093333199837622
account 1 0.0 0.0
acquisition 0 2.995732273553991 0.0
acting 1 1.8971199848858813 1.8971199848858813
action 0 0.0 0.0
add 1 0.0 0.0
additional 1 0.0 0.0
adler 1 3.912023005428146 3.912023005428146
adriana 1 3.912023005428146 3.912023005428146
agent 0 2.207274913189721 0.0
agree 1 0.0 0.0
air 1 1.8971199848858813 1.8971199848858813
aired 1 2.8134107167600364 2.8134107167600364
alan 1 2.0402208285265546 2.0402208285265546
alex 1 2.120263536200091 2.120263536200091
alik 1 4.605170185988092 4.605170185988092
alike 1 0.0 0.0
also 1 0.127833371509885 0.127833371509885
although 1 1.4696759700589417 1.4696759700589417
altieri 1 3.912023005428146 3.912023005428146
always 1 2.207274913189721 2.207274913189721
amazing 1 3.506557897319982 3.506557897319982
america 1 0.8675005677047231 0.8675005677047231
american 1 0.5276327420823719 0.5276327420823719
amour 1 4.605170185988092 4.605170185988092
amp 1 0.4620354595965586 0.4620354595965586
anchor 1 2.995732273553991 2.995732273553991
angela 1 2.659260036932778 2.659260036932778
anger 1 2.8134107167600364 2.8134107167600364
angrily 1 4.605170185988092 4.605170185988092
anjin 1 4.605170185988092 4.605170185988092
annika 1 3.912023005428146 3.912023005428146
another 1 0.9675840262617057 0.9675840262617057
ant 0 3.2188758248682006 0.0
anthony 1 1.5141277326297755 1.5141277326297755
anyone 1 2.659260036932778 2.659260036932778
anything 1 2.995732273553991 2.995732273553991
appearance 1 0.0 0.0
apply 1 0.0 0.0
april 1 0.44628710262841953 0.44628710262841953
aprile 1 4.605170185988092 4.605170185988092
arbery 1 4.605170185988092 4.605170185988092
archived 1 0.47803580094299974 0.47803580094299974
area 1 1.2729656758128876 1.2729656758128876
armor 1 4.605170185988092 4.605170185988092
army 1 1.6094379124341003 1.6094379124341003
arnold 1 2.5257286443082556 2.5257286443082556
arocho 1 4.605170185988092 4.605170185988092
around 1 1.0216512475319812 1.0216512475319812
arrest 1 3.2188758248682006 3.2188758248682006
arthur 1 1.7147984280919266 1.7147984280919266
article 1 0.0 0.0
ash 0 2.995732273553991 0.0
asks 1 2.659260036932778 2.659260036932778
assassin 1 3.912023005428146 3.912023005428146
assault 0 2.5257286443082556 0.0
assumes 1 4.605170185988092 4.605170185988092
assuming 1 3.912023005428146 3.912023005428146
assures 1 3.912023005428146 3.912023005428146
attracted 1 3.2188758248682006 3.2188758248682006
attribution 1 0.0 0.0
august 1 0.3424903089467759 0.3424903089467759
auto 1 0.1392620673335076 0.1392620673335076
autopsy 1 4.605170185988092 4.605170185988092
available 1 0.0 0.0
avoided 1 3.912023005428146 3.912023005428146
award 1 1.171182981502945 1.171182981502945
away 1 1.5606477482646683 1.5606477482646683
baccalieri 1 4.605170185988092 4.605170185988092
back 0 1.0216512475319812 0.0
backed 1 3.912023005428146 3.912023005428146
backing 1 3.2188758248682006 3.2188758248682006
bad 1 2.0402208285265546 2.0402208285265546
bada 1 4.605170185988092 4.605170185988092
badalucco 1 4.605170185988092 4.605170185988092
baffled 1 4.605170185988092 4.605170185988092
balcer 1 4.605170185988092 4.605170185988092
barese 1 4.605170185988092 4.605170185988092
barren 0 4.605170185988092 0.0
barry 1 2.8134107167600364 2.8134107167600364
becomes 1 2.0402208285265546 2.0402208285265546
becoming 1 1.8971199848858813 1.8971199848858813
beginning 1 1.6607312068216509 1.6607312068216509
belief 0 2.5257286443082556 0.0
bermann 1 4.605170185988092 4.605170185988092
bickford 1 3.506557897319982 3.506557897319982
big 1 1.3862943611198906 1.3862943611198906
bigger 1 2.8134107167600364 2.8134107167600364
bill 1 1.171182981502945 1.171182981502945
bing 1 3.912023005428146 3.912023005428146
bit 1 2.995732273553991 2.995732273553991
black 1 0.8915981192837835 0.8915981192837835
blue 1 1.4696759700589417 1.4696759700589417
blum 1 3.506557897319982 3.506557897319982
bobby 1 2.659260036932778 2.659260036932778
boca 1 3.912023005428146 3.912023005428146
bochco 1 4.605170185988092 4.605170185988092
body 1 1.4271163556401458 1.4271163556401458
bonpensiero 1 4.605170185988092 4.605170185988092
bop 1 3.912023005428146 3.912023005428146
bos 0 2.995732273553991 0.0
box 1 2.5257286443082556 2.5257286443082556
boy 1 1.8325814637483102 1.8325814637483102
bracco 1 4.605170185988092 4.605170185988092
brace 1 3.506557897319982 3.506557897319982
breaking 1 2.659260036932778 2.659260036932778
brendan 1 3.506557897319982 3.506557897319982
brendans 1 4.605170185988092 4.605170185988092
broken 1 2.207274913189721 2.207274913189721
bromell 1 3.912023005428146 3.912023005428146
brother 0 1.6607312068216509 0.0
brown 1 1.6607312068216509 1.6607312068216509
bruce 1 2.120263536200091 2.120263536200091
buscemi 1 4.605170185988092 4.605170185988092
bust 1 3.2188758248682006 3.2188758248682006
byrnes 1 3.912023005428146 3.912023005428146
cahill 1 3.2188758248682006 3.2188758248682006
cahn 1 4.605170185988092 4.605170185988092
cain 1 3.506557897319982 3.506557897319982
cake 0 3.506557897319982 0.0
call 1 1.7719568419318754 1.7719568419318754
calling 1 2.407945608651872 2.407945608651872
camelot 1 4.605170185988092 4.605170185988092
cannell 1 4.605170185988092 4.605170185988092
capo 0 3.912023005428146 0.0
car 0 1.7147984280919266 0.0
carl 1 2.407945608651872 2.407945608651872
carmela 1 4.605170185988092 4.605170185988092
carmelaunder 1 4.605170185988092 4.605170185988092
category 1 0.0 0.0
cedes 1 4.605170185988092 4.605170185988092
center 1 1.171182981502945 1.171182981502945
centerpx 1 0.0408219945202552 0.0408219945202552
cerva 1 4.605170185988092 4.605170185988092
cesare 1 4.605170185988092 4.605170185988092
change 0 0.0 0.0
character 0 1.7147984280919266 0.0
chase 1 2.995732273553991 2.995732273553991
chasing 1 3.506557897319982 3.506557897319982
chellas 1 4.605170185988092 4.605170185988092
chianese 1 4.605170185988092 4.605170185988092
chicanery 1 4.605170185988092 4.605170185988092
christopher 1 1.9661128563728327 1.9661128563728327
chronology 1 2.407945608651872 2.407945608651872
chrysanthemum 1 3.912023005428146 3.912023005428146
cigar 1 4.605170185988092 4.605170185988092
cinematography 1 3.506557897319982 3.506557897319982
citation 1 0.0408219945202552 0.0408219945202552
cite 1 0.0 0.0
citeweb 1 0.5447271754416719 0.5447271754416719
city 1 0.6348782724359695 0.6348782724359695
clark 1 1.6607312068216509 1.6607312068216509
clear 1 2.207274913189721 2.207274913189721
cleaver 1 3.912023005428146 3.912023005428146
cleveland 1 2.0402208285265546 2.0402208285265546
club 1 1.4271163556401458 1.4271163556401458
code 1 0.0 0.0
coincidentally 1 3.912023005428146 3.912023005428146
cold 1 2.207274913189721 2.207274913189721
college 1 1.1394342831883648 1.1394342831883648
coluca 1 4.605170185988092 4.605170185988092
come 1 1.3470736479666094 1.3470736479666094
comet 1 3.506557897319982 3.506557897319982
coming 1 1.7719568419318754 1.7719568419318754
commendatori 1 4.605170185988092 4.605170185988092
common 0 0.0 0.0
compensation 1 3.506557897319982 3.506557897319982
complete 1 1.8325814637483102 1.8325814637483102
compromise 1 3.506557897319982 3.506557897319982
conduct 1 0.0 0.0
confession 0 3.2188758248682006 0.0
conflict 1 2.0402208285265546 2.0402208285265546
confronts 1 4.605170185988092 4.605170185988092
consent 1 3.912023005428146 3.912023005428146
consider 1 2.407945608651872 2.407945608651872
considered 1 1.3862943611198906 1.3862943611198906
contact 1 0.0 0.0
content 1 0.0 0.0
context 1 0.010050335853501506 0.010050335853501506
continual 1 4.605170185988092 4.605170185988092
continue 1 2.207274913189721 2.207274913189721
contract 0 2.207274913189721 0.0
contribute 1 0.0 0.0
contribution 0 0.0 0.0
control 1 0.7765287894989963 0.7765287894989963
cookie 1 0.0 0.0
cookiematch 1 0.0 0.0
corrado 1 4.605170185988092 4.605170185988092
corrine 1 4.605170185988092 4.605170185988092
corrupt 1 3.2188758248682006 3.2188758248682006
counterlistitema 1 0.127833371509885 0.127833371509885
course 1 2.0402208285265546 2.0402208285265546
create 1 0.0 0.0
creative 1 0.0 0.0
criticized 1 2.995732273553991 2.995732273553991
crossing 1 3.912023005428146 3.912023005428146
crumbling 1 4.605170185988092 4.605170185988092
cry 1 2.302585092994046 2.302585092994046
crystal 1 2.995732273553991 2.995732273553991
csmaintcolorf 1 0.06187540371808745 0.06187540371808745
csmaintcolorfmedia 1 0.0408219945202552 0.0408219945202552
cswsicon 1 0.0408219945202552 0.0408219945202552
current 1 0.0 0.0
curtin 1 4.605170185988092 4.605170185988092
curto 1 4.605170185988092 4.605170185988092
cusamano 1 4.605170185988092 4.605170185988092
cut 0 1.9661128563728327 0.0
cutter 1 3.506557897319982 3.506557897319982
daniel 1 1.3862943611198906 1.3862943611198906
dante 1 3.912023005428146 3.912023005428146
darrow 1 4.605170185988092 4.605170185988092
date 1 0.3147107448397002 0.3147107448397002
daughter 0 1.5141277326297755 0.0
david 1 0.9942522733438669 0.9942522733438669
dawn 1 2.659260036932778 2.659260036932778
day 1 0.5276327420823719 0.5276327420823719
dead 1 1.5606477482646683 1.5606477482646683
debora 1 4.605170185988092 4.605170185988092
debra 1 3.506557897319982 3.506557897319982
debt 0 2.995732273553991 0.0
decision 1 1.8971199848858813 1.8971199848858813
denial 1 3.506557897319982 3.506557897319982
dentist 0 4.605170185988092 0.0
deo 1 3.506557897319982 3.506557897319982
description 1 0.07257069283483537 0.07257069283483537
detective 1 3.2188758248682006 3.2188758248682006
deutsch 1 0.9416085398584451 0.9416085398584451
developer 0 0.0 0.0
dgirl 1 4.605170185988092 4.605170185988092
diaz 1 3.506557897319982 3.506557897319982
die 1 2.407945608651872 2.407945608651872
different 1 0.3424903089467759 0.3424903089467759
diplomatic 1 2.995732273553991 2.995732273553991
directed 1 2.120263536200091 2.120263536200091
direction 1 2.8134107167600364 2.8134107167600364
director 1 1.4271163556401458 1.4271163556401458
disambiguated 1 4.605170185988092 4.605170185988092
disclaimer 0 0.0 0.0
discover 1 3.2188758248682006 3.2188758248682006
divcol 1 2.302585092994046 2.302585092994046
dominic 1 3.2188758248682006 3.2188758248682006
donate 1 0.0 0.0
dont 1 1.9661128563728327 1.9661128563728327
download 1 0.0 0.0
drake 1 2.659260036932778 2.659260036932778
drama 0 2.407945608651872 0.0
drea 1 4.605170185988092 4.605170185988092
dream 1 2.0402208285265546 2.0402208285265546
dtaftercontent 1 0.127833371509885 0.127833371509885
due 1 0.9416085398584451 0.9416085398584451
dy 0 2.5257286443082556 0.0
edge 1 2.120263536200091 2.120263536200091
edie 1 4.605170185988092 4.605170185988092
education 1 1.3470736479666094 1.3470736479666094
edward 1 1.5606477482646683 1.5606477482646683
elderly 1 3.912023005428146 3.912023005428146
elegant 1 4.605170185988092 4.605170185988092
element 0 1.9661128563728327 0.0
elephant 1 3.506557897319982 3.506557897319982
elli 0 2.659260036932778 0.0
ellison 1 3.912023005428146 3.912023005428146
eloise 1 4.605170185988092 4.605170185988092
emily 1 2.8134107167600364 2.8134107167600364
employee 1 2.0402208285265546 2.0402208285265546
encyclopedia 1 0.0 0.0
end 1 0.7985076962177716 0.7985076962177716
ending 1 2.407945608651872 2.407945608651872
english 1 0.0 0.0
entrapment 1 4.605170185988092 4.605170185988092
episode 1 1.6094379124341003 1.6094379124341003
episodic 1 4.605170185988092 4.605170185988092
erin 1 2.995732273553991 2.995732273553991
espaol 1 1.1394342831883648 1.1394342831883648
especially 1 2.207274913189721 2.207274913189721
eternity 1 3.2188758248682006 3.2188758248682006
evan 1 3.912023005428146 3.912023005428146
event 0 0.0 0.0
everybody 1 3.506557897319982 3.506557897319982
excelsis 1 3.912023005428146 3.912023005428146
exchange 1 1.9661128563728327 1.9661128563728327
execution 1 2.995732273553991 2.995732273553991
existence 1 2.995732273553991 2.995732273553991
exp 1 0.0 0.0
expensive 1 3.912023005428146 3.912023005428146
explains 1 2.302585092994046 2.302585092994046
external 1 0.44628710262841953 0.44628710262841953
falco 1 3.506557897319982 3.506557897319982
family 1 0.9162907318741551 0.9162907318741551
father 1 1.3093333199837622 1.3093333199837622
fault 1 3.506557897319982 3.506557897319982
february 1 0.27443684570176036 0.27443684570176036
federal 1 1.8971199848858813 1.8971199848858813
felt 1 2.302585092994046 2.302585092994046
fight 1 1.8325814637483102 1.8325814637483102
file 1 0.0 0.0
filone 1 4.605170185988092 4.605170185988092
final 1 0.9942522733438669 0.9942522733438669
finding 1 1.9661128563728327 1.9661128563728327
fire 1 1.7147984280919266 1.7147984280919266
fleshy 1 4.605170185988092 4.605170185988092
follow 1 2.5257286443082556 2.5257286443082556
fontana 1 3.912023005428146 3.912023005428146
forever 1 3.506557897319982 3.506557897319982
formal 1 2.659260036932778 2.659260036932778
fortunate 1 3.912023005428146 3.912023005428146
forward 1 2.207274913189721 2.207274913189721
foster 1 2.207274913189721 2.207274913189721
fou 1 4.605170185988092 4.605170185988092
found 1 1.2039728043259361 1.2039728043259361
foundation 1 0.0 0.0
fourth 1 1.4696759700589417 1.4696759700589417
fox 1 2.407945608651872 2.407945608651872
frank 1 1.7147984280919266 1.7147984280919266
free 1 0.0 0.0
freedman 1 4.605170185988092 4.605170185988092
freedom 1 2.302585092994046 2.302585092994046
freeman 1 3.2188758248682006 3.2188758248682006
friend 1 1.3470736479666094 1.3470736479666094
friendly 1 2.995732273553991 2.995732273553991
frost 1 3.506557897319982 3.506557897319982
fucking 1 4.605170185988092 4.605170185988092
full 1 1.1086626245216111 1.1086626245216111
funeral 1 2.5257286443082556 2.5257286443082556
funhouse 1 4.605170185988092 4.605170185988092
fury 1 2.995732273553991 2.995732273553991
gambling 1 3.912023005428146 3.912023005428146
gandolfini 1 4.605170185988092 4.605170185988092
gansa 1 4.605170185988092 4.605170185988092
garbage 1 3.912023005428146 3.912023005428146
garrett 1 3.2188758248682006 3.2188758248682006
general 1 0.0 0.0
gennifer 1 4.605170185988092 4.605170185988092
gentile 1 4.605170185988092 4.605170185988092
george 1 1.07880966137193 1.07880966137193
georgia 1 2.302585092994046 2.302585092994046
get 1 0.0 0.0
gilligan 1 4.605170185988092 4.605170185988092
girl 1 1.7719568419318754 1.7719568419318754
give 0 1.5141277326297755 0.0
giving 1 2.207274913189721 2.207274913189721
god 1 2.207274913189721 2.207274913189721
going 1 1.8325814637483102 1.8325814637483102
good 1 1.3093333199837622 1.3093333199837622
gordon 1 2.5257286443082556 2.5257286443082556
gould 1 2.995732273553991 2.995732273553991
grace 1 2.407945608651872 2.407945608651872
great 1 0.9675840262617057 0.9675840262617057
gualtieri 1 4.605170185988092 4.605170185988092
guest 1 2.302585092994046 2.302585092994046
guild 1 3.2188758248682006 3.2188758248682006
guillermo 1 2.995732273553991 2.995732273553991
gun 1 2.207274913189721 2.207274913189721
guy 1 2.407945608651872 2.407945608651872
hall 1 1.3470736479666094 1.3470736479666094
hammer 1 2.995732273553991 2.995732273553991
hand 1 1.3862943611198906 1.3862943611198906
happened 1 2.5257286443082556 2.5257286443082556
happy 1 2.659260036932778 2.659260036932778
harlan 1 3.912023005428146 3.912023005428146
hbo 1 3.912023005428146 3.912023005428146
heard 1 2.659260036932778 2.659260036932778
heavy 1 2.407945608651872 2.407945608651872
heidi 1 3.912023005428146 3.912023005428146
help 1 0.0 0.0
henry 1 1.5606477482646683 1.5606477482646683
herb 1 4.605170185988092 4.605170185988092
herbert 1 2.8134107167600364 2.8134107167600364
herman 1 3.2188758248682006 3.2188758248682006
herskovitz 1 4.605170185988092 4.605170185988092
hesh 1 4.605170185988092 4.605170185988092
hidden 1 0.010050335853501506 0.010050335853501506
hide 1 0.0 0.0
highly 1 2.120263536200091 2.120263536200091
hill 1 1.2039728043259361 1.2039728043259361
hilt 1 4.605170185988092 4.605170185988092
history 1 0.0 0.0
hit 1 2.407945608651872 2.407945608651872
hlist 1 0.127833371509885 0.127833371509885
hlistinline 1 0.127833371509885 0.127833371509885
holding 1 2.207274913189721 2.207274913189721
home 1 0.7339691750802005 0.7339691750802005
house 1 1.0216512475319812 1.0216512475319812
howard 1 2.120263536200091 2.120263536200091
hrvatski 1 2.995732273553991 2.995732273553991
hunter 1 2.0402208285265546 2.0402208285265546
hurt 0 2.5257286443082556 0.0
hutchison 1 4.605170185988092 4.605170185988092
ibtvepisode 1 4.605170185988092 4.605170185988092
ibtvlabel 1 4.605170185988092 4.605170185988092
idaho 1 2.8134107167600364 2.8134107167600364
identifies 1 3.912023005428146 3.912023005428146
idlockfree 1 0.0408219945202552 0.0408219945202552
idlockfreeidlockfree 1 0.0408219945202552 0.0408219945202552
idlocklimited 1 0.0408219945202552 0.0408219945202552
idlockregistration 1 0.0408219945202552 0.0408219945202552
idlocksubscription 1 0.0408219945202552 0.0408219945202552
iler 1 4.605170185988092 4.605170185988092
illusion 1 3.912023005428146 3.912023005428146
imdb 1 2.302585092994046 2.302585092994046
imdbepisode 1 4.605170185988092 4.605170185988092
imperioli 1 4.605170185988092 4.605170185988092
impression 1 3.912023005428146 3.912023005428146
inc 1 0.0 0.0
incomeearning 1 4.605170185988092 4.605170185988092
increasingly 1 2.659260036932778 2.659260036932778
indicator 1 4.605170185988092 4.605170185988092
indirectly 1 3.912023005428146 3.912023005428146
inflamed 1 4.605170185988092 4.605170185988092
infobox 1 0.3011050927839216 0.3011050927839216
infoboxtable 1 0.3147107448397002 0.3147107448397002
information 1 0.0 0.0
inspiration 1 3.2188758248682006 3.2188758248682006
interested 1 2.995732273553991 2.995732273553991
intimidated 1 4.605170185988092 4.605170185988092
investigation 0 2.120263536200091 0.0
involving 1 2.5257286443082556 2.5257286443082556
irina 1 3.912023005428146 3.912023005428146
irregular 1 3.506557897319982 3.506557897319982
isabella 1 3.912023005428146 3.912023005428146
item 1 0.010050335853501506 0.010050335853501506
jacket 1 2.995732273553991 2.995732273553991
jackie 1 3.2188758248682006 3.2188758248682006
jackies 1 4.605170185988092 4.605170185988092
james 1 1.0498221244986776 1.0498221244986776
jamie 1 2.5257286443082556 2.5257286443082556
janice 1 3.912023005428146 3.912023005428146
janitor 0 4.605170185988092 0.0
january 1 0.3424903089467759 0.3424903089467759
jason 1 1.6607312068216509 1.6607312068216509
jeannie 1 4.605170185988092 4.605170185988092
jeff 1 1.8325814637483102 1.8325814637483102
jeffries 1 4.605170185988092 4.605170185988092
jennifer 1 2.659260036932778 2.659260036932778
jeremy 1 2.407945608651872 2.407945608651872
jeremys 1 4.605170185988092 4.605170185988092
jerrold 1 4.605170185988092 4.605170185988092
jerry 1 2.659260036932778 2.659260036932778
jersey 1 2.120263536200091 2.120263536200091
jim 1 1.4696759700589417 1.4696759700589417
jimmy 1 2.302585092994046 2.302585092994046
job 1 2.302585092994046 2.302585092994046
joe 1 1.5141277326297755 1.5141277326297755
john 1 0.49429632181478017 0.49429632181478017
johnny 1 1.9661128563728327 1.9661128563728327
johnson 1 1.6094379124341003 1.6094379124341003
join 1 1.6607312068216509 1.6607312068216509
judge 1 2.302585092994046 2.302585092994046
jump 1 0.0 0.0
june 1 0.40047756659712536 0.40047756659712536
junior 1 2.0402208285265546 2.0402208285265546
justice 1 1.9661128563728327 1.9661128563728327
justin 1 2.407945608651872 2.407945608651872
kaisha 1 4.605170185988092 4.605170185988092
kandel 1 4.605170185988092 4.605170185988092
kaplow 1 4.605170185988092 4.605170185988092
karen 1 2.8134107167600364 2.8134107167600364
karl 1 2.659260036932778 2.659260036932778
katz 1 4.605170185988092 4.605170185988092
keeper 1 2.995732273553991 2.995732273553991
kennedy 1 2.407945608651872 2.407945608651872
kenneth 1 2.8134107167600364 2.8134107167600364
kid 1 1.8971199848858813 1.8971199848858813
kill 1 1.7719568419318754 1.7719568419318754
king 1 1.3093333199837622 1.3093333199837622
knight 1 2.0402208285265546 2.0402208285265546
know 0 1.7147984280919266 0.0
knowing 1 2.8134107167600364 2.8134107167600364
kondo 1 4.605170185988092 4.605170185988092
kozoll 1 4.605170185988092 4.605170185988092
labor 1 2.659260036932778 2.659260036932778
lada 1 4.605170185988092 4.605170185988092
lance 1 2.995732273553991 2.995732273553991
language 0 0.0 0.0
large 1 1.4696759700589417 1.4696759700589417
larry 1 2.207274913189721 2.207274913189721
last 1 0.0 0.0
lawrence 1 2.302585092994046 2.302585092994046
leadership 1 2.207274913189721 2.207274913189721
leaf 0 2.302585092994046 0.0
lean 1 3.2188758248682006 3.2188758248682006
learn 1 0.0 0.0
leather 1 3.912023005428146 3.912023005428146
leaving 1 1.7147984280919266 1.7147984280919266
legend 1 1.8325814637483102 1.8325814637483102
leon 1 2.659260036932778 2.659260036932778
lerner 1 4.605170185988092 4.605170185988092
levy 1 3.912023005428146 3.912023005428146
lewin 1 4.605170185988092 4.605170185988092
lewis 1 1.8325814637483102 1.8325814637483102
liaftercontent 1 0.127833371509885 0.127833371509885
license 1 0.0 0.0
life 0 0.5447271754416719 0.0
like 1 1.2039728043259361 1.2039728043259361
link 1 0.0 0.0
list 1 0.6348782724359695 0.6348782724359695
live 1 1.2378743560016172 1.2378743560016172
livia 1 4.605170185988092 4.605170185988092
living 1 1.07880966137193 1.07880966137193
livushka 1 4.605170185988092 4.605170185988092
log 1 0.0 0.0
logged 1 0.0 0.0
long 1 1.1086626245216111 1.1086626245216111
look 1 2.0402208285265546 2.0402208285265546
loom 0 3.912023005428146 0.0
lord 1 2.0402208285265546 2.0402208285265546
loring 1 4.605170185988092 4.605170185988092
loros 1 4.605170185988092 4.605170185988092
lorraine 1 3.912023005428146 3.912023005428146
lost 1 1.171182981502945 1.171182981502945
lounge 1 3.912023005428146 3.912023005428146
love 1 1.4271163556401458 1.4271163556401458
luxury 1 2.995732273553991 2.995732273553991
lynn 1 3.2188758248682006 3.2188758248682006
machine 1 1.4696759700589417 1.4696759700589417
made 1 0.653926467406664 0.653926467406664
madman 1 3.912023005428146 3.912023005428146
mafiathemed 1 4.605170185988092 4.605170185988092
main 1 0.0 0.0
mainother 1 1.5141277326297755 1.5141277326297755
makazian 1 4.605170185988092 4.605170185988092
male 0 1.6607312068216509 0.0
maleinsists 1 4.605170185988092 4.605170185988092
man 1 1.0498221244986776 1.0498221244986776
mandel 1 4.605170185988092 4.605170185988092
many 1 0.7550225842780328 0.7550225842780328
marchand 1 4.605170185988092 4.605170185988092
marco 1 2.5257286443082556 2.5257286443082556
marcus 1 3.2188758248682006 3.2188758248682006
margin 0 3.506557897319982 0.0
mark 1 1.1394342831883648 1.1394342831883648
marriage 1 2.120263536200091 2.120263536200091
marshall 1 2.407945608651872 2.407945608651872
masius 1 4.605170185988092 4.605170185988092
matteo 1 3.912023005428146 3.912023005428146
matthew 1 1.8325814637483102 1.8325814637483102
max 1 2.302585092994046 2.302585092994046
may 1 0.0 0.0
mayham 1 4.605170185988092 4.605170185988092
mdy 1 1.3862943611198906 1.3862943611198906
meadow 1 3.912023005428146 3.912023005428146
meadowlands 1 4.605170185988092 4.605170185988092
melfi 1 4.605170185988092 4.605170185988092
member 0 0.6733445532637655 0.0
men 1 1.2039728043259361 1.2039728043259361
mendez 1 4.605170185988092 4.605170185988092
menu 1 0.0 0.0
meo 1 3.912023005428146 3.912023005428146
merger 0 3.2188758248682006 0.0
meth 1 4.605170185988092 4.605170185988092
michael 1 1.171182981502945 1.171182981502945
michele 1 4.605170185988092 4.605170185988092
michelle 1 3.506557897319982 3.506557897319982
mikey 1 4.605170185988092 4.605170185988092
miki 1 4.605170185988092 4.605170185988092
milch 1 4.605170185988092 4.605170185988092
mill 0 2.302585092994046 0.0
miller 1 1.6094379124341003 1.6094379124341003
miniature 1 3.912023005428146 3.912023005428146
minute 0 1.6607312068216509 0.0
mistakenly 1 4.605170185988092 4.605170185988092
mistress 1 3.912023005428146 3.912023005428146
mobile 1 0.0 0.0
mobster 1 4.605170185988092 4.605170185988092
mock 1 4.605170185988092 4.605170185988092
moe 1 3.912023005428146 3.912023005428146
moltisanti 1 4.605170185988092 4.605170185988092
money 1 1.8325814637483102 1.8325814637483102
month 1 0.8915981192837835 0.8915981192837835
moozadell 1 4.605170185988092 4.605170185988092
morning 1 1.8325814637483102 1.8325814637483102
mountain 1 1.8971199848858813 1.8971199848858813
move 1 0.0 0.0
movie 0 1.7719568419318754 0.0
mr 0 2.5257286443082556 0.0
much 1 1.171182981502945 1.171182981502945
music 1 1.3862943611198906 1.3862943611198906
musketry 1 4.605170185988092 4.605170185988092
name 1 0.5276327420823719 0.5276327420823719
nancy 1 2.302585092994046 2.302585092994046
navbar 1 0.23572233352106994 0.23572233352106994
navbarfontsizemedia 1 0.3147107448397002 0.3147107448397002
navbarmini 1 0.23572233352106994 0.23572233352106994
navbox 1 0.1392620673335076 0.1392620673335076
navboximage 1 0.1392620673335076 0.1392620673335076
navboxsubgroup 1 0.1392620673335076 0.1392620673335076
navboxtitle 1 0.1392620673335076 0.1392620673335076
navigation 1 0.0 0.0
neck 1 3.2188758248682006 3.2188758248682006
neighborhood 1 3.2188758248682006 3.2188758248682006
nervously 1 4.605170185988092 4.605170185988092
new 1 0.24846135929849972 0.24846135929849972
newark 1 4.605170185988092 4.605170185988092
news 1 0.843970070294529 0.843970070294529
next 1 1.1086626245216111 1.1086626245216111
nicole 1 3.2188758248682006 3.2188758248682006
night 1 1.7719568419318754 1.7719568419318754
nobody 1 3.2188758248682006 3.2188758248682006
nod 0 3.2188758248682006 0.0
nomination 0 2.8134107167600364 0.0
nonprofit 1 0.0 0.0
northern 1 1.3093333199837622 1.3093333199837622
nursery 1 4.605170185988092 4.605170185988092
occurrence 1 3.912023005428146 3.912023005428146
offer 1 2.302585092994046 2.302585092994046
office 1 1.1086626245216111 1.1086626245216111
oksana 1 3.912023005428146 3.912023005428146
ollibeforecontent 1 0.127833371509885 0.127833371509885
olsen 1 3.506557897319982 3.506557897319982
omy 1 4.605170185988092 4.605170185988092
one 1 0.23572233352106994 0.23572233352106994
opinion 1 2.120263536200091 2.120263536200091
opportunity 1 2.5257286443082556 2.5257286443082556
opposite 1 3.2188758248682006 3.2188758248682006
opts 1 3.506557897319982 3.506557897319982
order 0 1.171182981502945 0.0
organization 1 0.0 0.0
organizationname 1 0.010050335853501506 0.010050335853501506
original 1 0.4155154439616658 0.4155154439616658
originally 1 1.9661128563728327 1.9661128563728327
overall 1 1.8325814637483102 1.8325814637483102
owes 1 3.2188758248682006 3.2188758248682006
pack 1 3.506557897319982 3.506557897319982
paean 1 4.605170185988092 4.605170185988092
page 1 0.0 0.0
pair 1 2.407945608651872 2.407945608651872
palmice 1 4.605170185988092 4.605170185988092
paltrow 1 4.605170185988092 4.605170185988092
pantowski 1 4.605170185988092 4.605170185988092
par 1 3.506557897319982 3.506557897319982
paranoid 1 4.605170185988092 4.605170185988092
parking 1 3.506557897319982 3.506557897319982
part 1 0.6348782724359695 0.6348782724359695
past 1 1.7719568419318754 1.7719568419318754
pastore 1 4.605170185988092 4.605170185988092
patten 1 3.506557897319982 3.506557897319982
patterson 1 3.2188758248682006 3.2188758248682006
paulie 1 4.605170185988092 4.605170185988092
pax 1 3.506557897319982 3.506557897319982
pay 0 2.120263536200091 0.0
pdfprintable 1 0.0 0.0
peltsin 1 4.605170185988092 4.605170185988092
people 1 0.49429632181478017 0.49429632181478017
pergament 1 4.605170185988092 4.605170185988092
perl 1 3.506557897319982 3.506557897319982
permanent 1 0.0 0.0
personal 1 0.0 0.0
peter 1 1.3093333199837622 1.3093333199837622
petraccione 1 4.605170185988092 4.605170185988092
phoenix 1 2.8134107167600364 2.8134107167600364
photo 1 2.120263536200091 2.120263536200091
physically 1 3.912023005428146 3.912023005428146
picture 0 2.5257286443082556 0.0
pie 1 3.2188758248682006 3.2188758248682006
pilot 1 2.659260036932778 2.659260036932778
pine 1 3.506557897319982 3.506557897319982
pink 1 3.2188758248682006 3.2188758248682006
piocosta 1 4.605170185988092 4.605170185988092
place 1 0.653926467406664 0.653926467406664
plainlist 1 0.7339691750802005 0.7339691750802005
plan 1 1.4696759700589417 1.4696759700589417
plant 1 2.5257286443082556 2.5257286443082556
playing 1 2.120263536200091 2.120263536200091
point 1 1.2729656758128876 1.2729656758128876
pointless 1 3.912023005428146 3.912023005428146
police 1 1.7719568419318754 1.7719568419318754
policy 1 0.0 0.0
polo 1 3.506557897319982 3.506557897319982
pork 1 4.605170185988092 4.605170185988092
portal 1 0.0 0.0
positive 1 2.659260036932778 2.659260036932778
power 1 1.0216512475319812 1.0216512475319812
praised 1 2.5257286443082556 2.5257286443082556
pressure 1 2.8134107167600364 2.8134107167600364
prestwich 1 4.605170185988092 4.605170185988092
pretty 1 3.506557897319982 3.506557897319982
previous 1 1.6607312068216509 1.6607312068216509
primary 1 2.0402208285265546 2.0402208285265546
printbodyns 1 0.09431067947124142 0.09431067947124142
printexport 1 0.0 0.0
prior 1 1.8325814637483102 1.8325814637483102
prisoner 1 2.407945608651872 2.407945608651872
pritchett 1 4.605170185988092 4.605170185988092
privacy 1 0.0 0.0
private 1 1.8325814637483102 1.8325814637483102
production 1 1.6607312068216509 1.6607312068216509
project 0 0.0 0.0
proof 0 2.995732273553991 0.0
property 0 1.7147984280919266 0.0
proshai 1 4.605170185988092 4.605170185988092
prospect 1 2.407945608651872 2.407945608651872
psychiatrist 0 3.506557897319982 0.0
public 1 0.9675840262617057 0.9675840262617057
pugliese 1 4.605170185988092 4.605170185988092
pull 0 3.2188758248682006 0.0
punishing 1 3.912023005428146 3.912023005428146
pussy 1 4.605170185988092 4.605170185988092
quickly 1 2.407945608651872 2.407945608651872
quitting 1 4.605170185988092 4.605170185988092
rabkin 1 4.605170185988092 4.605170185988092
racelle 1 4.605170185988092 4.605170185988092
rachel 1 2.8134107167600364 2.8134107167600364
randall 1 2.659260036932778 2.659260036932778
random 1 0.0 0.0
rat 1 3.506557897319982 3.506557897319982
ray 1 1.7147984280919266 1.7147984280919266
raymond 1 2.302585092994046 2.302585092994046
read 1 0.0 0.0
rebeck 1 4.605170185988092 4.605170185988092
recent 1 0.0 0.0
reception 1 1.8971199848858813 1.8971199848858813
reference 1 0.03045920748470844 0.03045920748470844
refers 1 3.2188758248682006 3.2188758248682006
reg 1 0.0 0.0
registered 1 0.0 0.0
reject 0 2.5257286443082556 0.0
related 1 0.0 0.0
remain 1 2.207274913189721 2.207274913189721
remember 1 2.8134107167600364 2.8134107167600364
remembrance 1 3.506557897319982 3.506557897319982
ren 1 2.995732273553991 2.995732273553991
reputation 1 3.2188758248682006 3.2188758248682006
request 1 2.0402208285265546 2.0402208285265546
resolution 1 2.407945608651872 2.407945608651872
respect 1 2.8134107167600364 2.8134107167600364
responsible 1 2.302585092994046 2.302585092994046
resuscitate 1 4.605170185988092 4.605170185988092
retired 1 1.7719568419318754 1.7719568419318754
retrieved 1 0.0 0.0
retrospectively 1 4.605170185988092 4.605170185988092
revenge 1 2.659260036932778 2.659260036932778
rewind 1 3.912023005428146 3.912023005428146
rhetorically 1 4.605170185988092 4.605170185988092
richard 1 1.1394342831883648 1.1394342831883648
rick 1 2.207274913189721 2.207274913189721
ride 1 3.2188758248682006 3.2188758248682006
ring 0 1.8971199848858813 0.0
rintels 1 4.605170185988092 4.605170185988092
risen 1 4.605170185988092 4.605170185988092
risk 1 2.5257286443082556 2.5257286443082556
rispoli 1 4.605170185988092 4.605170185988092
river 1 1.4271163556401458 1.4271163556401458
road 1 1.3862943611198906 1.3862943611198906
roar 1 4.605170185988092 4.605170185988092
robert 1 0.8675005677047231 0.8675005677047231
roche 1 3.506557897319982 3.506557897319982
rodgers 1 3.506557897319982 3.506557897319982
rodman 1 3.912023005428146 3.912023005428146
rolling 1 2.8134107167600364 2.8134107167600364
rosalie 1 4.605170185988092 4.605170185988092
rosen 1 3.912023005428146 3.912023005428146
rosett 1 4.605170185988092 4.605170185988092
ross 1 2.0402208285265546 2.0402208285265546
ruggerios 1 4.605170185988092 4.605170185988092
run 1 1.171182981502945 1.171182981502945
running 1 1.6607312068216509 1.6607312068216509
russel 1 4.605170185988092 4.605170185988092
sacret 1 4.605170185988092 4.605170185988092
sacrimoni 1 4.605170185988092 4.605170185988092
saint 0 1.6607312068216509 0.0
sakharov 1 4.605170185988092 4.605170185988092
sal 1 3.912023005428146 3.912023005428146
salesperson 1 4.605170185988092 4.605170185988092
sando 1 4.605170185988092 4.605170185988092
sapienza 1 4.605170185988092 4.605170185988092
satan 0 3.912023005428146 0.0
satin 1 4.605170185988092 4.605170185988092
satriales 1 4.605170185988092 4.605170185988092
sautter 1 4.605170185988092 4.605170185988092
save 1 1.8971199848858813 1.8971199848858813
savvy 1 4.605170185988092 4.605170185988092
scangarelo 1 4.605170185988092 4.605170185988092
scared 1 3.506557897319982 3.506557897319982
scene 1 2.0402208285265546 2.0402208285265546
schaefer 1 3.506557897319982 3.506557897319982
scheffer 1 3.912023005428146 3.912023005428146
schnauz 1 4.605170185988092 4.605170185988092
score 0 1.6607312068216509 0.0
screen 1 0.010050335853501506 0.010050335853501506
scuffle 1 4.605170185988092 4.605170185988092
search 1 0.0 0.0
season 1 1.1394342831883648 1.1394342831883648
second 1 0.49429632181478017 0.49429632181478017
secretly 1 3.2188758248682006 3.2188758248682006
see 0 0.40047756659712536 0.0
seeing 1 3.2188758248682006 3.2188758248682006
seek 0 2.302585092994046 0.0
semi 1 3.2188758248682006 3.2188758248682006
sentimental 1 3.912023005428146 3.912023005428146
sepinwall 1 4.605170185988092 4.605170185988092
sequence 1 2.302585092994046 2.302585092994046
series 1 0.8675005677047231 0.8675005677047231
session 0 2.0402208285265546 0.0
seth 1 2.8134107167600364 2.8134107167600364
share 1 0.0 0.0
sharon 1 2.659260036932778 2.659260036932778
shawn 1 2.659260036932778 2.659260036932778
shilliday 1 4.605170185988092 4.605170185988092
shirt 1 3.506557897319982 3.506557897319982
shoe 1 3.2188758248682006 3.2188758248682006
shore 1 2.8134107167600364 2.8134107167600364
short 1 0.06187540371808745 0.06187540371808745
shortened 1 0.0 0.0
show 1 1.0498221244986776 1.0498221244986776
sidebar 1 0.0 0.0
sigler 1 4.605170185988092 4.605170185988092
silent 1 2.659260036932778 2.659260036932778
silvio 1 4.605170185988092 4.605170185988092
simon 1 2.0402208285265546 2.0402208285265546
single 1 1.4696759700589417 1.4696759700589417
sirico 1 4.605170185988092 4.605170185988092
site 1 0.0 0.0
smith 1 1.2039728043259361 1.2039728043259361
soldier 1 2.302585092994046 2.302585092994046
solid 1 0.09431067947124142 0.09431067947124142
solution 1 2.5257286443082556 2.5257286443082556
son 1 1.3093333199837622 1.3093333199837622
soon 1 1.8325814637483102 1.8325814637483102
soprana 1 4.605170185988092 4.605170185988092
soprano 1 3.506557897319982 3.506557897319982
sorkin 1 4.605170185988092 4.605170185988092
sort 1 3.2188758248682006 3.2188758248682006
souvenir 0 4.605170185988092 0.0
special 1 0.0 0.0
spector 1 4.605170185988092 4.605170185988092
speed 1 2.302585092994046 2.302585092994046
spier 1 3.912023005428146 3.912023005428146
stage 1 1.9661128563728327 1.9661128563728327
stand 1 2.120263536200091 2.120263536200091
stanton 1 3.912023005428146 3.912023005428146
star 0 0.9675840262617057 0.0
starring 1 2.995732273553991 2.995732273553991
statement 1 0.0 0.0
station 1 1.8325814637483102 1.8325814637483102
statistic 0 0.0 0.0
stella 1 4.605170185988092 4.605170185988092
step 1 2.120263536200091 2.120263536200091
stephen 1 1.8971199848858813 1.8971199848858813
steven 1 2.207274913189721 2.207274913189721
stone 0 1.8971199848858813 0.0
store 1 2.5257286443082556 2.5257286443082556
street 1 1.4271163556401458 1.4271163556401458
stripper 1 4.605170185988092 4.605170185988092
strong 1 1.6607312068216509 1.6607312068216509
subplot 1 4.605170185988092 4.605170185988092
subsection 1 0.3424903089467759 0.3424903089467759
successor 1 2.207274913189721 2.207274913189721
suite 1 3.912023005428146 3.912023005428146
summation 1 4.605170185988092 4.605170185988092
supremes 1 4.605170185988092 4.605170185988092
susan 1 2.659260036932778 2.659260036932778
sweren 1 4.605170185988092 4.605170185988092
sword 1 2.302585092994046 2.302585092994046
synopsis 1 3.912023005428146 3.912023005428146
table 1 0.0 0.0
tactician 1 4.605170185988092 4.605170185988092
taking 1 1.6607312068216509 1.6607312068216509
talk 1 0.0 0.0
talking 1 2.8134107167600364 2.8134107167600364
target 1 3.2188758248682006 3.2188758248682006
tavaglione 1 4.605170185988092 4.605170185988092
tdhlist 1 0.1392620673335076 0.1392620673335076
teacher 1 1.9661128563728327 1.9661128563728327
television 1 1.6607312068216509 1.6607312068216509
tell 0 2.407945608651872 0.0
telltale 1 3.912023005428146 3.912023005428146
template 1 0.0 0.0
tennessee 1 2.120263536200091 2.120263536200091
tenspeed 1 4.605170185988092 4.605170185988092
terence 1 3.912023005428146 3.912023005428146
term 1 0.0 0.0
tern 1 4.605170185988092 4.605170185988092
test 1 2.207274913189721 2.207274913189721
text 1 0.0 0.0
thats 1 2.5257286443082556 2.5257286443082556
thbodyskinresponsive 1 0.3147107448397002 0.3147107448397002
therapist 1 4.605170185988092 4.605170185988092
therapy 1 3.506557897319982 3.506557897319982
theresa 1 3.506557897319982 3.506557897319982
thigh 1 3.912023005428146 3.912023005428146
thing 0 1.5606477482646683 0.0
thirty 1 2.407945608651872 2.407945608651872
thirtysomething 1 4.605170185988092 4.605170185988092
thomas 1 1.1394342831883648 1.1394342831883648
three 1 0.5798184952529422 0.5798184952529422
tim 1 1.6607312068216509 1.6607312068216509
time 1 0.28768207245178085 0.28768207245178085
title 1 0.9162907318741551 0.9162907318741551
today 1 1.4696759700589417 1.4696759700589417
toggle 1 0.010050335853501506 0.010050335853501506
tokatyan 1 4.605170185988092 4.605170185988092
told 1 2.302585092994046 2.302585092994046
tom 1 1.2378743560016172 1.2378743560016172
tony 1 1.8325814637483102 1.8325814637483102
tonys 1 4.605170185988092 4.605170185988092
toodle 1 4.605170185988092 4.605170185988092
took 1 1.171182981502945 1.171182981502945
tool 0 0.0 0.0
toothpick 1 3.912023005428146 3.912023005428146
top 1 0.010050335853501506 0.010050335853501506
topic 1 0.0 0.0
torn 1 3.506557897319982 3.506557897319982
total 1 0.0 0.0
tracy 1 2.995732273553991 2.995732273553991
trademark 1 0.0 0.0
trial 1 1.8971199848858813 1.8971199848858813
trip 1 2.302585092994046 2.302585092994046
trivers 1 4.605170185988092 4.605170185988092
turn 1 2.0402208285265546 2.0402208285265546
twice 1 2.120263536200091 2.120263536200091
two 1 0.43078291609245434 0.43078291609245434
type 1 1.2729656758128876 1.2729656758128876
ulpaddingem 1 0.1392620673335076 0.1392620673335076
uncle 1 2.659260036932778 2.659260036932778
unhired 1 4.605170185988092 4.605170185988092
unidentified 1 4.605170185988092 4.605170185988092
universe 1 2.8134107167600364 2.8134107167600364
university 1 0.616186139423817 0.616186139423817
unnerved 1 3.912023005428146 3.912023005428146
uno 1 4.605170185988092 4.605170185988092
unusual 1 3.506557897319982 3.506557897319982
unwitting 1 4.605170185988092 4.605170185988092
upload 1 0.0 0.0
uproxx 1 4.605170185988092 4.605170185988092
use 1 0.0 0.0
using 1 0.0 0.0
utc 1 0.0 0.0
van 1 1.7147984280919266 1.7147984280919266
var 1 0.0 0.0
vera 1 3.506557897319982 3.506557897319982
version 1 0.0 0.0
vet 1 3.912023005428146 3.912023005428146
view 1 0.0 0.0
vin 1 3.912023005428146 3.912023005428146
vince 1 2.995732273553991 2.995732273553991
vincent 1 2.659260036932778 2.659260036932778
visit 1 2.0402208285265546 2.0402208285265546
vte 1 0.7550225842780328 0.7550225842780328
wagner 1 2.8134107167600364 2.8134107167600364
walk 1 3.2188758248682006 3.2188758248682006
wall 0 1.9661128563728327 0.0
wanderer 1 3.912023005428146 3.912023005428146
want 0 1.9661128563728327 0.0
war 1 0.7985076962177716 0.7985076962177716
watching 1 3.506557897319982 3.506557897319982
way 1 1.1086626245216111 1.1086626245216111
wayback 1 1.8971199848858813 1.8971199848858813
webarchive 1 2.0402208285265546 2.0402208285265546
website 1 1.6094379124341003 1.6094379124341003
weight 1 2.120263536200091 2.120263536200091
weiner 1 4.605170185988092 4.605170185988092
wetland 0 3.912023005428146 0.0
wheres 1 4.605170185988092 4.605170185988092
white 1 1.171182981502945 1.171182981502945
whitecap 0 3.912023005428146 0.0
whoever 1 4.605170185988092 4.605170185988092
wikidata 1 0.010050335853501506 0.010050335853501506
wikimedia 1 0.0 0.0
wikipedia 1 0.0 0.0
william 1 1.171182981502945 1.171182981502945
winter 1 1.8325814637483102 1.8325814637483102
wise 1 2.5257286443082556 2.5257286443082556
within 1 1.3862943611198906 1.3862943611198906
without 1 1.3093333199837622 1.3093333199837622
woke 1 2.995732273553991 2.995732273553991
woman 1 1.171182981502945 1.171182981502945
wonderful 1 3.912023005428146 3.912023005428146
work 1 0.7133498878774648 0.7133498878774648
worked 1 1.6607312068216509 1.6607312068216509
world 1 0.5108256237659907 0.5108256237659907
writer 0 1.5141277326297755 0.0
written 1 0.9416085398584451 0.9416085398584451
yerkovich 1 4.605170185988092 4.605170185988092
yorkin 1 4.605170185988092 4.605170185988092
young 1 1.2378743560016172 1.2378743560016172
zandt 1 4.605170185988092 4.605170185988092
zwick 1 4.605170185988092 4.605170185988092
