abbey 1 2.995732273553991 2.995732273553991
abbot 1 3.506557897319982 3.506557897319982
abc 1 2.5257286443082556 2.5257286443082556
abel 1 3.506557897319982 3.506557897319982
aberdeen 1 4.605170185988092 4.605170185988092
abruptly 1 3.506557897319982 3.506557897319982
abuse 1 2.5257286443082556 2.5257286443082556
acclaimed 1 3.2188758248682006 3.2188758248682006
account 1 0.0 0.0
action 1 0.0 0.0
activity 0 1.8325814637483102 0.0
actor 1 2.207274913189721 2.207274913189721
actress 1 2.8134107167600364 2.8134107167600364
adapted 1 2.995732273553991 2.995732273553991
add 1 0.0 0.0
additional 1 0.0 0.0
adult 1 2.659260036932778 2.659260036932778
adventure 1 2.407945608651872 2.407945608651872
advert 1 4.605170185988092 4.605170185988092
advertiser 0 3.506557897319982 0.0
affair 0 1.6094379124341003 0.0
affected 1 3.2188758248682006 3.2188758248682006
affiliation 1 2.995732273553991 2.995732273553991
african 0 2.659260036932778 0.0
afternoon 1 4.605170185988092 4.605170185988092
age 1 0.7985076962177716 0.7985076962177716
agree 1 0.0 0.0
ahead 1 2.207274913189721 2.207274913189721
aid 1 2.0402208285265546 2.0402208285265546
air 1 1.8971199848858813 1.8971199848858813
aired 1 2.8134107167600364 2.8134107167600364
airing 1 3.912023005428146 3.912023005428146
airplane 1 3.506557897319982 3.506557897319982
airtime 1 4.605170185988092 4.605170185988092
airwave 0 4.605170185988092 0.0
aka 1 2.8134107167600364 2.8134107167600364
alan 1 2.0402208285265546 2.0402208285265546
albion 1 3.912023005428146 3.912023005428146
alex 1 2.120263536200091 2.120263536200091
alfred 1 2.5257286443082556 2.5257286443082556
alias 1 3.912023005428146 3.912023005428146
alike 1 0.0 0.0
allday 1 4.605170185988092 4.605170185988092
allie 1 3.912023005428146 3.912023005428146
allo 1 4.605170185988092 4.605170185988092
also 1 0.127833371509885 0.127833371509885
although 1 1.4696759700589417 1.4696759700589417
among 1 1.2378743560016172 1.2378743560016172
amp 1 0.4620354595965586 0.4620354595965586
anarchy 1 4.605170185988092 4.605170185988092
andrew 1 1.5141277326297755 1.5141277326297755
angie 1 3.506557897319982 3.506557897319982
animated 1 2.8134107167600364 2.8134107167600364
anita 1 3.506557897319982 3.506557897319982
ann 1 3.2188758248682006 3.2188758248682006
anna 1 2.302585092994046 2.302585092994046
anne 1 2.5257286443082556 2.5257286443082556
anniversary 1 2.659260036932778 2.659260036932778
announces 1 2.659260036932778 2.659260036932778
annual 1 1.6607312068216509 1.6607312068216509
antelope 1 4.605170185988092 4.605170185988092
anthology 1 3.912023005428146 3.912023005428146
anthony 1 1.5141277326297755 1.5141277326297755
antidrugs 1 4.605170185988092 4.605170185988092
antique 0 4.605170185988092 0.0
anyone 1 2.659260036932778 2.659260036932778
anywhere 1 3.506557897319982 3.506557897319982
apart 1 2.5257286443082556 2.5257286443082556
appearance 1 0.0 0.0
apply 1 0.0 0.0
april 1 0.44628710262841953 0.44628710262841953
arcade 1 4.605170185988092 4.605170185988092
archaeology 1 3.912023005428146 3.912023005428146
archer 1 3.2188758248682006 3.2188758248682006
architecture 1 2.5257286443082556 2.5257286443082556
archive 0 1.6094379124341003 0.0
archived 1 0.47803580094299974 0.47803580094299974
area 1 1.2729656758128876 1.2729656758128876
arena 1 2.995732273553991 2.995732273553991
army 1 1.6094379124341003 1.6094379124341003
around 1 1.0216512475319812 1.0216512475319812
art 1 1.2039728043259361 1.2039728043259361
arthur 1 1.7147984280919266 1.7147984280919266
article 1 0.0 0.0
asian 1 2.407945608651872 2.407945608651872
ask 1 2.8134107167600364 2.8134107167600364
atari 1 4.605170185988092 4.605170185988092
atkinson 1 2.995732273553991 2.995732273553991
attaching 1 4.605170185988092 4.605170185988092
attracts 1 4.605170185988092 4.605170185988092
attribution 1 0.0 0.0
august 1 0.3424903089467759 0.3424903089467759
australia 1 1.4696759700589417 1.4696759700589417
australian 1 1.9661128563728327 1.9661128563728327
authority 1 0.8915981192837835 0.8915981192837835
auto 1 0.1392620673335076 0.1392620673335076
autumn 1 2.995732273553991 2.995732273553991
available 1 0.0 0.0
avoid 1 3.506557897319982 3.506557897319982
award 1 1.171182981502945 1.171182981502945
awarded 1 2.207274913189721 2.207274913189721
awardwinning 1 4.605170185988092 4.605170185988092
axe 1 3.506557897319982 3.506557897319982
aykroyd 1 4.605170185988092 4.605170185988092
babar 1 4.605170185988092 4.605170185988092
back 1 1.0216512475319812 1.0216512475319812
baddiley 1 4.605170185988092 4.605170185988092
badsey 1 4.605170185988092 4.605170185988092
bahamas 1 4.605170185988092 4.605170185988092
baker 1 2.120263536200091 2.120263536200091
bananaman 1 4.605170185988092 4.605170185988092
bandit 0 3.506557897319982 0.0
bank 0 2.0402208285265546 0.0
banner 1 3.2188758248682006 3.2188758248682006
barchester 1 4.605170185988092 4.605170185988092
barrymore 1 4.605170185988092 4.605170185988092
based 1 1.07880966137193 1.07880966137193
bates 1 3.912023005428146 3.912023005428146
bay 1 1.6094379124341003 1.6094379124341003
bbc 1 2.5257286443082556 2.5257286443082556
bbcs 1 3.912023005428146 3.912023005428146
beadle 1 3.912023005428146 3.912023005428146
beals 1 4.605170185988092 4.605170185988092
beastmaster 1 4.605170185988092 4.605170185988092
beatrix 1 4.605170185988092 4.605170185988092
beckers 1 4.605170185988092 4.605170185988092
becomes 1 2.0402208285265546 2.0402208285265546
begin 0 1.7147984280919266 0.0
beginning 1 1.6607312068216509 1.6607312068216509
belgium 1 2.207274913189721 2.207274913189721
believe 1 2.302585092994046 2.302585092994046
bell 0 2.0402208285265546 0.0
bellamy 1 4.605170185988092 4.605170185988092
belushi 1 4.605170185988092 4.605170185988092
ben 1 2.207274913189721 2.207274913189721
bergerac 1 4.605170185988092 4.605170185988092
berk 1 4.605170185988092 4.605170185988092
berry 1 2.8134107167600364 2.8134107167600364
bertha 1 4.605170185988092 4.605170185988092
best 1 1.0216512475319812 1.0216512475319812
bet 1 3.2188758248682006 3.2188758248682006
beyond 1 2.407945608651872 2.407945608651872
bias 1 3.912023005428146 3.912023005428146
big 1 1.3862943611198906 1.3862943611198906
bill 1 1.171182981502945 1.171182981502945
billy 1 2.5257286443082556 2.5257286443082556
birth 0 1.1394342831883648 0.0
blackadder 1 4.605170185988092 4.605170185988092
blade 1 2.8134107167600364 2.8134107167600364
blair 1 2.5257286443082556 2.5257286443082556
blank 1 3.912023005428146 3.912023005428146
blankety 1 4.605170185988092 4.605170185988092
bleasdales 1 4.605170185988092 4.605170185988092
blessed 1 3.506557897319982 3.506557897319982
blockbuster 0 3.912023005428146 0.0
blog 1 2.8134107167600364 2.8134107167600364
blood 1 2.302585092994046 2.302585092994046
blue 1 1.4696759700589417 1.4696759700589417
bluebell 1 4.605170185988092 4.605170185988092
bluff 1 3.506557897319982 3.506557897319982
blunder 0 4.605170185988092 0.0
boat 1 3.2188758248682006 3.2188758248682006
boco 1 4.605170185988092 4.605170185988092
bond 1 2.659260036932778 2.659260036932778
bonzo 1 4.605170185988092 4.605170185988092
book 1 0.6348782724359695 0.6348782724359695
boon 1 3.506557897319982 3.506557897319982
boormans 1 4.605170185988092 4.605170185988092
bottom 1 2.302585092994046 2.302585092994046
boughtin 1 4.605170185988092 4.605170185988092
bowl 1 2.8134107167600364 2.8134107167600364
box 1 2.5257286443082556 2.5257286443082556
boy 1 1.8325814637483102 1.8325814637483102
boycott 1 3.2188758248682006 3.2188758248682006
bravo 1 3.912023005428146 3.912023005428146
brazil 1 2.120263536200091 2.120263536200091
bread 1 3.2188758248682006 3.2188758248682006
breadwinner 0 4.605170185988092 0.0
break 1 2.407945608651872 2.407945608651872
breakfast 1 3.912023005428146 3.912023005428146
brewster 1 3.2188758248682006 3.2188758248682006
brian 1 1.6607312068216509 1.6607312068216509
bridge 0 2.8134107167600364 0.0
brimley 1 4.605170185988092 4.605170185988092
britain 1 2.5257286443082556 2.5257286443082556
british 1 1.5606477482646683 1.5606477482646683
broadcast 1 2.8134107167600364 2.8134107167600364
broadcasting 1 2.659260036932778 2.659260036932778
brookside 1 4.605170185988092 4.605170185988092
brother 0 1.6607312068216509 0.0
brought 1 1.5606477482646683 1.5606477482646683
bruce 1 2.120263536200091 2.120263536200091
brush 1 4.605170185988092 4.605170185988092
bsb 1 4.605170185988092 4.605170185988092
bulletin 1 2.5257286443082556 2.5257286443082556
bungee 1 4.605170185988092 4.605170185988092
burning 1 3.506557897319982 3.506557897319982
butterfly 1 3.2188758248682006 3.2188758248682006
cab 1 3.912023005428146 3.912023005428146
cable 1 2.995732273553991 2.995732273553991
caine 1 4.605170185988092 4.605170185988092
call 1 1.7719568419318754 1.7719568419318754
called 1 0.8209805520698303 0.8209805520698303
camel 1 3.506557897319982 3.506557897319982
campaign 1 1.6607312068216509 1.6607312068216509
campaigner 1 3.912023005428146 3.912023005428146
canada 1 1.4696759700589417 1.4696759700589417
cancelled 1 2.8134107167600364 2.8134107167600364
car 1 1.7147984280919266 1.7147984280919266
carabiner 1 4.605170185988092 4.605170185988092
card 0 1.7147984280919266 0.0
carey 1 2.995732273553991 2.995732273553991
carol 1 3.2188758248682006 3.2188758248682006
carpenter 1 3.506557897319982 3.506557897319982
carroll 0 3.2188758248682006 0.0
carry 1 2.5257286443082556 2.5257286443082556
carter 1 2.5257286443082556 2.5257286443082556
cartoon 1 3.506557897319982 3.506557897319982
casebook 1 4.605170185988092 4.605170185988092
cashman 1 4.605170185988092 4.605170185988092
cast 1 1.8971199848858813 1.8971199848858813
castle 1 2.995732273553991 2.995732273553991
casualty 1 3.506557897319982 3.506557897319982
cat 1 1.5606477482646683 1.5606477482646683
catchphrase 1 4.605170185988092 4.605170185988092
category 1 0.0 0.0
cause 0 2.0402208285265546 0.0
ceefax 1 4.605170185988092 4.605170185988092
celebrates 1 3.506557897319982 3.506557897319982
censored 1 4.605170185988092 4.605170185988092
centerpx 1 0.0408219945202552 0.0408219945202552
central 1 1.07880966137193 1.07880966137193
century 1 1.3470736479666094 1.3470736479666094
ceremony 1 2.302585092994046 2.302585092994046
certain 1 2.302585092994046 2.302585092994046
challenge 1 2.302585092994046 2.302585092994046
challenger 1 3.2188758248682006 3.2188758248682006
champion 0 1.3862943611198906 0.0
change 0 0.0 0.0
channel 1 2.302585092994046 2.302585092994046
chaplin 1 3.912023005428146 3.912023005428146
character 1 1.7147984280919266 1.7147984280919266
charge 1 2.0402208285265546 2.0402208285265546
charity 1 3.2188758248682006 3.2188758248682006
charlotte 1 2.5257286443082556 2.5257286443082556
chart 1 2.659260036932778 2.659260036932778
cheer 0 4.605170185988092 0.0
chicken 1 3.912023005428146 3.912023005428146
child 0 1.07880966137193 0.0
childrens 1 2.207274913189721 2.207274913189721
chockys 1 4.605170185988092 4.605170185988092
choreographer 1 3.912023005428146 3.912023005428146
christmas 1 2.302585092994046 2.302585092994046
chronicle 0 2.659260036932778 0.0
church 1 1.6607312068216509 1.6607312068216509
citation 1 0.0408219945202552 0.0408219945202552
cite 1 0.0 0.0
citenews 1 1.5606477482646683 1.5606477482646683
citeweb 1 0.5447271754416719 0.5447271754416719
city 0 0.6348782724359695 0.0
civil 1 1.7719568419318754 1.7719568419318754
clarke 1 3.2188758248682006 3.2188758248682006
clash 1 2.659260036932778 2.659260036932778
claudius 1 4.605170185988092 4.605170185988092
cleese 1 4.605170185988092 4.605170185988092
clifford 1 2.5257286443082556 2.5257286443082556
clip 1 2.659260036932778 2.659260036932778
clock 1 2.8134107167600364 2.8134107167600364
close 1 1.9661128563728327 1.9661128563728327
closed 1 2.207274913189721 2.207274913189721
closedown 1 4.605170185988092 4.605170185988092
clothes 1 3.506557897319982 3.506557897319982
cnn 1 3.2188758248682006 3.2188758248682006
coastline 1 4.605170185988092 4.605170185988092
cockleshell 1 4.605170185988092 4.605170185988092
code 1 0.0 0.0
colbys 1 4.605170185988092 4.605170185988092
coleman 1 2.995732273553991 2.995732273553991
colin 1 3.506557897319982 3.506557897319982
collector 0 2.8134107167600364 0.0
collins 1 2.0402208285265546 2.0402208285265546
colour 1 2.5257286443082556 2.5257286443082556
come 1 1.3470736479666094 1.3470736479666094
comedian 1 3.506557897319982 3.506557897319982
comedienne 1 4.605170185988092 4.605170185988092
comedy 1 2.8134107167600364 2.8134107167600364
comedydrama 1 4.605170185988092 4.605170185988092
comic 1 2.407945608651872 2.407945608651872
commentator 1 2.8134107167600364 2.8134107167600364
commercial 1 2.0402208285265546 2.0402208285265546
common 0 0.0 0.0
commonwealth 1 2.995732273553991 2.995732273553991
competitor 0 2.8134107167600364 0.0
concert 1 2.995732273553991 2.995732273553991
concludes 1 2.995732273553991 2.995732273553991
conduct 1 0.0 0.0
connery 1 3.912023005428146 3.912023005428146
considerable 1 4.605170185988092 4.605170185988092
consists 1 2.407945608651872 2.407945608651872
constant 1 2.659260036932778 2.659260036932778
contact 1 0.0 0.0
content 1 0.0 0.0
contestant 1 3.912023005428146 3.912023005428146
context 1 0.010050335853501506 0.010050335853501506
continue 1 2.207274913189721 2.207274913189721
continuing 1 2.207274913189721 2.207274913189721
continuity 1 3.912023005428146 3.912023005428146
contract 1 2.207274913189721 2.207274913189721
contractual 1 4.605170185988092 4.605170185988092
contribute 1 0.0 0.0
contribution 0 0.0 0.0
controversy 1 2.407945608651872 2.407945608651872
cookie 1 0.0 0.0
cookiematch 1 0.0 0.0
cooper 1 2.120263536200091 2.120263536200091
copperfield 1 4.605170185988092 4.605170185988092
coronation 1 3.2188758248682006 3.2188758248682006
coscarellis 1 4.605170185988092 4.605170185988092
council 1 1.4696759700589417 1.4696759700589417
count 0 2.407945608651872 0.0
countdown 1 3.506557897319982 3.506557897319982
counterlistitema 1 0.127833371509885 0.127833371509885
couple 0 2.659260036932778 0.0
court 1 1.5141277326297755 1.5141277326297755
coverage 1 2.995732273553991 2.995732273553991
crace 1 4.605170185988092 4.605170185988092
crane 1 2.659260036932778 2.659260036932778
craven 1 3.506557897319982 3.506557897319982
cream 1 4.605170185988092 4.605170185988092
create 1 0.0 0.0
creative 1 0.0 0.0
creature 1 2.659260036932778 2.659260036932778
crichton 0 4.605170185988092 0.0
cricket 1 3.506557897319982 3.506557897319982
crime 1 1.9661128563728327 1.9661128563728327
critic 0 1.9661128563728327 0.0
critically 1 3.912023005428146 3.912023005428146
criticism 1 2.8134107167600364 2.8134107167600364
crockett 1 4.605170185988092 4.605170185988092
crossroad 0 4.605170185988092 0.0
crown 1 1.9661128563728327 1.9661128563728327
crowther 1 4.605170185988092 4.605170185988092
cruise 1 3.2188758248682006 3.2188758248682006
crystal 1 2.995732273553991 2.995732273553991
csmaintcolorf 1 0.06187540371808745 0.06187540371808745
csmaintcolorfmedia 1 0.0408219945202552 0.0408219945202552
cswsicon 1 0.0408219945202552 0.0408219945202552
cuckoo 1 3.912023005428146 3.912023005428146
cult 1 2.8134107167600364 2.8134107167600364
culture 1 1.6094379124341003 1.6094379124341003
cup 1 1.7719568419318754 1.7719568419318754
current 1 0.0 0.0
curry 1 3.506557897319982 3.506557897319982
cybill 1 4.605170185988092 4.605170185988092
dad 0 2.995732273553991 0.0
daily 1 1.4271163556401458 1.4271163556401458
dainty 1 4.605170185988092 4.605170185988092
daisy 1 3.506557897319982 3.506557897319982
dallas 1 3.2188758248682006 3.2188758248682006
dan 1 1.7719568419318754 1.7719568419318754
dance 1 2.407945608651872 2.407945608651872
dancing 1 3.2188758248682006 3.2188758248682006
dandy 1 4.605170185988092 4.605170185988092
danger 0 2.407945608651872 0.0
dangerously 1 4.605170185988092 4.605170185988092
daniel 0 1.3862943611198906 0.0
daryl 1 4.605170185988092 4.605170185988092
date 1 0.3147107448397002 0.3147107448397002
david 1 0.9942522733438669 0.9942522733438669
davy 0 2.995732273553991 0.0
day 1 0.5276327420823719 0.5276327420823719
daytime 1 2.995732273553991 2.995732273553991
dead 1 1.5606477482646683 1.5606477482646683
deadlink 1 3.506557897319982 3.506557897319982
dealer 1 3.912023005428146 3.912023005428146
dear 1 3.2188758248682006 3.2188758248682006
dearest 1 4.605170185988092 4.605170185988092
death 1 1.171182981502945 1.171182981502945
debbie 1 3.506557897319982 3.506557897319982
debra 1 3.506557897319982 3.506557897319982
debut 1 1.8325814637483102 1.8325814637483102
decade 1 2.659260036932778 2.659260036932778
deceased 1 2.995732273553991 2.995732273553991
december 1 0.37106368139083196 0.37106368139083196
decision 1 1.8971199848858813 1.8971199848858813
defunct 1 2.8134107167600364 2.8134107167600364
delay 1 3.506557897319982 3.506557897319982
den 1 3.506557897319982 3.506557897319982
denis 1 2.995732273553991 2.995732273553991
denmark 1 2.659260036932778 2.659260036932778
dennis 1 2.120263536200091 2.120263536200091
derek 1 3.2188758248682006 3.2188758248682006
description 1 0.07257069283483537 0.07257069283483537
designed 1 2.5257286443082556 2.5257286443082556
designer 1 2.659260036932778 2.659260036932778
despite 1 1.1394342831883648 1.1394342831883648
detective 1 3.2188758248682006 3.2188758248682006
developer 0 0.0 0.0
development 0 1.3093333199837622 0.0
devil 1 2.207274913189721 2.207274913189721
devoted 1 3.2188758248682006 3.2188758248682006
dhnush 1 4.605170185988092 4.605170185988092
diana 1 2.995732273553991 2.995732273553991
dick 1 2.120263536200091 2.120263536200091
died 1 1.3093333199837622 1.3093333199837622
diesel 1 3.912023005428146 3.912023005428146
different 1 0.3424903089467759 0.3424903089467759
digital 1 1.9661128563728327 1.9661128563728327
directed 1 2.120263536200091 2.120263536200091
director 1 1.4271163556401458 1.4271163556401458
disc 1 2.407945608651872 2.407945608651872
disclaimer 0 0.0 0.0
discover 1 3.2188758248682006 3.2188758248682006
discretion 1 4.605170185988092 4.605170185988092
disney 1 3.912023005428146 3.912023005428146
display 1 2.659260036932778 2.659260036932778
dispute 1 2.5257286443082556 2.5257286443082556
divorce 1 3.912023005428146 3.912023005428146
dobson 1 3.506557897319982 3.506557897319982
doctor 1 1.6607312068216509 1.6607312068216509
documentary 1 2.302585092994046 2.302585092994046
dodger 1 3.506557897319982 3.506557897319982
dog 1 2.995732273553991 2.995732273553991
doll 0 3.506557897319982 0.0
donald 1 2.120263536200091 2.120263536200091
donate 1 0.0 0.0
donens 1 4.605170185988092 4.605170185988092
dont 1 1.9661128563728327 1.9661128563728327
door 1 2.5257286443082556 2.5257286443082556
douglas 1 2.407945608651872 2.407945608651872
download 1 0.0 0.0
drama 1 2.407945608651872 2.407945608651872
dramarama 1 4.605170185988092 4.605170185988092
dramatisation 1 4.605170185988092 4.605170185988092
dream 1 2.0402208285265546 2.0402208285265546
drop 0 2.8134107167600364 0.0
drug 1 2.8134107167600364 2.8134107167600364
drugwatch 1 4.605170185988092 4.605170185988092
dtaftercontent 1 0.127833371509885 0.127833371509885
duck 1 3.506557897319982 3.506557897319982
due 1 0.9416085398584451 0.9416085398584451
duffy 1 2.995732273553991 2.995732273553991
duggie 1 4.605170185988092 4.605170185988092
duke 1 2.120263536200091 2.120263536200091
dumbo 1 4.605170185988092 4.605170185988092
dustin 1 3.912023005428146 3.912023005428146
duty 1 2.5257286443082556 2.5257286443082556
duvall 1 4.605170185988092 4.605170185988092
dy 0 2.5257286443082556 0.0
dynasty 1 2.8134107167600364 2.8134107167600364
dysart 1 4.605170185988092 4.605170185988092
ealing 1 3.912023005428146 3.912023005428146
early 1 0.6348782724359695 0.6348782724359695
east 1 1.0498221244986776 1.0498221244986776
easter 1 3.506557897319982 3.506557897319982
eddie 1 2.659260036932778 2.659260036932778
edinburgh 1 3.506557897319982 3.506557897319982
edmonds 1 3.912023005428146 3.912023005428146
edmund 1 3.912023005428146 3.912023005428146
edmunds 1 4.605170185988092 4.605170185988092
educating 1 4.605170185988092 4.605170185988092
educational 1 2.5257286443082556 2.5257286443082556
edward 1 1.5606477482646683 1.5606477482646683
element 0 1.9661128563728327 0.0
elephant 1 3.506557897319982 3.506557897319982
elizabeth 1 1.9661128563728327 1.9661128563728327
elizabethan 1 4.605170185988092 4.605170185988092
elphick 1 4.605170185988092 4.605170185988092
elsie 1 3.506557897319982 3.506557897319982
emi 1 3.912023005428146 3.912023005428146
emilia 1 3.912023005428146 3.912023005428146
emine 1 4.605170185988092 4.605170185988092
emmerdale 1 4.605170185988092 4.605170185988092
empire 0 1.9661128563728327 0.0
encyclopedia 1 0.0 0.0
end 1 0.7985076962177716 0.7985076962177716
enders 1 3.912023005428146 3.912023005428146
ending 1 2.407945608651872 2.407945608651872
engine 1 2.0402208285265546 2.0402208285265546
england 1 1.6607312068216509 1.6607312068216509
english 1 0.0 0.0
enterprise 0 2.5257286443082556 0.0
entire 1 2.0402208285265546 2.0402208285265546
entirety 1 3.912023005428146 3.912023005428146
episode 1 1.6094379124341003 1.6094379124341003
equal 0 3.2188758248682006 0.0
equalizer 1 4.605170185988092 4.605170185988092
equinox 1 4.605170185988092 4.605170185988092
era 1 2.120263536200091 2.120263536200091
estonia 1 3.506557897319982 3.506557897319982
ethiopia 1 3.506557897319982 3.506557897319982
eunice 1 4.605170185988092 4.605170185988092
eve 1 2.659260036932778 2.659260036932778
evening 1 2.659260036932778 2.659260036932778
event 1 0.0 0.0
ever 1 1.7147984280919266 1.7147984280919266
everton 1 4.605170185988092 4.605170185988092
every 1 1.4271163556401458 1.4271163556401458
ewing 1 4.605170185988092 4.605170185988092
example 1 1.8325814637483102 1.8325814637483102
excalibur 1 4.605170185988092 4.605170185988092
excluding 1 3.912023005428146 3.912023005428146
executive 1 1.8325814637483102 1.8325814637483102
exp 1 0.0 0.0
expands 1 3.506557897319982 3.506557897319982
experiment 1 2.5257286443082556 2.5257286443082556
explodes 1 4.605170185988092 4.605170185988092
exploding 1 4.605170185988092 4.605170185988092
extended 1 2.207274913189721 2.207274913189721
external 1 0.44628710262841953 0.44628710262841953
extravaganza 1 4.605170185988092 4.605170185988092
eye 1 1.6607312068216509 1.6607312068216509
eyebolt 1 4.605170185988092 4.605170185988092
face 0 1.9661128563728327 0.0
fair 1 2.5257286443082556 2.5257286443082556
fall 1 1.07880966137193 1.07880966137193
family 1 0.9162907318741551 0.9162907318741551
famine 1 3.912023005428146 3.912023005428146
fane 1 3.912023005428146 3.912023005428146
fantasy 1 2.8134107167600364 2.8134107167600364
farm 1 2.659260036932778 2.659260036932778
farr 1 4.605170185988092 4.605170185988092
farrington 1 3.912023005428146 3.912023005428146
fashion 1 2.8134107167600364 2.8134107167600364
father 1 1.3093333199837622 1.3093333199837622
fax 1 4.605170185988092 4.605170185988092
feature 1 1.4696759700589417 1.4696759700589417
featurelength 1 4.605170185988092 4.605170185988092
featuring 1 2.659260036932778 2.659260036932778
february 1 0.27443684570176036 0.27443684570176036
feed 1 3.912023005428146 3.912023005428146
feeling 1 2.5257286443082556 2.5257286443082556
ferguson 1 2.995732273553991 2.995732273553991
fiction 1 2.5257286443082556 2.5257286443082556
field 0 1.0498221244986776 0.0
fifa 1 2.8134107167600364 2.8134107167600364
fifteenyear 1 4.605170185988092 4.605170185988092
file 1 0.0 0.0
film 1 1.4696759700589417 1.4696759700589417
final 1 0.9942522733438669 0.9942522733438669
finale 1 2.8134107167600364 2.8134107167600364
finder 0 4.605170185988092 0.0
finlays 1 4.605170185988092 4.605170185988092
fire 1 1.7147984280919266 1.7147984280919266
fired 1 2.995732273553991 2.995732273553991
first 1 0.1508228897345837 0.1508228897345837
fiveyear 1 3.912023005428146 3.912023005428146
fix 1 2.5257286443082556 2.5257286443082556
flashdance 1 4.605170185988092 4.605170185988092
flight 1 3.2188758248682006 3.2188758248682006
flock 1 3.2188758248682006 3.2188758248682006
floyd 1 2.8134107167600364 2.8134107167600364
focus 1 2.0402208285265546 2.0402208285265546
foe 1 2.995732273553991 2.995732273553991
followed 1 1.3093333199837622 1.3093333199837622
following 1 0.7133498878774648 0.7133498878774648
follows 1 2.302585092994046 2.302585092994046
followup 1 3.506557897319982 3.506557897319982
food 1 1.9661128563728327 1.9661128563728327
football 1 1.8325814637483102 1.8325814637483102
ford 1 2.5257286443082556 2.5257286443082556
forecast 1 3.912023005428146 3.912023005428146
forest 1 2.302585092994046 2.302585092994046
formal 1 2.659260036932778 2.659260036932778
format 1 2.5257286443082556 2.5257286443082556
forthcoming 1 3.912023005428146 3.912023005428146
fortune 0 2.302585092994046 0.0
forward 1 2.207274913189721 2.207274913189721
foundation 1 0.0 0.0
founded 1 1.7147984280919266 1.7147984280919266
fourpart 1 3.912023005428146 3.912023005428146
france 1 1.2039728043259361 1.2039728043259361
franchise 1 2.207274913189721 2.207274913189721
free 1 0.0 0.0
freetime 1 4.605170185988092 4.605170185988092
frenais 1 4.605170185988092 4.605170185988092
fresh 1 4.605170185988092 4.605170185988092
friday 1 2.8134107167600364 2.8134107167600364
friend 0 1.3470736479666094 0.0
fry 1 3.912023005428146 3.912023005428146
fthigh 1 4.605170185988092 4.605170185988092
full 1 1.1086626245216111 1.1086626245216111
fund 0 2.407945608651872 0.0
gadget 1 3.2188758248682006 3.2188758248682006
gambon 1 4.605170185988092 4.605170185988092
game 1 1.2378743560016172 1.2378743560016172
gann 1 4.605170185988092 4.605170185988092
gap 1 2.995732273553991 2.995732273553991
gareth 1 3.506557897319982 3.506557897319982
gary 1 2.120263536200091 2.120263536200091
gash 1 4.605170185988092 4.605170185988092
gay 1 2.995732273553991 2.995732273553991
gee 1 3.2188758248682006 3.2188758248682006
general 1 0.0 0.0
genome 1 3.912023005428146 3.912023005428146
genomechbbccouk 1 4.605170185988092 4.605170185988092
gentleman 1 2.995732273553991 2.995732273553991
geologist 0 3.912023005428146 0.0
geology 1 3.506557897319982 3.506557897319982
george 1 1.07880966137193 1.07880966137193
gere 1 4.605170185988092 4.605170185988092
germany 1 1.4271163556401458 1.4271163556401458
get 1 0.0 0.0
gharbar 1 4.605170185988092 4.605170185988092
ghetto 1 4.605170185988092 4.605170185988092
giant 0 2.302585092994046 0.0
gibbon 0 2.8134107167600364 0.0
gibson 1 3.506557897319982 3.506557897319982
gilliams 1 4.605170185988092 4.605170185988092
girl 1 1.7719568419318754 1.7719568419318754
give 0 1.5141277326297755 0.0
given 1 1.2378743560016172 1.2378743560016172
glasgow 1 3.912023005428146 3.912023005428146
go 0 2.120263536200091 0.0
gold 1 1.6094379124341003 1.6094379124341003
golden 1 1.9661128563728327 1.9661128563728327
goldon 1 4.605170185988092 4.605170185988092
good 1 1.3093333199837622 1.3093333199837622
goodyear 1 3.912023005428146 3.912023005428146
gordon 1 2.5257286443082556 2.5257286443082556
government 1 1.1086626245216111 1.1086626245216111
gradually 1 2.8134107167600364 2.8134107167600364
grafton 1 4.605170185988092 4.605170185988092
granada 1 4.605170185988092 4.605170185988092
grandstand 1 4.605170185988092 4.605170185988092
grange 1 4.605170185988092 4.605170185988092
grantham 1 4.605170185988092 4.605170185988092
graphic 0 3.2188758248682006 0.0
great 1 0.9675840262617057 0.9675840262617057
greenwood 1 3.506557897319982 3.506557897319982
grey 1 2.995732273553991 2.995732273553991
group 0 0.8209805520698303 0.0
guardian 1 2.302585092994046 2.302585092994046
guest 1 2.302585092994046 2.302585092994046
guide 1 1.8971199848858813 1.8971199848858813
guire 1 2.995732273553991 2.995732273553991
gutted 1 4.605170185988092 4.605170185988092
haigh 1 4.605170185988092 4.605170185988092
hairdresser 1 4.605170185988092 4.605170185988092
half 1 2.207274913189721 2.207274913189721
halloween 1 3.912023005428146 3.912023005428146
handled 1 3.2188758248682006 3.2188758248682006
hang 1 3.506557897319982 3.506557897319982
hank 0 2.659260036932778 0.0
hannah 1 3.2188758248682006 3.2188758248682006
happened 1 2.5257286443082556 2.5257286443082556
hardcastle 1 4.605170185988092 4.605170185988092
harker 1 4.605170185988092 4.605170185988092
harold 1 2.659260036932778 2.659260036932778
harrelson 1 4.605170185988092 4.605170185988092
harrison 1 2.302585092994046 2.302585092994046
hart 1 3.2188758248682006 3.2188758248682006
harvey 1 2.995732273553991 2.995732273553991
hauer 1 4.605170185988092 4.605170185988092
head 1 1.1086626245216111 1.1086626245216111
health 1 1.6607312068216509 1.6607312068216509
heart 1 1.4696759700589417 1.4696759700589417
heathcliff 1 4.605170185988092 4.605170185988092
heathcote 1 4.605170185988092 4.605170185988092
helen 1 3.2188758248682006 3.2188758248682006
helicopter 1 4.605170185988092 4.605170185988092
hell 0 2.659260036932778 0.0
help 1 0.0 0.0
herald 1 1.8971199848858813 1.8971199848858813
heritage 1 2.207274913189721 2.207274913189721
hiatus 1 3.506557897319982 3.506557897319982
hidden 1 0.010050335853501506 0.010050335853501506
hide 1 0.0 0.0
high 1 0.9416085398584451 0.9416085398584451
highest 1 1.7719568419318754 1.7719568419318754
highlight 0 2.407945608651872 0.0
hightech 1 4.605170185988092 4.605170185988092
highway 1 2.8134107167600364 2.8134107167600364
hill 1 1.2039728043259361 1.2039728043259361
hillside 1 3.912023005428146 3.912023005428146
hindi 1 3.506557897319982 3.506557897319982
history 1 0.0 0.0
hit 1 2.407945608651872 2.407945608651872
hitchcock 1 3.912023005428146 3.912023005428146
hlist 1 0.127833371509885 0.127833371509885
hlistinline 1 0.127833371509885 0.127833371509885
hodcarrier 1 4.605170185988092 4.605170185988092
hoffman 1 2.995732273553991 2.995732273553991
hold 1 1.3470736479666094 1.3470736479666094
holding 1 2.207274913189721 2.207274913189721
holiday 1 2.659260036932778 2.659260036932778
holm 1 4.605170185988092 4.605170185988092
holmes 1 3.2188758248682006 3.2188758248682006
home 1 0.7339691750802005 0.7339691750802005
homeland 1 2.659260036932778 2.659260036932778
hood 1 3.506557897319982 3.506557897319982
hopkirk 1 4.605170185988092 4.605170185988092
horror 1 2.659260036932778 2.659260036932778
hosted 1 2.8134107167600364 2.8134107167600364
hot 1 2.8134107167600364 2.8134107167600364
hour 1 1.7719568419318754 1.7719568419318754
house 1 1.0216512475319812 1.0216512475319812
howard 1 2.120263536200091 2.120263536200091
howe 1 3.506557897319982 3.506557897319982
however 1 0.6931471805599453 0.6931471805599453
htv 1 4.605170185988092 4.605170185988092
hudson 1 2.207274913189721 2.207274913189721
hugely 1 4.605170185988092 4.605170185988092
hutton 1 3.912023005428146 3.912023005428146
hylda 1 4.605170185988092 4.605170185988092
ian 1 2.5257286443082556 2.5257286443082556
iba 1 3.912023005428146 3.912023005428146
ident 1 4.605170185988092 4.605170185988092
identical 1 3.506557897319982 3.506557897319982
identifying 1 3.912023005428146 3.912023005428146
idlockfree 1 0.0408219945202552 0.0408219945202552
idlockfreeidlockfree 1 0.0408219945202552 0.0408219945202552
idlocklimited 1 0.0408219945202552 0.0408219945202552
idlockregistration 1 0.0408219945202552 0.0408219945202552
idlocksubscription 1 0.0408219945202552 0.0408219945202552
iii 1 1.7147984280919266 1.7147984280919266
image 1 2.120263536200091 2.120263536200091
imdb 1 2.302585092994046 2.302585092994046
immediate 1 2.995732273553991 2.995732273553991
inc 1 0.0 0.0
include 1 1.3093333199837622 1.3093333199837622
includes 1 1.9661128563728327 1.9661128563728327
including 1 0.7133498878774648 0.7133498878774648
independent 1 1.4271163556401458 1.4271163556401458
index 1 1.9661128563728327 1.9661128563728327
indian 1 1.9661128563728327 1.9661128563728327
indicate 1 2.302585092994046 2.302585092994046
indra 1 3.506557897319982 3.506557897319982
information 1 0.0 0.0
injury 0 2.659260036932778 0.0
innerny 1 4.605170185988092 4.605170185988092
innes 1 3.912023005428146 3.912023005428146
inside 1 2.0402208285265546 2.0402208285265546
inspector 1 3.2188758248682006 3.2188758248682006
instant 1 3.506557897319982 3.506557897319982
instantly 1 4.605170185988092 4.605170185988092
international 1 0.5978370007556204 0.5978370007556204
introduce 1 3.2188758248682006 3.2188758248682006
introduced 1 1.5606477482646683 1.5606477482646683
introduces 1 3.2188758248682006 3.2188758248682006
introduction 1 2.207274913189721 2.207274913189721
invision 1 4.605170185988092 4.605170185988092
invited 1 2.5257286443082556 2.5257286443082556
involved 1 1.5606477482646683 1.5606477482646683
involving 1 2.5257286443082556 2.5257286443082556
ireland 1 2.302585092994046 2.302585092994046
isbn 1 0.9942522733438669 0.9942522733438669
island 1 1.5141277326297755 1.5141277326297755
italy 1 2.120263536200091 2.120263536200091
item 1 0.010050335853501506 0.010050335853501506
itv 1 3.912023005428146 3.912023005428146
ivor 1 4.605170185988092 4.605170185988092
jack 1 1.4696759700589417 1.4696759700589417
jackanory 1 4.605170185988092 4.605170185988092
jameela 1 4.605170185988092 4.605170185988092
james 1 1.0498221244986776 1.0498221244986776
jamil 1 4.605170185988092 4.605170185988092
janet 1 3.2188758248682006 3.2188758248682006
january 1 0.3424903089467759 0.3424903089467759
japan 1 1.7719568419318754 1.7719568419318754
jason 1 1.6607312068216509 1.6607312068216509
jay 1 2.5257286443082556 2.5257286443082556
jeff 1 1.8325814637483102 1.8325814637483102
jeffrey 1 2.995732273553991 2.995732273553991
jem 1 4.605170185988092 4.605170185988092
jenna 1 3.506557897319982 3.506557897319982
jennifer 1 2.659260036932778 2.659260036932778
jeremy 1 2.407945608651872 2.407945608651872
jester 1 3.912023005428146 3.912023005428146
jet 1 3.506557897319982 3.506557897319982
jim 1 1.4696759700589417 1.4696759700589417
jimbo 1 3.912023005428146 3.912023005428146
jimll 1 4.605170185988092 4.605170185988092
jimmy 1 2.302585092994046 2.302585092994046
joanne 1 3.912023005428146 3.912023005428146
jobfinder 1 4.605170185988092 4.605170185988092
john 1 0.49429632181478017 0.49429632181478017
join 0 1.6607312068216509 0.0
joke 0 4.605170185988092 0.0
jonathan 1 2.302585092994046 2.302585092994046
jones 1 1.5141277326297755 1.5141277326297755
jossys 1 4.605170185988092 4.605170185988092
jukebox 1 3.912023005428146 3.912023005428146
julie 1 2.5257286443082556 2.5257286443082556
juliet 1 3.912023005428146 3.912023005428146
july 1 0.43078291609245434 0.43078291609245434
jump 1 0.0 0.0
jumping 1 3.506557897319982 3.506557897319982
june 1 0.40047756659712536 0.40047756659712536
kane 1 3.2188758248682006 3.2188758248682006
kat 1 2.995732273553991 2.995732273553991
kate 1 2.8134107167600364 2.8134107167600364
keeper 0 2.995732273553991 0.0
keith 1 2.407945608651872 2.407945608651872
kelley 1 2.8134107167600364 2.8134107167600364
kenneth 1 2.8134107167600364 2.8134107167600364
kevin 1 1.5606477482646683 1.5606477482646683
khan 1 3.2188758248682006 3.2188758248682006
killed 1 1.9661128563728327 1.9661128563728327
kilroy 1 3.912023005428146 3.912023005428146
king 1 1.3093333199837622 1.3093333199837622
kingdom 1 1.5141277326297755 1.5141277326297755
knock 0 3.2188758248682006 0.0
known 1 0.7985076962177716 0.7985076962177716
kurt 1 2.995732273553991 2.995732273553991
lady 1 2.302585092994046 2.302585092994046
landis 1 4.605170185988092 4.605170185988092
landlady 1 4.605170185988092 4.605170185988092
language 1 0.0 0.0
last 1 0.0 0.0
late 1 1.3093333199837622 1.3093333199837622
latenight 1 4.605170185988092 4.605170185988092
later 1 0.5621189181535412 0.5621189181535412
latest 1 2.8134107167600364 2.8134107167600364
laugh 1 3.912023005428146 3.912023005428146
launch 1 2.5257286443082556 2.5257286443082556
launching 1 3.506557897319982 3.506557897319982
lauren 1 3.506557897319982 3.506557897319982
le 0 2.995732273553991 0.0
league 1 1.3470736479666094 1.3470736479666094
learn 1 0.0 0.0
lee 1 1.6607312068216509 1.6607312068216509
leftwing 1 3.912023005428146 3.912023005428146
legal 1 1.9661128563728327 1.9661128563728327
leonard 1 2.659260036932778 2.659260036932778
lesley 1 3.2188758248682006 3.2188758248682006
leslie 1 2.8134107167600364 2.8134107167600364
less 1 1.5141277326297755 1.5141277326297755
let 0 1.8325814637483102 0.0
liaftercontent 1 0.127833371509885 0.127833371509885
licence 1 3.2188758248682006 3.2188758248682006
license 1 0.0 0.0
life 1 0.5447271754416719 0.5447271754416719
like 1 1.2039728043259361 1.2039728043259361
lindsay 1 2.8134107167600364 2.8134107167600364
line 1 1.4696759700589417 1.4696759700589417
link 1 0.0 0.0
list 1 0.6348782724359695 0.6348782724359695
listiungs 1 4.605170185988092 4.605170185988092
literature 1 1.9661128563728327 1.9661128563728327
live 1 1.2378743560016172 1.2378743560016172
liverpool 1 4.605170185988092 4.605170185988092
living 1 1.07880966137193 1.07880966137193
lobby 0 3.506557897319982 0.0
lobbying 1 4.605170185988092 4.605170185988092
local 1 1.4696759700589417 1.4696759700589417
log 1 0.0 0.0
logged 1 0.0 0.0
logo 1 2.302585092994046 2.302585092994046
london 1 1.5141277326297755 1.5141277326297755
long 1 1.1086626245216111 1.1086626245216111
longer 1 2.207274913189721 2.207274913189721
longrunning 1 3.506557897319982 3.506557897319982
looker 1 4.605170185988092 4.605170185988092
loose 1 3.2188758248682006 3.2188758248682006
lord 1 2.0402208285265546 2.0402208285265546
loser 1 3.912023005428146 3.912023005428146
lost 1 1.171182981502945 1.171182981502945
louisiana 1 2.8134107167600364 2.8134107167600364
love 1 1.4271163556401458 1.4271163556401458
lovejoy 1 4.605170185988092 4.605170185988092
loving 1 3.912023005428146 3.912023005428146
lowry 0 4.605170185988092 0.0
ltd 1 2.407945608651872 2.407945608651872
lucky 1 3.2188758248682006 3.2188758248682006
lunchtime 1 4.605170185988092 4.605170185988092
lunghi 1 4.605170185988092 4.605170185988092
lush 1 4.605170185988092 4.605170185988092
lwt 1 4.605170185988092 4.605170185988092
lwts 1 4.605170185988092 4.605170185988092
lynch 1 3.912023005428146 3.912023005428146
mac 1 2.0402208285265546 2.0402208285265546
machine 1 1.4696759700589417 1.4696759700589417
maddocks 1 4.605170185988092 4.605170185988092
made 1 0.653926467406664 0.653926467406664
magazine 1 1.8971199848858813 1.8971199848858813
magic 1 2.659260036932778 2.659260036932778
maidie 1 4.605170185988092 4.605170185988092
main 1 0.0 0.0
majority 1 1.8971199848858813 1.8971199848858813
make 0 1.0498221244986776 0.0
making 1 1.6607312068216509 1.6607312068216509
malvern 1 4.605170185988092 4.605170185988092
man 1 1.0498221244986776 1.0498221244986776
many 1 0.7550225842780328 0.7550225842780328
march 1 0.3147107448397002 0.3147107448397002
margaret 1 2.302585092994046 2.302585092994046
mark 1 1.1394342831883648 1.1394342831883648
market 1 2.120263536200091 2.120263536200091
marking 1 2.995732273553991 2.995732273553991
marlowe 1 3.912023005428146 3.912023005428146
marries 1 3.506557897319982 3.506557897319982
marter 1 4.605170185988092 4.605170185988092
marti 1 3.912023005428146 3.912023005428146
martyn 1 4.605170185988092 4.605170185988092
mary 1 1.7719568419318754 1.7719568419318754
massey 1 3.2188758248682006 3.2188758248682006
match 1 0.8675005677047231 0.8675005677047231
material 1 1.3093333199837622 1.3093333199837622
matthew 1 1.8325814637483102 1.8325814637483102
may 1 0.0 0.0
medical 1 2.5257286443082556 2.5257286443082556
medium 0 0.49429632181478017 0.0
meet 1 1.6607312068216509 1.6607312068216509
mel 1 3.2188758248682006 3.2188758248682006
member 0 0.6733445532637655 0.0
memory 1 2.207274913189721 2.207274913189721
menu 1 0.0 0.0
merlin 1 3.506557897319982 3.506557897319982
met 1 1.8325814637483102 1.8325814637483102
metal 1 2.207274913189721 2.207274913189721
method 1 1.8971199848858813 1.8971199848858813
miami 1 2.5257286443082556 2.5257286443082556
michael 1 1.171182981502945 1.171182981502945
mickey 0 4.605170185988092 0.0
midafternoon 1 3.912023005428146 3.912023005428146
midnight 1 3.506557897319982 3.506557897319982
mill 1 2.302585092994046 2.302585092994046
milland 1 4.605170185988092 4.605170185988092
million 1 1.6094379124341003 1.6094379124341003
miniseries 1 4.605170185988092 4.605170185988092
minister 1 1.5606477482646683 1.5606477482646683
minute 1 1.6607312068216509 1.6607312068216509
miranda 1 3.2188758248682006 3.2188758248682006
mirren 1 4.605170185988092 4.605170185988092
mirrorvision 1 4.605170185988092 4.605170185988092
missing 1 1.8971199848858813 1.8971199848858813
mister 1 3.506557897319982 3.506557897319982
mobile 1 0.0 0.0
model 1 1.8971199848858813 1.8971199848858813
moderate 1 2.995732273553991 2.995732273553991
monday 1 2.8134107167600364 2.8134107167600364
money 1 1.8325814637483102 1.8325814637483102
monocled 1 4.605170185988092 4.605170185988092
montalbn 1 3.912023005428146 3.912023005428146
month 1 0.8915981192837835 0.8915981192837835
moonlighting 1 4.605170185988092 4.605170185988092
moore 1 2.120263536200091 2.120263536200091
morgan 1 2.207274913189721 2.207274913189721
morning 1 1.8325814637483102 1.8325814637483102
mountbatten 1 3.912023005428146 3.912023005428146
move 1 0.0 0.0
moved 1 1.7719568419318754 1.7719568419318754
movie 1 1.7719568419318754 1.7719568419318754
moving 1 2.407945608651872 2.407945608651872
mr 0 2.5257286443082556 0.0
multiple 1 1.6607312068216509 1.6607312068216509
munro 1 4.605170185988092 4.605170185988092
murphy 1 2.5257286443082556 2.5257286443082556
music 1 1.3862943611198906 1.3862943611198906
musical 1 1.8971199848858813 1.8971199848858813
mutineer 1 3.912023005428146 3.912023005428146
mysterious 1 2.5257286443082556 2.5257286443082556
mystery 1 2.407945608651872 2.407945608651872
naked 1 3.506557897319982 3.506557897319982
name 1 0.5276327420823719 0.5276327420823719
nancy 1 2.302585092994046 2.302585092994046
narrated 1 3.2188758248682006 3.2188758248682006
narrates 1 4.605170185988092 4.605170185988092
narrator 1 3.2188758248682006 3.2188758248682006
nasa 0 4.605170185988092 0.0
nathalie 1 4.605170185988092 4.605170185988092
national 1 0.5108256237659907 0.5108256237659907
natural 1 1.8325814637483102 1.8325814637483102
navbar 1 0.23572233352106994 0.23572233352106994
navbarmini 1 0.23572233352106994 0.23572233352106994
navbox 1 0.1392620673335076 0.1392620673335076
navboximage 1 0.1392620673335076 0.1392620673335076
navboxsubgroup 1 0.1392620673335076 0.1392620673335076
navboxtitle 1 0.1392620673335076 0.1392620673335076
navigation 1 0.0 0.0
nearest 1 4.605170185988092 4.605170185988092
need 1 1.2039728043259361 1.2039728043259361
negative 1 2.5257286443082556 2.5257286443082556
neighbour 0 3.506557897319982 0.0
neil 1 2.995732273553991 2.995732273553991
netherlands 1 1.7719568419318754 1.7719568419318754
network 1 1.3470736479666094 1.3470736479666094
never 1 1.4696759700589417 1.4696759700589417
new 1 0.24846135929849972 0.24846135929849972
news 1 0.843970070294529 0.843970070294529
newspaper 0 1.5141277326297755 0.0
newsround 1 4.605170185988092 4.605170185988092
next 1 1.1086626245216111 1.1086626245216111
nicam 1 4.605170185988092 4.605170185988092
nichols 1 3.506557897319982 3.506557897319982
nick 1 2.120263536200091 2.120263536200091
nicol 1 4.605170185988092 4.605170185988092
nigel 1 3.912023005428146 3.912023005428146
night 1 1.7719568419318754 1.7719568419318754
nimoy 1 4.605170185988092 4.605170185988092
nine 1 1.7719568419318754 1.7719568419318754
noel 1 2.995732273553991 2.995732273553991
nonprofit 1 0.0 0.0
nonstop 1 4.605170185988092 4.605170185988092
noon 1 4.605170185988092 4.605170185988092
norman 1 2.302585092994046 2.302585092994046
north 1 0.8209805520698303 0.8209805520698303
norway 1 2.120263536200091 2.120263536200091
notable 1 1.7719568419318754 1.7719568419318754
novel 1 2.5257286443082556 2.5257286443082556
novello 1 4.605170185988092 4.605170185988092
november 1 0.3011050927839216 0.3011050927839216
number 1 0.7550225842780328 0.7550225842780328
oclock 1 4.605170185988092 4.605170185988092
october 1 0.28768207245178085 0.28768207245178085
odd 1 3.506557897319982 3.506557897319982
officer 1 1.7719568419318754 1.7719568419318754
official 1 0.7550225842780328 0.7550225842780328
often 1 1.6607312068216509 1.6607312068216509
old 1 1.07880966137193 1.07880966137193
ollibeforecontent 1 0.127833371509885 0.127833371509885
olmos 1 4.605170185988092 4.605170185988092
omnibus 1 3.912023005428146 3.912023005428146
one 1 0.23572233352106994 0.23572233352106994
open 1 1.4696759700589417 1.4696759700589417
opening 1 1.9661128563728327 1.9661128563728327
operate 1 2.995732273553991 2.995732273553991
opportunity 1 2.5257286443082556 2.5257286443082556
option 1 2.120263536200091 2.120263536200091
order 1 1.171182981502945 1.171182981502945
organization 1 0.0 0.0
organizationname 1 0.010050335853501506 0.010050335853501506
original 1 0.4155154439616658 0.4155154439616658
oswald 1 3.2188758248682006 3.2188758248682006
overview 1 2.0402208285265546 2.0402208285265546
owen 1 2.995732273553991 2.995732273553991
owned 1 2.407945608651872 2.407945608651872
owner 0 1.7147984280919266 0.0
page 1 0.0 0.0
pagetype 1 1.2729656758128876 1.2729656758128876
palace 1 2.995732273553991 2.995732273553991
palin 1 4.605170185988092 4.605170185988092
pam 1 4.605170185988092 4.605170185988092
panorama 1 4.605170185988092 4.605170185988092
paper 0 1.6607312068216509 0.0
paperboy 1 3.912023005428146 3.912023005428146
paradise 1 3.2188758248682006 3.2188758248682006
parliamentary 1 2.995732273553991 2.995732273553991
parris 1 4.605170185988092 4.605170185988092
part 1 0.6348782724359695 0.6348782724359695
past 1 1.7719568419318754 1.7719568419318754
pat 1 2.5257286443082556 2.5257286443082556
patrick 1 1.8971199848858813 1.8971199848858813
pattinson 1 4.605170185988092 4.605170185988092
paul 1 0.8675005677047231 0.8675005677047231
pdf 1 1.0498221244986776 1.0498221244986776
pdfprintable 1 0.0 0.0
peacock 1 4.605170185988092 4.605170185988092
peak 0 2.8134107167600364 0.0
pebble 1 4.605170185988092 4.605170185988092
peculiar 1 3.912023005428146 3.912023005428146
peel 1 3.506557897319982 3.506557897319982
peggy 1 3.506557897319982 3.506557897319982
penn 1 2.995732273553991 2.995732273553991
performed 1 2.120263536200091 2.120263536200091
period 0 1.4271163556401458 0.0
perkins 1 2.8134107167600364 2.8134107167600364
permanent 1 0.0 0.0
permanently 1 2.5257286443082556 2.5257286443082556
personal 1 0.0 0.0
personality 1 2.207274913189721 2.207274913189721
peter 1 1.3093333199837622 1.3093333199837622
phased 1 3.912023005428146 3.912023005428146
phil 1 3.2188758248682006 3.2188758248682006
philip 1 1.7147984280919266 1.7147984280919266
philippine 0 2.302585092994046 0.0
philosophy 1 2.407945608651872 2.407945608651872
phoenix 1 2.8134107167600364 2.8134107167600364
picture 0 2.5257286443082556 0.0
pilot 1 2.659260036932778 2.659260036932778
pinny 0 4.605170185988092 0.0
pirate 1 2.5257286443082556 2.5257286443082556
place 1 0.653926467406664 0.653926467406664
planned 1 2.5257286443082556 2.5257286443082556
play 1 1.2039728043259361 1.2039728043259361
playing 1 2.120263536200091 2.120263536200091
police 1 1.7719568419318754 1.7719568419318754
policy 1 0.0 0.0
political 1 1.3470736479666094 1.3470736479666094
pollyanna 1 4.605170185988092 4.605170185988092
poor 1 2.207274913189721 2.207274913189721
pop 0 2.302585092994046 0.0
popular 1 1.4696759700589417 1.4696759700589417
portal 1 0.0 0.0
portland 1 2.8134107167600364 2.8134107167600364
portrayal 1 2.995732273553991 2.995732273553991
position 1 1.1394342831883648 1.1394342831883648
possible 1 1.8971199848858813 1.8971199848858813
postponed 1 2.8134107167600364 2.8134107167600364
potter 0 3.912023005428146 0.0
powell 1 2.8134107167600364 2.8134107167600364
practical 1 2.995732273553991 2.995732273553991
practice 1 2.0402208285265546 2.0402208285265546
praise 1 2.659260036932778 2.659260036932778
premiere 1 3.506557897319982 3.506557897319982
present 1 0.9675840262617057 0.9675840262617057
presentation 1 2.995732273553991 2.995732273553991
presented 1 1.9661128563728327 1.9661128563728327
presenter 1 4.605170185988092 4.605170185988092
pressure 1 2.8134107167600364 2.8134107167600364
pretend 1 3.506557897319982 3.506557897319982
previous 1 1.6607312068216509 1.6607312068216509
previously 1 1.8971199848858813 1.8971199848858813
prime 1 2.0402208285265546 2.0402208285265546
prince 1 2.207274913189721 2.207274913189721
printbodyns 1 0.09431067947124142 0.09431067947124142
printexport 1 0.0 0.0
privacy 1 0.0 0.0
private 1 1.8325814637483102 1.8325814637483102
procedural 1 3.912023005428146 3.912023005428146
produced 1 1.7719568419318754 1.7719568419318754
producer 1 2.0402208285265546 2.0402208285265546
production 0 1.6607312068216509 0.0
profanity 0 4.605170185988092 0.0
profession 1 2.995732273553991 2.995732273553991
programme 1 2.5257286443082556 2.5257286443082556
programming 1 2.995732273553991 2.995732273553991
project 0 0.0 0.0
prom 0 3.912023005428146 0.0
prospect 0 2.407945608651872 0.0
provide 1 2.302585092994046 2.302585092994046
provides 1 2.659260036932778 2.659260036932778
providing 1 2.8134107167600364 2.8134107167600364
psycho 1 3.912023005428146 3.912023005428146
pub 1 3.912023005428146 3.912023005428146
public 1 0.9675840262617057 0.9675840262617057
pursuit 1 2.995732273553991 2.995732273553991
pye 1 4.605170185988092 4.605170185988092
qed 1 3.912023005428146 3.912023005428146
question 1 1.7719568419318754 1.7719568419318754
quiz 1 3.912023005428146 3.912023005428146
race 1 1.7147984280919266 1.7147984280919266
racehorse 1 4.605170185988092 4.605170185988092
rachel 1 2.8134107167600364 2.8134107167600364
radio 1 1.4696759700589417 1.4696759700589417
raggy 1 4.605170185988092 4.605170185988092
rainbow 1 3.2188758248682006 3.2188758248682006
raining 1 3.912023005428146 3.912023005428146
raise 1 2.302585092994046 2.302585092994046
ralph 1 2.120263536200091 2.120263536200091
rambo 1 4.605170185988092 4.605170185988092
randall 1 2.659260036932778 2.659260036932778
random 1 0.0 0.0
rat 1 3.506557897319982 3.506557897319982
rated 1 3.2188758248682006 3.2188758248682006
rather 1 2.120263536200091 2.120263536200091
rating 1 2.0402208285265546 2.0402208285265546
ray 1 1.7147984280919266 1.7147984280919266
razzamatazz 1 4.605170185988092 4.605170185988092
rea 1 3.912023005428146 3.912023005428146
reach 1 2.302585092994046 2.302585092994046
read 1 0.0 0.0
ready 1 2.302585092994046 2.302585092994046
reagan 1 3.912023005428146 3.912023005428146
really 1 2.5257286443082556 2.5257286443082556
received 1 1.1394342831883648 1.1394342831883648
receives 1 2.8134107167600364 2.8134107167600364
recent 1 0.0 0.0
recommends 1 3.912023005428146 3.912023005428146
record 1 0.7765287894989963 0.7765287894989963
recorded 1 1.6607312068216509 1.6607312068216509
red 1 1.07880966137193 1.07880966137193
redubbed 1 4.605170185988092 4.605170185988092
reference 0 0.03045920748470844 0.0
referred 1 2.302585092994046 2.302585092994046
reflist 1 0.06187540371808745 0.06187540371808745
reflistcolumns 1 0.06187540371808745 0.06187540371808745
refuse 1 3.506557897319982 3.506557897319982
reg 1 0.0 0.0
region 1 1.6607312068216509 1.6607312068216509
regional 1 2.407945608651872 2.407945608651872
registered 1 0.0 0.0
regular 1 1.5606477482646683 1.5606477482646683
rehearsal 1 3.912023005428146 3.912023005428146
reksio 1 4.605170185988092 4.605170185988092
related 1 0.0 0.0
relaunched 1 4.605170185988092 4.605170185988092
release 1 1.3093333199837622 1.3093333199837622
released 1 1.2729656758128876 1.2729656758128876
relief 1 2.8134107167600364 2.8134107167600364
remake 1 3.912023005428146 3.912023005428146
renewed 1 2.8134107167600364 2.8134107167600364
repeat 1 2.995732273553991 2.995732273553991
replaced 1 1.8971199848858813 1.8971199848858813
replaces 1 3.506557897319982 3.506557897319982
reply 1 3.506557897319982 3.506557897319982
report 1 1.1086626245216111 1.1086626245216111
reprising 1 4.605170185988092 4.605170185988092
required 1 2.407945608651872 2.407945608651872
resigns 1 4.605170185988092 4.605170185988092
resolved 1 3.506557897319982 3.506557897319982
rest 1 2.0402208285265546 2.0402208285265546
retrieved 1 0.0 0.0
return 1 1.07880966137193 1.07880966137193
returning 1 2.207274913189721 2.207274913189721
revamped 1 4.605170185988092 4.605170185988092
revers 0 3.2188758248682006 0.0
revid 1 4.605170185988092 4.605170185988092
review 1 1.07880966137193 1.07880966137193
revives 1 4.605170185988092 4.605170185988092
reynolds 1 2.5257286443082556 2.5257286443082556
ricardo 1 2.995732273553991 2.995732273553991
rich 1 2.207274913189721 2.207274913189721
richard 1 1.1394342831883648 1.1394342831883648
richardson 1 2.995732273553991 2.995732273553991
ricketts 1 3.506557897319982 3.506557897319982
ridley 1 4.605170185988092 4.605170185988092
rigg 1 4.605170185988092 4.605170185988092
right 1 0.9675840262617057 0.9675840262617057
rightwing 1 3.912023005428146 3.912023005428146
riley 1 3.2188758248682006 3.2188758248682006
ringo 1 4.605170185988092 4.605170185988092
rita 1 3.912023005428146 3.912023005428146
riverbased 1 4.605170185988092 4.605170185988092
road 1 1.3862943611198906 1.3862943611198906
roadshow 1 3.912023005428146 3.912023005428146
robert 1 0.8675005677047231 0.8675005677047231
robin 1 2.8134107167600364 2.8134107167600364
robinson 1 2.120263536200091 2.120263536200091
rock 1 1.6094379124341003 1.6094379124341003
rocky 1 2.659260036932778 2.659260036932778
roger 1 1.9661128563728327 1.9661128563728327
roguish 1 4.605170185988092 4.605170185988092
roland 1 3.912023005428146 3.912023005428146
role 1 1.3470736479666094 1.3470736479666094
rolling 1 2.8134107167600364 2.8134107167600364
romance 1 2.5257286443082556 2.5257286443082556
romantic 1 2.8134107167600364 2.8134107167600364
ronald 1 2.659260036932778 2.659260036932778
ronnies 1 4.605170185988092 4.605170185988092
room 1 2.207274913189721 2.207274913189721
rope 1 3.912023005428146 3.912023005428146
rosenthals 1 4.605170185988092 4.605170185988092
ross 1 2.0402208285265546 2.0402208285265546
roth 1 2.995732273553991 2.995732273553991
rotund 1 4.605170185988092 4.605170185988092
round 1 1.3862943611198906 1.3862943611198906
routledge 1 2.659260036932778 2.659260036932778
rover 0 3.506557897319982 0.0
rowan 1 3.506557897319982 3.506557897319982
roy 1 2.120263536200091 2.120263536200091
rugby 1 2.995732273553991 2.995732273553991
run 1 1.171182981502945 1.171182981502945
runner 1 2.995732273553991 2.995732273553991
running 1 1.6607312068216509 1.6607312068216509
rus 0 3.912023005428146 0.0
rushton 1 4.605170185988092 4.605170185988092
russell 1 2.0402208285265546 2.0402208285265546
rutger 1 4.605170185988092 4.605170185988092
safari 1 3.912023005428146 3.912023005428146
safety 1 2.407945608651872 2.407945608651872
saint 1 1.6607312068216509 1.6607312068216509
sandrichs 1 4.605170185988092 4.605170185988092
saner 1 4.605170185988092 4.605170185988092
sanitary 1 4.605170185988092 4.605170185988092
sapsted 1 4.605170185988092 4.605170185988092
sarah 1 2.302585092994046 2.302585092994046
satellite 1 3.506557897319982 3.506557897319982
satire 1 3.506557897319982 3.506557897319982
saturday 1 2.407945608651872 2.407945608651872
saturn 1 4.605170185988092 4.605170185988092
saunders 1 3.506557897319982 3.506557897319982
say 1 1.7719568419318754 1.7719568419318754
saying 1 1.8325814637483102 1.8325814637483102
scared 1 3.506557897319982 3.506557897319982
school 1 0.7765287894989963 0.7765287894989963
science 1 1.171182981502945 1.171182981502945
sciencefiction 1 4.605170185988092 4.605170185988092
scotland 1 2.659260036932778 2.659260036932778
scott 0 1.2729656758128876 0.0
scottish 1 3.2188758248682006 3.2188758248682006
screen 1 0.010050335853501506 0.010050335853501506
screenplay 1 4.605170185988092 4.605170185988092
screenwriter 1 3.912023005428146 3.912023005428146
scriptwriter 1 4.605170185988092 4.605170185988092
sean 1 2.302585092994046 2.302585092994046
search 1 0.0 0.0
season 1 1.1394342831883648 1.1394342831883648
second 1 0.49429632181478017 0.49429632181478017
security 1 1.6607312068216509 1.6607312068216509
see 1 0.40047756659712536 0.40047756659712536
seek 0 2.302585092994046 0.0
seems 1 2.5257286443082556 2.5257286443082556
seen 1 1.8971199848858813 1.8971199848858813
selfemployed 1 4.605170185988092 4.605170185988092
sell 1 2.5257286443082556 2.5257286443082556
september 1 0.43078291609245434 0.43078291609245434
sequel 1 3.506557897319982 3.506557897319982
serf 0 2.995732273553991 0.0
serial 1 2.5257286443082556 2.5257286443082556
series 1 0.8675005677047231 0.8675005677047231
service 1 1.2378743560016172 1.2378743560016172
set 1 0.9942522733438669 0.9942522733438669
sex 1 2.5257286443082556 2.5257286443082556
shakespeare 1 3.912023005428146 3.912023005428146
shane 1 2.995732273553991 2.995732273553991
shapiro 1 3.506557897319982 3.506557897319982
share 1 0.0 0.0
shatner 1 4.605170185988092 4.605170185988092
sheep 1 3.912023005428146 3.912023005428146
shelley 1 3.2188758248682006 3.2188758248682006
shepherd 1 2.995732273553991 2.995732273553991
shergar 1 4.605170185988092 4.605170185988092
sherwood 1 3.506557897319982 3.506557897319982
shield 1 3.2188758248682006 3.2188758248682006
shill 1 4.605170185988092 4.605170185988092
short 1 0.06187540371808745 0.06187540371808745
shortdescription 1 0.2613647641344075 0.2613647641344075
shortened 1 0.0 0.0
show 1 1.0498221244986776 1.0498221244986776
showing 1 2.659260036932778 2.659260036932778
shown 1 2.302585092994046 2.302585092994046
shuttle 1 3.912023005428146 3.912023005428146
sid 1 2.995732273553991 2.995732273553991
sidebar 1 0.0 0.0
significant 1 2.407945608651872 2.407945608651872
sigourney 1 3.912023005428146 3.912023005428146
silent 1 2.659260036932778 2.659260036932778
silver 1 1.8971199848858813 1.8971199848858813
simpson 1 2.995732273553991 2.995732273553991
simulcast 1 3.912023005428146 3.912023005428146
simulcasting 1 4.605170185988092 4.605170185988092
singer 1 2.5257286443082556 2.5257286443082556
singing 1 2.5257286443082556 2.5257286443082556
single 1 1.4696759700589417 1.4696759700589417
sister 1 1.8325814637483102 1.8325814637483102
sitcom 1 3.912023005428146 3.912023005428146
site 1 0.0 0.0
six 1 1.3470736479666094 1.3470736479666094
sixth 1 1.9661128563728327 1.9661128563728327
ski 1 3.2188758248682006 3.2188758248682006
sky 1 2.5257286443082556 2.5257286443082556
slinger 0 4.605170185988092 0.0
slip 1 3.506557897319982 3.506557897319982
slot 1 3.506557897319982 3.506557897319982
small 1 1.4271163556401458 1.4271163556401458
smights 1 4.605170185988092 4.605170185988092
soap 1 2.995732273553991 2.995732273553991
socalled 1 3.912023005428146 3.912023005428146
solid 1 0.09431067947124142 0.09431067947124142
something 1 2.302585092994046 2.302585092994046
song 1 1.3470736479666094 1.3470736479666094
soprano 1 3.506557897319982 3.506557897319982
sound 1 1.7719568419318754 1.7719568419318754
south 1 0.9162907318741551 0.9162907318741551
space 1 1.7719568419318754 1.7719568419318754
spain 1 1.6607312068216509 1.6607312068216509
speak 1 3.2188758248682006 3.2188758248682006
special 1 0.0 0.0
speculative 1 3.2188758248682006 3.2188758248682006
sped 1 4.605170185988092 4.605170185988092
spinoff 1 3.506557897319982 3.506557897319982
spirit 1 1.7147984280919266 1.7147984280919266
spitting 1 3.912023005428146 3.912023005428146
splash 1 4.605170185988092 4.605170185988092
spooner 1 4.605170185988092 4.605170185988092
sport 1 1.1394342831883648 1.1394342831883648
sportsnight 1 4.605170185988092 4.605170185988092
spottiswoodes 1 4.605170185988092 4.605170185988092
sprang 1 4.605170185988092 4.605170185988092
stake 1 3.506557897319982 3.506557897319982
stallone 1 4.605170185988092 4.605170185988092
stanbridge 1 4.605170185988092 4.605170185988092
stanley 1 2.8134107167600364 2.8134107167600364
star 1 0.9675840262617057 0.9675840262617057
starr 1 3.912023005428146 3.912023005428146
starring 1 2.995732273553991 2.995732273553991
start 1 1.4271163556401458 1.4271163556401458
started 1 1.6094379124341003 1.6094379124341003
starting 1 1.8971199848858813 1.8971199848858813
state 0 0.3147107448397002 0.0
statement 1 0.0 0.0
station 1 1.8325814637483102 1.8325814637483102
statistic 0 0.0 0.0
steam 1 3.506557897319982 3.506557897319982
stephen 1 1.8971199848858813 1.8971199848858813
stereo 1 3.506557897319982 3.506557897319982
stereophonic 1 4.605170185988092 4.605170185988092
stick 0 3.506557897319982 0.0
stock 1 2.302585092994046 2.302585092994046
stone 0 1.8971199848858813 0.0
story 1 1.5606477482646683 1.5606477482646683
storyarc 1 4.605170185988092 4.605170185988092
storyline 1 2.8134107167600364 2.8134107167600364
street 1 1.4271163556401458 1.4271163556401458
stress 1 2.995732273553991 2.995732273553991
strike 1 2.207274913189721 2.207274913189721
stroke 0 3.2188758248682006 0.0
stunt 1 3.2188758248682006 3.2188758248682006
styled 1 3.912023005428146 3.912023005428146
subscriptionbased 1 4.605170185988092 4.605170185988092
subsection 1 0.3424903089467759 0.3424903089467759
subtitle 0 3.506557897319982 0.0
succeeds 1 4.605170185988092 4.605170185988092
success 1 1.8325814637483102 1.8325814637483102
sugden 1 4.605170185988092 4.605170185988092
summary 1 2.407945608651872 2.407945608651872
summer 1 1.5141277326297755 1.5141277326297755
summit 1 3.2188758248682006 3.2188758248682006
sunday 1 1.9661128563728327 1.9661128563728327
super 1 2.302585092994046 2.302585092994046
superdome 1 4.605170185988092 4.605170185988092
superstation 1 4.605170185988092 4.605170185988092
superstore 1 4.605170185988092 4.605170185988092
suspended 1 2.995732273553991 2.995732273553991
swallow 1 3.2188758248682006 3.2188758248682006
swayze 1 4.605170185988092 4.605170185988092
swindon 1 4.605170185988092 4.605170185988092
switch 1 3.2188758248682006 3.2188758248682006
sylvester 1 3.912023005428146 3.912023005428146
system 1 0.9162907318741551 0.9162907318741551
table 1 0.0 0.0
take 0 0.9675840262617057 0.0
talk 1 0.0 0.0
tank 1 2.5257286443082556 2.5257286443082556
tanner 1 3.506557897319982 3.506557897319982
tap 0 3.912023005428146 0.0
tate 1 4.605170185988092 4.605170185988092
tdhlist 1 0.1392620673335076 0.1392620673335076
teach 1 3.506557897319982 3.506557897319982
teatime 1 4.605170185988092 4.605170185988092
technology 1 1.7719568419318754 1.7719568419318754
ted 1 3.506557897319982 3.506557897319982
tel 1 3.912023005428146 3.912023005428146
telebugs 1 4.605170185988092 4.605170185988092
telecom 1 4.605170185988092 4.605170185988092
telegraphcouk 1 4.605170185988092 4.605170185988092
teletext 1 4.605170185988092 4.605170185988092
televised 1 3.912023005428146 3.912023005428146
television 1 1.6607312068216509 1.6607312068216509
tell 0 2.407945608651872 0.0
telling 1 2.8134107167600364 2.8134107167600364
telly 1 3.912023005428146 3.912023005428146
template 1 0.0 0.0
ten 1 1.5141277326297755 1.5141277326297755
tenko 1 4.605170185988092 4.605170185988092
term 0 0.0 0.0
terrahawks 1 4.605170185988092 4.605170185988092
terrestrial 1 3.912023005428146 3.912023005428146
terry 1 2.407945608651872 2.407945608651872
test 1 2.207274913189721 2.207274913189721
text 1 0.0 0.0
thames 1 3.506557897319982 3.506557897319982
thatcher 0 3.912023005428146 0.0
thats 1 2.5257286443082556 2.5257286443082556
theatre 1 2.659260036932778 2.659260036932778
theft 1 3.912023005428146 3.912023005428146
theme 1 2.302585092994046 2.302585092994046
themed 1 4.605170185988092 4.605170185988092
themroc 1 4.605170185988092 4.605170185988092
thing 1 1.5606477482646683 1.5606477482646683
think 1 2.207274913189721 2.207274913189721
third 1 0.9162907318741551 0.9162907318741551
thirty 1 2.407945608651872 2.407945608651872
thomas 1 1.1394342831883648 1.1394342831883648
thomson 1 3.912023005428146 3.912023005428146
thorn 1 4.605170185988092 4.605170185988092
thought 1 1.8971199848858813 1.8971199848858813
three 1 0.5798184952529422 0.5798184952529422
threepart 1 4.605170185988092 4.605170185988092
threeweek 1 4.605170185988092 4.605170185988092
thriller 1 3.2188758248682006 3.2188758248682006
throughout 1 1.171182981502945 1.171182981502945
thunder 1 3.506557897319982 3.506557897319982
till 1 2.302585092994046 2.302585092994046
tim 1 1.6607312068216509 1.6607312068216509
time 1 0.28768207245178085 0.28768207245178085
timewatch 1 4.605170185988092 4.605170185988092
timothy 1 2.302585092994046 2.302585092994046
titan 0 3.912023005428146 0.0
titular 1 3.2188758248682006 3.2188758248682006
today 1 1.4696759700589417 1.4696759700589417
toggle 1 0.010050335853501506 0.010050335853501506
tom 1 1.2378743560016172 1.2378743560016172
tomorrow 0 2.995732273553991 0.0
tony 1 1.8325814637483102 1.8325814637483102
tool 0 0.0 0.0
tootsie 1 4.605170185988092 4.605170185988092
top 1 0.010050335853501506 0.010050335853501506
topic 1 0.0 0.0
total 1 0.0 0.0
towel 1 3.912023005428146 3.912023005428146
tower 1 2.5257286443082556 2.5257286443082556
trade 1 1.7147984280919266 1.7147984280919266
trademark 1 0.0 0.0
trading 1 2.995732273553991 2.995732273553991
tragic 1 2.8134107167600364 2.8134107167600364
transdiffusion 1 4.605170185988092 4.605170185988092
transfer 0 2.659260036932778 0.0
transferred 1 1.9661128563728327 1.9661128563728327
transmission 1 3.2188758248682006 3.2188758248682006
transmit 1 4.605170185988092 4.605170185988092
transmitter 1 4.605170185988092 4.605170185988092
transmitting 1 3.912023005428146 3.912023005428146
trap 1 3.2188758248682006 3.2188758248682006
trapped 1 3.2188758248682006 3.2188758248682006
travel 0 1.9661128563728327 0.0
treasure 1 3.2188758248682006 3.2188758248682006
tree 1 2.5257286443082556 2.5257286443082556
trek 1 3.506557897319982 3.506557897319982
trevor 1 2.8134107167600364 2.8134107167600364
trial 1 1.8971199848858813 1.8971199848858813
triangle 1 3.912023005428146 3.912023005428146
tried 1 2.5257286443082556 2.5257286443082556
trilogy 1 3.506557897319982 3.506557897319982
triple 1 2.302585092994046 2.302585092994046
tristram 1 4.605170185988092 4.605170185988092
trooping 1 4.605170185988092 4.605170185988092
trouble 1 2.995732273553991 2.995732273553991
tsw 1 4.605170185988092 4.605170185988092
tube 1 1.8971199848858813 1.8971199848858813
tuesday 1 4.605170185988092 4.605170185988092
tune 1 2.8134107167600364 2.8134107167600364
turner 1 2.207274913189721 2.207274913189721
tv 0 4.605170185988092 0.0
tvbycountry 1 4.605170185988092 4.605170185988092
twice 1 2.120263536200091 2.120263536200091
twin 1 2.407945608651872 2.407945608651872
two 1 0.43078291609245434 0.43078291609245434
twohander 1 4.605170185988092 4.605170185988092
twohour 1 4.605170185988092 4.605170185988092
twork 1 4.605170185988092 4.605170185988092
ulpaddingem 1 0.1392620673335076 0.1392620673335076
ultimate 1 2.302585092994046 2.302585092994046
uncertain 1 2.995732273553991 2.995732273553991
underfunded 1 4.605170185988092 4.605170185988092
united 1 0.4155154439616658 0.4155154439616658
unknown 1 2.207274913189721 2.207274913189721
unnatural 1 4.605170185988092 4.605170185988092
upcoming 1 3.506557897319982 3.506557897319982
upload 1 0.0 0.0
upon 1 1.2729656758128876 1.2729656758128876
use 1 0.0 0.0
used 1 0.8675005677047231 0.8675005677047231
using 1 0.0 0.0
utc 1 0.0 0.0
var 1 0.0 0.0
versailles 1 4.605170185988092 4.605170185988092
version 1 0.0 0.0
veteran 1 2.5257286443082556 2.5257286443082556
via 1 1.4271163556401458 1.4271163556401458
vice 1 1.6607312068216509 1.6607312068216509
viceroy 1 3.912023005428146 3.912023005428146
video 1 1.3862943611198906 1.3862943611198906
vietnam 1 2.659260036932778 2.659260036932778
view 1 0.0 0.0
viewer 1 2.8134107167600364 2.8134107167600364
viewing 1 3.506557897319982 3.506557897319982
viv 1 3.912023005428146 3.912023005428146
voiced 1 2.995732273553991 2.995732273553991
wait 1 2.995732273553991 2.995732273553991
walden 1 3.912023005428146 3.912023005428146
waldhorn 1 4.605170185988092 4.605170185988092
walker 1 2.207274913189721 2.207274913189721
wall 1 1.9661128563728327 1.9661128563728327
walt 1 3.912023005428146 3.912023005428146
walter 0 1.7147984280919266 0.0
want 0 1.9661128563728327 0.0
war 1 0.7985076962177716 0.7985076962177716
waring 1 4.605170185988092 4.605170185988092
warn 1 3.2188758248682006 3.2188758248682006
warner 1 2.995732273553991 2.995732273553991
warning 1 2.5257286443082556 2.5257286443082556
wasnt 1 2.995732273553991 2.995732273553991
watch 1 1.8971199848858813 1.8971199848858813
water 1 1.5606477482646683 1.5606477482646683
watt 0 3.506557897319982 0.0
way 1 1.1086626245216111 1.1086626245216111
weather 1 3.506557897319982 3.506557897319982
weaver 1 3.912023005428146 3.912023005428146
wed 0 3.912023005428146 0.0
week 1 1.2729656758128876 1.2729656758128876
weekday 1 3.912023005428146 3.912023005428146
weekend 1 3.2188758248682006 3.2188758248682006
weekender 1 4.605170185988092 4.605170185988092
weekly 1 2.5257286443082556 2.5257286443082556
weir 0 3.506557897319982 0.0
welcome 0 2.995732273553991 0.0
well 1 0.7765287894989963 0.7765287894989963
went 1 1.5141277326297755 1.5141277326297755
westminster 1 3.506557897319982 3.506557897319982
wet 1 3.506557897319982 3.506557897319982
whalley 1 4.605170185988092 4.605170185988092
whats 1 2.8134107167600364 2.8134107167600364
whistle 1 3.506557897319982 3.506557897319982
white 1 1.171182981502945 1.171182981502945
whitehouse 1 3.506557897319982 3.506557897319982
whizz 1 4.605170185988092 4.605170185988092
wife 1 1.7719568419318754 1.7719568419318754
wikidata 1 0.010050335853501506 0.010050335853501506
wikimedia 1 0.0 0.0
wikipedia 1 0.0 0.0
wild 1 2.302585092994046 2.302585092994046
wilford 1 4.605170185988092 4.605170185988092
william 1 1.171182981502945 1.171182981502945
williamson 1 3.912023005428146 3.912023005428146
willie 1 3.2188758248682006 3.2188758248682006
willis 1 2.995732273553991 2.995732273553991
wimbledon 1 4.605170185988092 4.605170185988092
win 1 1.1086626245216111 1.1086626245216111
wine 1 3.912023005428146 3.912023005428146
winger 1 3.912023005428146 3.912023005428146
winner 1 1.5141277326297755 1.5141277326297755
wish 1 2.995732273553991 2.995732273553991
witch 1 2.995732273553991 2.995732273553991
within 1 1.3862943611198906 1.3862943611198906
wizard 1 3.2188758248682006 3.2188758248682006
wizbit 1 4.605170185988092 4.605170185988092
wogan 1 4.605170185988092 4.605170185988092
woman 0 1.171182981502945 0.0
woodward 1 3.2188758248682006 3.2188758248682006
woody 1 4.605170185988092 4.605170185988092
word 0 1.6094379124341003 0.0
world 1 0.5108256237659907 0.5108256237659907
worst 1 2.5257286443082556 2.5257286443082556
would 1 0.7550225842780328 0.7550225842780328
wrath 1 4.605170185988092 4.605170185988092
wright 1 2.302585092994046 2.302585092994046
writer 1 1.5141277326297755 1.5141277326297755
wtbs 1 4.605170185988092 4.605170185988092
wuzzles 1 4.605170185988092 4.605170185988092
xiii 1 3.912023005428146 3.912023005428146
year 1 0.3424903089467759 0.3424903089467759
yearnavtopic 1 4.605170185988092 4.605170185988092
yearsin 1 4.605170185988092 4.605170185988092
yes 1 3.912023005428146 3.912023005428146
york 1 0.8209805520698303 0.8209805520698303
yorkshire 1 3.912023005428146 3.912023005428146
young 1 1.2378743560016172 1.2378743560016172
younger 1 2.120263536200091 2.120263536200091
youth 1 2.207274913189721 2.207274913189721
zammo 1 4.605170185988092 4.605170185988092
zastrozzi 1 4.605170185988092 4.605170185988092
znstv 1 4.605170185988092 4.605170185988092
