abbas 1 4.605170185988092 4.605170185988092
abd 1 3.912023005428146 3.912023005428146
abdel 1 3.912023005428146 3.912023005428146
abdullah 1 4.605170185988092 4.605170185988092
aboul 1 3.912023005428146 3.912023005428146
abul 1 4.605170185988092 4.605170185988092
account 1 0.0 0.0
achieve 1 3.506557897319982 3.506557897319982
achieving 1 3.2188758248682006 3.2188758248682006
action 0 0.0 0.0
active 1 2.0402208285265546 2.0402208285265546
activist 0 2.407945608651872 0.0
adawiya 1 4.605170185988092 4.605170185988092
add 1 0.0 0.0
additional 1 0.0 0.0
adel 1 4.605170185988092 4.605170185988092
adly 1 4.605170185988092 4.605170185988092
affiliated 1 2.995732273553991 2.995732273553991
affiliation 1 2.995732273553991 2.995732273553991
africa 1 2.5257286443082556 2.5257286443082556
agree 1 0.0 0.0
ahly 1 4.605170185988092 4.605170185988092
ahmad 1 3.2188758248682006 3.2188758248682006
ahmed 1 3.2188758248682006 3.2188758248682006
ahram 1 4.605170185988092 4.605170185988092
aim 0 2.8134107167600364 0.0
alaa 1 4.605170185988092 4.605170185988092
alexandria 1 3.912023005428146 3.912023005428146
ali 1 2.995732273553991 2.995732273553991
alike 1 0.0 0.0
alliance 1 1.8971199848858813 1.8971199848858813
almost 1 1.7147984280919266 1.7147984280919266
also 1 0.127833371509885 0.127833371509885
amongst 1 3.506557897319982 3.506557897319982
amr 1 3.912023005428146 3.912023005428146
anan 1 4.605170185988092 4.605170185988092
announced 1 1.2039728043259361 1.2039728043259361
ansar 1 4.605170185988092 4.605170185988092
anti 1 2.207274913189721 2.207274913189721
anticharter 1 4.605170185988092 4.605170185988092
antimilitary 1 4.605170185988092 4.605170185988092
appearance 1 0.0 0.0
apply 1 0.0 0.0
april 1 0.44628710262841953 0.44628710262841953
arab 1 3.2188758248682006 3.2188758248682006
arabic 1 3.2188758248682006 3.2188758248682006
arabiclanguage 1 3.912023005428146 3.912023005428146
arabism 1 4.605170185988092 4.605170185988092
arabiya 1 4.605170185988092 4.605170185988092
archived 1 0.47803580094299974 0.47803580094299974
arian 1 4.605170185988092 4.605170185988092
armed 1 2.5257286443082556 2.5257286443082556
article 1 0.0 0.0
asmaa 1 4.605170185988092 4.605170185988092
assembly 1 2.0402208285265546 2.0402208285265546
asserted 1 3.506557897319982 3.506557897319982
association 1 1.1394342831883648 1.1394342831883648
ateyya 1 4.605170185988092 4.605170185988092
atlantic 1 2.207274913189721 2.207274913189721
attack 1 1.7147984280919266 1.7147984280919266
attribution 1 0.0 0.0
auf 1 4.605170185988092 4.605170185988092
august 1 0.3424903089467759 0.3424903089467759
authenticity 1 3.912023005428146 3.912023005428146
authority 0 0.8915981192837835 0.0
auto 1 0.1392620673335076 0.1392620673335076
available 1 0.0 0.0
ayman 1 4.605170185988092 4.605170185988092
aziz 1 4.605170185988092 4.605170185988092
azmi 1 4.605170185988092 4.605170185988092
baath 1 4.605170185988092 4.605170185988092
background 0 1.7147984280919266 0.0
badie 1 4.605170185988092 4.605170185988092
badr 1 3.912023005428146 3.912023005428146
baradei 1 4.605170185988092 4.605170185988092
basic 1 2.302585092994046 2.302585092994046
basis 1 3.506557897319982 3.506557897319982
bastawisy 1 4.605170185988092 4.605170185988092
battle 1 1.3862943611198906 1.3862943611198906
beginning 1 1.6607312068216509 1.6607312068216509
believing 1 3.506557897319982 3.506557897319982
beltagy 1 4.605170185988092 4.605170185988092
bishr 1 4.605170185988092 4.605170185988092
bloc 1 3.912023005428146 3.912023005428146
bombing 1 4.605170185988092 4.605170185988092
bothaina 1 4.605170185988092 4.605170185988092
boycott 1 3.2188758248682006 3.2188758248682006
boycotted 1 4.605170185988092 4.605170185988092
bread 1 3.2188758248682006 3.2188758248682006
breakaway 1 4.605170185988092 4.605170185988092
bridge 1 2.8134107167600364 2.8134107167600364
brotherhood 1 2.8134107167600364 2.8134107167600364
brotherhoodization 1 4.605170185988092 4.605170185988092
brought 1 1.5606477482646683 1.5606477482646683
building 1 1.6607312068216509 1.6607312068216509
bus 1 2.995732273553991 2.995732273553991
cabinet 1 2.8134107167600364 2.8134107167600364
cairo 1 3.2188758248682006 3.2188758248682006
call 1 1.7719568419318754 1.7719568419318754
calling 1 2.407945608651872 2.407945608651872
campaign 1 1.6607312068216509 1.6607312068216509
candidate 1 2.207274913189721 2.207274913189721
carnegie 1 3.506557897319982 3.506557897319982
case 1 1.3862943611198906 1.3862943611198906
category 0 0.0 0.0
censorship 1 3.2188758248682006 3.2188758248682006
center 1 1.171182981502945 1.171182981502945
centerpx 1 0.0408219945202552 0.0408219945202552
centrist 1 4.605170185988092 4.605170185988092
chairman 1 1.8325814637483102 1.8325814637483102
change 1 0.0 0.0
charge 0 2.0402208285265546 0.0
charter 1 2.995732273553991 2.995732273553991
citation 1 0.0408219945202552 0.0408219945202552
cite 1 0.0 0.0
citizen 1 1.9661128563728327 1.9661128563728327
citizenship 1 2.995732273553991 2.995732273553991
civil 1 1.7719568419318754 1.7719568419318754
civilian 0 2.407945608651872 0.0
civilization 1 2.995732273553991 2.995732273553991
claim 0 2.0402208285265546 0.0
clash 0 2.659260036932778 0.0
coalition 1 2.407945608651872 2.407945608651872
code 1 0.0 0.0
cofounder 0 3.506557897319982 0.0
committee 1 1.6607312068216509 1.6607312068216509
common 0 0.0 0.0
communist 1 2.407945608651872 2.407945608651872
conciliation 1 4.605170185988092 4.605170185988092
conduct 1 0.0 0.0
congress 1 1.7147984280919266 1.7147984280919266
consciousness 1 3.912023005428146 3.912023005428146
conservative 1 2.8134107167600364 2.8134107167600364
constituent 1 2.995732273553991 2.995732273553991
constitution 1 2.5257286443082556 2.5257286443082556
constitutional 1 2.995732273553991 2.995732273553991
contact 1 0.0 0.0
containing 1 1.4271163556401458 1.4271163556401458
content 1 0.0 0.0
context 1 0.010050335853501506 0.010050335853501506
contribute 1 0.0 0.0
contribution 0 0.0 0.0
cookie 1 0.0 0.0
cookiematch 1 0.0 0.0
cooperation 1 2.5257286443082556 2.5257286443082556
council 1 1.4696759700589417 1.4696759700589417
counterlistitema 1 0.127833371509885 0.127833371509885
coup 1 2.8134107167600364 2.8134107167600364
court 1 1.5141277326297755 1.5141277326297755
create 1 0.0 0.0
created 1 1.5606477482646683 1.5606477482646683
creative 1 0.0 0.0
crisis 1 2.302585092994046 2.302585092994046
criticised 1 2.659260036932778 2.659260036932778
csmaintcolorf 1 0.06187540371808745 0.06187540371808745
csmaintcolorfmedia 1 0.0408219945202552 0.0408219945202552
cswsicon 1 0.0408219945202552 0.0408219945202552
current 1 0.0 0.0
daily 1 1.4271163556401458 1.4271163556401458
date 0 0.3147107448397002 0.0
december 1 0.37106368139083196 0.37106368139083196
declaration 1 3.506557897319982 3.506557897319982
decree 1 3.506557897319982 3.506557897319982
defender 0 3.2188758248682006 0.0
democracy 1 2.302585092994046 2.302585092994046
democratic 1 2.120263536200091 2.120263536200091
demonstration 0 3.2188758248682006 0.0
describes 1 3.2188758248682006 3.2188758248682006
description 1 0.07257069283483537 0.07257069283483537
deutsch 1 0.9416085398584451 0.9416085398584451
developer 0 0.0 0.0
development 1 1.3093333199837622 1.3093333199837622
different 1 0.3424903089467759 0.3424903089467759
dignity 1 3.2188758248682006 3.2188758248682006
din 1 3.912023005428146 3.912023005428146
disclaimer 0 0.0 0.0
dissolve 1 3.2188758248682006 3.2188758248682006
dmy 1 1.4271163556401458 1.4271163556401458
domestic 1 2.995732273553991 2.995732273553991
donate 1 0.0 0.0
douma 1 4.605170185988092 4.605170185988092
download 1 0.0 0.0
draft 1 2.5257286443082556 2.5257286443082556
dtaftercontent 1 0.127833371509885 0.127833371509885
dtat 1 3.506557897319982 3.506557897319982
eagle 1 1.9661128563728327 1.9661128563728327
economic 1 1.7719568419318754 1.7719568419318754
economically 1 4.605170185988092 4.605170185988092
egypt 1 2.995732273553991 2.995732273553991
egyptian 1 2.8134107167600364 2.8134107167600364
eldeen 1 4.605170185988092 4.605170185988092
election 1 1.9661128563728327 1.9661128563728327
eleven 1 2.207274913189721 2.207274913189721
embassy 1 2.995732273553991 2.995732273553991
encyclopedia 1 0.0 0.0
endorse 1 4.605170185988092 4.605170185988092
endowment 1 4.605170185988092 4.605170185988092
english 1 0.0 0.0
equality 1 4.605170185988092 4.605170185988092
erian 1 4.605170185988092 4.605170185988092
essam 1 4.605170185988092 4.605170185988092
established 1 1.1086626245216111 1.1086626245216111
establishment 1 1.9661128563728327 1.9661128563728327
event 0 0.0 0.0
exp 1 0.0 0.0
ezz 1 4.605170185988092 4.605170185988092
face 1 1.9661128563728327 1.9661128563728327
failed 1 2.302585092994046 2.302585092994046
fate 1 2.407945608651872 2.407945608651872
fathi 1 4.605170185988092 4.605170185988092
fattah 1 4.605170185988092 4.605170185988092
february 1 0.27443684570176036 0.27443684570176036
figure 0 1.3470736479666094 0.0
file 1 0.0 0.0
first 1 0.1508228897345837 0.1508228897345837
fjp 1 4.605170185988092 4.605170185988092
following 1 0.7133498878774648 0.7133498878774648
force 0 1.2378743560016172 0.0
foreign 1 1.8971199848858813 1.8971199848858813
formally 1 2.8134107167600364 2.8134107167600364
former 1 0.9675840262617057 0.9675840262617057
forth 1 3.2188758248682006 3.2188758248682006
fotouh 1 4.605170185988092 4.605170185988092
fotouhs 1 4.605170185988092 4.605170185988092
foundation 1 0.0 0.0
founded 1 1.7147984280919266 1.7147984280919266
founder 0 1.8971199848858813 0.0
free 1 0.0 0.0
freedom 1 2.302585092994046 2.302585092994046
front 1 1.7147984280919266 1.7147984280919266
fulfill 1 4.605170185988092 4.605170185988092
futuh 1 4.605170185988092 4.605170185988092
future 1 1.6607312068216509 1.6607312068216509
gamal 1 3.912023005428146 3.912023005428146
ganzouri 1 4.605170185988092 4.605170185988092
gave 1 1.5606477482646683 1.5606477482646683
gaza 1 3.912023005428146 3.912023005428146
general 1 0.0 0.0
generation 1 1.9661128563728327 1.9661128563728327
george 1 1.07880966137193 1.07880966137193
get 1 0.0 0.0
ghad 1 4.605170185988092 4.605170185988092
gheit 1 4.605170185988092 4.605170185988092
ghonim 1 4.605170185988092 4.605170185988092
gigi 1 4.605170185988092 4.605170185988092
given 1 1.2378743560016172 1.2378743560016172
goal 0 1.8971199848858813 0.0
government 1 1.1086626245216111 1.1086626245216111
green 1 1.171182981502945 1.171182981502945
group 1 0.8209805520698303 0.8209805520698303
guard 1 2.0402208285265546 2.0402208285265546
habib 1 4.605170185988092 4.605170185988092
hafez 1 4.605170185988092 4.605170185988092
hamalawy 1 4.605170185988092 4.605170185988092
hamdeen 1 4.605170185988092 4.605170185988092
hand 0 1.3862943611198906 0.0
haya 1 4.605170185988092 4.605170185988092
head 1 1.1086626245216111 1.1086626245216111
hearing 0 2.8134107167600364 0.0
hegazi 1 4.605170185988092 4.605170185988092
help 1 0.0 0.0
hesham 1 4.605170185988092 4.605170185988092
hidden 1 0.010050335853501506 0.010050335853501506
hide 1 0.0 0.0
hisham 1 4.605170185988092 4.605170185988092
history 1 0.0 0.0
hizb 1 4.605170185988092 4.605170185988092
hlist 1 0.127833371509885 0.127833371509885
hlistinline 1 0.127833371509885 0.127833371509885
homeland 1 2.659260036932778 2.659260036932778
hope 1 1.6607312068216509 1.6607312068216509
hosni 1 4.605170185988092 4.605170185988092
hossam 1 4.605170185988092 4.605170185988092
house 1 1.0216512475319812 1.0216512475319812
however 1 0.6931471805599453 0.6931471805599453
human 1 1.3862943611198906 1.3862943611198906
hundred 0 2.302585092994046 0.0
hussein 1 3.912023005428146 3.912023005428146
ibrahim 1 3.506557897319982 3.506557897319982
identity 1 2.207274913189721 2.207274913189721
idlockfree 1 0.0408219945202552 0.0408219945202552
idlockfreeidlockfree 1 0.0408219945202552 0.0408219945202552
idlocklimited 1 0.0408219945202552 0.0408219945202552
idlockregistration 1 0.0408219945202552 0.0408219945202552
idlocksubscription 1 0.0408219945202552 0.0408219945202552
imam 1 3.912023005428146 3.912023005428146
inaugurated 1 3.912023005428146 3.912023005428146
inc 1 0.0 0.0
independence 1 2.302585092994046 2.302585092994046
independent 1 1.4271163556401458 1.4271163556401458
index 1 1.9661128563728327 1.9661128563728327
infobox 1 0.3011050927839216 0.3011050927839216
infoboxtable 1 0.3147107448397002 0.3147107448397002
information 1 0.0 0.0
initiate 0 3.506557897319982 0.0
insurgency 1 3.912023005428146 3.912023005428146
interior 1 2.5257286443082556 2.5257286443082556
international 1 0.5978370007556204 0.5978370007556204
interview 1 1.8325814637483102 1.8325814637483102
ishak 1 4.605170185988092 4.605170185988092
islam 0 2.995732273553991 0.0
islamic 1 2.995732273553991 2.995732273553991
islamist 1 3.506557897319982 3.506557897319982
israa 1 4.605170185988092 4.605170185988092
israeli 1 3.2188758248682006 3.2188758248682006
item 1 0.010050335853501506 0.010050335853501506
jadaliyya 1 4.605170185988092 4.605170185988092
january 1 0.3424903089467759 0.3424903089467759
jazeera 1 3.912023005428146 3.912023005428146
judicial 1 3.2188758248682006 3.2188758248682006
july 1 0.43078291609245434 0.43078291609245434
jump 1 0.0 0.0
june 1 0.40047756659712536 0.40047756659712536
jurisdiction 1 2.995732273553991 2.995732273553991
justice 1 1.9661128563728327 1.9661128563728327
kamal 1 3.912023005428146 3.912023005428146
kamel 1 4.605170185988092 4.605170185988092
katatni 1 4.605170185988092 4.605170185988092
kefaya 1 4.605170185988092 4.605170185988092
kerdasa 1 4.605170185988092 4.605170185988092
khairat 1 4.605170185988092 4.605170185988092
khaled 1 4.605170185988092 4.605170185988092
khalil 1 3.912023005428146 3.912023005428146
knight 0 2.0402208285265546 0.0
labour 1 2.8134107167600364 2.8134107167600364
lacked 1 3.506557897319982 3.506557897319982
language 0 0.0 0.0
langx 1 2.659260036932778 2.659260036932778
last 1 0.0 0.0
launched 1 1.9661128563728327 1.9661128563728327
lawsuit 1 3.506557897319982 3.506557897319982
leader 1 1.3862943611198906 1.3862943611198906
learn 1 0.0 0.0
leftist 1 3.2188758248682006 3.2188758248682006
liaftercontent 1 0.127833371509885 0.127833371509885
liberal 1 2.659260036932778 2.659260036932778
liberation 1 2.407945608651872 2.407945608651872
license 1 0.0 0.0
lie 0 2.302585092994046 0.0
life 1 0.5447271754416719 0.5447271754416719
link 1 0.0 0.0
list 1 0.6348782724359695 0.6348782724359695
loan 0 2.5257286443082556 0.0
log 1 0.0 0.0
logged 1 0.0 0.0
love 1 1.4271163556401458 1.4271163556401458
mada 1 4.605170185988092 4.605170185988092
made 1 0.653926467406664 0.653926467406664
mahdi 1 3.912023005428146 3.912023005428146
maher 1 4.605170185988092 4.605170185988092
mahfouz 1 4.605170185988092 4.605170185988092
mahmoud 1 3.912023005428146 3.912023005428146
maikel 1 4.605170185988092 4.605170185988092
main 1 0.0 0.0
mamish 1 4.605170185988092 4.605170185988092
mansour 1 4.605170185988092 4.605170185988092
mansoura 1 4.605170185988092 4.605170185988092
march 1 0.3147107448397002 0.3147107448397002
maspero 1 4.605170185988092 4.605170185988092
masr 1 4.605170185988092 4.605170185988092
massacre 1 3.2188758248682006 3.2188758248682006
matter 0 2.0402208285265546 0.0
may 1 0.0 0.0
mekki 1 4.605170185988092 4.605170185988092
member 1 0.6733445532637655 0.6733445532637655
menu 1 0.0 0.0
military 1 1.4696759700589417 1.4696759700589417
minister 1 1.5606477482646683 1.5606477482646683
misr 1 3.912023005428146 3.912023005428146
mobile 1 0.0 0.0
moderate 1 2.995732273553991 2.995732273553991
modern 1 1.5606477482646683 1.5606477482646683
mohab 1 4.605170185988092 4.605170185988092
mohamed 1 3.506557897319982 3.506557897319982
mohammed 1 3.2188758248682006 3.2188758248682006
mokhtar 1 4.605170185988092 4.605170185988092
mona 1 3.912023005428146 3.912023005428146
moneim 1 4.605170185988092 4.605170185988092
monitor 1 4.605170185988092 4.605170185988092
morsi 1 4.605170185988092 4.605170185988092
morsigovernment 1 4.605170185988092 4.605170185988092
mosque 1 3.2188758248682006 3.2188758248682006
move 1 0.0 0.0
movement 1 1.6607312068216509 1.6607312068216509
mubarak 1 4.605170185988092 4.605170185988092
mubarakgovernment 1 4.605170185988092 4.605170185988092
much 1 1.171182981502945 1.171182981502945
muhammad 1 3.2188758248682006 3.2188758248682006
muslim 1 2.5257286443082556 2.5257286443082556
nabil 1 3.912023005428146 3.912023005428146
naguib 1 3.912023005428146 3.912023005428146
named 1 1.2039728043259361 1.2039728043259361
narrow 1 3.506557897319982 3.506557897319982
nasserist 1 4.605170185988092 4.605170185988092
nation 0 1.2729656758128876 0.0
national 1 0.5108256237659907 0.5108256237659907
navbar 1 0.23572233352106994 0.23572233352106994
navbarfontsizemedia 1 0.3147107448397002 0.3147107448397002
navbarmini 1 0.23572233352106994 0.23572233352106994
navbox 1 0.1392620673335076 0.1392620673335076
navboximage 1 0.1392620673335076 0.1392620673335076
navboxsubgroup 1 0.1392620673335076 0.1392620673335076
navboxtitle 1 0.1392620673335076 0.1392620673335076
navigation 1 0.0 0.0
nawara 1 4.605170185988092 4.605170185988092
nazif 1 4.605170185988092 4.605170185988092
ndp 1 4.605170185988092 4.605170185988092
negm 1 4.605170185988092 4.605170185988092
new 1 0.24846135929849972 0.24846135929849972
news 1 0.843970070294529 0.843970070294529
nil 1 4.605170185988092 4.605170185988092
nile 1 4.605170185988092 4.605170185988092
nonprofit 1 0.0 0.0
nouh 1 4.605170185988092 4.605170185988092
nour 1 4.605170185988092 4.605170185988092
november 1 0.3011050927839216 0.3011050927839216
nubian 1 4.605170185988092 4.605170185988092
october 1 0.28768207245178085 0.28768207245178085
officially 1 2.8134107167600364 2.8134107167600364
ollibeforecontent 1 0.127833371509885 0.127833371509885
omar 1 3.506557897319982 3.506557897319982
one 1 0.23572233352106994 0.23572233352106994
online 1 1.4696759700589417 1.4696759700589417
operation 1 1.7147984280919266 1.7147984280919266
oppose 1 3.912023005428146 3.912023005428146
opposing 1 3.2188758248682006 3.2188758248682006
opposition 1 1.9661128563728327 1.9661128563728327
organisation 0 2.302585092994046 0.0
organization 1 0.0 0.0
organizationname 1 0.010050335853501506 0.010050335853501506
original 1 0.4155154439616658 0.4155154439616658
page 1 0.0 0.0
parliamentary 1 2.995732273553991 2.995732273553991
part 1 0.6348782724359695 0.6348782724359695
participated 1 2.8134107167600364 2.8134107167600364
party 1 1.2378743560016172 1.2378743560016172
patriotic 1 3.2188758248682006 3.2188758248682006
pdfprintable 1 0.0 0.0
peace 1 2.0402208285265546 2.0402208285265546
peasant 0 4.605170185988092 0.0
people 1 0.49429632181478017 0.49429632181478017
permanent 1 0.0 0.0
personal 1 0.0 0.0
pioneer 1 2.659260036932778 2.659260036932778
place 0 0.653926467406664 0.0
policy 1 0.0 0.0
political 1 1.3470736479666094 1.3470736479666094
politicalposition 1 4.605170185988092 4.605170185988092
politics 1 1.9661128563728327 1.9661128563728327
popular 1 1.4696759700589417 1.4696759700589417
port 1 2.302585092994046 2.302585092994046
portal 1 0.0 0.0
post 1 1.07880966137193 1.07880966137193
postcoup 1 4.605170185988092 4.605170185988092
power 1 1.0216512475319812 1.0216512475319812
precededby 1 2.302585092994046 2.302585092994046
presidency 1 2.995732273553991 2.995732273553991
president 1 1.3470736479666094 1.3470736479666094
presidential 1 2.5257286443082556 2.5257286443082556
press 1 0.7550225842780328 0.7550225842780328
prime 1 2.0402208285265546 2.0402208285265546
printbodyns 1 0.09431067947124142 0.09431067947124142
printexport 1 0.0 0.0
privacy 1 0.0 0.0
problem 0 2.120263536200091 0.0
process 1 1.5141277326297755 1.5141277326297755
progressive 1 3.912023005428146 3.912023005428146
project 0 0.0 0.0
promote 1 2.659260036932778 2.659260036932778
protest 1 2.407945608651872 2.407945608651872
provision 1 2.407945608651872 2.407945608651872
qandil 1 4.605170185988092 4.605170185988092
qasr 1 4.605170185988092 4.605170185988092
qassas 1 4.605170185988092 4.605170185988092
qawia 1 4.605170185988092 4.605170185988092
quiver 1 4.605170185988092 4.605170185988092
rabaa 1 4.605170185988092 4.605170185988092
rabab 1 4.605170185988092 4.605170185988092
random 1 0.0 0.0
reaction 0 3.2188758248682006 0.0
read 1 0.0 0.0
reason 0 1.9661128563728327 0.0
reawakening 1 4.605170185988092 4.605170185988092
recent 1 0.0 0.0
reda 1 4.605170185988092 4.605170185988092
reference 0 0.03045920748470844 0.0
referendum 1 3.912023005428146 3.912023005428146
reflist 1 0.06187540371808745 0.06187540371808745
reflistcolumns 1 0.06187540371808745 0.06187540371808745
reform 1 2.0402208285265546 2.0402208285265546
reg 1 0.0 0.0
region 1 1.6607312068216509 1.6607312068216509
registered 1 0.0 0.0
reject 1 2.5257286443082556 2.5257286443082556
rejected 1 2.407945608651872 2.407945608651872
rejection 1 3.912023005428146 3.912023005428146
related 1 0.0 0.0
religious 1 2.0402208285265546 2.0402208285265546
religiously 1 4.605170185988092 4.605170185988092
remains 1 2.0402208285265546 2.0402208285265546
renaissance 1 2.995732273553991 2.995732273553991
representative 0 1.7147984280919266 0.0
republican 1 2.8134107167600364 2.8134107167600364
resignation 1 3.2188758248682006 3.2188758248682006
response 0 2.120263536200091 0.0
retrieved 1 0.0 0.0
review 1 1.07880966137193 1.07880966137193
revolution 1 1.9661128563728327 1.9661128563728327
revolutionary 1 2.207274913189721 2.207274913189721
right 0 0.9675840262617057 0.0
riot 1 2.659260036932778 2.659260036932778
rival 1 3.2188758248682006 3.2188758248682006
road 1 1.3862943611198906 1.3862943611198906
romanized 1 3.912023005428146 3.912023005428146
rule 1 1.4696759700589417 1.4696759700589417
ruled 1 2.8134107167600364 2.8134107167600364
saad 1 4.605170185988092 4.605170185988092
sabahi 1 4.605170185988092 4.605170185988092
sadat 1 4.605170185988092 4.605170185988092
safwat 1 4.605170185988092 4.605170185988092
said 1 1.5606477482646683 1.5606477482646683
salem 1 3.2188758248682006 3.2188758248682006
sameh 1 4.605170185988092 4.605170185988092
sami 1 3.912023005428146 3.912023005428146
sanad 1 4.605170185988092 4.605170185988092
scaf 1 4.605170185988092 4.605170185988092
screen 1 0.010050335853501506 0.010050335853501506
search 1 0.0 0.0
second 1 0.49429632181478017 0.49429632181478017
secular 1 3.912023005428146 3.912023005428146
see 1 0.40047756659712536 0.40047756659712536
seif 1 4.605170185988092 4.605170185988092
september 1 0.43078291609245434 0.43078291609245434
shafik 1 4.605170185988092 4.605170185988092
share 1 0.0 0.0
shater 1 4.605170185988092 4.605170185988092
sherif 1 4.605170185988092 4.605170185988092
short 1 0.06187540371808745 0.06187540371808745
shortdescription 1 0.2613647641344075 0.2613647641344075
shortened 1 0.0 0.0
shura 1 4.605170185988092 4.605170185988092
sidebar 1 0.0 0.0
sidi 1 4.605170185988092 4.605170185988092
sinai 1 3.506557897319982 3.506557897319982
site 1 0.0 0.0
social 1 1.3093333199837622 1.3093333199837622
socialist 1 2.407945608651872 2.407945608651872
socially 1 3.506557897319982 3.506557897319982
solid 1 0.09431067947124142 0.09431067947124142
solidarity 1 3.2188758248682006 3.2188758248682006
solution 1 2.5257286443082556 2.5257286443082556
sorour 1 4.605170185988092 4.605170185988092
sought 1 2.5257286443082556 2.5257286443082556
space 1 1.7719568419318754 1.7719568419318754
special 1 0.0 0.0
spokesperson 1 3.506557897319982 3.506557897319982
spring 1 1.5606477482646683 1.5606477482646683
square 1 2.120263536200091 2.120263536200091
stadium 1 2.0402208285265546 2.0402208285265546
start 1 1.4271163556401458 1.4271163556401458
state 1 0.3147107448397002 0.3147107448397002
statement 1 0.0 0.0
statistic 0 0.0 0.0
status 1 1.7719568419318754 1.7719568419318754
strong 1 1.6607312068216509 1.6607312068216509
struggle 1 2.659260036932778 2.659260036932778
suleiman 1 3.912023005428146 3.912023005428146
support 1 1.2729656758128876 1.2729656758128876
supporter 0 2.659260036932778 0.0
supreme 1 2.120263536200091 2.120263536200091
taba 1 4.605170185988092 4.605170185988092
table 1 0.0 0.0
tagammu 1 4.605170185988092 4.605170185988092
tahrir 1 4.605170185988092 4.605170185988092
talk 1 0.0 0.0
tamarod 1 4.605170185988092 4.605170185988092
tantawi 1 4.605170185988092 4.605170185988092
tantawigovernment 1 4.605170185988092 4.605170185988092
targeted 1 3.506557897319982 3.506557897319982
tdhlist 1 0.1392620673335076 0.1392620673335076
template 1 0.0 0.0
tenet 0 3.2188758248682006 0.0
term 0 0.0 0.0
text 1 0.0 0.0
thawra 1 4.605170185988092 4.605170185988092
thbodyskinresponsive 1 0.3147107448397002 0.3147107448397002
third 1 0.9162907318741551 0.9162907318741551
though 1 1.6607312068216509 1.6607312068216509
three 1 0.5798184952529422 0.5798184952529422
timeline 1 2.207274913189721 2.207274913189721
toggle 1 0.010050335853501506 0.010050335853501506
tool 0 0.0 0.0
top 1 0.010050335853501506 0.010050335853501506
topic 1 0.0 0.0
total 1 0.0 0.0
trademark 1 0.0 0.0
trial 0 1.8971199848858813 0.0
ulpaddingem 1 0.1392620673335076 0.1392620673335076
ultras 1 4.605170185988092 4.605170185988092
umma 1 4.605170185988092 4.605170185988092
unchanged 1 4.605170185988092 4.605170185988092
unification 1 3.912023005428146 3.912023005428146
union 1 1.07880966137193 1.07880966137193
unite 1 3.2188758248682006 3.2188758248682006
unrest 1 3.506557897319982 3.506557897319982
upload 1 0.0 0.0
urge 0 3.2188758248682006 0.0
urgent 1 3.912023005428146 3.912023005428146
use 1 0.0 0.0
using 1 0.0 0.0
utc 1 0.0 0.0
var 1 0.0 0.0
verdict 1 2.995732273553991 2.995732273553991
version 1 0.0 0.0
vice 1 1.6607312068216509 1.6607312068216509
victory 1 1.6094379124341003 1.6094379124341003
videotaped 1 4.605170185988092 4.605170185988092
view 1 0.0 0.0
virtue 1 4.605170185988092 4.605170185988092
voice 1 2.120263536200091 2.120263536200091
vote 1 2.5257286443082556 2.5257286443082556
voted 1 2.8134107167600364 2.8134107167600364
vte 1 0.7550225842780328 0.7550225842780328
wael 1 4.605170185988092 4.605170185988092
wafd 1 3.912023005428146 3.912023005428146
wasat 1 4.605170185988092 4.605170185988092
weakness 1 4.605170185988092 4.605170185988092
week 1 1.2729656758128876 1.2729656758128876
white 1 1.171182981502945 1.171182981502945
wikidata 1 0.010050335853501506 0.010050335853501506
wikimedia 1 0.0 0.0
wikipedia 1 0.0 0.0
winter 1 1.8325814637483102 1.8325814637483102
worker 0 2.0402208285265546 0.0
young 1 1.2378743560016172 1.2378743560016172
youth 1 2.207274913189721 2.207274913189721
yussef 1 4.605170185988092 4.605170185988092
zakaria 1 4.605170185988092 4.605170185988092
zamaleks 1 4.605170185988092 4.605170185988092
