aaron 1 2.207274913189721 2.207274913189721
abc 0 2.5257286443082556 0.0
able 1 1.7719568419318754 1.7719568419318754
abseiling 1 4.605170185988092 4.605170185988092
abuse 1 2.5257286443082556 2.5257286443082556
academy 1 1.8325814637483102 1.8325814637483102
accept 1 3.2188758248682006 3.2188758248682006
accepts 1 3.912023005428146 3.912023005428146
accident 1 2.407945608651872 2.407945608651872
accidentally 1 4.605170185988092 4.605170185988092
accomplice 1 4.605170185988092 4.605170185988092
account 1 0.0 0.0
act 0 1.3470736479666094 0.0
acting 1 1.8971199848858813 1.8971199848858813
action 0 0.0 0.0
actor 1 2.207274913189721 2.207274913189721
actress 1 2.8134107167600364 2.8134107167600364
ada 1 3.2188758248682006 3.2188758248682006
adam 1 1.5141277326297755 1.5141277326297755
adamski 1 4.605170185988092 4.605170185988092
add 1 0.0 0.0
added 1 1.8325814637483102 1.8325814637483102
addition 1 1.3862943611198906 1.3862943611198906
additional 1 0.0 0.0
aden 1 4.605170185988092 4.605170185988092
admire 1 4.605170185988092 4.605170185988092
admits 1 3.506557897319982 3.506557897319982
admitted 1 2.659260036932778 2.659260036932778
adoptive 1 3.912023005428146 3.912023005428146
adrienne 1 3.506557897319982 3.506557897319982
advance 0 2.5257286443082556 0.0
advisor 1 2.8134107167600364 2.8134107167600364
affair 1 1.6094379124341003 1.6094379124341003
afghanistan 1 2.995732273553991 2.995732273553991
afloat 1 4.605170185988092 4.605170185988092
afraid 1 3.912023005428146 3.912023005428146
aftermath 1 2.659260036932778 2.659260036932778
age 1 0.7985076962177716 0.7985076962177716
agent 1 2.207274913189721 2.207274913189721
ago 1 1.9661128563728327 1.9661128563728327
agree 1 0.0 0.0
agrees 1 3.2188758248682006 3.2188758248682006
ahead 1 2.207274913189721 2.207274913189721
ailsa 1 3.912023005428146 3.912023005428146
airing 1 3.912023005428146 3.912023005428146
alan 1 2.0402208285265546 2.0402208285265546
albergoni 1 4.605170185988092 4.605170185988092
alcohol 1 3.2188758248682006 3.2188758248682006
alcoholism 1 3.912023005428146 3.912023005428146
alex 1 2.120263536200091 2.120263536200091
alexander 1 1.5141277326297755 1.5141277326297755
alf 1 3.912023005428146 3.912023005428146
alike 1 0.0 0.0
alive 1 2.407945608651872 2.407945608651872
allows 1 2.5257286443082556 2.5257286443082556
alone 1 2.5257286443082556 2.5257286443082556
alongside 1 1.9661128563728327 1.9661128563728327
also 1 0.127833371509885 0.127833371509885
altar 1 3.506557897319982 3.506557897319982
always 1 2.207274913189721 2.207274913189721
alzheimers 1 3.506557897319982 3.506557897319982
amanda 1 2.8134107167600364 2.8134107167600364
ambushed 1 4.605170185988092 4.605170185988092
amelia 1 4.605170185988092 4.605170185988092
america 1 0.8675005677047231 0.8675005677047231
amount 1 2.5257286443082556 2.5257286443082556
amy 1 2.659260036932778 2.659260036932778
anasthesist 1 4.605170185988092 4.605170185988092
anasthestist 1 4.605170185988092 4.605170185988092
anderson 1 2.302585092994046 2.302585092994046
andrew 1 1.5141277326297755 1.5141277326297755
andy 1 2.5257286443082556 2.5257286443082556
angel 1 2.407945608651872 2.407945608651872
angelo 1 2.8134107167600364 2.8134107167600364
angie 1 3.506557897319982 3.506557897319982
angry 1 3.912023005428146 3.912023005428146
annie 1 2.995732273553991 2.995732273553991
annies 1 4.605170185988092 4.605170185988092
anniversary 1 2.659260036932778 2.659260036932778
announced 1 1.2039728043259361 1.2039728043259361
annoyed 1 3.912023005428146 3.912023005428146
another 1 0.9675840262617057 0.9675840262617057
answer 1 2.659260036932778 2.659260036932778
antagonising 1 4.605170185988092 4.605170185988092
anthony 1 1.5141277326297755 1.5141277326297755
anymore 1 3.912023005428146 3.912023005428146
anyone 1 2.659260036932778 2.659260036932778
anything 1 2.995732273553991 2.995732273553991
apart 1 2.5257286443082556 2.5257286443082556
apologises 1 4.605170185988092 4.605170185988092
apparent 1 3.506557897319982 3.506557897319982
appeal 1 3.2188758248682006 3.2188758248682006
appearance 1 0.0 0.0
appeared 1 1.8971199848858813 1.8971199848858813
appearing 1 2.5257286443082556 2.5257286443082556
appears 1 2.120263536200091 2.120263536200091
apply 1 0.0 0.0
appointed 1 1.9661128563728327 1.9661128563728327
appointing 1 4.605170185988092 4.605170185988092
apprenticeship 1 3.912023005428146 3.912023005428146
approach 1 1.9661128563728327 1.9661128563728327
april 1 0.44628710262841953 0.44628710262841953
archived 1 0.47803580094299974 0.47803580094299974
argument 1 2.5257286443082556 2.5257286443082556
ari 1 3.912023005428146 3.912023005428146
arm 1 2.0402208285265546 2.0402208285265546
armstrong 1 2.8134107167600364 2.8134107167600364
around 1 1.0216512475319812 1.0216512475319812
arousing 1 4.605170185988092 4.605170185988092
arranges 1 4.605170185988092 4.605170185988092
arrest 1 3.2188758248682006 3.2188758248682006
arrested 1 2.8134107167600364 2.8134107167600364
arrive 1 3.912023005428146 3.912023005428146
arrived 1 2.5257286443082556 2.5257286443082556
arrives 1 3.506557897319982 3.506557897319982
arrow 1 2.659260036932778 2.659260036932778
article 1 0.0 0.0
artist 0 1.7147984280919266 0.0
ashamed 1 4.605170185988092 4.605170185988092
ashford 1 3.506557897319982 3.506557897319982
asked 1 2.120263536200091 2.120263536200091
asking 1 3.2188758248682006 3.2188758248682006
asks 1 2.659260036932778 2.659260036932778
assault 1 2.5257286443082556 2.5257286443082556
associate 1 2.659260036932778 2.659260036932778
assures 1 3.912023005428146 3.912023005428146
astoni 1 4.605170185988092 4.605170185988092
astonis 1 4.605170185988092 4.605170185988092
astray 1 4.605170185988092 4.605170185988092
attached 1 3.506557897319982 3.506557897319982
attachment 1 4.605170185988092 4.605170185988092
attack 1 1.7147984280919266 1.7147984280919266
attacked 1 2.995732273553991 2.995732273553991
attempt 1 1.6607312068216509 1.6607312068216509
attempted 1 2.407945608651872 2.407945608651872
attend 1 3.2188758248682006 3.2188758248682006
attending 1 2.8134107167600364 2.8134107167600364
attends 1 4.605170185988092 4.605170185988092
attitude 1 2.995732273553991 2.995732273553991
attraction 1 4.605170185988092 4.605170185988092
attribution 1 0.0 0.0
atwell 1 4.605170185988092 4.605170185988092
audience 0 2.659260036932778 0.0
audition 1 4.605170185988092 4.605170185988092
auditioned 1 4.605170185988092 4.605170185988092
audrey 1 4.605170185988092 4.605170185988092
august 1 0.3424903089467759 0.3424903089467759
aunt 0 3.2188758248682006 0.0
austin 1 2.659260036932778 2.659260036932778
australia 1 1.4696759700589417 1.4696759700589417
australian 1 1.9661128563728327 1.9661128563728327
auto 1 0.1392620673335076 0.1392620673335076
available 1 0.0 0.0
awaits 1 3.912023005428146 3.912023005428146
awakening 1 3.2188758248682006 3.2188758248682006
award 1 1.171182981502945 1.171182981502945
away 1 1.5606477482646683 1.5606477482646683
awesome 1 3.912023005428146 3.912023005428146
awkward 1 3.912023005428146 3.912023005428146
axel 1 4.605170185988092 4.605170185988092
axels 1 4.605170185988092 4.605170185988092
axing 1 4.605170185988092 4.605170185988092
baby 1 2.407945608651872 2.407945608651872
babysitting 1 4.605170185988092 4.605170185988092
back 1 1.0216512475319812 1.0216512475319812
backfire 0 4.605170185988092 0.0
bag 1 3.912023005428146 3.912023005428146
bailed 1 4.605170185988092 4.605170185988092
baines 1 4.605170185988092 4.605170185988092
bait 1 4.605170185988092 4.605170185988092
baker 1 2.120263536200091 2.120263536200091
bank 1 2.0402208285265546 2.0402208285265546
bar 1 2.5257286443082556 2.5257286443082556
barrett 1 2.995732273553991 2.995732273553991
bartender 1 4.605170185988092 4.605170185988092
bartlett 1 3.912023005428146 3.912023005428146
basically 1 4.605170185988092 4.605170185988092
bathing 1 4.605170185988092 4.605170185988092
battle 1 1.3862943611198906 1.3862943611198906
bay 1 1.6094379124341003 1.6094379124341003
baz 1 4.605170185988092 4.605170185988092
beach 1 2.407945608651872 2.407945608651872
beat 1 2.120263536200091 2.120263536200091
beaten 1 3.912023005428146 3.912023005428146
beauty 0 2.207274913189721 0.0
became 1 0.7133498878774648 0.7133498878774648
become 1 1.2378743560016172 1.2378743560016172
becomes 1 2.0402208285265546 2.0402208285265546
bed 1 2.659260036932778 2.659260036932778
bedroom 1 3.506557897319982 3.506557897319982
began 1 0.8675005677047231 0.8675005677047231
begin 1 1.7147984280919266 1.7147984280919266
behalf 1 3.2188758248682006 3.2188758248682006
behaviour 1 2.995732273553991 2.995732273553991
belief 0 2.5257286443082556 0.0
believe 1 2.302585092994046 2.302585092994046
believed 1 2.120263536200091 2.120263536200091
bella 1 4.605170185988092 4.605170185988092
belle 1 3.912023005428146 3.912023005428146
bellingham 1 4.605170185988092 4.605170185988092
ben 1 2.207274913189721 2.207274913189721
benefactor 1 4.605170185988092 4.605170185988092
bennett 1 2.659260036932778 2.659260036932778
bernard 1 2.995732273553991 2.995732273553991
best 1 1.0216512475319812 1.0216512475319812
beth 1 3.912023005428146 3.912023005428146
better 1 1.8971199848858813 1.8971199848858813
bevan 1 4.605170185988092 4.605170185988092
bezmel 1 4.605170185988092 4.605170185988092
bianca 1 3.912023005428146 3.912023005428146
bid 1 2.5257286443082556 2.5257286443082556
big 1 1.3862943611198906 1.3862943611198906
billie 1 3.912023005428146 3.912023005428146
birthday 1 3.506557897319982 3.506557897319982
bishop 1 2.407945608651872 2.407945608651872
blackmail 0 4.605170185988092 0.0
blake 1 2.995732273553991 2.995732273553991
blame 1 3.506557897319982 3.506557897319982
blast 1 3.506557897319982 3.506557897319982
bledcoes 1 4.605170185988092 4.605170185988092
block 1 2.407945608651872 2.407945608651872
board 1 1.5606477482646683 1.5606477482646683
boat 1 3.2188758248682006 3.2188758248682006
boating 1 4.605170185988092 4.605170185988092
bob 1 1.8971199848858813 1.8971199848858813
bobby 1 2.659260036932778 2.659260036932778
body 1 1.4271163556401458 1.4271163556401458
bomb 1 4.605170185988092 4.605170185988092
bombshell 1 4.605170185988092 4.605170185988092
bonney 1 4.605170185988092 4.605170185988092
boofhead 1 4.605170185988092 4.605170185988092
book 1 0.6348782724359695 0.6348782724359695
booth 1 2.995732273553991 2.995732273553991
borrows 1 4.605170185988092 4.605170185988092
bos 0 2.995732273553991 0.0
bottle 1 3.912023005428146 3.912023005428146
bottled 1 4.605170185988092 4.605170185988092
box 1 2.5257286443082556 2.5257286443082556
boxing 1 3.506557897319982 3.506557897319982
boy 0 1.8325814637483102 0.0
boyfriend 1 3.912023005428146 3.912023005428146
bozic 1 4.605170185988092 4.605170185988092
bracey 1 4.605170185988092 4.605170185988092
bradford 1 3.2188758248682006 3.2188758248682006
bradley 1 2.407945608651872 2.407945608651872
brand 1 2.302585092994046 2.302585092994046
branded 1 4.605170185988092 4.605170185988092
braxton 1 4.605170185988092 4.605170185988092
break 0 2.407945608651872 0.0
breakdown 1 2.659260036932778 2.659260036932778
breakfast 1 3.912023005428146 3.912023005428146
breaking 1 2.659260036932778 2.659260036932778
breed 0 4.605170185988092 0.0
brendan 1 3.506557897319982 3.506557897319982
brian 1 1.6607312068216509 1.6607312068216509
brians 1 4.605170185988092 4.605170185988092
bridget 1 3.2188758248682006 3.2188758248682006
bring 1 1.8971199848858813 1.8971199848858813
brings 1 3.2188758248682006 3.2188758248682006
britney 1 4.605170185988092 4.605170185988092
britt 1 3.912023005428146 3.912023005428146
broadcast 1 2.8134107167600364 2.8134107167600364
brodie 1 4.605170185988092 4.605170185988092
brody 1 4.605170185988092 4.605170185988092
broken 1 2.207274913189721 2.207274913189721
brother 1 1.6607312068216509 1.6607312068216509
brought 1 1.5606477482646683 1.5606477482646683
bruised 1 4.605170185988092 4.605170185988092
buchanan 1 3.506557897319982 3.506557897319982
buckton 1 4.605170185988092 4.605170185988092
bucktons 1 4.605170185988092 4.605170185988092
build 1 2.120263536200091 2.120263536200091
buildup 1 4.605170185988092 4.605170185988092
bullying 1 3.506557897319982 3.506557897319982
buried 1 2.659260036932778 2.659260036932778
burn 0 2.302585092994046 0.0
burst 0 4.605170185988092 0.0
bus 1 2.995732273553991 2.995732273553991
bush 1 2.5257286443082556 2.5257286443082556
butt 0 4.605170185988092 0.0
call 1 1.7719568419318754 1.7719568419318754
callan 1 3.912023005428146 3.912023005428146
callous 1 3.912023005428146 3.912023005428146
calm 1 3.2188758248682006 3.2188758248682006
came 1 1.6094379124341003 1.6094379124341003
camera 1 2.995732273553991 2.995732273553991
cameron 1 3.2188758248682006 3.2188758248682006
campbell 1 2.207274913189721 2.207274913189721
campus 1 2.302585092994046 2.302585092994046
candidate 1 2.207274913189721 2.207274913189721
captured 1 2.407945608651872 2.407945608651872
car 1 1.7147984280919266 1.7147984280919266
cara 1 4.605170185988092 4.605170185988092
caravan 1 4.605170185988092 4.605170185988092
card 1 1.7147984280919266 1.7147984280919266
care 1 2.120263536200091 2.120263536200091
career 1 1.2729656758128876 1.2729656758128876
carena 1 4.605170185988092 4.605170185988092
carers 1 4.605170185988092 4.605170185988092
carly 1 3.2188758248682006 3.2188758248682006
carolyn 1 3.912023005428146 3.912023005428146
casamento 1 4.605170185988092 4.605170185988092
case 1 1.3862943611198906 1.3862943611198906
casey 1 2.659260036932778 2.659260036932778
cassie 1 3.912023005428146 3.912023005428146
cast 1 1.8971199848858813 1.8971199848858813
casting 1 2.8134107167600364 2.8134107167600364
catapult 1 4.605170185988092 4.605170185988092
catch 0 3.2188758248682006 0.0
category 1 0.0 0.0
catriona 1 4.605170185988092 4.605170185988092
caught 1 2.8134107167600364 2.8134107167600364
cause 0 2.0402208285265546 0.0
caused 1 2.407945608651872 2.407945608651872
causing 1 2.659260036932778 2.659260036932778
cease 1 3.912023005428146 3.912023005428146
celeste 1 4.605170185988092 4.605170185988092
celia 1 4.605170185988092 4.605170185988092
cement 1 4.605170185988092 4.605170185988092
centerpx 1 0.0408219945202552 0.0408219945202552
ceremony 1 2.302585092994046 2.302585092994046
chagrin 1 4.605170185988092 4.605170185988092
chamber 0 2.995732273553991 0.0
chance 1 2.659260036932778 2.659260036932778
change 0 0.0 0.0
changed 1 1.6607312068216509 1.6607312068216509
channel 1 2.302585092994046 2.302585092994046
chapman 1 2.995732273553991 2.995732273553991
chapnik 1 4.605170185988092 4.605170185988092
character 1 1.7147984280919266 1.7147984280919266
charge 0 2.0402208285265546 0.0
charged 1 3.2188758248682006 3.2188758248682006
charlie 1 2.5257286443082556 2.5257286443082556
charlies 1 4.605170185988092 4.605170185988092
charlotte 1 2.5257286443082556 2.5257286443082556
chase 1 2.995732273553991 2.995732273553991
check 0 2.302585092994046 0.0
cheeky 1 4.605170185988092 4.605170185988092
cheque 1 4.605170185988092 4.605170185988092
child 0 1.07880966137193 0.0
chloe 1 3.506557897319982 3.506557897319982
chose 1 3.2188758248682006 3.2188758248682006
chris 1 1.6607312068216509 1.6607312068216509
christian 1 1.4696759700589417 1.4696759700589417
christie 1 3.912023005428146 3.912023005428146
christine 1 2.8134107167600364 2.8134107167600364
cinis 1 4.605170185988092 4.605170185988092
circumstance 0 3.2188758248682006 0.0
citation 1 0.0408219945202552 0.0408219945202552
cite 1 0.0 0.0
citejournal 1 1.9661128563728327 1.9661128563728327
citeweb 1 0.5447271754416719 0.5447271754416719
city 1 0.6348782724359695 0.6348782724359695
clark 1 1.6607312068216509 1.6607312068216509
clash 1 2.659260036932778 2.659260036932778
clayton 1 2.659260036932778 2.659260036932778
clear 1 2.207274913189721 2.207274913189721
cleared 1 3.912023005428146 3.912023005428146
cliff 1 2.995732273553991 2.995732273553991
clinic 1 3.2188758248682006 3.2188758248682006
close 1 1.9661128563728327 1.9661128563728327
closeknit 1 4.605170185988092 4.605170185988092
clothes 1 3.506557897319982 3.506557897319982
club 1 1.4271163556401458 1.4271163556401458
coached 1 2.995732273553991 2.995732273553991
coastal 1 2.995732273553991 2.995732273553991
coburn 1 3.912023005428146 3.912023005428146
code 1 0.0 0.0
colby 1 3.506557897319982 3.506557897319982
cold 1 2.207274913189721 2.207274913189721
coleby 1 4.605170185988092 4.605170185988092
coleman 1 2.995732273553991 2.995732273553991
coll 1 4.605170185988092 4.605170185988092
collapse 1 3.2188758248682006 3.2188758248682006
collect 0 3.506557897319982 0.0
colleen 1 3.506557897319982 3.506557897319982
colouring 1 4.605170185988092 4.605170185988092
come 1 1.3470736479666094 1.3470736479666094
comfort 1 3.2188758248682006 3.2188758248682006
committed 1 2.995732273553991 2.995732273553991
common 0 0.0 0.0
completed 1 2.0402208285265546 2.0402208285265546
complies 1 4.605170185988092 4.605170185988092
compromise 1 3.506557897319982 3.506557897319982
con 1 3.2188758248682006 3.2188758248682006
conclusion 0 2.8134107167600364 0.0
concocts 1 4.605170185988092 4.605170185988092
condition 1 2.0402208285265546 2.0402208285265546
conduct 1 0.0 0.0
confesses 1 4.605170185988092 4.605170185988092
confidence 1 2.995732273553991 2.995732273553991
confirmed 1 2.207274913189721 2.207274913189721
confrontation 1 4.605170185988092 4.605170185988092
confronted 1 4.605170185988092 4.605170185988092
connect 1 3.2188758248682006 3.2188758248682006
connection 1 2.120263536200091 2.120263536200091
conrad 1 3.506557897319982 3.506557897319982
conspires 1 4.605170185988092 4.605170185988092
constable 1 3.506557897319982 3.506557897319982
construction 1 1.8325814637483102 1.8325814637483102
contact 1 0.0 0.0
contain 1 2.995732273553991 2.995732273553991
containing 1 1.4271163556401458 1.4271163556401458
contains 1 2.8134107167600364 2.8134107167600364
content 1 0.0 0.0
context 1 0.010050335853501506 0.010050335853501506
continue 1 2.207274913189721 2.207274913189721
continues 1 2.302585092994046 2.302585092994046
continuing 1 2.207274913189721 2.207274913189721
contract 1 2.207274913189721 2.207274913189721
contribute 1 0.0 0.0
contribution 0 0.0 0.0
control 1 0.7765287894989963 0.7765287894989963
conversation 1 2.8134107167600364 2.8134107167600364
convinced 1 3.912023005428146 3.912023005428146
convinces 1 4.605170185988092 4.605170185988092
convincing 1 3.506557897319982 3.506557897319982
cook 1 2.8134107167600364 2.8134107167600364
cookie 1 0.0 0.0
cookiematch 1 0.0 0.0
cooper 1 2.120263536200091 2.120263536200091
cope 1 3.2188758248682006 3.2188758248682006
copeland 1 3.912023005428146 3.912023005428146
copelands 1 4.605170185988092 4.605170185988092
copy 1 1.9661128563728327 1.9661128563728327
cornelia 1 4.605170185988092 4.605170185988092
cost 0 2.0402208285265546 0.0
could 1 1.2378743560016172 1.2378743560016172
council 1 1.4696759700589417 1.4696759700589417
counterlistitema 1 0.127833371509885 0.127833371509885
couple 1 2.659260036932778 2.659260036932778
courier 1 4.605170185988092 4.605170185988092
course 1 2.0402208285265546 2.0402208285265546
crash 0 2.5257286443082556 0.0
crawford 1 2.995732273553991 2.995732273553991
create 1 0.0 0.0
created 1 1.5606477482646683 1.5606477482646683
createdby 1 3.912023005428146 3.912023005428146
creates 1 3.506557897319982 3.506557897319982
creating 1 2.0402208285265546 2.0402208285265546
creative 1 0.0 0.0
creek 1 2.995732273553991 2.995732273553991
crime 1 1.9661128563728327 1.9661128563728327
critic 0 1.9661128563728327 0.0
croft 1 3.912023005428146 3.912023005428146
cruise 1 3.2188758248682006 3.2188758248682006
crush 1 3.912023005428146 3.912023005428146
cry 0 2.302585092994046 0.0
csmaintcolorf 1 0.06187540371808745 0.06187540371808745
csmaintcolorfmedia 1 0.0408219945202552 0.0408219945202552
cswsicon 1 0.0408219945202552 0.0408219945202552
culminating 1 3.912023005428146 3.912023005428146
cunningham 1 3.506557897319982 3.506557897319982
current 1 0.0 0.0
curry 1 3.506557897319982 3.506557897319982
curtis 1 2.302585092994046 2.302585092994046
custody 1 3.506557897319982 3.506557897319982
cut 1 1.9661128563728327 1.9661128563728327
cutest 1 4.605170185988092 4.605170185988092
dad 0 2.995732273553991 0.0
daily 1 1.4271163556401458 1.4271163556401458
daisy 1 3.506557897319982 3.506557897319982
dalby 1 4.605170185988092 4.605170185988092
dalzell 1 4.605170185988092 4.605170185988092
damian 1 3.506557897319982 3.506557897319982
dan 1 1.7719568419318754 1.7719568419318754
dance 1 2.407945608651872 2.407945608651872
danger 1 2.407945608651872 2.407945608651872
dani 1 4.605170185988092 4.605170185988092
daniel 1 1.3862943611198906 1.3862943611198906
danielle 1 3.2188758248682006 3.2188758248682006
danny 1 3.506557897319982 3.506557897319982
dans 1 3.912023005428146 3.912023005428146
darcy 1 3.506557897319982 3.506557897319982
darren 1 4.605170185988092 4.605170185988092
darryl 1 4.605170185988092 4.605170185988092
database 1 0.9675840262617057 0.9675840262617057
date 1 0.3147107448397002 0.3147107448397002
dating 1 3.506557897319982 3.506557897319982
daughter 1 1.5141277326297755 1.5141277326297755
david 1 0.9942522733438669 0.9942522733438669
davis 1 1.6607312068216509 1.6607312068216509
day 1 0.5276327420823719 0.5276327420823719
daytime 1 2.995732273553991 2.995732273553991
dead 1 1.5606477482646683 1.5606477482646683
deal 1 1.8325814637483102 1.8325814637483102
dean 1 2.659260036932778 2.659260036932778
death 1 1.171182981502945 1.171182981502945
debi 1 4.605170185988092 4.605170185988092
debut 1 1.8325814637483102 1.8325814637483102
debuted 1 3.2188758248682006 3.2188758248682006
december 1 0.37106368139083196 0.37106368139083196
decided 1 2.120263536200091 2.120263536200091
decides 1 2.995732273553991 2.995732273553991
decline 0 2.5257286443082556 0.0
defeat 0 1.9661128563728327 0.0
defuses 1 4.605170185988092 4.605170185988092
delaney 1 3.912023005428146 3.912023005428146
demand 0 2.407945608651872 0.0
demanding 1 4.605170185988092 4.605170185988092
denial 0 3.506557897319982 0.0
denny 1 3.912023005428146 3.912023005428146
departed 1 3.912023005428146 3.912023005428146
departure 1 2.995732273553991 2.995732273553991
deployed 1 3.912023005428146 3.912023005428146
deputy 1 2.302585092994046 2.302585092994046
derek 1 3.2188758248682006 3.2188758248682006
describe 1 2.995732273553991 2.995732273553991
describes 1 3.2188758248682006 3.2188758248682006
description 1 0.07257069283483537 0.07257069283483537
desert 1 2.8134107167600364 2.8134107167600364
deserved 1 3.912023005428146 3.912023005428146
despite 1 1.1394342831883648 1.1394342831883648
determined 1 2.407945608651872 2.407945608651872
devastated 1 4.605170185988092 4.605170185988092
developer 1 0.0 0.0
development 1 1.3093333199837622 1.3093333199837622
devenish 1 4.605170185988092 4.605170185988092
dexter 1 3.2188758248682006 3.2188758248682006
diagnosed 1 3.506557897319982 3.506557897319982
diana 1 2.995732273553991 2.995732273553991
dibble 1 4.605170185988092 4.605170185988092
died 1 1.3093333199837622 1.3093333199837622
different 1 0.3424903089467759 0.3424903089467759
difficulty 0 2.995732273553991 0.0
digital 1 1.9661128563728327 1.9661128563728327
digitalspycouk 1 4.605170185988092 4.605170185988092
director 1 1.4271163556401458 1.4271163556401458
disappear 1 3.506557897319982 3.506557897319982
disappearance 1 3.2188758248682006 3.2188758248682006
disappeared 1 3.506557897319982 3.506557897319982
disappears 1 3.912023005428146 3.912023005428146
disclaimer 0 0.0 0.0
discover 1 3.2188758248682006 3.2188758248682006
discovered 1 2.995732273553991 2.995732273553991
discovers 1 3.506557897319982 3.506557897319982
discus 0 3.2188758248682006 0.0
disease 1 2.5257286443082556 2.5257286443082556
distant 1 3.2188758248682006 3.2188758248682006
distract 1 4.605170185988092 4.605170185988092
district 0 1.4271163556401458 0.0
ditched 1 4.605170185988092 4.605170185988092
dive 1 4.605170185988092 4.605170185988092
divided 1 2.995732273553991 2.995732273553991
dmy 1 1.4271163556401458 1.4271163556401458
doctor 0 1.6607312068216509 0.0
dodd 1 3.506557897319982 3.506557897319982
dodwell 1 4.605170185988092 4.605170185988092
dodwells 1 4.605170185988092 4.605170185988092
doesnt 1 2.995732273553991 2.995732273553991
domestic 1 2.995732273553991 2.995732273553991
donald 1 2.120263536200091 2.120263536200091
donate 1 0.0 0.0
donna 1 2.8134107167600364 2.8134107167600364
dowell 1 2.995732273553991 2.995732273553991
downer 1 4.605170185988092 4.605170185988092
downing 1 4.605170185988092 4.605170185988092
download 1 0.0 0.0
drain 1 3.506557897319982 3.506557897319982
drama 1 2.407945608651872 2.407945608651872
dream 0 2.0402208285265546 0.0
drew 1 2.659260036932778 2.659260036932778
drink 1 3.2188758248682006 3.2188758248682006
drive 0 2.0402208285265546 0.0
drop 1 2.8134107167600364 2.8134107167600364
dropped 1 2.0402208285265546 2.0402208285265546
drunk 1 3.506557897319982 3.506557897319982
drunken 1 3.506557897319982 3.506557897319982
drunkenly 1 4.605170185988092 4.605170185988092
drury 1 3.912023005428146 3.912023005428146
dtaftercontent 1 0.127833371509885 0.127833371509885
duck 1 3.506557897319982 3.506557897319982
due 1 0.9416085398584451 0.9416085398584451
duffy 1 2.995732273553991 2.995732273553991
duncan 1 3.2188758248682006 3.2188758248682006
dune 1 3.912023005428146 3.912023005428146
dunn 1 2.659260036932778 2.659260036932778
duration 1 3.506557897319982 3.506557897319982
dvd 1 2.407945608651872 2.407945608651872
dy 0 2.5257286443082556 0.0
earl 1 2.659260036932778 2.659260036932778
earn 1 3.912023005428146 3.912023005428146
easily 1 2.995732273553991 2.995732273553991
easygoing 1 4.605170185988092 4.605170185988092
eden 1 3.506557897319982 3.506557897319982
edge 1 2.120263536200091 2.120263536200091
edward 1 1.5606477482646683 1.5606477482646683
effort 0 1.5141277326297755 0.0
either 1 1.9661128563728327 1.9661128563728327
elicia 1 4.605170185988092 4.605170185988092
elijah 1 4.605170185988092 4.605170185988092
elizabeth 1 1.9661128563728327 1.9661128563728327
elle 1 3.912023005428146 3.912023005428146
elli 0 2.659260036932778 0.0
elliot 1 3.912023005428146 3.912023005428146
elliots 1 4.605170185988092 4.605170185988092
elsie 1 3.506557897319982 3.506557897319982
elsies 1 4.605170185988092 4.605170185988092
emergency 1 3.506557897319982 3.506557897319982
emerges 1 4.605170185988092 4.605170185988092
emily 1 2.8134107167600364 2.8134107167600364
emma 1 2.8134107167600364 2.8134107167600364
emotion 0 3.2188758248682006 0.0
enabling 1 3.506557897319982 3.506557897319982
encourages 1 3.912023005428146 3.912023005428146
encyclopedia 1 0.0 0.0
end 1 0.7985076962177716 0.7985076962177716
enemy 1 2.8134107167600364 2.8134107167600364
english 1 0.0 0.0
enker 1 4.605170185988092 4.605170185988092
enquiry 1 4.605170185988092 4.605170185988092
entered 1 1.9661128563728327 1.9661128563728327
entire 1 2.0402208285265546 2.0402208285265546
episode 1 1.6094379124341003 1.6094379124341003
eric 1 1.8971199848858813 1.8971199848858813
erin 1 2.995732273553991 2.995732273553991
errol 1 3.912023005428146 3.912023005428146
escalate 1 4.605170185988092 4.605170185988092
escape 1 2.5257286443082556 2.5257286443082556
escaped 1 3.2188758248682006 3.2188758248682006
escort 1 3.506557897319982 3.506557897319982
especially 1 2.207274913189721 2.207274913189721
established 1 1.1086626245216111 1.1086626245216111
estate 1 2.120263536200091 2.120263536200091
esther 1 3.506557897319982 3.506557897319982
estranged 1 3.506557897319982 3.506557897319982
europe 1 1.5141277326297755 1.5141277326297755
evans 1 2.207274913189721 2.207274913189721
evelyn 1 3.912023005428146 3.912023005428146
even 1 1.1394342831883648 1.1394342831883648
event 1 0.0 0.0
eventual 1 2.995732273553991 2.995732273553991
eventually 1 1.9661128563728327 1.9661128563728327
everybody 1 3.506557897319982 3.506557897319982
evidence 1 2.302585092994046 2.302585092994046
evident 1 3.2188758248682006 3.2188758248682006
exacerbated 1 3.912023005428146 3.912023005428146
exchange 1 1.9661128563728327 1.9661128563728327
excited 1 3.912023005428146 3.912023005428146
exciting 1 3.506557897319982 3.506557897319982
executive 1 1.8325814637483102 1.8325814637483102
exgirlfriend 1 4.605170185988092 4.605170185988092
exit 1 2.995732273553991 2.995732273553991
exorcism 1 4.605170185988092 4.605170185988092
exp 1 0.0 0.0
expelled 1 2.659260036932778 2.659260036932778
experience 1 1.8325814637483102 1.8325814637483102
explained 1 2.995732273553991 2.995732273553991
explains 1 2.302585092994046 2.302585092994046
explanation 0 2.995732273553991 0.0
explores 1 3.912023005428146 3.912023005428146
expose 1 3.912023005428146 3.912023005428146
exposing 1 3.912023005428146 3.912023005428146
extent 1 2.5257286443082556 2.5257286443082556
external 1 0.44628710262841953 0.44628710262841953
exwife 1 4.605170185988092 4.605170185988092
eye 1 1.6607312068216509 1.6607312068216509
facade 1 4.605170185988092 4.605170185988092
fahey 1 4.605170185988092 4.605170185988092
failed 1 2.302585092994046 2.302585092994046
failing 1 2.8134107167600364 2.8134107167600364
fails 1 4.605170185988092 4.605170185988092
fairfax 1 3.912023005428146 3.912023005428146
faith 1 1.9661128563728327 1.9661128563728327
fake 1 3.2188758248682006 3.2188758248682006
fall 0 1.07880966137193 0.0
fallen 1 2.659260036932778 2.659260036932778
family 1 0.9162907318741551 0.9162907318741551
fan 1 1.7147984280919266 1.7147984280919266
farewell 1 2.8134107167600364 2.8134107167600364
farm 1 2.659260036932778 2.659260036932778
father 1 1.3093333199837622 1.3093333199837622
favourite 1 3.506557897319982 3.506557897319982
feature 1 1.4696759700589417 1.4696759700589417
featuring 1 2.659260036932778 2.659260036932778
february 1 0.27443684570176036 0.27443684570176036
feel 1 3.2188758248682006 3.2188758248682006
feeling 0 2.5257286443082556 0.0
feigns 1 4.605170185988092 4.605170185988092
felix 1 2.995732273553991 2.995732273553991
fellow 1 2.120263536200091 2.120263536200091
felt 1 2.302585092994046 2.302585092994046
female 1 2.207274913189721 2.207274913189721
fernandez 1 3.2188758248682006 3.2188758248682006
feuerriegel 1 4.605170185988092 4.605170185988092
fiance 1 3.912023005428146 3.912023005428146
fiery 1 4.605170185988092 4.605170185988092
fight 1 1.8325814637483102 1.8325814637483102
fighter 1 3.506557897319982 3.506557897319982
fighting 1 2.207274913189721 2.207274913189721
fil 1 4.605170185988092 4.605170185988092
file 1 0.0 0.0
filipacchi 1 4.605170185988092 4.605170185988092
filled 1 2.995732273553991 2.995732273553991
film 1 1.4696759700589417 1.4696759700589417
filmed 1 2.659260036932778 2.659260036932778
filming 1 2.8134107167600364 2.8134107167600364
final 1 0.9942522733438669 0.9942522733438669
find 1 1.3093333199837622 1.3093333199837622
finger 1 4.605170185988092 4.605170185988092
finished 1 2.0402208285265546 2.0402208285265546
finlay 1 4.605170185988092 4.605170185988092
fiona 1 3.912023005428146 3.912023005428146
fire 1 1.7147984280919266 1.7147984280919266
fired 1 2.995732273553991 2.995732273553991
first 1 0.1508228897345837 0.1508228897345837
firstappearance 1 3.912023005428146 3.912023005428146
fisher 1 2.995732273553991 2.995732273553991
fit 1 3.2188758248682006 3.2188758248682006
fitzgerald 1 3.506557897319982 3.506557897319982
five 1 1.0216512475319812 1.0216512475319812
flashback 0 3.912023005428146 0.0
flask 1 4.605170185988092 4.605170185988092
flee 1 3.912023005428146 3.912023005428146
fletcher 1 3.2188758248682006 3.2188758248682006
flighty 1 4.605170185988092 4.605170185988092
floss 1 4.605170185988092 4.605170185988092
flynn 1 3.912023005428146 3.912023005428146
focus 1 2.0402208285265546 2.0402208285265546
follow 1 2.5257286443082556 2.5257286443082556
following 1 0.7133498878774648 0.7133498878774648
footage 1 2.8134107167600364 2.8134107167600364
force 1 1.2378743560016172 1.2378743560016172
forced 1 2.207274913189721 2.207274913189721
forget 1 2.995732273553991 2.995732273553991
forgetful 1 4.605170185988092 4.605170185988092
forgive 1 4.605170185988092 4.605170185988092
form 1 1.3470736479666094 1.3470736479666094
formal 1 2.659260036932778 2.659260036932778
former 1 0.9675840262617057 0.9675840262617057
forrest 1 4.605170185988092 4.605170185988092
forward 1 2.207274913189721 2.207274913189721
foster 1 2.207274913189721 2.207274913189721
fostered 1 4.605170185988092 4.605170185988092
found 1 1.2039728043259361 1.2039728043259361
foundation 1 0.0 0.0
four 1 0.7985076962177716 0.7985076962177716
fowler 1 4.605170185988092 4.605170185988092
fractured 1 3.912023005428146 3.912023005428146
france 0 1.2039728043259361 0.0
frank 1 1.7147984280919266 1.7147984280919266
franklin 1 2.407945608651872 2.407945608651872
fraser 1 2.995732273553991 2.995732273553991
free 1 0.0 0.0
freespirited 1 3.912023005428146 3.912023005428146
friday 1 2.8134107167600364 2.8134107167600364
friend 1 1.3470736479666094 1.3470736479666094
front 1 1.7147984280919266 1.7147984280919266
fugitive 1 3.912023005428146 3.912023005428146
full 1 1.1086626245216111 1.1086626245216111
fun 1 2.8134107167600364 2.8134107167600364
fund 0 2.407945608651872 0.0
funeral 1 2.5257286443082556 2.5257286443082556
furze 1 4.605170185988092 4.605170185988092
gain 1 2.207274913189721 2.207274913189721
game 0 1.2378743560016172 0.0
gavin 1 4.605170185988092 4.605170185988092
gay 1 2.995732273553991 2.995732273553991
general 1 0.0 0.0
generally 1 2.407945608651872 2.407945608651872
geoff 1 3.2188758248682006 3.2188758248682006
geoffrey 1 3.2188758248682006 3.2188758248682006
georgina 1 3.912023005428146 3.912023005428146
get 1 0.0 0.0
getting 1 2.207274913189721 2.207274913189721
gig 1 3.912023005428146 3.912023005428146
gillen 1 3.912023005428146 3.912023005428146
gina 1 3.2188758248682006 3.2188758248682006
girl 1 1.7719568419318754 1.7719568419318754
girlfriend 1 3.506557897319982 3.506557897319982
give 1 1.5141277326297755 1.5141277326297755
giving 1 2.207274913189721 2.207274913189721
glass 1 2.8134107167600364 2.8134107167600364
gleeson 1 4.605170185988092 4.605170185988092
go 0 2.120263536200091 0.0
going 1 1.8325814637483102 1.8325814637483102
gold 1 1.6094379124341003 1.6094379124341003
gone 1 2.659260036932778 2.659260036932778
good 1 1.3093333199837622 1.3093333199837622
gordon 1 2.5257286443082556 2.5257286443082556
got 1 2.302585092994046 2.302585092994046
goulburn 1 4.605170185988092 4.605170185988092
gould 1 2.995732273553991 2.995732273553991
grab 0 3.912023005428146 0.0
graham 1 2.659260036932778 2.659260036932778
granddaughter 0 3.506557897319982 0.0
grandfather 0 2.659260036932778 0.0
grandmother 1 3.506557897319982 3.506557897319982
granger 1 3.912023005428146 3.912023005428146
grant 1 2.5257286443082556 2.5257286443082556
gratitude 1 4.605170185988092 4.605170185988092
grave 1 2.995732273553991 2.995732273553991
great 1 0.9675840262617057 0.9675840262617057
green 1 1.171182981502945 1.171182981502945
greg 1 2.302585092994046 2.302585092994046
gregor 1 3.2188758248682006 3.2188758248682006
grey 1 2.995732273553991 2.995732273553991
grieving 1 4.605170185988092 4.605170185988092
groot 1 3.2188758248682006 3.2188758248682006
ground 1 1.8325814637483102 1.8325814637483102
group 1 0.8209805520698303 0.8209805520698303
growing 1 2.5257286443082556 2.5257286443082556
gu 0 4.605170185988092 0.0
guardian 0 2.302585092994046 0.0
guild 1 3.2188758248682006 3.2188758248682006
guilty 1 2.8134107167600364 2.8134107167600364
guire 1 2.995732273553991 2.995732273553991
gun 1 2.207274913189721 2.207274913189721
gunpoint 1 4.605170185988092 4.605170185988092
gyoerffy 1 4.605170185988092 4.605170185988092
gypsy 1 4.605170185988092 4.605170185988092
hachette 1 4.605170185988092 4.605170185988092
halliwell 1 4.605170185988092 4.605170185988092
hamp 1 3.912023005428146 3.912023005428146
hand 1 1.3862943611198906 1.3862943611198906
hanging 1 3.506557897319982 3.506557897319982
hannah 1 3.2188758248682006 3.2188758248682006
hanson 1 3.506557897319982 3.506557897319982
happened 1 2.5257286443082556 2.5257286443082556
happy 1 2.659260036932778 2.659260036932778
harassing 1 4.605170185988092 4.605170185988092
harrington 1 3.506557897319982 3.506557897319982
harris 1 2.302585092994046 2.302585092994046
harry 1 2.120263536200091 2.120263536200091
hatnote 1 0.843970070294529 0.843970070294529
hay 1 2.995732273553991 2.995732273553991
haydn 1 4.605170185988092 4.605170185988092
hayes 1 2.5257286443082556 2.5257286443082556
hayley 1 4.605170185988092 4.605170185988092
hayson 1 4.605170185988092 4.605170185988092
he 0 2.995732273553991 0.0
head 1 1.1086626245216111 1.1086626245216111
heard 1 2.659260036932778 2.659260036932778
hearing 1 2.8134107167600364 2.8134107167600364
hearst 1 4.605170185988092 4.605170185988092
heart 0 1.4696759700589417 0.0
heath 1 3.2188758248682006 3.2188758248682006
held 1 1.171182981502945 1.171182981502945
help 1 0.0 0.0
henderson 1 2.5257286443082556 2.5257286443082556
hepburn 1 4.605170185988092 4.605170185988092
herald 1 1.8971199848858813 1.8971199848858813
herbert 1 2.8134107167600364 2.8134107167600364
herbet 1 4.605170185988092 4.605170185988092
herbison 1 4.605170185988092 4.605170185988092
heroin 1 4.605170185988092 4.605170185988092
hidden 1 0.010050335853501506 0.010050335853501506
hide 1 0.0 0.0
high 1 0.9416085398584451 0.9416085398584451
hill 1 1.2039728043259361 1.2039728043259361
hilton 1 3.2188758248682006 3.2188758248682006
hire 1 3.912023005428146 3.912023005428146
hired 1 2.8134107167600364 2.8134107167600364
history 1 0.0 0.0
hit 1 2.407945608651872 2.407945608651872
hlist 1 0.127833371509885 0.127833371509885
hlistinline 1 0.127833371509885 0.127833371509885
hold 0 1.3470736479666094 0.0
holden 1 3.506557897319982 3.506557897319982
holdens 1 4.605170185988092 4.605170185988092
holding 1 2.207274913189721 2.207274913189721
holland 1 2.8134107167600364 2.8134107167600364
holly 1 3.506557897319982 3.506557897319982
hollywood 1 2.8134107167600364 2.8134107167600364
holy 1 1.8971199848858813 1.8971199848858813
home 1 0.7339691750802005 0.7339691750802005
homeand 1 4.605170185988092 4.605170185988092
homegrown 1 4.605170185988092 4.605170185988092
homeless 1 3.506557897319982 3.506557897319982
honeymooning 1 4.605170185988092 4.605170185988092
horrific 1 4.605170185988092 4.605170185988092
horrified 1 4.605170185988092 4.605170185988092
horror 1 2.659260036932778 2.659260036932778
hospital 1 1.9661128563728327 1.9661128563728327
hospitalized 1 3.506557897319982 3.506557897319982
host 0 2.407945608651872 0.0
hostage 1 3.912023005428146 3.912023005428146
house 1 1.0216512475319812 1.0216512475319812
however 1 0.6931471805599453 0.6931471805599453
hsc 1 4.605170185988092 4.605170185988092
hudson 1 2.207274913189721 2.207274913189721
hugo 1 4.605170185988092 4.605170185988092
humiliated 1 4.605170185988092 4.605170185988092
humiliating 1 4.605170185988092 4.605170185988092
hunk 0 4.605170185988092 0.0
hunter 1 2.0402208285265546 2.0402208285265546
hurdle 0 4.605170185988092 0.0
hurt 0 2.5257286443082556 0.0
husband 1 1.9661128563728327 1.9661128563728327
hyde 1 2.995732273553991 2.995732273553991
idato 1 4.605170185988092 4.605170185988092
idea 1 1.8325814637483102 1.8325814637483102
idlockfree 1 0.0408219945202552 0.0408219945202552
idlockfreeidlockfree 1 0.0408219945202552 0.0408219945202552
idlocklimited 1 0.0408219945202552 0.0408219945202552
idlockregistration 1 0.0408219945202552 0.0408219945202552
idlocksubscription 1 0.0408219945202552 0.0408219945202552
illegal 1 3.2188758248682006 3.2188758248682006
illness 1 3.506557897319982 3.506557897319982
implicate 1 4.605170185988092 4.605170185988092
inc 1 0.0 0.0
inclined 1 4.605170185988092 4.605170185988092
included 1 1.3093333199837622 1.3093333199837622
including 1 0.7133498878774648 0.7133498878774648
indecency 1 4.605170185988092 4.605170185988092
independence 1 2.302585092994046 2.302585092994046
independent 1 1.4271163556401458 1.4271163556401458
indi 1 4.605170185988092 4.605170185988092
indiana 1 2.302585092994046 2.302585092994046
infobox 1 0.3011050927839216 0.3011050927839216
infoboxsoapcharacter 1 3.912023005428146 3.912023005428146
infoboxtable 1 0.3147107448397002 0.3147107448397002
information 1 0.0 0.0
informed 1 2.659260036932778 2.659260036932778
informs 1 3.912023005428146 3.912023005428146
inherits 1 3.2188758248682006 3.2188758248682006
initial 1 2.120263536200091 2.120263536200091
injured 1 2.407945608651872 2.407945608651872
injury 1 2.659260036932778 2.659260036932778
inside 1 2.0402208285265546 2.0402208285265546
insisting 1 3.912023005428146 3.912023005428146
instant 1 3.506557897319982 3.506557897319982
instructing 1 3.912023005428146 3.912023005428146
insurance 1 3.506557897319982 3.506557897319982
interest 1 1.6607312068216509 1.6607312068216509
internal 1 2.995732273553991 2.995732273553991
internet 1 2.302585092994046 2.302585092994046
interrupted 1 3.912023005428146 3.912023005428146
intervenes 1 3.912023005428146 3.912023005428146
interview 1 1.8325814637483102 1.8325814637483102
intrigued 1 4.605170185988092 4.605170185988092
introduced 1 1.5606477482646683 1.5606477482646683
introducedby 1 3.912023005428146 3.912023005428146
introduces 1 3.2188758248682006 3.2188758248682006
introduction 1 2.207274913189721 2.207274913189721
inuniverse 1 3.912023005428146 3.912023005428146
investigate 1 2.8134107167600364 2.8134107167600364
investigation 1 2.120263536200091 2.120263536200091
invincible 1 4.605170185988092 4.605170185988092
invite 1 4.605170185988092 4.605170185988092
involved 1 1.5606477482646683 1.5606477482646683
ipacchi 1 4.605170185988092 4.605170185988092
ire 1 3.912023005428146 3.912023005428146
ireann 1 4.605170185988092 4.605170185988092
irene 1 4.605170185988092 4.605170185988092
irenes 1 4.605170185988092 4.605170185988092
irresponsible 1 4.605170185988092 4.605170185988092
irritation 1 4.605170185988092 4.605170185988092
island 1 1.5141277326297755 1.5141277326297755
issue 0 1.1086626245216111 0.0
item 1 0.010050335853501506 0.010050335853501506
jack 1 1.4696759700589417 1.4696759700589417
jackson 1 1.9661128563728327 1.9661128563728327
jaclyn 1 4.605170185988092 4.605170185988092
jacobz 1 4.605170185988092 4.605170185988092
jade 1 4.605170185988092 4.605170185988092
jai 1 3.2188758248682006 3.2188758248682006
jailed 1 3.506557897319982 3.506557897319982
jais 1 4.605170185988092 4.605170185988092
james 1 1.0498221244986776 1.0498221244986776
jamie 1 2.5257286443082556 2.5257286443082556
jamies 1 4.605170185988092 4.605170185988092
janossi 1 4.605170185988092 4.605170185988092
january 1 0.3424903089467759 0.3424903089467759
japan 1 1.7719568419318754 1.7719568419318754
jasmine 1 3.912023005428146 3.912023005428146
jason 1 1.6607312068216509 1.6607312068216509
jazz 1 3.2188758248682006 3.2188758248682006
jefferies 1 3.912023005428146 3.912023005428146
jellyfish 1 3.912023005428146 3.912023005428146
jenkins 1 3.2188758248682006 3.2188758248682006
jesse 1 2.8134107167600364 2.8134107167600364
jessica 1 3.2188758248682006 3.2188758248682006
jetlag 1 4.605170185988092 4.605170185988092
jett 1 4.605170185988092 4.605170185988092
jimmy 1 2.302585092994046 2.302585092994046
job 1 2.302585092994046 2.302585092994046
jodi 1 3.912023005428146 3.912023005428146
joe 1 1.5141277326297755 1.5141277326297755
joel 1 3.506557897319982 3.506557897319982
joey 1 3.506557897319982 3.506557897319982
john 1 0.49429632181478017 0.49429632181478017
johnny 1 1.9661128563728327 1.9661128563728327
johnson 1 1.6094379124341003 1.6094379124341003
join 1 1.6607312068216509 1.6607312068216509
joined 1 1.6607312068216509 1.6607312068216509
jon 1 2.5257286443082556 2.5257286443082556
jonak 1 4.605170185988092 4.605170185988092
jonathon 1 4.605170185988092 4.605170185988092
jones 1 1.5141277326297755 1.5141277326297755
jordan 1 1.7147984280919266 1.7147984280919266
josh 1 2.120263536200091 2.120263536200091
josie 1 4.605170185988092 4.605170185988092
journal 1 1.3093333199837622 1.3093333199837622
journalist 1 2.8134107167600364 2.8134107167600364
joy 1 2.659260036932778 2.659260036932778
joyride 1 4.605170185988092 4.605170185988092
jude 1 4.605170185988092 4.605170185988092
julie 1 2.5257286443082556 2.5257286443082556
july 1 0.43078291609245434 0.43078291609245434
jump 1 0.0 0.0
june 1 0.40047756659712536 0.40047756659712536
justin 1 2.407945608651872 2.407945608651872
justine 1 4.605170185988092 4.605170185988092
kane 1 3.2188758248682006 3.2188758248682006
kaneana 1 4.605170185988092 4.605170185988092
kanes 1 4.605170185988092 4.605170185988092
kat 1 2.995732273553991 2.995732273553991
kate 1 2.8134107167600364 2.8134107167600364
katrina 1 3.912023005428146 3.912023005428146
keating 1 3.912023005428146 3.912023005428146
keep 1 1.7719568419318754 1.7719568419318754
keiran 1 4.605170185988092 4.605170185988092
kelly 1 2.407945608651872 2.407945608651872
ken 1 2.407945608651872 2.407945608651872
kenny 1 2.995732273553991 2.995732273553991
kenzie 1 2.995732273553991 2.995732273553991
kenzies 1 4.605170185988092 4.605170185988092
kerry 1 2.995732273553991 2.995732273553991
kevin 1 1.5606477482646683 1.5606477482646683
kid 1 1.8971199848858813 1.8971199848858813
kidnapping 1 3.506557897319982 3.506557897319982
kidnaps 1 3.912023005428146 3.912023005428146
kilkelly 1 4.605170185988092 4.605170185988092
kill 1 1.7719568419318754 1.7719568419318754
killed 1 1.9661128563728327 1.9661128563728327
kim 1 2.407945608651872 2.407945608651872
kind 0 2.5257286443082556 0.0
king 1 1.3093333199837622 1.3093333199837622
kingdom 1 1.5141277326297755 1.5141277326297755
kingsley 1 4.605170185988092 4.605170185988092
kinnon 1 4.605170185988092 4.605170185988092
kirsty 1 3.912023005428146 3.912023005428146
kirstys 1 4.605170185988092 4.605170185988092
kiss 1 3.2188758248682006 3.2188758248682006
kissing 1 3.506557897319982 3.506557897319982
kit 1 3.2188758248682006 3.2188758248682006
knew 1 2.8134107167600364 2.8134107167600364
knocked 1 2.995732273553991 2.995732273553991
knocking 1 4.605170185988092 4.605170185988092
know 1 1.7147984280919266 1.7147984280919266
knox 1 3.2188758248682006 3.2188758248682006
kyle 1 2.120263536200091 2.120263536200091
labourer 1 3.912023005428146 3.912023005428146
lachlan 1 4.605170185988092 4.605170185988092
lance 1 2.995732273553991 2.995732273553991
land 1 1.5141277326297755 1.5141277326297755
landing 1 2.995732273553991 2.995732273553991
landslide 1 4.605170185988092 4.605170185988092
language 0 0.0 0.0
larry 1 2.207274913189721 2.207274913189721
lasance 1 4.605170185988092 4.605170185988092
last 1 0.0 0.0
lastappearance 1 4.605170185988092 4.605170185988092
late 1 1.3093333199837622 1.3093333199837622
later 1 0.5621189181535412 0.5621189181535412
laura 1 2.207274913189721 2.207274913189721
lawler 1 3.912023005428146 3.912023005428146
lawson 1 3.2188758248682006 3.2188758248682006
lead 0 1.6607312068216509 0.0
leading 1 1.3093333199837622 1.3093333199837622
leaf 0 2.302585092994046 0.0
leah 1 3.506557897319982 3.506557897319982
leahs 1 4.605170185988092 4.605170185988092
lear 1 3.2188758248682006 3.2188758248682006
learn 1 0.0 0.0
learned 1 2.5257286443082556 2.5257286443082556
learning 1 2.407945608651872 2.407945608651872
learns 1 3.506557897319982 3.506557897319982
leave 1 2.407945608651872 2.407945608651872
leaving 1 1.7147984280919266 1.7147984280919266
lee 1 1.6607312068216509 1.6607312068216509
leesha 1 4.605170185988092 4.605170185988092
left 1 1.171182981502945 1.171182981502945
leg 1 2.659260036932778 2.659260036932778
leigh 1 3.506557897319982 3.506557897319982
leods 1 4.605170185988092 4.605170185988092
let 1 1.8325814637483102 1.8325814637483102
level 1 1.9661128563728327 1.9661128563728327
lewis 1 1.8325814637483102 1.8325814637483102
liaftercontent 1 0.127833371509885 0.127833371509885
liam 1 4.605170185988092 4.605170185988092
license 1 0.0 0.0
lie 0 2.302585092994046 0.0
life 1 0.5447271754416719 0.5447271754416719
lifted 1 4.605170185988092 4.605170185988092
light 1 1.3862943611198906 1.3862943611198906
like 1 1.2039728043259361 1.2039728043259361
lincoln 1 2.5257286443082556 2.5257286443082556
link 1 0.0 0.0
liquid 1 3.2188758248682006 3.2188758248682006
lisa 1 2.995732273553991 2.995732273553991
list 1 0.6348782724359695 0.6348782724359695
listen 1 2.995732273553991 2.995732273553991
live 1 1.2378743560016172 1.2378743560016172
living 1 1.07880966137193 1.07880966137193
local 1 1.4696759700589417 1.4696759700589417
location 1 1.171182981502945 1.171182981502945
log 1 0.0 0.0
logan 1 2.995732273553991 2.995732273553991
logged 1 0.0 0.0
logie 1 4.605170185988092 4.605170185988092
logies 1 4.605170185988092 4.605170185988092
long 1 1.1086626245216111 1.1086626245216111
longhurst 1 4.605170185988092 4.605170185988092
longlist 1 4.605170185988092 4.605170185988092
longtime 1 2.8134107167600364 2.8134107167600364
look 1 2.0402208285265546 2.0402208285265546
looking 1 2.8134107167600364 2.8134107167600364
lose 1 2.995732273553991 2.995732273553991
loses 1 2.659260036932778 2.659260036932778
loss 1 1.7147984280919266 1.7147984280919266
lost 1 1.171182981502945 1.171182981502945
lot 1 2.659260036932778 2.659260036932778
loudmouth 1 4.605170185988092 4.605170185988092
love 1 1.4271163556401458 1.4271163556401458
lucas 1 2.995732273553991 2.995732273553991
lucinda 1 3.912023005428146 3.912023005428146
lucini 1 4.605170185988092 4.605170185988092
luck 1 3.912023005428146 3.912023005428146
lucky 1 3.2188758248682006 3.2188758248682006
luke 1 2.8134107167600364 2.8134107167600364
lynne 1 3.912023005428146 3.912023005428146
lyon 0 2.8134107167600364 0.0
mac 1 2.0402208285265546 2.0402208285265546
mackenzie 1 3.912023005428146 3.912023005428146
maddy 1 4.605170185988092 4.605170185988092
made 1 0.653926467406664 0.653926467406664
magazine 0 1.8971199848858813 0.0
maggie 1 3.506557897319982 3.506557897319982
mail 1 2.8134107167600364 2.8134107167600364
main 1 0.0 0.0
maintenance 1 2.995732273553991 2.995732273553991
make 1 1.0498221244986776 1.0498221244986776
making 1 1.6607312068216509 1.6607312068216509
mali 1 3.506557897319982 3.506557897319982
man 1 1.0498221244986776 1.0498221244986776
march 1 0.3147107448397002 0.3147107448397002
marco 1 2.5257286443082556 2.5257286443082556
margaret 1 2.302585092994046 2.302585092994046
marijuana 1 4.605170185988092 4.605170185988092
marilyn 1 3.912023005428146 3.912023005428146
marital 1 3.912023005428146 3.912023005428146
mark 1 1.1394342831883648 1.1394342831883648
marriage 1 2.120263536200091 2.120263536200091
married 1 1.5141277326297755 1.5141277326297755
marry 1 3.506557897319982 3.506557897319982
marshall 1 2.407945608651872 2.407945608651872
martha 1 2.8134107167600364 2.8134107167600364
martin 1 1.3470736479666094 1.3470736479666094
mason 1 2.207274913189721 2.207274913189721
match 1 0.8675005677047231 0.8675005677047231
matheson 1 4.605170185988092 4.605170185988092
mathews 1 3.912023005428146 3.912023005428146
matilda 1 4.605170185988092 4.605170185988092
matildas 1 4.605170185988092 4.605170185988092
matt 1 1.8325814637483102 1.8325814637483102
matter 0 2.0402208285265546 0.0
matthew 1 1.8325814637483102 1.8325814637483102
may 1 0.0 0.0
meagan 1 4.605170185988092 4.605170185988092
meagher 1 3.912023005428146 3.912023005428146
meal 1 3.912023005428146 3.912023005428146
mediate 1 3.912023005428146 3.912023005428146
medication 1 3.912023005428146 3.912023005428146
medium 0 0.49429632181478017 0.0
meet 1 1.6607312068216509 1.6607312068216509
melody 1 2.659260036932778 2.659260036932778
member 1 0.6733445532637655 0.6733445532637655
memorable 1 3.506557897319982 3.506557897319982
memorial 1 2.0402208285265546 2.0402208285265546
memory 1 2.207274913189721 2.207274913189721
menace 1 3.2188758248682006 3.2188758248682006
mental 1 2.8134107167600364 2.8134107167600364
mention 0 2.995732273553991 0.0
menu 1 0.0 0.0
mercy 1 2.5257286443082556 2.5257286443082556
met 1 1.8325814637483102 1.8325814637483102
michael 1 1.171182981502945 1.171182981502945
microsoft 1 3.506557897319982 3.506557897319982
mile 0 1.8971199848858813 0.0
miller 1 1.6094379124341003 1.6094379124341003
mind 1 2.302585092994046 2.302585092994046
mine 1 2.407945608651872 2.407945608651872
minx 1 4.605170185988092 4.605170185988092
miscarries 1 4.605170185988092 4.605170185988092
miss 0 2.302585092994046 0.0
missing 1 1.8971199848858813 1.8971199848858813
mitch 1 3.506557897319982 3.506557897319982
mitchell 1 2.302585092994046 2.302585092994046
mobile 1 0.0 0.0
model 1 1.8971199848858813 1.8971199848858813
moment 1 2.302585092994046 2.302585092994046
money 1 1.8325814637483102 1.8325814637483102
month 1 0.8915981192837835 0.8915981192837835
morag 1 4.605170185988092 4.605170185988092
morags 1 4.605170185988092 4.605170185988092
moran 1 3.506557897319982 3.506557897319982
morgan 1 2.207274913189721 2.207274913189721
morley 1 4.605170185988092 4.605170185988092
morning 1 1.8325814637483102 1.8325814637483102
morris 1 2.659260036932778 2.659260036932778
mother 1 1.5141277326297755 1.5141277326297755
move 1 0.0 0.0
moved 1 1.7719568419318754 1.7719568419318754
movie 1 1.7719568419318754 1.7719568419318754
mr 0 2.5257286443082556 0.0
msn 1 3.912023005428146 3.912023005428146
much 1 1.171182981502945 1.171182981502945
mulvey 1 4.605170185988092 4.605170185988092
murder 1 2.995732273553991 2.995732273553991
murderer 1 4.605170185988092 4.605170185988092
murphy 1 2.5257286443082556 2.5257286443082556
murray 1 2.302585092994046 2.302585092994046
musical 1 1.8971199848858813 1.8971199848858813
mystery 1 2.407945608651872 2.407945608651872
nabs 1 4.605170185988092 4.605170185988092
nadieen 1 4.605170185988092 4.605170185988092
name 0 0.5276327420823719 0.0
named 1 1.2039728043259361 1.2039728043259361
narelle 1 4.605170185988092 4.605170185988092
narrowly 1 3.2188758248682006 3.2188758248682006
nash 1 3.506557897319982 3.506557897319982
natalie 1 3.506557897319982 3.506557897319982
natalies 1 4.605170185988092 4.605170185988092
nate 1 3.2188758248682006 3.2188758248682006
nathan 1 2.5257286443082556 2.5257286443082556
navbar 1 0.23572233352106994 0.23572233352106994
navbarfontsizemedia 1 0.3147107448397002 0.3147107448397002
navbarmini 1 0.23572233352106994 0.23572233352106994
navbox 1 0.1392620673335076 0.1392620673335076
navboximage 1 0.1392620673335076 0.1392620673335076
navboxsubgroup 1 0.1392620673335076 0.1392620673335076
navboxtitle 1 0.1392620673335076 0.1392620673335076
navigation 1 0.0 0.0
near 1 1.8325814637483102 1.8325814637483102
nearly 1 2.8134107167600364 2.8134107167600364
need 0 1.2039728043259361 0.0
negative 1 2.5257286443082556 2.5257286443082556
neighbour 0 3.506557897319982 0.0
nephew 1 3.912023005428146 3.912023005428146
network 1 1.3470736479666094 1.3470736479666094
never 1 1.4696759700589417 1.4696759700589417
new 1 0.24846135929849972 0.24846135929849972
newcastle 1 3.2188758248682006 3.2188758248682006
news 1 0.843970070294529 0.843970070294529
newspaper 0 1.5141277326297755 0.0
newton 1 2.8134107167600364 2.8134107167600364
next 1 1.1086626245216111 1.1086626245216111
nicholas 1 2.302585092994046 2.302585092994046
nicholson 1 3.912023005428146 3.912023005428146
nick 1 2.120263536200091 2.120263536200091
nicking 1 4.605170185988092 4.605170185988092
nicodemou 1 4.605170185988092 4.605170185988092
nicole 1 3.2188758248682006 3.2188758248682006
nicoles 1 4.605170185988092 4.605170185988092
night 1 1.7719568419318754 1.7719568419318754
nightmare 0 3.2188758248682006 0.0
ninemsn 1 4.605170185988092 4.605170185988092
nipper 0 4.605170185988092 0.0
nixon 1 3.912023005428146 3.912023005428146
noah 1 3.506557897319982 3.506557897319982
nobbes 1 4.605170185988092 4.605170185988092
nobby 1 4.605170185988092 4.605170185988092
nod 1 3.2188758248682006 3.2188758248682006
noel 1 2.995732273553991 2.995732273553991
nominated 1 3.912023005428146 3.912023005428146
nomination 1 2.8134107167600364 2.8134107167600364
nominee 0 2.995732273553991 0.0
nonprofit 1 0.0 0.0
norman 1 2.302585092994046 2.302585092994046
north 1 0.8209805520698303 0.8209805520698303
northern 1 1.3093333199837622 1.3093333199837622
note 1 0.8209805520698303 0.8209805520698303
nothing 1 2.5257286443082556 2.5257286443082556
nottage 1 4.605170185988092 4.605170185988092
november 1 0.3011050927839216 0.3011050927839216
nude 1 4.605170185988092 4.605170185988092
number 1 0.7550225842780328 0.7550225842780328
nursing 1 3.912023005428146 3.912023005428146
oakley 1 3.912023005428146 3.912023005428146
obrien 1 2.8134107167600364 2.8134107167600364
obstacle 1 4.605170185988092 4.605170185988092
obtain 1 2.5257286443082556 2.5257286443082556
obtains 1 3.506557897319982 3.506557897319982
occupation 1 1.8971199848858813 1.8971199848858813
october 1 0.28768207245178085 0.28768207245178085
offence 1 3.912023005428146 3.912023005428146
offer 1 2.302585092994046 2.302585092994046
office 1 1.1086626245216111 1.1086626245216111
officer 1 1.7719568419318754 1.7719568419318754
official 1 0.7550225842780328 0.7550225842780328
often 1 1.6607312068216509 1.6607312068216509
okay 1 3.912023005428146 3.912023005428146
old 1 1.07880966137193 1.07880966137193
oliver 1 2.407945608651872 2.407945608651872
olivia 1 3.506557897319982 3.506557897319982
ollibeforecontent 1 0.127833371509885 0.127833371509885
ollie 1 4.605170185988092 4.605170185988092
one 1 0.23572233352106994 0.23572233352106994
oneale 1 4.605170185988092 4.605170185988092
onenight 1 4.605170185988092 4.605170185988092
online 1 1.4696759700589417 1.4696759700589417
onscree 1 4.605170185988092 4.605170185988092
onscreen 1 3.912023005428146 3.912023005428146
onto 1 3.506557897319982 3.506557897319982
opera 1 2.407945608651872 2.407945608651872
opined 1 3.506557897319982 3.506557897319982
opining 1 4.605170185988092 4.605170185988092
opposed 1 2.407945608651872 2.407945608651872
opposite 1 3.2188758248682006 3.2188758248682006
opposition 1 1.9661128563728327 1.9661128563728327
opts 1 3.506557897319982 3.506557897319982
orchestrated 1 4.605170185988092 4.605170185988092
order 1 1.171182981502945 1.171182981502945
organization 1 0.0 0.0
organizationname 1 0.010050335853501506 0.010050335853501506
original 1 0.4155154439616658 0.4155154439616658
originally 1 1.9661128563728327 1.9661128563728327
orphaned 1 3.912023005428146 3.912023005428146
osborne 1 3.2188758248682006 3.2188758248682006
oscar 1 3.912023005428146 3.912023005428146
others 1 1.1394342831883648 1.1394342831883648
outcast 1 4.605170185988092 4.605170185988092
outnumbered 1 3.912023005428146 3.912023005428146
outside 1 1.7147984280919266 1.7147984280919266
overpowering 1 4.605170185988092 4.605170185988092
overseas 1 2.995732273553991 2.995732273553991
owes 1 3.2188758248682006 3.2188758248682006
oxygen 1 3.506557897319982 3.506557897319982
page 1 0.0 0.0
paid 1 2.407945608651872 2.407945608651872
painting 1 2.8134107167600364 2.8134107167600364
palmer 1 2.995732273553991 2.995732273553991
panicky 1 4.605170185988092 4.605170185988092
pantano 1 4.605170185988092 4.605170185988092
parata 1 4.605170185988092 4.605170185988092
parent 0 1.9661128563728327 0.0
paris 1 2.0402208285265546 2.0402208285265546
park 1 1.3093333199837622 1.3093333199837622
parrish 1 3.506557897319982 3.506557897319982
part 1 0.6348782724359695 0.6348782724359695
partner 1 2.995732273553991 2.995732273553991
party 1 1.2378743560016172 1.2378743560016172
passionate 1 3.506557897319982 3.506557897319982
past 1 1.7719568419318754 1.7719568419318754
pat 1 2.5257286443082556 2.5257286443082556
path 1 2.302585092994046 2.302585092994046
patient 1 3.506557897319982 3.506557897319982
patterson 1 3.2188758248682006 3.2188758248682006
paul 1 0.8675005677047231 0.8675005677047231
paula 1 2.995732273553991 2.995732273553991
paying 1 3.912023005428146 3.912023005428146
payment 1 3.2188758248682006 3.2188758248682006
payphone 1 4.605170185988092 4.605170185988092
pdfprintable 1 0.0 0.0
peace 1 2.0402208285265546 2.0402208285265546
penn 1 2.995732273553991 2.995732273553991
people 1 0.49429632181478017 0.49429632181478017
perceived 1 3.912023005428146 3.912023005428146
perform 1 2.302585092994046 2.302585092994046
permanent 1 0.0 0.0
permanently 1 2.5257286443082556 2.5257286443082556
permission 1 2.659260036932778 2.659260036932778
perpetrator 1 3.912023005428146 3.912023005428146
personal 1 0.0 0.0
personality 1 2.207274913189721 2.207274913189721
perth 1 4.605170185988092 4.605170185988092
peta 1 4.605170185988092 4.605170185988092
peter 1 1.3093333199837622 1.3093333199837622
phase 1 2.302585092994046 2.302585092994046
phee 1 4.605170185988092 4.605170185988092
phelps 1 3.912023005428146 3.912023005428146
philip 1 1.7147984280919266 1.7147984280919266
phillips 1 2.995732273553991 2.995732273553991
phoebe 1 3.912023005428146 3.912023005428146
phone 1 2.8134107167600364 2.8134107167600364
photo 0 2.120263536200091 0.0
photocopy 0 4.605170185988092 0.0
phuket 1 4.605170185988092 4.605170185988092
pickering 1 3.506557897319982 3.506557897319982
piece 1 2.5257286443082556 2.5257286443082556
pier 1 3.912023005428146 3.912023005428146
pincus 1 4.605170185988092 4.605170185988092
piper 1 3.912023005428146 3.912023005428146
pippa 1 4.605170185988092 4.605170185988092
pirelli 1 3.912023005428146 3.912023005428146
place 1 0.653926467406664 0.653926467406664
placed 1 1.7147984280919266 1.7147984280919266
plan 1 1.4696759700589417 1.4696759700589417
planning 1 2.8134107167600364 2.8134107167600364
planting 1 4.605170185988092 4.605170185988092
play 1 1.2039728043259361 1.2039728043259361
played 1 1.3862943611198906 1.3862943611198906
playing 1 2.120263536200091 2.120263536200091
pneumonia 1 3.2188758248682006 3.2188758248682006
poem 0 3.506557897319982 0.0
point 0 1.2729656758128876 0.0
police 1 1.7719568419318754 1.7719568419318754
policy 1 0.0 0.0
popular 1 1.4696759700589417 1.4696759700589417
portal 1 0.0 0.0
portrayal 1 2.995732273553991 2.995732273553991
portrayed 1 2.5257286443082556 2.5257286443082556
portrayedby 1 4.605170185988092 4.605170185988092
poulos 1 4.605170185988092 4.605170185988092
prays 1 4.605170185988092 4.605170185988092
pregnant 1 3.912023005428146 3.912023005428146
preparing 1 4.605170185988092 4.605170185988092
present 1 0.9675840262617057 0.9675840262617057
press 0 0.7550225842780328 0.0
presumed 1 3.506557897319982 3.506557897319982
pretend 1 3.506557897319982 3.506557897319982
pretending 1 4.605170185988092 4.605170185988092
prevent 1 2.659260036932778 2.659260036932778
previously 1 1.8971199848858813 1.8971199848858813
prime 1 2.0402208285265546 2.0402208285265546
principal 1 2.8134107167600364 2.8134107167600364
printbodyns 1 0.09431067947124142 0.09431067947124142
printexport 1 0.0 0.0
prison 1 2.302585092994046 2.302585092994046
privacy 1 0.0 0.0
problem 1 2.120263536200091 2.120263536200091
producer 1 2.0402208285265546 2.0402208285265546
prof 0 2.995732273553991 0.0
project 0 0.0 0.0
promising 1 3.912023005428146 3.912023005428146
promoted 1 2.407945608651872 2.407945608651872
prompting 1 4.605170185988092 4.605170185988092
promptly 1 3.506557897319982 3.506557897319982
proposes 1 3.912023005428146 3.912023005428146
prove 1 3.506557897319982 3.506557897319982
psychiatric 1 4.605170185988092 4.605170185988092
public 1 0.9675840262617057 0.9675840262617057
pulled 1 3.912023005428146 3.912023005428146
punter 0 4.605170185988092 0.0
push 0 3.506557897319982 0.0
pushing 1 3.912023005428146 3.912023005428146
put 0 1.8971199848858813 0.0
queensland 1 3.912023005428146 3.912023005428146
question 0 1.7719568419318754 0.0
questioning 1 3.506557897319982 3.506557897319982
quickly 1 2.407945608651872 2.407945608651872
quiet 1 3.912023005428146 3.912023005428146
quit 1 3.506557897319982 3.506557897319982
quiz 0 3.912023005428146 0.0
quong 1 4.605170185988092 4.605170185988092
rachel 1 2.8134107167600364 2.8134107167600364
raco 1 4.605170185988092 4.605170185988092
radek 1 4.605170185988092 4.605170185988092
raidi 1 4.605170185988092 4.605170185988092
rainbow 1 3.2188758248682006 3.2188758248682006
ran 1 2.0402208285265546 2.0402208285265546
randall 1 2.659260036932778 2.659260036932778
random 1 0.0 0.0
ransom 1 4.605170185988092 4.605170185988092
rape 1 3.506557897319982 3.506557897319982
raping 1 4.605170185988092 4.605170185988092
rarely 1 3.506557897319982 3.506557897319982
ray 1 1.7147984280919266 1.7147984280919266
reach 1 2.302585092994046 2.302585092994046
read 1 0.0 0.0
readmitted 1 4.605170185988092 4.605170185988092
ready 1 2.302585092994046 2.302585092994046
realise 1 3.912023005428146 3.912023005428146
realises 1 3.912023005428146 3.912023005428146
really 1 2.5257286443082556 2.5257286443082556
reappears 1 3.912023005428146 3.912023005428146
rebecca 1 2.8134107167600364 2.8134107167600364
recall 1 3.506557897319982 3.506557897319982
received 1 1.1394342831883648 1.1394342831883648
receiving 1 1.8971199848858813 1.8971199848858813
recent 1 0.0 0.0
recently 1 2.302585092994046 2.302585092994046
reclaim 1 3.912023005428146 3.912023005428146
recognised 1 4.605170185988092 4.605170185988092
record 1 0.7765287894989963 0.7765287894989963
recorded 1 1.6607312068216509 1.6607312068216509
recording 1 2.5257286443082556 2.5257286443082556
recover 1 3.506557897319982 3.506557897319982
recovers 1 4.605170185988092 4.605170185988092
recruited 1 4.605170185988092 4.605170185988092
recurring 1 3.2188758248682006 3.2188758248682006
reed 1 2.659260036932778 2.659260036932778
reference 1 0.03045920748470844 0.03045920748470844
reflist 1 0.06187540371808745 0.06187540371808745
reflistcolumns 1 0.06187540371808745 0.06187540371808745
refuge 1 3.912023005428146 3.912023005428146
refuse 0 3.506557897319982 0.0
reg 1 0.0 0.0
registered 1 0.0 0.0
regular 1 1.5606477482646683 1.5606477482646683
rejected 1 2.407945608651872 2.407945608651872
rekindle 1 4.605170185988092 4.605170185988092
related 1 0.0 0.0
relationship 1 1.8971199848858813 1.8971199848858813
relative 0 2.5257286443082556 0.0
released 1 1.2729656758128876 1.2729656758128876
relent 1 4.605170185988092 4.605170185988092
reluctant 1 3.912023005428146 3.912023005428146
remains 1 2.0402208285265546 2.0402208285265546
rematch 1 4.605170185988092 4.605170185988092
remember 1 2.8134107167600364 2.8134107167600364
reminds 1 4.605170185988092 4.605170185988092
reopens 1 4.605170185988092 4.605170185988092
replacement 1 3.2188758248682006 3.2188758248682006
replacing 1 2.8134107167600364 2.8134107167600364
reported 1 1.8325814637483102 1.8325814637483102
reporter 1 3.2188758248682006 3.2188758248682006
reporting 1 2.8134107167600364 2.8134107167600364
reputation 1 3.2188758248682006 3.2188758248682006
request 1 2.0402208285265546 2.0402208285265546
rescue 1 2.659260036932778 2.659260036932778
rescued 1 4.605170185988092 4.605170185988092
reservation 0 3.912023005428146 0.0
resident 1 2.995732273553991 2.995732273553991
resort 1 3.506557897319982 3.506557897319982
respective 1 3.2188758248682006 3.2188758248682006
respectively 1 2.207274913189721 2.207274913189721
respond 1 3.506557897319982 3.506557897319982
responsible 1 2.302585092994046 2.302585092994046
restore 1 2.995732273553991 2.995732273553991
restrained 1 4.605170185988092 4.605170185988092
restraining 1 4.605170185988092 4.605170185988092
result 1 0.9942522733438669 0.9942522733438669
resulting 1 2.407945608651872 2.407945608651872
retaliation 1 3.506557897319982 3.506557897319982
retrieve 1 3.912023005428146 3.912023005428146
retrieved 1 0.0 0.0
return 1 1.07880966137193 1.07880966137193
returned 1 1.4271163556401458 1.4271163556401458
revealed 1 2.302585092994046 2.302585092994046
reveals 1 2.659260036932778 2.659260036932778
revenge 1 2.659260036932778 2.659260036932778
rewinds 1 4.605170185988092 4.605170185988092
rewrite 0 3.912023005428146 0.0
reynolds 1 2.5257286443082556 2.5257286443082556
rhys 1 4.605170185988092 4.605170185988092
rib 0 3.506557897319982 0.0
ric 1 4.605170185988092 4.605170185988092
richard 1 1.1394342831883648 1.1394342831883648
richards 1 2.8134107167600364 2.8134107167600364
rick 1 2.207274913189721 2.207274913189721
rickard 1 4.605170185988092 4.605170185988092
ricky 1 2.8134107167600364 2.8134107167600364
rife 1 4.605170185988092 4.605170185988092
risteska 1 4.605170185988092 4.605170185988092
ritchie 1 3.506557897319982 3.506557897319982
road 1 1.3862943611198906 1.3862943611198906
rob 1 2.8134107167600364 2.8134107167600364
robbery 1 4.605170185988092 4.605170185988092
robbie 1 3.912023005428146 3.912023005428146
robert 0 0.8675005677047231 0.0
robinson 1 2.120263536200091 2.120263536200091
rock 1 1.6094379124341003 1.6094379124341003
rodrgiues 1 4.605170185988092 4.605170185988092
rodrigues 1 3.912023005428146 3.912023005428146
roger 1 1.9661128563728327 1.9661128563728327
role 1 1.3470736479666094 1.3470736479666094
roman 1 1.7719568419318754 1.7719568419318754
romance 0 2.5257286443082556 0.0
romeo 1 3.506557897319982 3.506557897319982
roo 1 3.912023005428146 3.912023005428146
roof 1 3.506557897319982 3.506557897319982
room 1 2.207274913189721 2.207274913189721
roommate 1 4.605170185988092 4.605170185988092
rory 1 3.912023005428146 3.912023005428146
rosetta 1 4.605170185988092 4.605170185988092
ross 1 2.0402208285265546 2.0402208285265546
roth 1 2.995732273553991 2.995732273553991
roving 1 4.605170185988092 4.605170185988092
rowe 1 3.2188758248682006 3.2188758248682006
roxy 1 3.912023005428146 3.912023005428146
roy 1 2.120263536200091 2.120263536200091
ruby 1 3.2188758248682006 3.2188758248682006
rucksack 1 4.605170185988092 4.605170185988092
run 1 1.171182981502945 1.171182981502945
running 1 1.6607312068216509 1.6607312068216509
rushed 1 3.2188758248682006 3.2188758248682006
russell 1 2.0402208285265546 2.0402208285265546
ryan 1 1.8325814637483102 1.8325814637483102
ryder 1 3.912023005428146 3.912023005428146
sa 0 4.605170185988092 0.0
sack 0 4.605170185988092 0.0
said 1 1.5606477482646683 1.5606477482646683
sally 1 2.995732273553991 2.995732273553991
sam 1 2.8134107167600364 2.8134107167600364
sample 1 2.995732273553991 2.995732273553991
samuel 1 2.302585092994046 2.302585092994046
sand 1 3.2188758248682006 3.2188758248682006
sarah 1 2.302585092994046 2.302585092994046
sasha 1 4.605170185988092 4.605170185988092
saul 1 3.912023005428146 3.912023005428146
saunders 1 3.506557897319982 3.506557897319982
saving 1 2.407945608651872 2.407945608651872
saw 1 2.0402208285265546 2.0402208285265546
saying 1 1.8325814637483102 1.8325814637483102
scam 1 3.912023005428146 3.912023005428146
scene 1 2.0402208285265546 2.0402208285265546
school 1 0.7765287894989963 0.7765287894989963
science 1 1.171182981502945 1.171182981502945
scooter 1 4.605170185988092 4.605170185988092
score 1 1.6607312068216509 1.6607312068216509
scott 1 1.2729656758128876 1.2729656758128876
scream 0 4.605170185988092 0.0
screen 1 0.010050335853501506 0.010050335853501506
sea 1 2.0402208285265546 2.0402208285265546
seager 1 4.605170185988092 4.605170185988092
search 1 0.0 0.0
season 1 1.1394342831883648 1.1394342831883648
seb 1 4.605170185988092 4.605170185988092
second 1 0.49429632181478017 0.49429632181478017
secret 1 2.0402208285265546 2.0402208285265546
secretary 1 1.9661128563728327 1.9661128563728327
secretly 1 3.2188758248682006 3.2188758248682006
security 1 1.6607312068216509 1.6607312068216509
see 1 0.40047756659712536 0.40047756659712536
seeing 1 3.2188758248682006 3.2188758248682006
seemingly 1 3.506557897319982 3.506557897319982
seems 1 2.5257286443082556 2.5257286443082556
seen 1 1.8971199848858813 1.8971199848858813
selina 1 4.605170185988092 4.605170185988092
sending 1 3.506557897319982 3.506557897319982
sends 1 3.912023005428146 3.912023005428146
senior 1 2.0402208285265546 2.0402208285265546
separation 1 2.995732273553991 2.995732273553991
september 1 0.43078291609245434 0.43078291609245434
sergeant 1 3.912023005428146 3.912023005428146
serial 1 2.5257286443082556 2.5257286443082556
series 1 0.8675005677047231 0.8675005677047231
serious 1 2.659260036932778 2.659260036932778
serve 1 2.207274913189721 2.207274913189721
served 1 1.4696759700589417 1.4696759700589417
service 1 1.2378743560016172 1.2378743560016172
session 1 2.0402208285265546 2.0402208285265546
set 0 0.9942522733438669 0.0
settle 1 3.912023005428146 3.912023005428146
seven 1 1.6094379124341003 1.6094379124341003
several 1 0.8209805520698303 0.8209805520698303
sex 1 2.5257286443082556 2.5257286443082556
sexiest 1 4.605170185988092 4.605170185988092
sexual 1 3.506557897319982 3.506557897319982
sexy 1 2.995732273553991 2.995732273553991
shaky 1 4.605170185988092 4.605170185988092
shane 1 2.995732273553991 2.995732273553991
shannon 1 2.5257286443082556 2.5257286443082556
shardyn 1 4.605170185988092 4.605170185988092
share 1 0.0 0.0
sharpe 1 3.912023005428146 3.912023005428146
shauna 1 4.605170185988092 4.605170185988092
shelley 1 3.2188758248682006 3.2188758248682006
shirt 1 3.506557897319982 3.506557897319982
shock 1 3.2188758248682006 3.2188758248682006
shocking 1 3.912023005428146 3.912023005428146
shoot 1 2.8134107167600364 2.8134107167600364
shop 1 2.659260036932778 2.659260036932778
shore 1 2.8134107167600364 2.8134107167600364
short 1 0.06187540371808745 0.06187540371808745
shortdescription 1 0.2613647641344075 0.2613647641344075
shortened 1 0.0 0.0
shortly 1 2.207274913189721 2.207274913189721
shot 1 2.207274913189721 2.207274913189721
shotgun 1 4.605170185988092 4.605170185988092
show 1 1.0498221244986776 1.0498221244986776
shower 1 4.605170185988092 4.605170185988092
sibling 1 3.2188758248682006 3.2188758248682006
sid 1 2.995732273553991 2.995732273553991
sidebar 1 0.0 0.0
sign 1 1.8971199848858813 1.8971199848858813
signed 1 2.407945608651872 2.407945608651872
silent 1 2.659260036932778 2.659260036932778
silver 1 1.8971199848858813 1.8971199848858813
simmons 1 3.506557897319982 3.506557897319982
simon 1 2.0402208285265546 2.0402208285265546
simpson 1 2.995732273553991 2.995732273553991
siobhan 1 3.912023005428146 3.912023005428146
siren 0 4.605170185988092 0.0
sister 1 1.8325814637483102 1.8325814637483102
sit 1 3.506557897319982 3.506557897319982
site 1 0.0 0.0
situation 1 2.407945608651872 2.407945608651872
sivewright 1 4.605170185988092 4.605170185988092
six 1 1.3470736479666094 1.3470736479666094
skinnydipping 1 4.605170185988092 4.605170185988092
skye 1 3.912023005428146 3.912023005428146
skype 1 3.912023005428146 3.912023005428146
sleep 1 3.2188758248682006 3.2188758248682006
sleeping 1 3.912023005428146 3.912023005428146
small 1 1.4271163556401458 1.4271163556401458
smart 1 2.659260036932778 2.659260036932778
smith 1 1.2039728043259361 1.2039728043259361
smithers 1 4.605170185988092 4.605170185988092
snap 0 3.912023005428146 0.0
soap 1 2.995732273553991 2.995732273553991
soil 1 3.912023005428146 3.912023005428146
sold 1 2.0402208285265546 2.0402208285265546
solid 1 0.09431067947124142 0.09431067947124142
solved 1 3.506557897319982 3.506557897319982
someone 1 3.506557897319982 3.506557897319982
something 1 2.302585092994046 2.302585092994046
son 1 1.3093333199837622 1.3093333199837622
song 1 1.3470736479666094 1.3470736479666094
sonia 1 3.2188758248682006 3.2188758248682006
soon 1 1.8325814637483102 1.8325814637483102
sophie 1 3.912023005428146 3.912023005428146
south 1 0.9162907318741551 0.9162907318741551
speaking 1 2.8134107167600364 2.8134107167600364
speaks 1 3.2188758248682006 3.2188758248682006
spear 1 3.2188758248682006 3.2188758248682006
speargun 1 4.605170185988092 4.605170185988092
special 1 0.0 0.0
speech 1 2.5257286443082556 2.5257286443082556
spinoffs 1 3.912023005428146 3.912023005428146
spiral 1 4.605170185988092 4.605170185988092
spirit 0 1.7147984280919266 0.0
spot 0 2.659260036932778 0.0
spotted 1 4.605170185988092 4.605170185988092
spread 0 2.302585092994046 0.0
spring 1 1.5606477482646683 1.5606477482646683
sprint 1 3.2188758248682006 3.2188758248682006
spy 1 2.8134107167600364 2.8134107167600364
squad 1 2.659260036932778 2.659260036932778
stabbed 1 4.605170185988092 4.605170185988092
stabbing 1 3.912023005428146 3.912023005428146
stage 1 1.9661128563728327 1.9661128563728327
stand 1 2.120263536200091 2.120263536200091
star 1 0.9675840262617057 0.9675840262617057
starnowcomau 1 4.605170185988092 4.605170185988092
started 1 1.6094379124341003 1.6094379124341003
stated 1 2.120263536200091 2.120263536200091
statement 1 0.0 0.0
stating 1 2.120263536200091 2.120263536200091
station 1 1.8325814637483102 1.8325814637483102
statistic 0 0.0 0.0
stay 1 2.0402208285265546 2.0402208285265546
staying 1 3.506557897319982 3.506557897319982
steal 1 2.8134107167600364 2.8134107167600364
stealing 1 3.2188758248682006 3.2188758248682006
stephen 0 1.8971199848858813 0.0
steve 1 1.8971199848858813 1.8971199848858813
steven 1 2.207274913189721 2.207274913189721
stewart 1 2.207274913189721 2.207274913189721
still 1 0.9416085398584451 0.9416085398584451
stopped 1 2.995732273553991 2.995732273553991
storey 1 4.605170185988092 4.605170185988092
storm 1 2.302585092994046 2.302585092994046
story 1 1.5606477482646683 1.5606477482646683
storyline 1 2.8134107167600364 2.8134107167600364
strain 1 3.912023005428146 3.912023005428146
strained 1 3.912023005428146 3.912023005428146
stranded 1 3.506557897319982 3.506557897319982
stressed 1 3.506557897319982 3.506557897319982
strong 1 1.6607312068216509 1.6607312068216509
struggle 1 2.659260036932778 2.659260036932778
stuck 1 3.506557897319982 3.506557897319982
student 1 1.3862943611198906 1.3862943611198906
study 1 1.2729656758128876 1.2729656758128876
stung 1 4.605170185988092 4.605170185988092
stunt 1 3.2188758248682006 3.2188758248682006
successful 1 2.0402208285265546 2.0402208285265546
suddenly 1 3.2188758248682006 3.2188758248682006
suffered 1 2.659260036932778 2.659260036932778
suffering 1 2.659260036932778 2.659260036932778
suggestion 1 2.995732273553991 2.995732273553991
suggests 1 2.659260036932778 2.659260036932778
suicide 1 2.995732273553991 2.995732273553991
summer 1 1.5141277326297755 1.5141277326297755
sun 1 1.6607312068216509 1.6607312068216509
support 1 1.2729656758128876 1.2729656758128876
supposed 1 3.506557897319982 3.506557897319982
sure 1 2.659260036932778 2.659260036932778
surf 1 3.506557897319982 3.506557897319982
surfing 1 3.912023005428146 3.912023005428146
surfy 1 4.605170185988092 4.605170185988092
surrender 1 3.506557897319982 3.506557897319982
survives 1 4.605170185988092 4.605170185988092
suspect 1 3.912023005428146 3.912023005428146
suspended 1 2.995732273553991 2.995732273553991
suspends 1 4.605170185988092 4.605170185988092
suspicion 1 3.912023005428146 3.912023005428146
suspicious 1 3.506557897319982 3.506557897319982
sutherland 1 3.912023005428146 3.912023005428146
sydney 1 2.5257286443082556 2.5257286443082556
syllabus 1 3.912023005428146 3.912023005428146
table 1 0.0 0.0
take 1 0.9675840262617057 0.9675840262617057
taken 1 2.0402208285265546 2.0402208285265546
taking 1 1.6607312068216509 1.6607312068216509
talent 1 3.912023005428146 3.912023005428146
talk 1 0.0 0.0
talking 1 2.8134107167600364 2.8134107167600364
tamara 1 3.912023005428146 3.912023005428146
tane 1 4.605170185988092 4.605170185988092
tania 1 3.912023005428146 3.912023005428146
tank 1 2.5257286443082556 2.5257286443082556
tari 1 4.605170185988092 4.605170185988092
tart 1 4.605170185988092 4.605170185988092
tasha 1 3.912023005428146 3.912023005428146
taught 1 2.659260036932778 2.659260036932778
taylor 1 1.7719568419318754 1.7719568419318754
tdhlist 1 0.1392620673335076 0.1392620673335076
teacher 1 1.9661128563728327 1.9661128563728327
teen 1 2.995732273553991 2.995732273553991
teenager 0 3.912023005428146 0.0
teilifs 1 4.605170185988092 4.605170185988092
telegraph 1 2.8134107167600364 2.8134107167600364
television 1 1.6607312068216509 1.6607312068216509
tell 1 2.407945608651872 2.407945608651872
teller 1 3.506557897319982 3.506557897319982
telling 1 2.8134107167600364 2.8134107167600364
temperature 1 3.912023005428146 3.912023005428146
template 1 0.0 0.0
terence 1 3.912023005428146 3.912023005428146
term 0 0.0 0.0
tessa 1 3.912023005428146 3.912023005428146
test 1 2.207274913189721 2.207274913189721
text 1 0.0 0.0
thanks 1 2.8134107167600364 2.8134107167600364
thbodyskinresponsive 1 0.3147107448397002 0.3147107448397002
theme 1 2.302585092994046 2.302585092994046
thing 1 1.5606477482646683 1.5606477482646683
think 1 2.207274913189721 2.207274913189721
thompson 1 2.0402208285265546 2.0402208285265546
thorne 1 4.605170185988092 4.605170185988092
though 1 1.6607312068216509 1.6607312068216509
threatened 1 2.8134107167600364 2.8134107167600364
threatening 1 3.912023005428146 3.912023005428146
threatens 1 4.605170185988092 4.605170185988092
three 1 0.5798184952529422 0.5798184952529422
threeyearold 1 4.605170185988092 4.605170185988092
threw 1 3.506557897319982 3.506557897319982
thrilled 1 4.605170185988092 4.605170185988092
throw 0 3.2188758248682006 0.0
throwing 1 3.2188758248682006 3.2188758248682006
thrown 1 2.8134107167600364 2.8134107167600364
tightens 1 4.605170185988092 4.605170185988092
tim 1 1.6607312068216509 1.6607312068216509
time 1 0.28768207245178085 0.28768207245178085
timothy 1 2.302585092994046 2.302585092994046
tims 1 4.605170185988092 4.605170185988092
todd 1 2.5257286443082556 2.5257286443082556
together 1 1.5141277326297755 1.5141277326297755
toggle 1 0.010050335853501506 0.010050335853501506
told 1 2.302585092994046 2.302585092994046
tolhurst 1 4.605170185988092 4.605170185988092
tom 1 1.2378743560016172 1.2378743560016172
tonight 1 3.2188758248682006 3.2188758248682006
tony 1 1.8325814637483102 1.8325814637483102
tool 0 0.0 0.0
top 1 0.010050335853501506 0.010050335853501506
topic 1 0.0 0.0
torus 0 3.912023005428146 0.0
total 1 0.0 0.0
tough 1 3.2188758248682006 3.2188758248682006
tovey 1 4.605170185988092 4.605170185988092
towards 1 2.120263536200091 2.120263536200091
town 1 2.302585092994046 2.302585092994046
toxic 1 4.605170185988092 4.605170185988092
track 1 1.7719568419318754 1.7719568419318754
tracked 1 4.605170185988092 4.605170185988092
trademark 1 0.0 0.0
training 1 1.6094379124341003 1.6094379124341003
trampled 1 4.605170185988092 4.605170185988092
transferred 1 1.9661128563728327 1.9661128563728327
transmitted 1 4.605170185988092 4.605170185988092
trap 0 3.2188758248682006 0.0
travis 1 2.659260036932778 2.659260036932778
treat 0 3.912023005428146 0.0
treating 1 3.912023005428146 3.912023005428146
treatment 1 2.659260036932778 2.659260036932778
trek 1 3.506557897319982 3.506557897319982
trent 1 3.912023005428146 3.912023005428146
trey 1 3.506557897319982 3.506557897319982
trial 1 1.8971199848858813 1.8971199848858813
trick 1 3.2188758248682006 3.2188758248682006
tried 1 2.5257286443082556 2.5257286443082556
trip 1 2.302585092994046 2.302585092994046
tripwire 1 4.605170185988092 4.605170185988092
trouble 1 2.995732273553991 2.995732273553991
truth 1 2.407945608651872 2.407945608651872
try 1 2.5257286443082556 2.5257286443082556
trying 1 2.659260036932778 2.659260036932778
tsunami 1 4.605170185988092 4.605170185988092
tug 1 4.605170185988092 4.605170185988092
turn 1 2.0402208285265546 2.0402208285265546
turner 1 2.207274913189721 2.207274913189721
twin 0 2.407945608651872 0.0
two 1 0.43078291609245434 0.43078291609245434
ulpaddingem 1 0.1392620673335076 0.1392620673335076
ultimately 1 2.5257286443082556 2.5257286443082556
unable 1 2.407945608651872 2.407945608651872
unaware 1 4.605170185988092 4.605170185988092
uncle 0 2.659260036932778 0.0
uncontaminated 1 4.605170185988092 4.605170185988092
underground 1 2.5257286443082556 2.5257286443082556
underneath 1 3.506557897319982 3.506557897319982
unimpressed 1 4.605170185988092 4.605170185988092
unit 1 2.207274913189721 2.207274913189721
united 1 0.4155154439616658 0.4155154439616658
university 1 0.616186139423817 0.616186139423817
unless 1 2.8134107167600364 2.8134107167600364
unlike 1 2.995732273553991 2.995732273553991
unsuccessful 1 2.995732273553991 2.995732273553991
upload 1 0.0 0.0
uploaded 1 4.605170185988092 4.605170185988092
upper 1 2.0402208285265546 2.0402208285265546
upset 1 3.2188758248682006 3.2188758248682006
upsetting 1 3.912023005428146 3.912023005428146
upside 1 4.605170185988092 4.605170185988092
us 0 1.6094379124341003 0.0
use 1 0.0 0.0
used 1 0.8675005677047231 0.8675005677047231
using 1 0.0 0.0
utc 1 0.0 0.0
vale 1 3.506557897319982 3.506557897319982
vanessa 1 3.506557897319982 3.506557897319982
var 1 0.0 0.0
various 1 1.5141277326297755 1.5141277326297755
version 1 0.0 0.0
vidler 1 4.605170185988092 4.605170185988092
view 1 0.0 0.0
viewer 0 2.8134107167600364 0.0
vinnie 1 4.605170185988092 4.605170185988092
vision 1 2.120263536200091 2.120263536200091
visit 0 2.0402208285265546 0.0
viv 1 3.912023005428146 3.912023005428146
vte 1 0.7550225842780328 0.7550225842780328
wait 1 2.995732273553991 2.995732273553991
wake 0 2.407945608651872 0.0
walk 0 3.2188758248682006 0.0
walker 1 2.207274913189721 2.207274913189721
wall 1 1.9661128563728327 1.9661128563728327
walter 1 1.7147984280919266 1.7147984280919266
wandering 1 4.605170185988092 4.605170185988092
want 1 1.9661128563728327 1.9661128563728327
wanted 1 2.207274913189721 2.207274913189721
warmer 1 3.912023005428146 3.912023005428146
warn 1 3.2188758248682006 3.2188758248682006
warning 1 2.5257286443082556 2.5257286443082556
warns 1 4.605170185988092 4.605170185988092
wary 1 4.605170185988092 4.605170185988092
waste 1 3.506557897319982 3.506557897319982
watching 1 3.506557897319982 3.506557897319982
water 1 1.5606477482646683 1.5606477482646683
watson 1 2.659260036932778 2.659260036932778
way 1 1.1086626245216111 1.1086626245216111
wear 1 2.302585092994046 2.302585092994046
wearing 1 3.506557897319982 3.506557897319982
website 1 1.6094379124341003 1.6094379124341003
wedding 1 3.2188758248682006 3.2188758248682006
week 1 1.2729656758128876 1.2729656758128876
weight 1 2.120263536200091 2.120263536200091
well 1 0.7765287894989963 0.7765287894989963
welles 1 4.605170185988092 4.605170185988092
welsh 1 2.995732273553991 2.995732273553991
west 1 1.171182981502945 1.171182981502945
whilst 1 2.8134107167600364 2.8134107167600364
whole 1 2.120263536200091 2.120263536200091
widow 1 2.407945608651872 2.407945608651872
widower 1 4.605170185988092 4.605170185988092
wife 1 1.7719568419318754 1.7719568419318754
wightman 1 4.605170185988092 4.605170185988092
wikidata 1 0.010050335853501506 0.010050335853501506
wikimedia 1 0.0 0.0
wikipedia 1 0.0 0.0
william 1 1.171182981502945 1.171182981502945
willow 1 3.912023005428146 3.912023005428146
wilson 1 1.7719568419318754 1.7719568419318754
win 1 1.1086626245216111 1.1086626245216111
winner 0 1.5141277326297755 0.0
wire 1 3.506557897319982 3.506557897319982
withdrawn 1 3.2188758248682006 3.2188758248682006
withdraws 1 4.605170185988092 4.605170185988092
without 1 1.3093333199837622 1.3093333199837622
wood 1 1.7147984280919266 1.7147984280919266
work 1 0.7133498878774648 0.7133498878774648
worker 1 2.0402208285265546 2.0402208285265546
working 1 1.8971199848858813 1.8971199848858813
world 1 0.5108256237659907 0.5108256237659907
would 1 0.7550225842780328 0.7550225842780328
wrap 1 3.912023005428146 3.912023005428146
writer 1 1.5141277326297755 1.5141277326297755
writes 1 3.506557897319982 3.506557897319982
written 1 0.9416085398584451 0.9416085398584451
xavier 1 3.2188758248682006 3.2188758248682006
yabbie 1 4.605170185988092 4.605170185988092
yahoo 1 3.506557897319982 3.506557897319982
year 1 0.3424903089467759 0.3424903089467759
yearold 1 2.5257286443082556 2.5257286443082556
yet 1 1.8971199848858813 1.8971199848858813
younger 1 2.120263536200091 2.120263536200091
zac 1 4.605170185988092 4.605170185988092
zealand 1 2.120263536200091 2.120263536200091
ziggy 1 4.605170185988092 4.605170185988092
