account 1 0.0 0.0
achieve 1 3.506557897319982 3.506557897319982
act 1 1.3470736479666094 1.3470736479666094
acting 1 1.8971199848858813 1.8971199848858813
action 0 0.0 0.0
active 1 2.0402208285265546 2.0402208285265546
add 1 0.0 0.0
addition 1 1.3862943611198906 1.3862943611198906
additional 1 0.0 0.0
adjust 1 4.605170185988092 4.605170185988092
affair 0 1.6094379124341003 0.0
affiliate 1 3.2188758248682006 3.2188758248682006
aftermath 1 2.659260036932778 2.659260036932778
age 1 0.7985076962177716 0.7985076962177716
agree 1 0.0 0.0
ahead 1 2.207274913189721 2.207274913189721
aid 1 2.0402208285265546 2.0402208285265546
aim 1 2.8134107167600364 2.8134107167600364
alexander 1 1.5141277326297755 1.5141277326297755
alike 1 0.0 0.0
allowed 1 1.7719568419318754 1.7719568419318754
also 1 0.127833371509885 0.127833371509885
america 0 0.8675005677047231 0.0
american 1 0.5276327420823719 0.5276327420823719
americanism 1 4.605170185988092 4.605170185988092
amp 1 0.4620354595965586 0.4620354595965586
ana 1 3.912023005428146 3.912023005428146
anarchist 1 4.605170185988092 4.605170185988092
anarquista 1 4.605170185988092 4.605170185988092
andrew 1 1.5141277326297755 1.5141277326297755
another 1 0.9675840262617057 0.9675840262617057
anti 1 2.207274913189721 2.207274913189721
apart 1 2.5257286443082556 2.5257286443082556
appearance 1 0.0 0.0
apply 1 0.0 0.0
archive 1 1.6094379124341003 1.6094379124341003
arrested 1 2.8134107167600364 2.8134107167600364
article 1 0.0 0.0
asked 1 2.120263536200091 2.120263536200091
assistance 1 2.302585092994046 2.302585092994046
associated 1 1.4696759700589417 1.4696759700589417
attended 1 2.120263536200091 2.120263536200091
attribution 1 0.0 0.0
august 1 0.3424903089467759 0.3424903089467759
authority 1 0.8915981192837835 0.8915981192837835
autonomous 1 3.506557897319982 3.506557897319982
available 1 0.0 0.0
avis 1 3.912023005428146 3.912023005428146
baer 1 3.506557897319982 3.506557897319982
baker 0 2.120263536200091 0.0
battalion 0 3.506557897319982 0.0
bdigitalbinalacpa 1 4.605170185988092 4.605170185988092
began 1 0.8675005677047231 0.8675005677047231
bolivarianismo 1 4.605170185988092 4.605170185988092
break 1 2.407945608651872 2.407945608651872
british 1 1.5606477482646683 1.5606477482646683
butcher 0 3.506557897319982 0.0
caledonia 1 3.506557897319982 3.506557897319982
call 1 1.7719568419318754 1.7719568419318754
called 1 0.8209805520698303 0.8209805520698303
calm 1 3.2188758248682006 3.2188758248682006
cambridge 1 2.120263536200091 2.120263536200091
canal 1 3.506557897319982 3.506557897319982
car 1 1.7147984280919266 1.7147984280919266
caribbean 1 4.605170185988092 4.605170185988092
case 0 1.3862943611198906 0.0
castillero 1 4.605170185988092 4.605170185988092
category 0 0.0 0.0
cause 1 2.0402208285265546 2.0402208285265546
caused 1 2.407945608651872 2.407945608651872
centerpx 1 0.0408219945202552 0.0408219945202552
centroamericana 1 4.605170185988092 4.605170185988092
change 0 0.0 0.0
chauffeur 1 4.605170185988092 4.605170185988092
chiari 1 4.605170185988092 4.605170185988092
chicago 1 1.8971199848858813 1.8971199848858813
chief 1 1.3862943611198906 1.3862943611198906
citation 1 0.0408219945202552 0.0408219945202552
cite 1 0.0 0.0
citebook 1 1.8971199848858813 1.8971199848858813
citenews 1 1.5606477482646683 1.5606477482646683
citizen 0 1.9661128563728327 0.0
city 1 0.6348782724359695 0.6348782724359695
claim 0 2.0402208285265546 0.0
clash 1 2.659260036932778 2.659260036932778
clayton 1 2.659260036932778 2.659260036932778
code 1 0.0 0.0
coln 1 4.605170185988092 4.605170185988092
command 1 2.5257286443082556 2.5257286443082556
commander 1 2.120263536200091 2.120263536200091
commission 1 1.7147984280919266 1.7147984280919266
common 0 0.0 0.0
condition 0 2.0402208285265546 0.0
conditional 1 4.605170185988092 4.605170185988092
conduct 1 0.0 0.0
conducting 1 2.995732273553991 2.995732273553991
constitution 1 2.5257286443082556 2.5257286443082556
constitutional 1 2.995732273553991 2.995732273553991
contact 1 0.0 0.0
containing 1 1.4271163556401458 1.4271163556401458
conte 1 3.912023005428146 3.912023005428146
content 1 0.0 0.0
context 1 0.010050335853501506 0.010050335853501506
continued 1 1.5141277326297755 1.5141277326297755
contribute 1 0.0 0.0
contribution 0 0.0 0.0
cookie 1 0.0 0.0
cookiematch 1 0.0 0.0
cost 1 2.0402208285265546 2.0402208285265546
costa 1 2.995732273553991 2.995732273553991
countercultural 1 4.605170185988092 4.605170185988092
counterlistitema 1 0.127833371509885 0.127833371509885
cramped 1 4.605170185988092 4.605170185988092
create 1 0.0 0.0
creative 1 0.0 0.0
crime 0 1.9661128563728327 0.0
croix 1 3.506557897319982 3.506557897319982
crossed 1 3.506557897319982 3.506557897319982
csmaintcolorf 1 0.06187540371808745 0.06187540371808745
csmaintcolorfmedia 1 0.0408219945202552 0.0408219945202552
cswsicon 1 0.0408219945202552 0.0408219945202552
cuevas 1 4.605170185988092 4.605170185988092
current 1 0.0 0.0
cut 1 1.9661128563728327 1.9661128563728327
daily 1 1.4271163556401458 1.4271163556401458
danger 1 2.407945608651872 2.407945608651872
date 0 0.3147107448397002 0.0
day 1 0.5276327420823719 0.5276327420823719
death 0 1.171182981502945 0.0
decade 1 2.659260036932778 2.659260036932778
decided 1 2.120263536200091 2.120263536200091
declared 1 2.407945608651872 2.407945608651872
demanded 1 2.995732273553991 2.995732273553991
demonstration 1 3.2188758248682006 3.2188758248682006
department 1 1.7719568419318754 1.7719568419318754
dependencia 1 4.605170185988092 4.605170185988092
deported 1 3.506557897319982 3.506557897319982
description 1 0.07257069283483537 0.07257069283483537
despite 1 1.1394342831883648 1.1394342831883648
developer 0 0.0 0.0
difference 0 2.302585092994046 0.0
differently 1 3.506557897319982 3.506557897319982
digital 1 1.9661128563728327 1.9661128563728327
disclaimer 0 0.0 0.0
discord 1 4.605170185988092 4.605170185988092
disproportionately 1 4.605170185988092 4.605170185988092
dispute 0 2.5257286443082556 0.0
disrupted 1 4.605170185988092 4.605170185988092
distribuidora 1 4.605170185988092 4.605170185988092
division 1 1.2729656758128876 1.2729656758128876
dmy 1 1.4271163556401458 1.4271163556401458
doi 1 2.0402208285265546 2.0402208285265546
doitam 1 4.605170185988092 4.605170185988092
donate 1 0.0 0.0
download 1 0.0 0.0
driver 0 2.207274913189721 0.0
driversdecided 1 4.605170185988092 4.605170185988092
dtaftercontent 1 0.127833371509885 0.127833371509885
due 1 0.9416085398584451 0.9416085398584451
duke 1 2.120263536200091 2.120263536200091
early 1 0.6348782724359695 0.6348782724359695
eduardo 1 3.2188758248682006 3.2188758248682006
effort 1 1.5141277326297755 1.5141277326297755
efn 1 3.2188758248682006 3.2188758248682006
emperor 0 3.2188758248682006 0.0
empty 1 2.407945608651872 2.407945608651872
enacted 1 3.912023005428146 3.912023005428146
encyclopedia 1 0.0 0.0
end 1 0.7985076962177716 0.7985076962177716
english 1 0.0 0.0
ernesto 1 3.506557897319982 3.506557897319982
espaol 1 1.1394342831883648 1.1394342831883648
established 1 1.1086626245216111 1.1086626245216111
estrella 1 4.605170185988092 4.605170185988092
evening 1 2.659260036932778 2.659260036932778
event 0 0.0 0.0
eviction 0 3.506557897319982 0.0
exacerbated 1 3.912023005428146 3.912023005428146
exilewithin 1 4.605170185988092 4.605170185988092
existing 1 3.506557897319982 3.506557897319982
exonerated 1 4.605170185988092 4.605170185988092
exp 1 0.0 0.0
expansion 1 2.0402208285265546 2.0402208285265546
expected 1 2.659260036932778 2.659260036932778
external 1 0.44628710262841953 0.44628710262841953
february 1 0.27443684570176036 0.27443684570176036
fight 1 1.8325814637483102 1.8325814637483102
file 1 0.0 0.0
fireman 1 4.605170185988092 4.605170185988092
first 1 0.1508228897345837 0.1508228897345837
fit 1 3.2188758248682006 3.2188758248682006
five 1 1.0216512475319812 1.0216512475319812
following 1 0.7133498878774648 0.7133498878774648
footnote 0 2.5257286443082556 0.0
forbid 1 4.605170185988092 4.605170185988092
foreign 1 1.8971199848858813 1.8971199848858813
formation 1 2.407945608651872 2.407945608651872
formed 1 1.7719568419318754 1.7719568419318754
fort 1 2.120263536200091 2.120263536200091
foundation 1 0.0 0.0
four 1 0.7985076962177716 0.7985076962177716
free 1 0.0 0.0
full 1 1.1086626245216111 1.1086626245216111
funeral 1 2.5257286443082556 2.5257286443082556
galindo 1 3.912023005428146 3.912023005428146
gathering 1 2.8134107167600364 2.8134107167600364
general 1 0.0 0.0
generation 1 1.9661128563728327 1.9661128563728327
gerald 1 2.407945608651872 2.407945608651872
get 1 0.0 0.0
given 1 1.2378743560016172 1.2378743560016172
global 1 1.7719568419318754 1.7719568419318754
goal 0 1.8971199848858813 0.0
government 1 1.1086626245216111 1.1086626245216111
governor 1 2.302585092994046 2.302585092994046
guard 1 2.0402208285265546 2.0402208285265546
guardia 1 4.605170185988092 4.605170185988092
guilty 1 2.8134107167600364 2.8134107167600364
heart 1 1.4696759700589417 1.4696759700589417
heavily 1 2.8134107167600364 2.8134107167600364
held 1 1.171182981502945 1.171182981502945
help 1 0.0 0.0
hemisphere 1 3.2188758248682006 3.2188758248682006
hidden 1 0.010050335853501506 0.010050335853501506
hide 1 0.0 0.0
high 1 0.9416085398584451 0.9416085398584451
hiked 1 4.605170185988092 4.605170185988092
hispanic 1 4.605170185988092 4.605170185988092
historia 1 3.912023005428146 3.912023005428146
historical 1 1.8325814637483102 1.8325814637483102
history 1 0.0 0.0
hlist 1 0.127833371509885 0.127833371509885
hlistinline 1 0.127833371509885 0.127833371509885
holding 1 2.207274913189721 2.207274913189721
homeland 1 2.659260036932778 2.659260036932778
hoped 1 2.995732273553991 2.995732273553991
house 1 1.0216512475319812 1.0216512475319812
housing 1 2.8134107167600364 2.8134107167600364
however 1 0.6931471805599453 0.6931471805599453
huelga 1 4.605170185988092 4.605170185988092
hunger 1 4.605170185988092 4.605170185988092
idlockfree 1 0.0408219945202552 0.0408219945202552
idlockfreeidlockfree 1 0.0408219945202552 0.0408219945202552
idlocklimited 1 0.0408219945202552 0.0408219945202552
idlockregistration 1 0.0408219945202552 0.0408219945202552
idlocksubscription 1 0.0408219945202552 0.0408219945202552
illegally 1 3.912023005428146 3.912023005428146
immigrated 1 4.605170185988092 4.605170185988092
imprisoned 1 2.5257286443082556 2.5257286443082556
inc 1 0.0 0.0
increase 1 2.302585092994046 2.302585092994046
increasing 1 3.2188758248682006 3.2188758248682006
independent 1 1.4271163556401458 1.4271163556401458
indian 0 1.9661128563728327 0.0
infantry 1 3.912023005428146 3.912023005428146
infobox 1 0.3011050927839216 0.3011050927839216
infoboxcivilconflict 1 4.605170185988092 4.605170185988092
infoboxtable 1 0.3147107448397002 0.3147107448397002
information 1 0.0 0.0
inquilinaria 1 4.605170185988092 4.605170185988092
inquilinario 1 4.605170185988092 4.605170185988092
inquilinos 1 4.605170185988092 4.605170185988092
intended 1 2.120263536200091 2.120263536200091
intention 1 2.659260036932778 2.659260036932778
interest 1 1.6607312068216509 1.6607312068216509
international 1 0.5978370007556204 0.5978370007556204
internet 1 2.302585092994046 2.302585092994046
intervene 1 4.605170185988092 4.605170185988092
intervened 1 3.912023005428146 3.912023005428146
intervention 1 3.2188758248682006 3.2188758248682006
involvement 1 2.995732273553991 2.995732273553991
involving 1 2.5257286443082556 2.5257286443082556
isbn 1 0.9942522733438669 0.9942522733438669
issn 1 1.8971199848858813 1.8971199848858813
issue 0 1.1086626245216111 0.0
item 1 0.010050335853501506 0.010050335853501506
james 1 1.0498221244986776 1.0498221244986776
january 1 0.3424903089467759 0.3424903089467759
john 1 0.49429632181478017 0.49429632181478017
jorge 1 2.995732273553991 2.995732273553991
jos 1 2.302585092994046 2.302585092994046
journal 1 1.3093333199837622 1.3093333199837622
jstor 1 1.5141277326297755 1.5141277326297755
judge 1 2.302585092994046 2.302585092994046
july 1 0.43078291609245434 0.43078291609245434
jump 1 0.0 0.0
june 1 0.40047756659712536 0.40047756659712536
jungle 1 3.506557897319982 3.506557897319982
killed 1 1.9661128563728327 1.9661128563728327
killing 1 2.5257286443082556 2.5257286443082556
kirwin 1 4.605170185988092 4.605170185988092
known 1 0.7985076962177716 0.7985076962177716
la 0 2.407945608651872 0.0
labor 1 2.659260036932778 2.659260036932778
labour 1 2.8134107167600364 2.8134107167600364
landlord 0 3.912023005428146 0.0
lang 1 1.9661128563728327 1.9661128563728327
lange 1 4.605170185988092 4.605170185988092
language 1 0.0 0.0
lassiter 1 4.605170185988092 4.605170185988092
last 1 0.0 0.0
law 1 1.4271163556401458 1.4271163556401458
leading 1 1.3093333199837622 1.3093333199837622
league 1 1.3470736479666094 1.3470736479666094
leaguenote 1 4.605170185988092 4.605170185988092
learn 1 0.0 0.0
least 1 1.8971199848858813 1.8971199848858813
leave 1 2.407945608651872 2.407945608651872
left 1 1.171182981502945 1.171182981502945
legacy 1 2.0402208285265546 2.0402208285265546
leticia 1 4.605170185988092 4.605170185988092
lewis 1 1.8325814637483102 1.8325814637483102
liaftercontent 1 0.127833371509885 0.127833371509885
liberacin 1 3.912023005428146 3.912023005428146
library 1 1.6094379124341003 1.6094379124341003
license 1 0.0 0.0
life 1 0.5447271754416719 0.5447271754416719
liga 1 2.995732273553991 2.995732273553991
limarginbottom 1 0.9675840262617057 0.9675840262617057
lindsay 1 2.8134107167600364 2.8134107167600364
link 1 0.0 0.0
list 1 0.6348782724359695 0.6348782724359695
living 1 1.07880966137193 1.07880966137193
local 1 1.4696759700589417 1.4696759700589417
location 1 1.171182981502945 1.171182981502945
log 1 0.0 0.0
logged 1 0.0 0.0
lower 1 1.8325814637483102 1.8325814637483102
main 1 0.0 0.0
major 1 1.1086626245216111 1.1086626245216111
many 1 0.7550225842780328 0.7550225842780328
mario 1 2.407945608651872 2.407945608651872
martin 1 1.3470736479666094 1.3470736479666094
masa 0 3.912023005428146 0.0
mass 1 1.9661128563728327 1.9661128563728327
may 1 0.0 0.0
mayor 1 2.8134107167600364 2.8134107167600364
mediate 1 3.912023005428146 3.912023005428146
medina 1 2.995732273553991 2.995732273553991
meet 1 1.6607312068216509 1.6607312068216509
meeting 1 1.8971199848858813 1.8971199848858813
member 0 0.6733445532637655 0.0
menu 1 0.0 0.0
met 1 1.8325814637483102 1.8325814637483102
method 0 1.8971199848858813 0.0
military 1 1.4696759700589417 1.4696759700589417
minister 0 1.5606477482646683 0.0
minor 1 2.207274913189721 2.207274913189721
mixed 1 2.5257286443082556 2.5257286443082556
mnica 1 4.605170185988092 4.605170185988092
mobile 1 0.0 0.0
move 1 0.0 0.0
movement 1 1.6607312068216509 1.6607312068216509
movimento 1 4.605170185988092 4.605170185988092
movimiento 1 3.912023005428146 3.912023005428146
name 1 0.5276327420823719 0.5276327420823719
national 1 0.5108256237659907 0.5108256237659907
navbarfontsizemedia 1 0.3147107448397002 0.3147107448397002
navigation 1 0.0 0.0
network 0 1.3470736479666094 0.0
new 1 0.24846135929849972 0.24846135929849972
news 1 0.843970070294529 0.843970070294529
newsboy 0 4.605170185988092 0.0
next 1 1.1086626245216111 1.1086626245216111
nonprofit 1 0.0 0.0
november 1 0.3011050927839216 0.3011050927839216
number 1 0.7550225842780328 0.7550225842780328
numerous 1 1.9661128563728327 1.9661128563728327
occupation 1 1.8971199848858813 1.8971199848858813
october 1 0.28768207245178085 0.28768207245178085
octubre 1 4.605170185988092 4.605170185988092
offense 1 4.605170185988092 4.605170185988092
often 1 1.6607312068216509 1.6607312068216509
ollibeforecontent 1 0.127833371509885 0.127833371509885
one 1 0.23572233352106994 0.23572233352106994
operating 1 2.5257286443082556 2.5257286443082556
operation 0 1.7147984280919266 0.0
order 1 1.171182981502945 1.171182981502945
ordered 1 2.302585092994046 2.302585092994046
organisation 1 2.302585092994046 2.302585092994046
organization 1 0.0 0.0
organizationname 1 0.010050335853501506 0.010050335853501506
organize 1 3.2188758248682006 3.2188758248682006
organized 1 2.302585092994046 2.302585092994046
others 1 1.1394342831883648 1.1394342831883648
page 1 0.0 0.0
pagetype 1 1.2729656758128876 1.2729656758128876
pan 1 2.659260036932778 2.659260036932778
panam 1 4.605170185988092 4.605170185988092
panama 1 3.2188758248682006 3.2188758248682006
panamanian 1 3.506557897319982 3.506557897319982
paper 0 1.6607312068216509 0.0
park 1 1.3093333199837622 1.3093333199837622
party 0 1.2378743560016172 0.0
patriot 0 3.2188758248682006 0.0
patrolling 1 4.605170185988092 4.605170185988092
payer 0 4.605170185988092 0.0
pdf 1 1.0498221244986776 1.0498221244986776
pdfprintable 1 0.0 0.0
pearcy 1 4.605170185988092 4.605170185988092
people 1 0.49429632181478017 0.49429632181478017
peoplesome 1 4.605170185988092 4.605170185988092
permanent 1 0.0 0.0
personal 1 0.0 0.0
petition 1 4.605170185988092 4.605170185988092
plainlist 1 0.7339691750802005 0.7339691750802005
plaza 1 3.912023005428146 3.912023005428146
poder 1 3.912023005428146 3.912023005428146
poland 1 2.302585092994046 2.302585092994046
police 1 1.7719568419318754 1.7719568419318754
policy 1 0.0 0.0
political 1 1.3470736479666094 1.3470736479666094
politics 1 1.9661128563728327 1.9661128563728327
porras 1 4.605170185988092 4.605170185988092
portal 1 0.0 0.0
portalborderborderpx 1 2.407945608651872 2.407945608651872
portalleftmarginem 1 2.407945608651872 2.407945608651872
possession 1 2.995732273553991 2.995732273553991
praetorian 0 4.605170185988092 0.0
president 1 1.3470736479666094 1.3470736479666094
press 1 0.7550225842780328 0.7550225842780328
pressure 1 2.8134107167600364 2.8134107167600364
previously 1 1.8971199848858813 1.8971199848858813
primarily 1 2.407945608651872 2.407945608651872
printexport 1 0.0 0.0
privacy 1 0.0 0.0
prize 1 2.659260036932778 2.659260036932778
produce 1 2.5257286443082556 2.5257286443082556
project 0 0.0 0.0
prolonged 1 4.605170185988092 4.605170185988092
property 1 1.7147984280919266 1.7147984280919266
protagonistas 1 4.605170185988092 4.605170185988092
protest 1 2.407945608651872 2.407945608651872
provision 1 2.407945608651872 2.407945608651872
published 1 1.3862943611198906 1.3862943611198906
punished 1 3.912023005428146 3.912023005428146
quelling 1 4.605170185988092 4.605170185988092
question 1 1.7719568419318754 1.7719568419318754
quit 1 3.506557897319982 3.506557897319982
raise 1 2.302585092994046 2.302585092994046
rally 1 2.659260036932778 2.659260036932778
random 1 0.0 0.0
read 1 0.0 0.0
reading 1 1.5606477482646683 1.5606477482646683
recent 1 0.0 0.0
recordando 1 4.605170185988092 4.605170185988092
reduce 1 3.2188758248682006 3.2188758248682006
reduction 0 2.8134107167600364 0.0
reference 0 0.03045920748470844 0.0
reflist 1 0.06187540371808745 0.06187540371808745
reflistcolumns 1 0.06187540371808745 0.06187540371808745
refounded 1 4.605170185988092 4.605170185988092
refused 1 2.659260036932778 2.659260036932778
reg 1 0.0 0.0
regardless 1 2.995732273553991 2.995732273553991
regiment 1 3.912023005428146 3.912023005428146
registered 1 0.0 0.0
related 1 0.0 0.0
relating 1 2.995732273553991 2.995732273553991
relation 0 1.7719568419318754 0.0
released 1 1.2729656758128876 1.2729656758128876
releasing 1 3.912023005428146 3.912023005428146
rent 1 3.912023005428146 3.912023005428146
renter 0 4.605170185988092 0.0
reporting 1 2.8134107167600364 2.8134107167600364
representative 0 1.7147984280919266 0.0
republic 1 1.5141277326297755 1.5141277326297755
request 1 2.0402208285265546 2.0402208285265546
requested 1 2.659260036932778 2.659260036932778
rescind 1 4.605170185988092 4.605170185988092
resisting 1 4.605170185988092 4.605170185988092
result 1 0.9942522733438669 0.9942522733438669
resulted 1 2.120263536200091 2.120263536200091
resulting 1 2.407945608651872 2.407945608651872
retrieved 1 0.0 0.0
review 1 1.07880966137193 1.07880966137193
rica 1 3.506557897319982 3.506557897319982
right 1 0.9675840262617057 0.9675840262617057
riot 0 2.659260036932778 0.0
rioter 0 3.912023005428146 0.0
rodolfo 1 3.506557897319982 3.506557897319982
rule 1 1.4696759700589417 1.4696759700589417
ruled 1 2.8134107167600364 2.8134107167600364
ruling 1 2.995732273553991 2.995732273553991
san 1 1.2378743560016172 1.2378743560016172
santa 1 2.659260036932778 2.659260036932778
saw 1 2.0402208285265546 2.0402208285265546
screen 1 0.010050335853501506 0.010050335853501506
search 1 0.0 0.0
second 1 0.49429632181478017 0.49429632181478017
see 1 0.40047756659712536 0.40047756659712536
sent 1 1.8971199848858813 1.8971199848858813
september 1 0.43078291609245434 0.43078291609245434
series 1 0.8675005677047231 0.8675005677047231
seven 1 1.6094379124341003 1.6094379124341003
several 1 0.8209805520698303 0.8209805520698303
shaffer 1 4.605170185988092 4.605170185988092
share 1 0.0 0.0
short 1 0.06187540371808745 0.06187540371808745
shortdescription 1 0.2613647641344075 0.2613647641344075
shortened 1 0.0 0.0
shot 1 2.207274913189721 2.207274913189721
sidebar 1 0.0 0.0
similar 1 1.9661128563728327 1.9661128563728327
sindicato 1 4.605170185988092 4.605170185988092
site 1 0.0 0.0
sitting 1 2.995732273553991 2.995732273553991
small 1 1.4271163556401458 1.4271163556401458
social 1 1.3093333199837622 1.3093333199837622
soldier 0 2.302585092994046 0.0
solid 1 0.09431067947124142 0.09431067947124142
source 0 0.5798184952529422 0.0
spanish 1 1.7719568419318754 1.7719568419318754
spanishlanguage 1 2.5257286443082556 2.5257286443082556
special 1 0.0 0.0
spread 1 2.302585092994046 2.302585092994046
start 0 1.4271163556401458 0.0
starting 1 1.8971199848858813 1.8971199848858813
state 1 0.3147107448397002 0.3147107448397002
statement 1 0.0 0.0
statistic 0 0.0 0.0
still 1 0.9416085398584451 0.9416085398584451
stock 1 2.302585092994046 2.302585092994046
stoppage 1 4.605170185988092 4.605170185988092
stoppagees 1 4.605170185988092 4.605170185988092
street 1 1.4271163556401458 1.4271163556401458
strength 1 2.407945608651872 2.407945608651872
strike 1 2.207274913189721 2.207274913189721
striker 0 3.506557897319982 0.0
sub 1 3.506557897319982 3.506557897319982
subistencia 1 4.605170185988092 4.605170185988092
subsection 1 0.3424903089467759 0.3424903089467759
subsistencia 1 4.605170185988092 4.605170185988092
superior 1 2.8134107167600364 2.8134107167600364
support 1 1.2729656758128876 1.2729656758128876
suppress 1 3.506557897319982 3.506557897319982
suppressing 1 4.605170185988092 4.605170185988092
sus 1 4.605170185988092 4.605170185988092
table 1 0.0 0.0
talk 1 0.0 0.0
tax 0 2.8134107167600364 0.0
telling 1 2.8134107167600364 2.8134107167600364
template 1 0.0 0.0
tenant 1 4.605170185988092 4.605170185988092
term 0 0.0 0.0
text 1 0.0 0.0
thbodyskinresponsive 1 0.3147107448397002 0.3147107448397002
thomas 1 1.1394342831883648 1.1394342831883648
thousand 0 1.9661128563728327 0.0
three 1 0.5798184952529422 0.5798184952529422
time 1 0.28768207245178085 0.28768207245178085
toggle 1 0.010050335853501506 0.010050335853501506
tool 0 0.0 0.0
top 1 0.010050335853501506 0.010050335853501506
topic 1 0.0 0.0
total 1 0.0 0.0
trabajadores 1 4.605170185988092 4.605170185988092
trademark 1 0.0 0.0
traffic 1 2.995732273553991 2.995732273553991
transformation 1 2.8134107167600364 2.8134107167600364
translation 0 2.302585092994046 0.0
transnational 1 3.506557897319982 3.506557897319982
tribune 1 1.9661128563728327 1.9661128563728327
tried 1 2.5257286443082556 2.5257286443082556
troop 0 2.5257286443082556 0.0
undersupply 1 4.605170185988092 4.605170185988092
undertake 1 3.912023005428146 3.912023005428146
undertook 1 3.506557897319982 3.506557897319982
union 1 1.07880966137193 1.07880966137193
united 1 0.4155154439616658 0.4155154439616658
universitaria 1 4.605170185988092 4.605170185988092
university 1 0.616186139423817 0.616186139423817
unsanitary 1 4.605170185988092 4.605170185988092
unsettled 1 4.605170185988092 4.605170185988092
upload 1 0.0 0.0
urban 1 2.120263536200091 2.120263536200091
use 1 0.0 0.0
using 1 0.0 0.0
utc 1 0.0 0.0
var 1 0.0 0.0
various 1 1.5141277326297755 1.5141277326297755
version 1 0.0 0.0
via 1 1.4271163556401458 1.4271163556401458
view 1 0.0 0.0
vol 1 1.5606477482646683 1.5606477482646683
volunteer 1 3.912023005428146 3.912023005428146
well 1 0.7765287894989963 0.7765287894989963
went 1 1.5141277326297755 1.5141277326297755
west 1 1.171182981502945 1.171182981502945
wikidata 1 0.010050335853501506 0.010050335853501506
wikimedia 1 0.0 0.0
wikipedia 1 0.0 0.0
william 1 1.171182981502945 1.171182981502945
withdraw 1 3.912023005428146 3.912023005428146
withdrawn 1 3.2188758248682006 3.2188758248682006
within 1 1.3862943611198906 1.3862943611198906
wood 1 1.7147984280919266 1.7147984280919266
work 1 0.7133498878774648 0.7133498878774648
worker 0 2.0402208285265546 0.0
workersnamely 1 4.605170185988092 4.605170185988092
working 1 1.8971199848858813 1.8971199848858813
workman 1 3.506557897319982 3.506557897319982
would 1 0.7550225842780328 0.7550225842780328
wounded 1 3.912023005428146 3.912023005428146
wounding 1 4.605170185988092 4.605170185988092
written 1 0.9416085398584451 0.9416085398584451
wrongdoing 1 4.605170185988092 4.605170185988092
york 1 0.8209805520698303 0.8209805520698303
zone 1 2.407945608651872 2.407945608651872
zumoff 1 4.605170185988092 4.605170185988092
