abdul 1 3.912023005428146 3.912023005428146
abhay 1 4.605170185988092 4.605170185988092
abraham 1 3.506557897319982 3.506557897319982
academy 1 1.8325814637483102 1.8325814637483102
account 1 0.0 0.0
acharya 1 3.912023005428146 3.912023005428146
achyut 1 4.605170185988092 4.605170185988092
action 0 0.0 0.0
add 1 0.0 0.0
additional 1 0.0 0.0
adinarayana 1 4.605170185988092 4.605170185988092
advani 1 4.605170185988092 4.605170185988092
aereon 1 4.605170185988092 4.605170185988092
age 1 0.7985076962177716 0.7985076962177716
aged 1 2.120263536200091 2.120263536200091
aggarwal 1 4.605170185988092 4.605170185988092
agree 1 0.0 0.0
ahmed 1 3.2188758248682006 3.2188758248682006
ahuja 1 4.605170185988092 4.605170185988092
ajit 1 4.605170185988092 4.605170185988092
alaka 1 3.912023005428146 3.912023005428146
ali 1 2.995732273553991 2.995732273553991
alike 1 0.0 0.0
alka 1 4.605170185988092 4.605170185988092
also 1 0.127833371509885 0.127833371509885
alumnus 0 2.207274913189721 0.0
amar 1 4.605170185988092 4.605170185988092
amit 1 4.605170185988092 4.605170185988092
amod 1 4.605170185988092 4.605170185988092
among 1 1.2378743560016172 1.2378743560016172
amrit 1 4.605170185988092 4.605170185988092
anagani 1 4.605170185988092 4.605170185988092
anand 1 3.912023005428146 3.912023005428146
andhra 1 4.605170185988092 4.605170185988092
anil 1 3.506557897319982 3.506557897319982
anonyme 1 4.605170185988092 4.605170185988092
anoop 1 4.605170185988092 4.605170185988092
antia 1 4.605170185988092 4.605170185988092
antibody 1 4.605170185988092 4.605170185988092
antigen 0 4.605170185988092 0.0
appearance 1 0.0 0.0
apply 1 0.0 0.0
arjunan 1 4.605170185988092 4.605170185988092
armed 1 2.5257286443082556 2.5257286443082556
article 1 0.0 0.0
arunoday 1 4.605170185988092 4.605170185988092
arvind 1 4.605170185988092 4.605170185988092
arvinder 1 4.605170185988092 4.605170185988092
arya 1 4.605170185988092 4.605170185988092
ashok 1 3.2188758248682006 3.2188758248682006
ashwin 1 4.605170185988092 4.605170185988092
asinbomxuve 1 4.605170185988092 4.605170185988092
assistant 1 1.7147984280919266 1.7147984280919266
atluri 1 4.605170185988092 4.605170185988092
attribution 1 0.0 0.0
atul 1 4.605170185988092 4.605170185988092
august 1 0.3424903089467759 0.3424903089467759
augustine 1 2.995732273553991 2.995732273553991
author 0 1.8971199848858813 0.0
authority 1 0.8915981192837835 0.8915981192837835
auto 1 0.1392620673335076 0.1392620673335076
available 1 0.0 0.0
award 1 1.171182981502945 1.171182981502945
awardcitation 1 4.605170185988092 4.605170185988092
badrinath 1 3.912023005428146 3.912023005428146
badwe 1 4.605170185988092 4.605170185988092
bafna 1 4.605170185988092 4.605170185988092
bagai 1 4.605170185988092 4.605170185988092
bajaj 1 4.605170185988092 4.605170185988092
bakthavathsalam 1 4.605170185988092 4.605170185988092
balachand 1 4.605170185988092 4.605170185988092
balaji 1 4.605170185988092 4.605170185988092
balakrishnan 1 4.605170185988092 4.605170185988092
balambal 1 4.605170185988092 4.605170185988092
balasubramaniam 1 4.605170185988092 4.605170185988092
balendu 1 4.605170185988092 4.605170185988092
balram 1 4.605170185988092 4.605170185988092
balswarup 1 4.605170185988092 4.605170185988092
balu 1 4.605170185988092 4.605170185988092
bandopadhyay 1 4.605170185988092 4.605170185988092
banerjee 1 4.605170185988092 4.605170185988092
banerji 1 4.605170185988092 4.605170185988092
bang 1 3.2188758248682006 3.2188758248682006
baron 1 2.407945608651872 2.407945608651872
basu 1 4.605170185988092 4.605170185988092
batra 1 4.605170185988092 4.605170185988092
baveja 1 4.605170185988092 4.605170185988092
bawaskar 1 4.605170185988092 4.605170185988092
became 1 0.7133498878774648 0.7133498878774648
behera 1 4.605170185988092 4.605170185988092
benjamin 1 2.0402208285265546 2.0402208285265546
bhagwan 1 4.605170185988092 4.605170185988092
bhakti 1 4.605170185988092 4.605170185988092
bhalla 1 4.605170185988092 4.605170185988092
bhan 1 4.605170185988092 4.605170185988092
bhandari 1 4.605170185988092 4.605170185988092
bhargava 1 4.605170185988092 4.605170185988092
bharti 1 4.605170185988092 4.605170185988092
bhatia 1 4.605170185988092 4.605170185988092
bhatla 1 4.605170185988092 4.605170185988092
bhimsen 1 4.605170185988092 4.605170185988092
bhupathiraju 1 4.605170185988092 4.605170185988092
bhushan 1 4.605170185988092 4.605170185988092
bimola 1 4.605170185988092 4.605170185988092
biography 1 1.6607312068216509 1.6607312068216509
biologist 0 3.912023005428146 0.0
bir 1 4.605170185988092 4.605170185988092
bird 1 2.659260036932778 2.659260036932778
birth 0 1.1394342831883648 0.0
borges 1 4.605170185988092 4.605170185988092
born 1 1.1394342831883648 1.1394342831883648
bothra 1 4.605170185988092 4.605170185988092
brocklesby 1 4.605170185988092 4.605170185988092
buckshey 1 4.605170185988092 4.605170185988092
buddy 1 3.506557897319982 3.506557897319982
budhendra 1 4.605170185988092 4.605170185988092
card 0 1.7147984280919266 0.0
career 1 1.2729656758128876 1.2729656758128876
carolus 0 3.506557897319982 0.0
category 0 0.0 0.0
center 1 1.171182981502945 1.171182981502945
centerpx 1 0.0408219945202552 0.0408219945202552
centre 1 2.0402208285265546 2.0402208285265546
chacko 1 4.605170185988092 4.605170185988092
chairman 1 1.8325814637483102 1.8325814637483102
chakravarty 1 4.605170185988092 4.605170185988092
chand 1 4.605170185988092 4.605170185988092
chandar 1 4.605170185988092 4.605170185988092
chander 1 4.605170185988092 4.605170185988092
chandra 1 2.995732273553991 2.995732273553991
chandran 1 4.605170185988092 4.605170185988092
chandrasekar 1 4.605170185988092 4.605170185988092
chandrasekhar 1 4.605170185988092 4.605170185988092
chandrashekar 1 4.605170185988092 4.605170185988092
chandrashekhar 1 4.605170185988092 4.605170185988092
chandy 1 4.605170185988092 4.605170185988092
change 0 0.0 0.0
channapatna 1 4.605170185988092 4.605170185988092
channaveerappa 1 4.605170185988092 4.605170185988092
chapter 1 1.9661128563728327 1.9661128563728327
chaturvedi 1 4.605170185988092 4.605170185988092
chaudhury 1 4.605170185988092 4.605170185988092
chawla 1 4.605170185988092 4.605170185988092
chennai 1 3.912023005428146 3.912023005428146
cherian 1 4.605170185988092 4.605170185988092
chetri 1 4.605170185988092 4.605170185988092
chintaman 1 4.605170185988092 4.605170185988092
chittoor 1 4.605170185988092 4.605170185988092
chooramani 1 4.605170185988092 4.605170185988092
choubey 1 4.605170185988092 4.605170185988092
chowbey 1 4.605170185988092 4.605170185988092
chugh 1 4.605170185988092 4.605170185988092
chunekar 1 4.605170185988092 4.605170185988092
cincinnati 1 2.8134107167600364 2.8134107167600364
citation 1 0.0408219945202552 0.0408219945202552
citationneeded 1 3.912023005428146 3.912023005428146
cite 1 0.0 0.0
citeweb 1 0.5447271754416719 0.5447271754416719
civilian 1 2.407945608651872 2.407945608651872
code 1 0.0 0.0
coluthur 1 4.605170185988092 4.605170185988092
committee 1 1.6607312068216509 1.6607312068216509
common 0 0.0 0.0
comparative 1 3.506557897319982 3.506557897319982
conduct 1 0.0 0.0
contact 1 0.0 0.0
content 1 0.0 0.0
context 1 0.010050335853501506 0.010050335853501506
contribute 1 0.0 0.0
contribution 0 0.0 0.0
control 1 0.7765287894989963 0.7765287894989963
cookie 1 0.0 0.0
cookiematch 1 0.0 0.0
coonoor 1 4.605170185988092 4.605170185988092
council 1 1.4696759700589417 1.4696759700589417
counterlistitema 1 0.127833371509885 0.127833371509885
create 1 0.0 0.0
creative 1 0.0 0.0
csmaintcolorf 1 0.06187540371808745 0.06187540371808745
csmaintcolorfmedia 1 0.0408219945202552 0.0408219945202552
cswsicon 1 0.0408219945202552 0.0408219945202552
cultivation 1 3.912023005428146 3.912023005428146
current 1 0.0 0.0
cyrus 1 3.506557897319982 3.506557897319982
da 0 3.506557897319982 0.0
dada 1 4.605170185988092 4.605170185988092
daljeet 1 4.605170185988092 4.605170185988092
daljit 1 4.605170185988092 4.605170185988092
dangre 1 4.605170185988092 4.605170185988092
dasari 1 4.605170185988092 4.605170185988092
dasgupta 1 4.605170185988092 4.605170185988092
database 0 0.9675840262617057 0.0
date 0 0.3147107448397002 0.0
datta 1 4.605170185988092 4.605170185988092
dattatreyudu 1 4.605170185988092 4.605170185988092
daughter 1 1.5141277326297755 1.5141277326297755
dave 1 2.302585092994046 2.302585092994046
david 1 0.9942522733438669 0.9942522733438669
davis 1 1.6607312068216509 1.6607312068216509
dawar 1 4.605170185988092 4.605170185988092
day 1 0.5276327420823719 0.5276327420823719
daya 1 4.605170185988092 4.605170185988092
dayal 1 4.605170185988092 4.605170185988092
death 0 1.171182981502945 0.0
december 1 0.37106368139083196 0.37106368139083196
degree 1 1.7719568419318754 1.7719568419318754
deo 1 3.506557897319982 3.506557897319982
desa 1 4.605170185988092 4.605170185988092
desai 1 3.912023005428146 3.912023005428146
deshamane 1 4.605170185988092 4.605170185988092
deshpande 1 4.605170185988092 4.605170185988092
deulkar 1 4.605170185988092 4.605170185988092
devarajan 1 4.605170185988092 4.605170185988092
developer 0 0.0 0.0
devendra 1 4.605170185988092 4.605170185988092
devi 1 3.912023005428146 3.912023005428146
dhanraj 1 4.605170185988092 4.605170185988092
dhiman 1 4.605170185988092 4.605170185988092
dholakia 1 4.605170185988092 4.605170185988092
dhonden 1 4.605170185988092 4.605170185988092
died 1 1.3093333199837622 1.3093333199837622
digambar 1 4.605170185988092 4.605170185988092
dinesh 1 3.506557897319982 3.506557897319982
director 1 1.4271163556401458 1.4271163556401458
disclaimer 0 0.0 0.0
disease 0 2.5257286443082556 0.0
district 1 1.4271163556401458 1.4271163556401458
dixit 1 4.605170185988092 4.605170185988092
dmy 1 1.4271163556401458 1.4271163556401458
doctor 1 1.6607312068216509 1.6607312068216509
doctoral 1 4.605170185988092 4.605170185988092
documented 1 3.506557897319982 3.506557897319982
dole 1 4.605170185988092 4.605170185988092
donate 1 0.0 0.0
dongre 1 4.605170185988092 4.605170185988092
dorothy 1 3.2188758248682006 3.2188758248682006
download 1 0.0 0.0
dsc 1 4.605170185988092 4.605170185988092
dtaftercontent 1 0.127833371509885 0.127833371509885
durga 1 4.605170185988092 4.605170185988092
ebnezar 1 4.605170185988092 4.605170185988092
encyclopedia 1 0.0 0.0
english 1 0.0 0.0
erach 1 4.605170185988092 4.605170185988092
ernest 1 3.2188758248682006 3.2188758248682006
event 0 0.0 0.0
exp 1 0.0 0.0
expert 1 2.995732273553991 2.995732273553991
extensive 1 2.995732273553991 2.995732273553991
fernandez 1 3.2188758248682006 3.2188758248682006
file 1 0.0 0.0
finding 0 1.9661128563728327 0.0
fix 1 2.5257286443082556 2.5257286443082556
fluorescent 1 4.605170185988092 4.605170185988092
fluorochrome 1 4.605170185988092 4.605170185988092
force 0 1.2378743560016172 0.0
former 1 0.9675840262617057 0.9675840262617057
foundation 1 0.0 0.0
founding 1 2.302585092994046 2.302585092994046
fourth 1 1.4696759700589417 1.4696759700589417
free 1 0.0 0.0
gambhir 1 4.605170185988092 4.605170185988092
gandhi 1 4.605170185988092 4.605170185988092
ganesh 1 4.605170185988092 4.605170185988092
general 1 0.0 0.0
george 1 1.07880966137193 1.07880966137193
get 1 0.0 0.0
gokhale 1 4.605170185988092 4.605170185988092
google 1 2.995732273553991 2.995732273553991
gopal 1 3.506557897319982 3.506557897319982
gopalan 1 4.605170185988092 4.605170185988092
gopalsamy 1 4.605170185988092 4.605170185988092
gopi 1 4.605170185988092 4.605170185988092
gopinath 1 4.605170185988092 4.605170185988092
goud 1 4.605170185988092 4.605170185988092
government 1 1.1086626245216111 1.1086626245216111
govind 1 4.605170185988092 4.605170185988092
govindappa 1 4.605170185988092 4.605170185988092
goyal 1 4.605170185988092 4.605170185988092
graduated 1 2.5257286443082556 2.5257286443082556
gregory 1 2.659260036932778 2.659260036932778
grover 1 4.605170185988092 4.605170185988092
gulati 1 4.605170185988092 4.605170185988092
guleria 1 4.605170185988092 4.605170185988092
gullapalli 1 4.605170185988092 4.605170185988092
gulshan 1 4.605170185988092 4.605170185988092
gupta 1 3.506557897319982 3.506557897319982
gurdip 1 4.605170185988092 4.605170185988092
habeebullah 1 4.605170185988092 4.605170185988092
hakim 1 4.605170185988092 4.605170185988092
hameed 1 4.605170185988092 4.605170185988092
han 0 2.407945608651872 0.0
hanumantha 1 4.605170185988092 4.605170185988092
harbans 1 4.605170185988092 4.605170185988092
harbhajan 1 4.605170185988092 4.605170185988092
hardikar 1 4.605170185988092 4.605170185988092
hareendran 1 4.605170185988092 4.605170185988092
hargovind 1 4.605170185988092 4.605170185988092
haridas 1 4.605170185988092 4.605170185988092
hariharan 1 4.605170185988092 4.605170185988092
harkishan 1 4.605170185988092 4.605170185988092
harpinder 1 4.605170185988092 4.605170185988092
harsh 1 3.2188758248682006 3.2188758248682006
hasan 1 3.506557897319982 3.506557897319982
hazra 1 4.605170185988092 4.605170185988092
health 1 1.6607312068216509 1.6607312068216509
held 1 1.171182981502945 1.171182981502945
helen 1 3.2188758248682006 3.2188758248682006
help 1 0.0 0.0
hemal 1 4.605170185988092 4.605170185988092
hemant 1 4.605170185988092 4.605170185988092
hemchand 1 4.605170185988092 4.605170185988092
heritage 1 2.207274913189721 2.207274913189721
hidden 1 0.010050335853501506 0.010050335853501506
hide 1 0.0 0.0
highest 1 1.7719568419318754 1.7719568419318754
hilda 1 3.912023005428146 3.912023005428146
himmatrao 1 4.605170185988092 4.605170185988092
hinduja 1 4.605170185988092 4.605170185988092
hingorani 1 4.605170185988092 4.605170185988092
history 1 0.0 0.0
hlist 1 0.127833371509885 0.127833371509885
hlistinline 1 0.127833371509885 0.127833371509885
honoured 1 3.912023005428146 3.912023005428146
hospital 1 1.9661128563728327 1.9661128563728327
human 1 1.3862943611198906 1.3862943611198906
idlockfree 1 0.0408219945202552 0.0408219945202552
idlockfreeidlockfree 1 0.0408219945202552 0.0408219945202552
idlocklimited 1 0.0408219945202552 0.0408219945202552
idlockregistration 1 0.0408219945202552 0.0408219945202552
idlocksubscription 1 0.0408219945202552 0.0408219945202552
ilias 1 4.605170185988092 4.605170185988092
immaneni 1 4.605170185988092 4.605170185988092
improved 1 2.5257286443082556 2.5257286443082556
inc 1 0.0 0.0
index 1 1.9661128563728327 1.9661128563728327
india 1 1.7147984280919266 1.7147984280919266
indian 1 1.9661128563728327 1.9661128563728327
indira 1 4.605170185988092 4.605170185988092
indu 1 4.605170185988092 4.605170185988092
influenza 1 3.912023005428146 3.912023005428146
infobox 1 0.3011050927839216 0.3011050927839216
infoboxperson 1 2.8134107167600364 2.8134107167600364
infoboxtable 1 0.3147107448397002 0.3147107448397002
information 1 0.0 0.0
institute 1 1.5141277326297755 1.5141277326297755
international 1 0.5978370007556204 0.5978370007556204
internship 1 4.605170185988092 4.605170185988092
involved 1 1.5606477482646683 1.5606477482646683
isaac 1 3.506557897319982 3.506557897319982
ishwar 1 4.605170185988092 4.605170185988092
italia 1 3.912023005428146 3.912023005428146
item 1 0.010050335853501506 0.010050335853501506
iyer 1 3.912023005428146 3.912023005428146
jaber 1 4.605170185988092 4.605170185988092
jacob 1 2.120263536200091 2.120263536200091
jagat 1 4.605170185988092 4.605170185988092
jai 1 3.2188758248682006 3.2188758248682006
jain 1 4.605170185988092 4.605170185988092
jalakantapuram 1 4.605170185988092 4.605170185988092
jamshed 1 4.605170185988092 4.605170185988092
jasbir 1 4.605170185988092 4.605170185988092
jerusha 1 4.605170185988092 4.605170185988092
jhirad 1 4.605170185988092 4.605170185988092
jitendra 1 4.605170185988092 4.605170185988092
joachim 1 3.506557897319982 3.506557897319982
john 1 0.49429632181478017 0.49429632181478017
jose 1 2.120263536200091 2.120263536200091
joseph 1 1.5141277326297755 1.5141277326297755
joshi 1 3.912023005428146 3.912023005428146
journal 1 1.3093333199837622 1.3093333199837622
jugal 1 4.605170185988092 4.605170185988092
julka 1 4.605170185988092 4.605170185988092
jump 1 0.0 0.0
june 1 0.40047756659712536 0.40047756659712536
jyoti 1 4.605170185988092 4.605170185988092
kackar 1 4.605170185988092 4.605170185988092
kadiyala 1 4.605170185988092 4.605170185988092
kakarla 1 4.605170185988092 4.605170185988092
kalarickal 1 4.605170185988092 4.605170185988092
kalyan 1 4.605170185988092 4.605170185988092
kamal 1 3.912023005428146 3.912023005428146
kamala 1 4.605170185988092 4.605170185988092
kamaljit 1 4.605170185988092 4.605170185988092
kameshwar 1 4.605170185988092 4.605170185988092
kameswaran 1 4.605170185988092 4.605170185988092
kamini 1 4.605170185988092 4.605170185988092
kamlakar 1 4.605170185988092 4.605170185988092
kannan 1 4.605170185988092 4.605170185988092
kant 1 3.912023005428146 3.912023005428146
kapur 1 4.605170185988092 4.605170185988092
kar 1 4.605170185988092 4.605170185988092
karimpat 1 4.605170185988092 4.605170185988092
kate 1 2.8134107167600364 2.8134107167600364
kaul 1 4.605170185988092 4.605170185988092
kehar 1 4.605170185988092 4.605170185988092
keiki 1 4.605170185988092 4.605170185988092
khader 1 4.605170185988092 4.605170185988092
khaleefathullah 1 4.605170185988092 4.605170185988092
khalid 1 4.605170185988092 4.605170185988092
khanolkar 1 4.605170185988092 4.605170185988092
khatri 1 4.605170185988092 4.605170185988092
khushdeva 1 4.605170185988092 4.605170185988092
kiritkumar 1 4.605170185988092 4.605170185988092
kirpal 1 4.605170185988092 4.605170185988092
kirtane 1 4.605170185988092 4.605170185988092
kishore 1 4.605170185988092 4.605170185988092
known 1 0.7985076962177716 0.7985076962177716
knownfor 1 3.912023005428146 3.912023005428146
kochupillai 1 4.605170185988092 4.605170185988092
kodaganur 1 4.605170185988092 4.605170185988092
kohli 1 3.912023005428146 3.912023005428146
kolhe 1 4.605170185988092 4.605170185988092
konwar 1 4.605170185988092 4.605170185988092
kotecha 1 4.605170185988092 4.605170185988092
kothari 1 4.605170185988092 4.605170185988092
kriplani 1 4.605170185988092 4.605170185988092
krishan 1 4.605170185988092 4.605170185988092
krishana 1 4.605170185988092 4.605170185988092
krishna 1 3.506557897319982 3.506557897319982
krishnaji 1 4.605170185988092 4.605170185988092
krishnamoorthy 1 4.605170185988092 4.605170185988092
krishnan 1 4.605170185988092 4.605170185988092
krishnaswami 1 4.605170185988092 4.605170185988092
kumar 1 3.2188758248682006 3.2188758248682006
kumari 1 4.605170185988092 4.605170185988092
kureel 1 4.605170185988092 4.605170185988092
kurup 1 4.605170185988092 4.605170185988092
kushal 1 4.605170185988092 4.605170185988092
lahane 1 4.605170185988092 4.605170185988092
lahiri 1 4.605170185988092 4.605170185988092
laishram 1 4.605170185988092 4.605170185988092
lakshmikutty 1 4.605170185988092 4.605170185988092
lal 1 3.912023005428146 3.912023005428146
lalit 1 4.605170185988092 4.605170185988092
landol 1 4.605170185988092 4.605170185988092
language 1 0.0 0.0
last 1 0.0 0.0
lata 1 4.605170185988092 4.605170185988092
lavu 1 4.605170185988092 4.605170185988092
laxmi 1 3.912023005428146 3.912023005428146
laxmishanker 1 4.605170185988092 4.605170185988092
lazarus 1 4.605170185988092 4.605170185988092
learn 1 0.0 0.0
leela 1 4.605170185988092 4.605170185988092
leprae 1 4.605170185988092 4.605170185988092
leprosy 1 3.912023005428146 3.912023005428146
leprosycitation 1 4.605170185988092 4.605170185988092
liaftercontent 1 0.127833371509885 0.127833371509885
license 1 0.0 0.0
like 1 1.2039728043259361 1.2039728043259361
link 1 0.0 0.0
lissamine 1 4.605170185988092 4.605170185988092
list 1 0.6348782724359695 0.6348782724359695
log 1 0.0 0.0
logged 1 0.0 0.0
lucy 1 2.995732273553991 2.995732273553991
luis 1 2.659260036932778 2.659260036932778
lukose 1 4.605170185988092 4.605170185988092
luthra 1 4.605170185988092 4.605170185988092
madanur 1 4.605170185988092 4.605170185988092
made 1 0.653926467406664 0.653926467406664
mahadeorao 1 4.605170185988092 4.605170185988092
mahajan 1 4.605170185988092 4.605170185988092
mahapatra 1 4.605170185988092 4.605170185988092
mahashabde 1 4.605170185988092 4.605170185988092
mahatme 1 4.605170185988092 4.605170185988092
mahdi 1 3.912023005428146 3.912023005428146
mahendra 1 3.912023005428146 3.912023005428146
mahesh 1 4.605170185988092 4.605170185988092
mahipal 1 4.605170185988092 4.605170185988092
main 1 0.0 0.0
maint 1 1.6607312068216509 1.6607312068216509
malhotra 1 4.605170185988092 4.605170185988092
malvika 1 4.605170185988092 4.605170185988092
malviya 1 4.605170185988092 4.605170185988092
mammen 1 4.605170185988092 4.605170185988092
manchanda 1 4.605170185988092 4.605170185988092
mandal 1 3.912023005428146 3.912023005428146
mani 1 3.912023005428146 3.912023005428146
manjhi 1 4.605170185988092 4.605170185988092
manjula 1 4.605170185988092 4.605170185988092
manjunath 1 4.605170185988092 4.605170185988092
mannam 1 4.605170185988092 4.605170185988092
manohar 1 4.605170185988092 4.605170185988092
manoranjan 1 4.605170185988092 4.605170185988092
mansoor 1 4.605170185988092 4.605170185988092
mansukhlal 1 4.605170185988092 4.605170185988092
many 1 0.7550225842780328 0.7550225842780328
marthanda 1 4.605170185988092 4.605170185988092
marwah 1 4.605170185988092 4.605170185988092
mary 1 1.7719568419318754 1.7719568419318754
mathangi 1 4.605170185988092 4.605170185988092
mathew 1 4.605170185988092 4.605170185988092
mathur 1 4.605170185988092 4.605170185988092
mavjibhai 1 4.605170185988092 4.605170185988092
may 1 0.0 0.0
maydeo 1 4.605170185988092 4.605170185988092
mayilvahanan 1 4.605170185988092 4.605170185988092
mbbchir 1 4.605170185988092 4.605170185988092
medical 1 2.5257286443082556 2.5257286443082556
medicine 1 2.8134107167600364 2.8134107167600364
medium 1 0.49429632181478017 0.49429632181478017
mehra 1 4.605170185988092 4.605170185988092
mehray 1 4.605170185988092 4.605170185988092
mehta 1 3.912023005428146 3.912023005428146
member 1 0.6733445532637655 0.6733445532637655
memorial 1 2.0402208285265546 2.0402208285265546
menon 1 4.605170185988092 4.605170185988092
mental 1 2.8134107167600364 2.8134107167600364
menu 1 0.0 0.0
meshram 1 4.605170185988092 4.605170185988092
method 1 1.8971199848858813 1.8971199848858813
microbiologist 1 4.605170185988092 4.605170185988092
microbiology 1 4.605170185988092 4.605170185988092
milind 1 4.605170185988092 4.605170185988092
mishra 1 3.912023005428146 3.912023005428146
misra 1 4.605170185988092 4.605170185988092
mobile 1 0.0 0.0
modi 1 4.605170185988092 4.605170185988092
mohammed 1 3.2188758248682006 3.2188758248682006
mohan 1 4.605170185988092 4.605170185988092
mohandas 1 4.605170185988092 4.605170185988092
mohsin 1 4.605170185988092 4.605170185988092
mondal 1 4.605170185988092 4.605170185988092
mooss 1 4.605170185988092 4.605170185988092
mootha 1 4.605170185988092 4.605170185988092
moreshwar 1 4.605170185988092 4.605170185988092
mortality 1 4.605170185988092 4.605170185988092
move 1 0.0 0.0
mukesh 1 4.605170185988092 4.605170185988092
mukherjee 1 4.605170185988092 4.605170185988092
multiple 1 1.6607312068216509 1.6607312068216509
munishwar 1 4.605170185988092 4.605170185988092
munshi 1 4.605170185988092 4.605170185988092
murugappa 1 4.605170185988092 4.605170185988092
nabakishore 1 4.605170185988092 4.605170185988092
nachiyar 1 4.605170185988092 4.605170185988092
nadu 1 3.912023005428146 3.912023005428146
naduthcentury 1 4.605170185988092 4.605170185988092
nagarur 1 4.605170185988092 4.605170185988092
nageshwar 1 4.605170185988092 4.605170185988092
nageswara 1 4.605170185988092 4.605170185988092
naik 1 4.605170185988092 4.605170185988092
nair 1 3.912023005428146 3.912023005428146
nalini 1 4.605170185988092 4.605170185988092
name 0 0.5276327420823719 0.0
namperumalsamy 1 4.605170185988092 4.605170185988092
nanalal 1 4.605170185988092 4.605170185988092
narain 1 3.912023005428146 3.912023005428146
narayana 1 4.605170185988092 4.605170185988092
narendra 1 4.605170185988092 4.605170185988092
narendranath 1 4.605170185988092 4.605170185988092
naresh 1 3.912023005428146 3.912023005428146
narmada 1 4.605170185988092 4.605170185988092
natarajan 1 4.605170185988092 4.605170185988092
nath 1 4.605170185988092 4.605170185988092
nation 0 1.2729656758128876 0.0
national 1 0.5108256237659907 0.5108256237659907
natteri 1 4.605170185988092 4.605170185988092
navbar 1 0.23572233352106994 0.23572233352106994
navbarfontsizemedia 1 0.3147107448397002 0.3147107448397002
navbarmini 1 0.23572233352106994 0.23572233352106994
navbox 1 0.1392620673335076 0.1392620673335076
navboximage 1 0.1392620673335076 0.1392620673335076
navboxsubgroup 1 0.1392620673335076 0.1392620673335076
navboxtitle 1 0.1392620673335076 0.1392620673335076
navigation 1 0.0 0.0
nayudamma 1 4.605170185988092 4.605170185988092
needed 1 1.3862943611198906 1.3862943611198906
neelakandan 1 4.605170185988092 4.605170185988092
neerja 1 4.605170185988092 4.605170185988092
nephrologist 1 4.605170185988092 4.605170185988092
nigam 1 4.605170185988092 4.605170185988092
nikhil 1 4.605170185988092 4.605170185988092
nitish 1 4.605170185988092 4.605170185988092
nitya 1 4.605170185988092 4.605170185988092
nityanand 1 4.605170185988092 4.605170185988092
nonprofit 1 0.0 0.0
noordeen 1 4.605170185988092 4.605170185988092
nori 1 4.605170185988092 4.605170185988092
notable 1 1.7719568419318754 1.7719568419318754
november 1 0.3011050927839216 0.3011050927839216
nundy 1 4.605170185988092 4.605170185988092
occupation 0 1.8971199848858813 0.0
oclc 1 2.5257286443082556 2.5257286443082556
oclccite 1 3.506557897319982 3.506557897319982
october 1 0.28768207245178085 0.28768207245178085
officer 1 1.7719568419318754 1.7719568419318754
official 0 0.7550225842780328 0.0
officialsthcentury 1 4.605170185988092 4.605170185988092
ollibeforecontent 1 0.127833371509885 0.127833371509885
omesh 1 4.605170185988092 4.605170185988092
one 1 0.23572233352106994 0.23572233352106994
online 1 1.4696759700589417 1.4696759700589417
oommen 1 4.605170185988092 4.605170185988092
ophthalmologist 1 4.605170185988092 4.605170185988092
organization 1 0.0 0.0
organizationname 1 0.010050335853501506 0.010050335853501506
padma 1 3.912023005428146 3.912023005428146
page 1 0.0 0.0
pahwa 1 4.605170185988092 4.605170185988092
pal 1 3.506557897319982 3.506557897319982
palaniswamy 1 4.605170185988092 4.605170185988092
panagariya 1 4.605170185988092 4.605170185988092
pande 1 4.605170185988092 4.605170185988092
pandey 1 4.605170185988092 4.605170185988092
pandit 1 4.605170185988092 4.605170185988092
panel 1 2.8134107167600364 2.8134107167600364
panicker 1 4.605170185988092 4.605170185988092
pant 1 3.912023005428146 3.912023005428146
parangipettai 1 4.605170185988092 4.605170185988092
pareek 1 4.605170185988092 4.605170185988092
parent 0 1.9661128563728327 0.0
parmar 1 4.605170185988092 4.605170185988092
parthasarathi 1 4.605170185988092 4.605170185988092
passey 1 4.605170185988092 4.605170185988092
pasteur 1 3.912023005428146 3.912023005428146
pasupuleti 1 4.605170185988092 4.605170185988092
patel 1 4.605170185988092 4.605170185988092
patent 1 2.995732273553991 2.995732273553991
pathi 1 4.605170185988092 4.605170185988092
paul 1 0.8675005677047231 0.8675005677047231
paull 1 4.605170185988092 4.605170185988092
pawan 1 4.605170185988092 4.605170185988092
pdf 1 1.0498221244986776 1.0498221244986776
pdfprintable 1 0.0 0.0
people 1 0.49429632181478017 0.49429632181478017
perakath 1 4.605170185988092 4.605170185988092
periappuram 1 4.605170185988092 4.605170185988092
permanent 1 0.0 0.0
person 1 1.5606477482646683 1.5606477482646683
personal 1 0.0 0.0
perugu 1 4.605170185988092 4.605170185988092
philip 1 1.7147984280919266 1.7147984280919266
physician 1 2.8134107167600364 2.8134107167600364
pillai 1 4.605170185988092 4.605170185988092
pillarisetti 1 4.605170185988092 4.605170185988092
policy 1 0.0 0.0
pondicherry 1 3.912023005428146 3.912023005428146
poonawalla 1 4.605170185988092 4.605170185988092
poonen 1 4.605170185988092 4.605170185988092
portal 1 0.0 0.0
portalborderborderpx 1 2.407945608651872 2.407945608651872
portalleftmarginem 1 2.407945608651872 2.407945608651872
position 1 1.1394342831883648 1.1394342831883648
post 1 1.07880966137193 1.07880966137193
posthumous 1 3.2188758248682006 3.2188758248682006
poulose 1 4.605170185988092 4.605170185988092
prabhakar 1 4.605170185988092 4.605170185988092
prabhu 1 4.605170185988092 4.605170185988092
pradeep 1 3.912023005428146 3.912023005428146
pradhan 1 4.605170185988092 4.605170185988092
prahlad 1 4.605170185988092 4.605170185988092
prakash 1 4.605170185988092 4.605170185988092
pramod 1 4.605170185988092 4.605170185988092
prasad 1 3.912023005428146 3.912023005428146
prasada 1 4.605170185988092 4.605170185988092
praveen 1 4.605170185988092 4.605170185988092
prema 1 4.605170185988092 4.605170185988092
present 1 0.9675840262617057 0.9675840262617057
printbodyns 1 0.09431067947124142 0.09431067947124142
printexport 1 0.0 0.0
privacy 1 0.0 0.0
project 0 0.0 0.0
prokar 1 4.605170185988092 4.605170185988092
publication 1 1.3862943611198906 1.3862943611198906
pukhraj 1 4.605170185988092 4.605170185988092
purshottam 1 4.605170185988092 4.605170185988092
rabies 1 4.605170185988092 4.605170185988092
rabindra 1 4.605170185988092 4.605170185988092
radha 1 4.605170185988092 4.605170185988092
radhe 1 4.605170185988092 4.605170185988092
raghu 1 4.605170185988092 4.605170185988092
rahman 1 3.912023005428146 3.912023005428146
rai 1 4.605170185988092 4.605170185988092
raj 1 3.912023005428146 3.912023005428146
rajagopal 1 4.605170185988092 4.605170185988092
rajagopalan 1 4.605170185988092 4.605170185988092
rajan 1 3.912023005428146 3.912023005428146
rajannachar 1 4.605170185988092 4.605170185988092
rajasekaran 1 4.605170185988092 4.605170185988092
rajendra 1 3.912023005428146 3.912023005428146
rajesh 1 3.506557897319982 3.506557897319982
rajgopal 1 4.605170185988092 4.605170185988092
rakesh 1 4.605170185988092 4.605170185988092
ram 1 2.995732273553991 2.995732273553991
ramachandra 1 4.605170185988092 4.605170185988092
ramakant 1 4.605170185988092 4.605170185988092
ramakrishnan 1 4.605170185988092 4.605170185988092
ramalingaswami 1 4.605170185988092 4.605170185988092
ramamurthi 1 4.605170185988092 4.605170185988092
raman 1 4.605170185988092 4.605170185988092
ramana 1 4.605170185988092 4.605170185988092
ramaswami 1 4.605170185988092 4.605170185988092
ramaswamy 1 4.605170185988092 4.605170185988092
ramesh 1 4.605170185988092 4.605170185988092
ramniklal 1 4.605170185988092 4.605170185988092
rana 1 3.506557897319982 3.506557897319982
randeep 1 4.605170185988092 4.605170185988092
randhir 1 4.605170185988092 4.605170185988092
random 1 0.0 0.0
rani 1 3.912023005428146 3.912023005428146
ranjit 1 3.912023005428146 3.912023005428146
rao 1 3.912023005428146 3.912023005428146
rapid 1 2.8134107167600364 2.8134107167600364
ratan 1 4.605170185988092 4.605170185988092
rathin 1 4.605170185988092 4.605170185988092
ravi 1 4.605170185988092 4.605170185988092
ravindra 1 4.605170185988092 4.605170185988092
rawat 1 4.605170185988092 4.605170185988092
ray 1 1.7147984280919266 1.7147984280919266
read 1 0.0 0.0
reading 1 1.5606477482646683 1.5606477482646683
recent 1 0.0 0.0
recipient 1 2.995732273553991 2.995732273553991
recipientsin 1 4.605170185988092 4.605170185988092
reddy 1 3.506557897319982 3.506557897319982
reference 1 0.03045920748470844 0.03045920748470844
reflist 1 0.06187540371808745 0.06187540371808745
reflistcolumns 1 0.06187540371808745 0.06187540371808745
reg 1 0.0 0.0
registered 1 0.0 0.0
related 1 0.0 0.0
report 1 1.1086626245216111 1.1086626245216111
research 1 1.6094379124341003 1.6094379124341003
researcher 1 3.2188758248682006 3.2188758248682006
retirement 1 2.207274913189721 2.207274913189721
retrieved 1 0.0 0.0
reuben 1 3.506557897319982 3.506557897319982
rhodamine 1 4.605170185988092 4.605170185988092
rissam 1 4.605170185988092 4.605170185988092
robert 1 0.8675005677047231 0.8675005677047231
roy 1 2.120263536200091 2.120263536200091
ruit 1 4.605170185988092 4.605170185988092
sabah 1 3.912023005428146 3.912023005428146
sabharwal 1 4.605170185988092 4.605170185988092
sachdev 1 3.912023005428146 3.912023005428146
sadagopan 1 4.605170185988092 4.605170185988092
sahariah 1 4.605170185988092 4.605170185988092
sahu 1 4.605170185988092 4.605170185988092
saibaba 1 4.605170185988092 4.605170185988092
sainani 1 4.605170185988092 4.605170185988092
sama 1 4.605170185988092 4.605170185988092
samiran 1 4.605170185988092 4.605170185988092
sandra 1 3.506557897319982 3.506557897319982
sanduk 1 4.605170185988092 4.605170185988092
sanjeev 1 3.912023005428146 3.912023005428146
sanjivi 1 4.605170185988092 4.605170185988092
sankaran 1 4.605170185988092 4.605170185988092
santosh 1 4.605170185988092 4.605170185988092
santra 1 4.605170185988092 4.605170185988092
sarbeswar 1 4.605170185988092 4.605170185988092
sarma 1 4.605170185988092 4.605170185988092
saroj 1 4.605170185988092 4.605170185988092
sat 1 3.912023005428146 3.912023005428146
sathyamurthy 1 4.605170185988092 4.605170185988092
saumitra 1 4.605170185988092 4.605170185988092
saxena 1 4.605170185988092 4.605170185988092
science 0 1.171182981502945 0.0
sciencescitation 1 4.605170185988092 4.605170185988092
screen 1 0.010050335853501506 0.010050335853501506
search 1 0.0 0.0
secured 1 2.995732273553991 2.995732273553991
semple 1 3.912023005428146 3.912023005428146
senior 1 2.0402208285265546 2.0402208285265546
sennimalai 1 4.605170185988092 4.605170185988092
september 1 0.43078291609245434 0.43078291609245434
served 1 1.4696759700589417 1.4696759700589417
service 0 1.2378743560016172 0.0
seshiah 1 4.605170185988092 4.605170185988092
seth 1 2.8134107167600364 2.8134107167600364
sethi 1 4.605170185988092 4.605170185988092
several 1 0.8209805520698303 0.8209805520698303
shah 1 2.8134107167600364 2.8134107167600364
shaik 1 4.605170185988092 4.605170185988092
shaikha 1 4.605170185988092 4.605170185988092
shanta 1 4.605170185988092 4.605170185988092
shantha 1 4.605170185988092 4.605170185988092
shanti 1 4.605170185988092 4.605170185988092
sharad 1 4.605170185988092 4.605170185988092
share 1 0.0 0.0
sharma 1 3.912023005428146 3.912023005428146
shashank 1 4.605170185988092 4.605170185988092
sheikha 1 4.605170185988092 4.605170185988092
sheo 1 4.605170185988092 4.605170185988092
shetty 1 3.912023005428146 3.912023005428146
shiela 1 4.605170185988092 4.605170185988092
shishupal 1 4.605170185988092 4.605170185988092
shiv 1 3.912023005428146 3.912023005428146
shortened 1 0.0 0.0
shri 1 3.912023005428146 3.912023005428146
shrinivas 1 4.605170185988092 4.605170185988092
shyam 1 4.605170185988092 4.605170185988092
shyama 1 4.605170185988092 4.605170185988092
siddhartha 1 4.605170185988092 4.605170185988092
sidebar 1 0.0 0.0
singh 1 2.8134107167600364 2.8134107167600364
singhal 1 4.605170185988092 4.605170185988092
sinha 1 4.605170185988092 4.605170185988092
site 1 0.0 0.0
siva 1 3.912023005428146 3.912023005428146
sivapatham 1 4.605170185988092 4.605170185988092
smita 1 4.605170185988092 4.605170185988092
sneh 1 4.605170185988092 4.605170185988092
societe 1 4.605170185988092 4.605170185988092
society 1 1.4271163556401458 1.4271163556401458
soin 1 4.605170185988092 4.605170185988092
solid 1 0.09431067947124142 0.09431067947124142
solomon 1 2.995732273553991 2.995732273553991
somaraju 1 4.605170185988092 4.605170185988092
son 0 1.3093333199837622 0.0
soniya 1 4.605170185988092 4.605170185988092
south 1 0.9162907318741551 0.9162907318741551
souza 1 3.912023005428146 3.912023005428146
special 1 0.0 0.0
spouse 1 2.8134107167600364 2.8134107167600364
sriman 1 4.605170185988092 4.605170185988092
srinivas 1 4.605170185988092 4.605170185988092
srinivasan 1 4.605170185988092 4.605170185988092
srivastava 1 4.605170185988092 4.605170185988092
staining 1 4.605170185988092 4.605170185988092
stanley 1 2.8134107167600364 2.8134107167600364
started 1 1.6094379124341003 1.6094379124341003
state 1 0.3147107448397002 0.3147107448397002
statement 1 0.0 0.0
statistic 0 0.0 0.0
study 0 1.2729656758128876 0.0
subba 1 4.605170185988092 4.605170185988092
subhadra 1 3.912023005428146 3.912023005428146
subrat 1 4.605170185988092 4.605170185988092
sud 1 4.605170185988092 4.605170185988092
sudam 1 4.605170185988092 4.605170185988092
sudarshan 1 4.605170185988092 4.605170185988092
sudhir 1 4.605170185988092 4.605170185988092
sundaram 1 4.605170185988092 4.605170185988092
sunil 1 4.605170185988092 4.605170185988092
suniti 1 4.605170185988092 4.605170185988092
sunkara 1 4.605170185988092 4.605170185988092
supplement 1 3.506557897319982 3.506557897319982
suresh 1 3.912023005428146 3.912023005428146
survived 1 2.8134107167600364 2.8134107167600364
sushovan 1 4.605170185988092 4.605170185988092
syed 1 3.912023005428146 3.912023005428146
table 1 0.0 0.0
talk 1 0.0 0.0
tambe 1 4.605170185988092 4.605170185988092
tamil 1 2.995732273553991 2.995732273553991
tandon 1 4.605170185988092 4.605170185988092
taraprasad 1 4.605170185988092 4.605170185988092
tdhlist 1 0.1392620673335076 0.1392620673335076
tehemton 1 4.605170185988092 4.605170185988092
tejas 1 4.605170185988092 4.605170185988092
template 1 0.0 0.0
term 0 0.0 0.0
tewari 1 4.605170185988092 4.605170185988092
text 1 0.0 0.0
thakur 1 4.605170185988092 4.605170185988092
thaliath 1 4.605170185988092 4.605170185988092
thanikachalam 1 4.605170185988092 4.605170185988092
thayil 1 4.605170185988092 4.605170185988092
thbodyskinresponsive 1 0.3147107448397002 0.3147107448397002
thenumgal 1 4.605170185988092 4.605170185988092
thiruvengadam 1 4.605170185988092 4.605170185988092
tibrewal 1 4.605170185988092 4.605170185988092
till 1 2.302585092994046 2.302585092994046
titiyal 1 4.605170185988092 4.605170185988092
toggle 1 0.010050335853501506 0.010050335853501506
tony 1 1.8325814637483102 1.8325814637483102
tool 0 0.0 0.0
top 1 0.010050335853501506 0.010050335853501506
topic 1 0.0 0.0
total 1 0.0 0.0
trademark 1 0.0 0.0
treated 1 4.605170185988092 4.605170185988092
treatment 1 2.659260036932778 2.659260036932778
trehan 1 4.605170185988092 4.605170185988092
triguna 1 4.605170185988092 4.605170185988092
tripathi 1 4.605170185988092 4.605170185988092
trivedi 1 4.605170185988092 4.605170185988092
tsering 1 4.605170185988092 4.605170185988092
tuberculosis 1 3.2188758248682006 3.2188758248682006
udupa 1 4.605170185988092 4.605170185988092
udwadia 1 4.605170185988092 4.605170185988092
ulpaddingem 1 0.1392620673335076 0.1392620673335076
understanding 1 2.659260036932778 2.659260036932778
united 1 0.4155154439616658 0.4155154439616658
university 1 0.616186139423817 0.616186139423817
unsourced 1 1.3862943611198906 1.3862943611198906
untreated 1 4.605170185988092 4.605170185988092
upadhyaya 1 4.605170185988092 4.605170185988092
upendra 1 4.605170185988092 4.605170185988092
upload 1 0.0 0.0
use 1 0.0 0.0
usha 1 4.605170185988092 4.605170185988092
using 1 0.0 0.0
utc 1 0.0 0.0
vaccine 1 4.605170185988092 4.605170185988092
vaid 1 4.605170185988092 4.605170185988092
vaidya 1 4.605170185988092 4.605170185988092
vaishya 1 4.605170185988092 4.605170185988092
valiathan 1 4.605170185988092 4.605170185988092
vallalarpuram 1 4.605170185988092 4.605170185988092
value 1 1.9661128563728327 1.9661128563728327
vamsi 1 4.605170185988092 4.605170185988092
var 1 0.0 0.0
vardachari 1 4.605170185988092 4.605170185988092
varma 1 4.605170185988092 4.605170185988092
vasant 1 4.605170185988092 4.605170185988092
vazifdar 1 4.605170185988092 4.605170185988092
vector 1 3.912023005428146 3.912023005428146
veer 1 4.605170185988092 4.605170185988092
veeraraghavan 1 4.605170185988092 4.605170185988092
veeraswamy 1 4.605170185988092 4.605170185988092
velmurugendran 1 4.605170185988092 4.605170185988092
veluchamy 1 4.605170185988092 4.605170185988092
venkata 1 4.605170185988092 4.605170185988092
venkataraman 1 4.605170185988092 4.605170185988092
venkataswami 1 4.605170185988092 4.605170185988092
venkataswamy 1 4.605170185988092 4.605170185988092
venkatesa 1 4.605170185988092 4.605170185988092
vera 1 3.506557897319982 3.506557897319982
verghese 1 4.605170185988092 4.605170185988092
verma 1 3.912023005428146 3.912023005428146
version 1 0.0 0.0
vhs 1 3.506557897319982 3.506557897319982
viafnational 1 3.2188758248682006 3.2188758248682006
vice 1 1.6607312068216509 1.6607312068216509
view 1 0.0 0.0
vijay 1 4.605170185988092 4.605170185988092
vijayalakshmi 1 4.605170185988092 4.605170185988092
vijayaraghavan 1 4.605170185988092 4.605170185988092
vijaykumar 1 4.605170185988092 4.605170185988092
vikas 1 4.605170185988092 4.605170185988092
vikram 1 4.605170185988092 4.605170185988092
vila 0 2.995732273553991 0.0
vinayak 1 4.605170185988092 4.605170185988092
vipin 1 4.605170185988092 4.605170185988092
vir 1 3.506557897319982 3.506557897319982
virus 1 4.605170185988092 4.605170185988092
vishwa 1 4.605170185988092 4.605170185988092
vishwakarma 1 4.605170185988092 4.605170185988092
vitro 1 4.605170185988092 4.605170185988092
vittal 1 4.605170185988092 4.605170185988092
voluntary 1 3.2188758248682006 3.2188758248682006
vulimiri 1 4.605170185988092 4.605170185988092
wahi 1 4.605170185988092 4.605170185988092
wali 1 4.605170185988092 4.605170185988092
warrier 1 4.605170185988092 4.605170185988092
wasir 1 4.605170185988092 4.605170185988092
way 1 1.1086626245216111 1.1086626245216111
wife 1 1.7719568419318754 1.7719568419318754
wikidata 1 0.010050335853501506 0.010050335853501506
wikimedia 1 0.0 0.0
wikipedia 1 0.0 0.0
william 1 1.171182981502945 1.171182981502945
working 1 1.8971199848858813 1.8971199848858813
world 1 0.5108256237659907 0.5108256237659907
worldcat 1 4.605170185988092 4.605170185988092
writer 0 1.5141277326297755 0.0
written 1 0.9416085398584451 0.9416085398584451
yadav 1 3.912023005428146 3.912023005428146
yarlagadda 1 4.605170185988092 4.605170185988092
yash 1 4.605170185988092 4.605170185988092
yazdi 1 4.605170185988092 4.605170185988092
yeshi 1 4.605170185988092 4.605170185988092
yog 1 4.605170185988092 4.605170185988092
yogesh 1 4.605170185988092 4.605170185988092
yogi 1 3.2188758248682006 3.2188758248682006
zillur 1 4.605170185988092 4.605170185988092
