abby 1 3.506557897319982 3.506557897319982
academy 1 1.8325814637483102 1.8325814637483102
account 1 0.0 0.0
ace 1 2.995732273553991 2.995732273553991
achievement 1 2.5257286443082556 2.5257286443082556
acting 1 1.8971199848858813 1.8971199848858813
action 0 0.0 0.0
actor 1 2.207274913189721 2.207274913189721
actress 1 2.8134107167600364 2.8134107167600364
add 1 0.0 0.0
additional 1 0.0 0.0
agree 1 0.0 0.0
air 1 1.8971199848858813 1.8971199848858813
alderson 1 3.912023005428146 3.912023005428146
alexis 1 3.2188758248682006 3.2188758248682006
alike 1 0.0 0.0
allred 1 4.605170185988092 4.605170185988092
also 1 0.127833371509885 0.127833371509885
america 1 0.8675005677047231 0.8675005677047231
american 1 0.5276327420823719 0.5276327420823719
ampm 1 4.605170185988092 4.605170185988092
anderson 1 2.302585092994046 2.302585092994046
andrew 1 1.5141277326297755 1.5141277326297755
angeles 1 1.6607312068216509 1.6607312068216509
angie 1 3.506557897319982 3.506557897319982
animated 1 2.8134107167600364 2.8134107167600364
annie 1 2.995732273553991 2.995732273553991
announced 1 1.2039728043259361 1.2039728043259361
annual 1 1.6607312068216509 1.6607312068216509
anthony 1 1.5141277326297755 1.5141277326297755
appearance 1 0.0 0.0
apply 1 0.0 0.0
approach 0 1.9661128563728327 0.0
archived 1 0.47803580094299974 0.47803580094299974
art 0 1.2039728043259361 0.0
article 1 0.0 0.0
artist 0 1.7147984280919266 0.0
ashford 1 3.506557897319982 3.506557897319982
atas 1 4.605170185988092 4.605170185988092
atkinson 1 2.995732273553991 2.995732273553991
atlanta 1 2.207274913189721 2.207274913189721
atlantic 1 2.207274913189721 2.207274913189721
attracted 1 3.2188758248682006 3.2188758248682006
attribution 1 0.0 0.0
audience 1 2.659260036932778 2.659260036932778
august 1 0.3424903089467759 0.3424903089467759
auto 1 0.1392620673335076 0.1392620673335076
available 1 0.0 0.0
award 1 1.171182981502945 1.171182981502945
awarded 1 2.207274913189721 2.207274913189721
awardsby 1 4.605170185988092 4.605170185988092
bailey 1 2.5257286443082556 2.5257286443082556
bay 1 1.6094379124341003 1.6094379124341003
bayless 1 4.605170185988092 4.605170185988092
beautiful 1 2.120263536200091 2.120263536200091
beginning 1 1.6607312068216509 1.6607312068216509
ben 1 2.207274913189721 2.207274913189721
benard 1 3.912023005428146 3.912023005428146
berkus 1 4.605170185988092 4.605170185988092
best 1 1.0216512475319812 1.0216512475319812
beverly 1 3.912023005428146 3.912023005428146
big 1 1.3862943611198906 1.3862943611198906
bill 1 1.171182981502945 1.171182981502945
bird 1 2.659260036932778 2.659260036932778
blakemore 1 4.605170185988092 4.605170185988092
bob 1 1.8971199848858813 1.8971199848858813
bold 1 2.407945608651872 2.407945608651872
bonaventure 1 4.605170185988092 4.605170185988092
bottom 1 2.302585092994046 2.302585092994046
bradbury 1 3.912023005428146 3.912023005428146
bradford 1 3.2188758248682006 3.2188758248682006
brady 1 2.8134107167600364 2.8134107167600364
brain 1 2.995732273553991 2.995732273553991
breaking 1 2.659260036932778 2.659260036932778
breslin 1 4.605170185988092 4.605170185988092
broadcast 1 2.8134107167600364 2.8134107167600364
brought 1 1.5606477482646683 1.5606477482646683
brown 1 1.6607312068216509 1.6607312068216509
buchanan 1 3.506557897319982 3.506557897319982
burnett 1 3.2188758248682006 3.2188758248682006
butler 1 2.302585092994046 2.302585092994046
cab 1 3.912023005428146 3.912023005428146
cable 1 2.995732273553991 2.995732273553991
cadaby 1 4.605170185988092 4.605170185988092
calendar 1 2.5257286443082556 2.5257286443082556
california 1 1.4696759700589417 1.4696759700589417
capital 1 2.302585092994046 2.302585092994046
carly 1 3.2188758248682006 3.2188758248682006
caroll 1 4.605170185988092 4.605170185988092
carrara 1 4.605170185988092 4.605170185988092
cash 1 2.995732273553991 2.995732273553991
categorieswinners 1 4.605170185988092 4.605170185988092
category 1 0.0 0.0
centerpx 1 0.0408219945202552 0.0408219945202552
ceremony 1 2.302585092994046 2.302585092994046
chad 1 2.659260036932778 2.659260036932778
chandler 1 4.605170185988092 4.605170185988092
change 0 0.0 0.0
chappell 1 4.605170185988092 4.605170185988092
chesapeake 1 3.506557897319982 3.506557897319982
chicago 1 1.8971199848858813 1.8971199848858813
child 0 1.07880966137193 0.0
childrens 1 2.207274913189721 2.207274913189721
chloe 1 3.506557897319982 3.506557897319982
christel 1 4.605170185988092 4.605170185988092
citation 1 0.0408219945202552 0.0408219945202552
cite 1 0.0 0.0
citeweb 1 0.5447271754416719 0.5447271754416719
city 1 0.6348782724359695 0.6348782724359695
claire 1 3.2188758248682006 3.2188758248682006
clarence 1 3.2188758248682006 3.2188758248682006
clark 1 1.6607312068216509 1.6607312068216509
clash 1 2.659260036932778 2.659260036932778
code 1 0.0 0.0
common 0 0.0 0.0
conaway 1 4.605170185988092 4.605170185988092
conduct 1 0.0 0.0
contact 1 0.0 0.0
content 1 0.0 0.0
context 1 0.010050335853501506 0.010050335853501506
contribute 1 0.0 0.0
contribution 0 0.0 0.0
cook 1 2.8134107167600364 2.8134107167600364
cookie 1 0.0 0.0
cookiematch 1 0.0 0.0
cooking 1 3.912023005428146 3.912023005428146
cooper 1 2.120263536200091 2.120263536200091
corinthos 1 4.605170185988092 4.605170185988092
counterlistitema 1 0.127833371509885 0.127833371509885
counting 1 3.912023005428146 3.912023005428146
country 1 0.843970070294529 0.843970070294529
court 1 1.5141277326297755 1.5141277326297755
courtroom 1 3.912023005428146 3.912023005428146
coverage 1 2.995732273553991 2.995732273553991
create 1 0.0 0.0
creative 1 0.0 0.0
crown 1 1.9661128563728327 1.9661128563728327
crystal 1 2.995732273553991 2.995732273553991
csmaintcolorf 1 0.06187540371808745 0.06187540371808745
csmaintcolorfmedia 1 0.0408219945202552 0.0408219945202552
cswsicon 1 0.0408219945202552 0.0408219945202552
culinary 1 3.912023005428146 3.912023005428146
curious 1 3.506557897319982 3.506557897319982
current 1 0.0 0.0
dakota 1 2.8134107167600364 2.8134107167600364
damian 1 3.506557897319982 3.506557897319982
darnell 1 4.605170185988092 4.605170185988092
date 1 0.3147107448397002 0.3147107448397002
david 1 0.9942522733438669 0.9942522733438669
davis 1 1.6607312068216509 1.6607312068216509
dawson 1 3.506557897319982 3.506557897319982
day 0 0.5276327420823719 0.0
daytime 1 2.995732273553991 2.995732273553991
deal 1 1.8325814637483102 1.8325814637483102
debbi 1 4.605170185988092 4.605170185988092
deen 1 3.912023005428146 3.912023005428146
deidre 1 4.605170185988092 4.605170185988092
description 1 0.07257069283483537 0.07257069283483537
developer 0 0.0 0.0
deveraux 1 4.605170185988092 4.605170185988092
dick 1 2.120263536200091 2.120263536200091
died 1 1.3093333199837622 1.3093333199837622
different 1 0.3424903089467759 0.3424903089467759
directing 1 3.506557897319982 3.506557897319982
disclaimer 0 0.0 0.0
dish 0 3.506557897319982 0.0
distro 1 4.605170185988092 4.605170185988092
doctor 0 1.6607312068216509 0.0
documentary 1 2.302585092994046 2.302585092994046
donate 1 0.0 0.0
dora 1 4.605170185988092 4.605170185988092
download 1 0.0 0.0
drake 1 2.659260036932778 2.659260036932778
drama 1 2.407945608651872 2.407945608651872
dtaftercontent 1 0.127833371509885 0.127833371509885
duell 1 4.605170185988092 4.605170185988092
eddie 1 2.659260036932778 2.659260036932778
egan 1 3.912023005428146 3.912023005428146
egot 1 4.605170185988092 4.605170185988092
elizabeth 1 1.9661128563728327 1.9661128563728327
ellen 1 3.2188758248682006 3.2188758248682006
elmo 1 4.605170185988092 4.605170185988092
emmy 1 3.912023005428146 3.912023005428146
emmyonlineorg 1 4.605170185988092 4.605170185988092
encyclopedia 1 0.0 0.0
engineering 1 2.302585092994046 2.302585092994046
england 1 1.6607312068216509 1.6607312068216509
english 1 0.0 0.0
entertainment 1 1.8325814637483102 1.8325814637483102
episode 1 1.6094379124341003 1.6094379124341003
eric 1 1.8971199848858813 1.8971199848858813
erika 1 3.912023005428146 3.912023005428146
est 1 3.2188758248682006 3.2188758248682006
ethan 1 3.2188758248682006 3.2188758248682006
evening 1 2.659260036932778 2.659260036932778
event 0 0.0 0.0
ever 1 1.7147984280919266 1.7147984280919266
executive 1 1.8325814637483102 1.8325814637483102
exp 1 0.0 0.0
explorer 1 3.2188758248682006 3.2188758248682006
fairman 1 3.912023005428146 3.912023005428146
fame 1 2.207274913189721 2.207274913189721
family 1 0.9162907318741551 0.9162907318741551
far 1 1.6607312068216509 1.6607312068216509
february 1 0.27443684570176036 0.27443684570176036
fickett 1 4.605170185988092 4.605170185988092
field 0 1.0498221244986776 0.0
file 1 0.0 0.0
filmed 1 2.659260036932778 2.659260036932778
first 1 0.1508228897345837 0.1508228897345837
five 1 1.0216512475319812 1.0216512475319812
followed 1 1.3093333199837622 1.3093333199837622
forrester 1 3.912023005428146 3.912023005428146
fortune 1 2.302585092994046 2.302585092994046
foundation 1 0.0 0.0
four 1 0.7985076962177716 0.7985076962177716
franais 1 0.8675005677047231 0.8675005677047231
franchise 1 2.207274913189721 2.207274913189721
francis 1 1.6607312068216509 1.6607312068216509
francisco 1 1.7719568419318754 1.7719568419318754
free 1 0.0 0.0
freudberg 1 4.605170185988092 4.605170185988092
frid 1 4.605170185988092 4.605170185988092
gabriel 1 2.659260036932778 2.659260036932778
game 1 1.2378743560016172 1.2378743560016172
geary 1 4.605170185988092 4.605170185988092
geddie 1 4.605170185988092 4.605170185988092
general 1 0.0 0.0
generes 1 4.605170185988092 4.605170185988092
genevieve 1 3.912023005428146 3.912023005428146
genie 1 4.605170185988092 4.605170185988092
george 1 1.07880966137193 1.07880966137193
get 1 0.0 0.0
giada 1 4.605170185988092 4.605170185988092
gloria 1 3.506557897319982 3.506557897319982
good 1 1.3093333199837622 1.3093333199837622
gornell 1 4.605170185988092 4.605170185988092
goyo 1 4.605170185988092 4.605170185988092
grahn 1 4.605170185988092 4.605170185988092
great 1 0.9675840262617057 0.9675840262617057
gunn 1 3.506557897319982 3.506557897319982
hall 1 1.3470736479666094 1.3470736479666094
hammer 1 2.995732273553991 2.995732273553991
hatnote 1 0.843970070294529 0.843970070294529
haunting 1 3.2188758248682006 3.2188758248682006
heartland 0 3.912023005428146 0.0
heather 1 2.407945608651872 2.407945608651872
held 1 1.171182981502945 1.171182981502945
help 1 0.0 0.0
hendrickson 1 4.605170185988092 4.605170185988092
hennig 1 4.605170185988092 4.605170185988092
herbst 1 4.605170185988092 4.605170185988092
hidden 1 0.010050335853501506 0.010050335853501506
hide 1 0.0 0.0
high 1 0.9416085398584451 0.9416085398584451
highlight 0 2.407945608651872 0.0
hill 0 1.2039728043259361 0.0
hilton 1 3.2188758248682006 3.2188758248682006
history 1 0.0 0.0
hlist 1 0.127833371509885 0.127833371509885
hlistinline 1 0.127833371509885 0.127833371509885
hln 1 3.912023005428146 3.912023005428146
hlnproduced 1 4.605170185988092 4.605170185988092
home 1 0.7339691750802005 0.7339691750802005
homemade 1 4.605170185988092 4.605170185988092
hope 1 1.6607312068216509 1.6607312068216509
horton 1 3.506557897319982 3.506557897319982
hospital 1 1.9661128563728327 1.9661128563728327
host 1 2.407945608651872 2.407945608651872
hosted 1 2.8134107167600364 2.8134107167600364
hotel 1 2.5257286443082556 2.5257286443082556
hour 1 1.7719568419318754 1.7719568419318754
however 1 0.6931471805599453 0.6931471805599453
hubbard 1 3.912023005428146 3.912023005428146
humanitarian 1 3.506557897319982 3.506557897319982
idlockfree 1 0.0408219945202552 0.0408219945202552
idlockfreeidlockfree 1 0.0408219945202552 0.0408219945202552
idlocklimited 1 0.0408219945202552 0.0408219945202552
idlockregistration 1 0.0408219945202552 0.0408219945202552
idlocksubscription 1 0.0408219945202552 0.0408219945202552
imgsrc 1 1.3862943611198906 1.3862943611198906
inc 1 0.0 0.0
including 1 0.7133498878774648 0.7133498878774648
indicates 1 2.995732273553991 2.995732273553991
individual 0 1.5606477482646683 0.0
infobox 1 0.3011050927839216 0.3011050927839216
infoboxaward 1 3.912023005428146 3.912023005428146
infoboxtable 1 0.3147107448397002 0.3147107448397002
information 1 0.0 0.0
informative 1 4.605170185988092 4.605170185988092
innes 1 3.912023005428146 3.912023005428146
international 1 0.5978370007556204 0.5978370007556204
italiano 1 1.07880966137193 1.07880966137193
item 1 0.010050335853501506 0.010050335853501506
jack 1 1.4696759700589417 1.4696759700589417
jackson 1 1.9661128563728327 1.9661128563728327
jacqueline 1 3.506557897319982 3.506557897319982
jason 1 1.6607312068216509 1.6607312068216509
jeff 1 1.8325814637483102 1.8325814637483102
jeopardy 1 4.605170185988092 4.605170185988092
jesse 1 2.8134107167600364 2.8134107167600364
jillian 1 3.506557897319982 3.506557897319982
jim 1 1.4696759700589417 1.4696759700589417
joe 1 1.5141277326297755 1.5141277326297755
john 1 0.49429632181478017 0.49429632181478017
johnson 1 1.6094379124341003 1.6094379124341003
jonas 1 2.995732273553991 2.995732273553991
jonathan 1 2.302585092994046 2.302585092994046
joosten 1 4.605170185988092 4.605170185988092
josh 1 2.120263536200091 2.120263536200091
judge 1 2.302585092994046 2.302585092994046
judy 1 3.506557897319982 3.506557897319982
july 1 0.43078291609245434 0.43078291609245434
jump 1 0.0 0.0
june 1 0.40047756659712536 0.40047756659712536
kathryn 1 3.912023005428146 3.912023005428146
katie 1 2.8134107167600364 2.8134107167600364
kelly 1 2.407945608651872 2.407945608651872
kevin 1 1.5606477482646683 1.5606477482646683
key 1 1.6094379124341003 1.6094379124341003
khalil 1 3.912023005428146 3.912023005428146
kid 1 1.8971199848858813 1.8971199848858813
lake 0 1.8325814637483102 0.0
lane 1 2.120263536200091 2.120263536200091
language 0 0.0 0.0
lanne 1 3.912023005428146 3.912023005428146
last 1 0.0 0.0
laura 1 2.207274913189721 2.207274913189721
laurentiis 1 4.605170185988092 4.605170185988092
lavery 1 4.605170185988092 4.605170185988092
lead 1 1.6607312068216509 1.6607312068216509
learn 1 0.0 0.0
leastwatched 1 4.605170185988092 4.605170185988092
lee 1 1.6607312068216509 1.6607312068216509
legal 1 1.9661128563728327 1.9661128563728327
leonard 1 2.659260036932778 2.659260036932778
leslie 1 2.8134107167600364 2.8134107167600364
let 0 1.8325814637483102 0.0
lewis 1 1.8325814637483102 1.8325814637483102
liaftercontent 1 0.127833371509885 0.127833371509885
license 1 0.0 0.0
life 1 0.5447271754416719 0.5447271754416719
lifestyle 1 2.659260036932778 2.659260036932778
lifetime 1 3.912023005428146 3.912023005428146
lily 1 3.506557897319982 3.506557897319982
limarginbottom 1 0.9675840262617057 0.9675840262617057
link 1 0.0 0.0
lisa 1 2.995732273553991 2.995732273553991
list 0 0.6348782724359695 0.0
live 1 1.2378743560016172 1.2378743560016172
location 1 1.171182981502945 1.171182981502945
loco 1 4.605170185988092 4.605170185988092
log 1 0.0 0.0
logan 1 2.995732273553991 2.995732273553991
logged 1 0.0 0.0
lollipop 1 3.912023005428146 3.912023005428146
lone 1 2.995732273553991 2.995732273553991
lord 1 2.0402208285265546 2.0402208285265546
los 1 1.5141277326297755 1.5141277326297755
lovett 1 3.912023005428146 3.912023005428146
low 1 1.9661128563728327 1.9661128563728327
lower 1 1.8325814637483102 1.8325814637483102
lucky 1 3.2188758248682006 3.2188758248682006
luke 1 2.8134107167600364 2.8134107167600364
mac 1 2.0402208285265546 2.0402208285265546
madagascar 1 3.912023005428146 3.912023005428146
main 1 0.0 0.0
make 1 1.0498221244986776 1.0498221244986776
manning 1 4.605170185988092 4.605170185988092
march 1 0.3147107448397002 0.3147107448397002
mary 1 1.7719568419318754 1.7719568419318754
massey 1 3.2188758248682006 3.2188758248682006
masterson 1 4.605170185988092 4.605170185988092
matthew 1 1.8325814637483102 1.8325814637483102
maurice 1 2.407945608651872 2.407945608651872
may 1 0.0 0.0
meaning 1 2.5257286443082556 2.5257286443082556
medium 0 0.49429632181478017 0.0
mehmet 1 4.605170185988092 4.605170185988092
melanie 1 3.506557897319982 3.506557897319982
melissa 1 3.912023005428146 3.912023005428146
memoriam 1 3.912023005428146 3.912023005428146
mengers 1 4.605170185988092 4.605170185988092
menu 1 0.0 0.0
mexico 1 1.5606477482646683 1.5606477482646683
michael 1 1.171182981502945 1.171182981502945
michigan 1 2.207274913189721 2.207274913189721
mid 1 2.407945608651872 2.407945608651872
midsouth 1 4.605170185988092 4.605170185988092
midwest 1 3.2188758248682006 3.2188758248682006
million 1 1.6094379124341003 1.6094379124341003
millionaire 1 4.605170185988092 4.605170185988092
mitchell 1 2.302585092994046 2.302585092994046
mobile 1 0.0 0.0
molly 1 3.506557897319982 3.506557897319982
moraes 1 4.605170185988092 4.605170185988092
morgan 1 2.207274913189721 2.207274913189721
morning 1 1.8325814637483102 1.8325814637483102
mountain 1 1.8971199848858813 1.8971199848858813
move 1 0.0 0.0
multiimageinner 1 3.912023005428146 3.912023005428146
nancy 1 2.302585092994046 2.302585092994046
natas 1 4.605170185988092 4.605170185988092
nate 1 3.2188758248682006 3.2188758248682006
nathan 1 2.5257286443082556 2.5257286443082556
national 1 0.5108256237659907 0.5108256237659907
navbar 1 0.23572233352106994 0.23572233352106994
navbarfontsizemedia 1 0.3147107448397002 0.3147107448397002
navbarmini 1 0.23572233352106994 0.23572233352106994
navbox 1 0.1392620673335076 0.1392620673335076
navboximage 1 0.1392620673335076 0.1392620673335076
navboxsubgroup 1 0.1392620673335076 0.1392620673335076
navboxtitle 1 0.1392620673335076 0.1392620673335076
navigation 1 0.0 0.0
network 1 1.3470736479666094 1.3470736479666094
new 1 0.24846135929849972 0.24846135929849972
news 1 0.843970070294529 0.843970070294529
newton 1 2.8134107167600364 2.8134107167600364
nick 1 2.120263536200091 2.120263536200091
night 1 1.7719568419318754 1.7719568419318754
nischelle 1 4.605170185988092 4.605170185988092
nomination 0 2.8134107167600364 0.0
nominee 0 2.995732273553991 0.0
nonnews 1 4.605170185988092 4.605170185988092
nonprofit 1 0.0 0.0
northern 1 1.3093333199837622 1.3093333199837622
northwest 1 2.8134107167600364 2.8134107167600364
november 1 0.3011050927839216 0.3011050927839216
october 1 0.28768207245178085 0.28768207245178085
ohio 1 2.207274913189721 2.207274913189721
ollibeforecontent 1 0.127833371509885 0.127833371509885
one 1 0.23572233352106994 0.23572233352106994
opera 1 2.407945608651872 2.407945608651872
ordon 1 4.605170185988092 4.605170185988092
organization 1 0.0 0.0
organizationname 1 0.010050335853501506 0.010050335853501506
original 1 0.4155154439616658 0.4155154439616658
outstanding 1 3.2188758248682006 3.2188758248682006
pacific 1 2.302585092994046 2.302585092994046
page 1 0.0 0.0
pant 0 3.912023005428146 0.0
paratore 1 4.605170185988092 4.605170185988092
parson 0 3.506557897319982 0.0
participation 1 2.407945608651872 2.407945608651872
patricia 1 2.995732273553991 2.995732273553991
patrick 1 1.8971199848858813 1.8971199848858813
paula 1 2.995732273553991 2.995732273553991
paulas 1 4.605170185988092 4.605170185988092
pdf 1 1.0498221244986776 1.0498221244986776
pdfprintable 1 0.0 0.0
peep 1 4.605170185988092 4.605170185988092
penguin 0 3.2188758248682006 0.0
people 1 0.49429632181478017 0.49429632181478017
performer 1 3.2188758248682006 3.2188758248682006
permanent 1 0.0 0.0
personal 1 0.0 0.0
philbin 1 4.605170185988092 4.605170185988092
philippine 0 2.302585092994046 0.0
place 1 0.653926467406664 0.653926467406664
plainlist 1 0.7339691750802005 0.7339691750802005
plate 1 2.995732273553991 2.995732273553991
policy 1 0.0 0.0
portal 1 0.0 0.0
post 1 1.07880966137193 1.07880966137193
poster 1 2.407945608651872 2.407945608651872
pre 1 2.5257286443082556 2.5257286443082556
prenominees 1 4.605170185988092 4.605170185988092
presented 1 1.9661128563728327 1.9661128563728327
preshow 1 4.605170185988092 4.605170185988092
pressman 1 4.605170185988092 4.605170185988092
primetime 1 4.605170185988092 4.605170185988092
printbodyns 1 0.09431067947124142 0.09431067947124142
printexport 1 0.0 0.0
privacy 1 0.0 0.0
produced 1 1.7719568419318754 1.7719568419318754
producer 1 2.0402208285265546 2.0402208285265546
production 1 1.6607312068216509 1.6607312068216509
program 1 1.7719568419318754 1.7719568419318754
programming 1 2.995732273553991 2.995732273553991
project 0 0.0 0.0
promotional 1 3.912023005428146 3.912023005428146
pst 1 4.605170185988092 4.605170185988092
rachael 1 4.605170185988092 4.605170185988092
random 1 0.0 0.0
ray 1 1.7147984280919266 1.7147984280919266
read 1 0.0 0.0
rebecca 1 2.8134107167600364 2.8134107167600364
recent 1 0.0 0.0
recognizes 1 3.912023005428146 3.912023005428146
record 1 0.7765287894989963 0.7765287894989963
reference 0 0.03045920748470844 0.0
reflist 1 0.06187540371808745 0.06187540371808745
reflistcolumns 1 0.06187540371808745 0.06187540371808745
reg 1 0.0 0.0
regional 1 2.407945608651872 2.407945608651872
regis 1 3.912023005428146 3.912023005428146
registered 1 0.0 0.0
regularly 1 3.2188758248682006 3.2188758248682006
related 1 0.0 0.0
repeat 1 2.995732273553991 2.995732273553991
respectively 1 2.207274913189721 2.207274913189721
restless 1 3.912023005428146 3.912023005428146
retrieved 1 0.0 0.0
rich 1 2.207274913189721 2.207274913189721
richard 1 1.1394342831883648 1.1394342831883648
rick 1 2.207274913189721 2.207274913189721
ripa 1 4.605170185988092 4.605170185988092
robert 1 0.8675005677047231 0.8675005677047231
rocky 1 2.659260036932778 2.659260036932778
ross 1 2.0402208285265546 2.0402208285265546
rudolph 1 3.2188758248682006 3.2188758248682006
san 1 1.2378743560016172 1.2378743560016172
sandra 1 3.506557897319982 3.506557897319982
santino 1 4.605170185988092 4.605170185988092
scheduled 1 2.407945608651872 2.407945608651872
schwartz 1 3.912023005428146 3.912023005428146
science 1 1.171182981502945 1.171182981502945
screen 1 0.010050335853501506 0.010050335853501506
sean 1 2.302585092994046 2.302585092994046
search 1 0.0 0.0
sears 1 3.912023005428146 3.912023005428146
season 1 1.1394342831883648 1.1394342831883648
see 1 0.40047756659712536 0.40047756659712536
semi 1 3.2188758248682006 3.2188758248682006
september 1 0.43078291609245434 0.43078291609245434
series 1 0.8675005677047231 0.8675005677047231
sesame 1 3.912023005428146 3.912023005428146
set 0 0.9942522733438669 0.0
seventh 1 2.5257286443082556 2.5257286443082556
share 1 0.0 0.0
shawn 1 2.659260036932778 2.659260036932778
shelley 1 3.2188758248682006 3.2188758248682006
sherwood 1 3.506557897319982 3.506557897319982
short 1 0.06187540371808745 0.06187540371808745
shortdescription 1 0.2613647641344075 0.2613647641344075
shortened 1 0.0 0.0
shot 1 2.207274913189721 2.207274913189721
show 1 1.0498221244986776 1.0498221244986776
shown 1 2.302585092994046 2.302585092994046
sid 1 2.995732273553991 2.995732273553991
sidebar 1 0.0 0.0
sideboxmarginpx 1 1.3862943611198906 1.3862943611198906
sideboxtextpaddingem 1 1.3862943611198906 1.3862943611198906
sistersitebox 1 1.3862943611198906 1.3862943611198906
site 1 0.0 0.0
slezak 1 4.605170185988092 4.605170185988092
soap 1 2.995732273553991 2.995732273553991
solid 1 0.09431067947124142 0.09431067947124142
sonny 1 3.912023005428146 3.912023005428146
southeast 1 3.2188758248682006 3.2188758248682006
southwest 1 2.407945608651872 2.407945608651872
special 1 0.0 0.0
spencer 1 2.659260036932778 2.659260036932778
spinelli 1 4.605170185988092 4.605170185988092
spinney 1 4.605170185988092 4.605170185988092
sponge 1 3.912023005428146 3.912023005428146
sport 0 1.1394342831883648 0.0
square 1 2.120263536200091 2.120263536200091
star 1 0.9675840262617057 0.9675840262617057
state 0 0.3147107448397002 0.0
statement 1 0.0 0.0
statistic 0 0.0 0.0
steffy 1 4.605170185988092 4.605170185988092
stephanie 1 2.995732273553991 2.995732273553991
stern 1 3.2188758248682006 3.2188758248682006
stewart 1 2.207274913189721 2.207274913189721
stines 1 4.605170185988092 4.605170185988092
stork 1 4.605170185988092 4.605170185988092
street 1 1.4271163556401458 1.4271163556401458
subsection 1 0.3424903089467759 0.3424903089467759
sue 1 2.995732273553991 2.995732273553991
suncoast 1 4.605170185988092 4.605170185988092
supporting 1 2.407945608651872 2.407945608651872
surge 1 3.506557897319982 3.506557897319982
table 1 0.0 0.0
take 1 0.9675840262617057 0.9675840262617057
talk 1 0.0 0.0
tdhlist 1 0.1392620673335076 0.1392620673335076
team 1 1.0498221244986776 1.0498221244986776
technology 1 1.7719568419318754 1.7719568419318754
telecast 1 4.605170185988092 4.605170185988092
televised 1 3.912023005428146 3.912023005428146
television 1 1.6607312068216509 1.6607312068216509
televisionradio 1 4.605170185988092 4.605170185988092
template 1 0.0 0.0
term 0 0.0 0.0
text 1 0.0 0.0
thbodyskinresponsive 1 0.3147107448397002 0.3147107448397002
thompson 1 2.0402208285265546 2.0402208285265546
time 1 0.28768207245178085 0.28768207245178085
tmulti 1 3.912023005428146 3.912023005428146
today 1 1.4696759700589417 1.4696759700589417
todd 1 2.5257286443082556 2.5257286443082556
toggle 1 0.010050335853501506 0.010050335853501506
tom 1 1.2378743560016172 1.2378743560016172
took 1 1.171182981502945 1.171182981502945
tool 0 0.0 0.0
top 1 0.010050335853501506 0.010050335853501506
topic 1 0.0 0.0
total 1 0.0 0.0
trademark 1 0.0 0.0
travis 1 2.659260036932778 2.659260036932778
tribute 1 2.995732273553991 2.995732273553991
triple 1 2.302585092994046 2.302585092994046
tsingle 1 3.912023005428146 3.912023005428146
turner 1 2.207274913189721 2.207274913189721
ulpaddingem 1 0.1392620673335076 0.1392620673335076
united 1 0.4155154439616658 0.4155154439616658
update 1 2.659260036932778 2.659260036932778
upload 1 0.0 0.0
upper 1 2.0402208285265546 2.0402208285265546
use 1 0.0 0.0
using 1 0.0 0.0
utc 1 0.0 0.0
valley 1 2.120263536200091 2.120263536200091
var 1 0.0 0.0
version 1 0.0 0.0
victoria 1 2.407945608651872 2.407945608651872
vieira 1 4.605170185988092 4.605170185988092
view 1 0.0 0.0
viewer 0 2.8134107167600364 0.0
walsh 1 2.302585092994046 2.302585092994046
want 0 1.9661128563728327 0.0
washington 1 1.2378743560016172 1.2378743560016172
watched 1 3.912023005428146 3.912023005428146
wayne 1 2.302585092994046 2.302585092994046
webber 1 4.605170185988092 4.605170185988092
websiteemmyonlineorg 1 4.605170185988092 4.605170185988092
wendy 1 3.912023005428146 3.912023005428146
westin 1 4.605170185988092 4.605170185988092
wheel 1 2.8134107167600364 2.8134107167600364
wide 1 2.5257286443082556 2.5257286443082556
wikidata 1 0.010050335853501506 0.010050335853501506
wikimedia 1 0.0 0.0
wikipedia 1 0.0 0.0
williams 1 1.8971199848858813 1.8971199848858813
win 1 1.1086626245216111 1.1086626245216111
winner 1 1.5141277326297755 1.5141277326297755
winter 0 1.8325814637483102 0.0
wood 1 1.7147984280919266 1.7147984280919266
world 1 0.5108256237659907 0.5108256237659907
wright 1 2.302585092994046 2.302585092994046
writing 1 1.8325814637483102 1.8325814637483102
year 1 0.3424903089467759 0.3424903089467759
york 1 0.8209805520698303 0.8209805520698303
young 1 1.2378743560016172 1.2378743560016172
younger 1 2.120263536200091 2.120263536200091
