aaaborderbottompx 1 2.302585092994046 2.302585092994046
able 1 1.7719568419318754 1.7719568419318754
accelerometer 1 4.605170185988092 4.605170185988092
access 1 2.5257286443082556 2.5257286443082556
accessory 0 3.912023005428146 0.0
account 1 0.0 0.0
acer 1 4.605170185988092 4.605170185988092
acompli 1 4.605170185988092 4.605170185988092
acquisition 1 2.995732273553991 2.995732273553991
action 0 0.0 0.0
activision 1 4.605170185988092 4.605170185988092
add 1 0.0 0.0
addition 1 1.3862943611198906 1.3862943611198906
additional 1 0.0 0.0
ago 1 1.9661128563728327 1.9661128563728327
agree 1 0.0 0.0
aimed 1 3.912023005428146 3.912023005428146
aka 1 2.8134107167600364 2.8134107167600364
alcatel 1 4.605170185988092 4.605170185988092
alike 1 0.0 0.0
allen 1 2.207274913189721 2.207274913189721
alloy 1 3.912023005428146 3.912023005428146
ally 0 2.995732273553991 0.0
alongside 1 1.9661128563728327 1.9661128563728327
also 1 0.127833371509885 0.127833371509885
altamira 1 4.605170185988092 4.605170185988092
altspace 1 4.605170185988092 4.605170185988092
ambient 1 3.912023005428146 3.912023005428146
amp 1 0.4620354595965586 0.4620354595965586
amy 1 2.659260036932778 2.659260036932778
analytics 1 4.605170185988092 4.605170185988092
angle 1 3.506557897319982 3.506557897319982
announced 1 1.2039728043259361 1.2039728043259361
announces 1 2.659260036932778 2.659260036932778
app 1 3.506557897319982 3.506557897319982
appearance 1 0.0 0.0
apple 1 2.659260036932778 2.659260036932778
apply 1 0.0 0.0
apps 1 3.2188758248682006 3.2188758248682006
arc 1 2.995732273553991 2.995732273553991
arkintelcom 1 4.605170185988092 4.605170185988092
article 1 0.0 0.0
asbox 1 2.995732273553991 2.995732273553991
aspect 1 2.302585092994046 2.302585092994046
asus 1 4.605170185988092 4.605170185988092
atelier 1 4.605170185988092 4.605170185988092
ativ 1 4.605170185988092 4.605170185988092
attain 1 3.912023005428146 3.912023005428146
attribution 1 0.0 0.0
audio 1 2.207274913189721 2.207274913189721
augmentation 1 3.912023005428146 3.912023005428146
august 1 0.3424903089467759 0.3424903089467759
auto 1 0.1392620673335076 0.1392620673335076
availability 1 3.912023005428146 3.912023005428146
available 1 0.0 0.0
azure 1 2.995732273553991 2.995732273553991
azyxxi 1 4.605170185988092 4.605170185988092
band 1 2.207274913189721 2.207274913189721
baseball 1 2.5257286443082556 2.5257286443082556
basic 1 2.302585092994046 2.302585092994046
battery 1 2.995732273553991 2.995732273553991
beam 1 3.2188758248682006 3.2188758248682006
belfiore 1 4.605170185988092 4.605170185988092
better 1 1.8971199848858813 1.8971199848858813
bigger 1 2.8134107167600364 2.8134107167600364
bill 1 1.171182981502945 1.171182981502945
bing 1 3.912023005428146 3.912023005428146
biometric 1 4.605170185988092 4.605170185988092
bit 1 2.995732273553991 2.995732273553991
blizzard 1 3.2188758248682006 3.2188758248682006
blog 1 2.8134107167600364 2.8134107167600364
blue 1 1.4696759700589417 1.4696759700589417
bluetooth 1 3.912023005428146 3.912023005428146
board 1 1.5606477482646683 1.5606477482646683
bob 1 1.8971199848858813 1.8971199848858813
book 1 0.6348782724359695 0.6348782724359695
brad 1 2.407945608651872 2.407945608651872
broadband 1 3.912023005428146 3.912023005428146
build 1 2.120263536200091 2.120263536200091
built 1 1.6607312068216509 1.6607312068216509
bundling 1 4.605170185988092 4.605170185988092
bungie 1 4.605170185988092 4.605170185988092
business 1 1.6094379124341003 1.6094379124341003
button 1 4.605170185988092 4.605170185988092
cache 1 3.912023005428146 3.912023005428146
cal 1 3.2188758248682006 3.2188758248682006
calendar 1 2.5257286443082556 2.5257286443082556
cam 1 3.2188758248682006 3.2188758248682006
camera 1 2.995732273553991 2.995732273553991
campaign 0 1.6607312068216509 0.0
campus 1 2.302585092994046 2.302585092994046
card 1 1.7147984280919266 1.7147984280919266
carlos 1 2.995732273553991 2.995732273553991
carolina 1 1.7147984280919266 1.7147984280919266
category 1 0.0 0.0
catherine 1 2.995732273553991 2.995732273553991
centerpx 1 0.0408219945202552 0.0408219945202552
central 1 1.07880966137193 1.07880966137193
ceo 1 3.506557897319982 3.506557897319982
cernuda 1 4.605170185988092 4.605170185988092
cfo 1 3.912023005428146 3.912023005428146
chairman 1 1.8325814637483102 1.8325814637483102
champagne 1 4.605170185988092 4.605170185988092
change 0 0.0 0.0
channel 1 2.302585092994046 2.302585092994046
charles 1 1.171182981502945 1.171182981502945
cheaper 1 4.605170185988092 4.605170185988092
child 0 1.07880966137193 0.0
chip 1 2.8134107167600364 2.8134107167600364
citation 1 0.0408219945202552 0.0408219945202552
cite 1 0.0 0.0
citeweb 1 0.5447271754416719 0.5447271754416719
clarity 1 4.605170185988092 4.605170185988092
clipchamp 1 4.605170185988092 4.605170185988092
clippy 1 4.605170185988092 4.605170185988092
clo 1 4.605170185988092 4.605170185988092
cmo 1 4.605170185988092 4.605170185988092
code 1 0.0 0.0
colloquis 1 4.605170185988092 4.605170185988092
come 0 1.3470736479666094 0.0
commercial 1 2.0402208285265546 2.0402208285265546
commission 1 1.7147984280919266 1.7147984280919266
common 0 0.0 0.0
communication 0 2.207274913189721 0.0
company 1 1.2729656758128876 1.2729656758128876
compatible 1 3.912023005428146 3.912023005428146
compulsion 1 3.912023005428146 3.912023005428146
computer 1 2.5257286443082556 2.5257286443082556
conduct 1 0.0 0.0
conference 0 1.3862943611198906 0.0
connect 1 3.2188758248682006 3.2188758248682006
connection 1 2.120263536200091 2.120263536200091
connectivity 1 4.605170185988092 4.605170185988092
connectix 1 4.605170185988092 4.605170185988092
console 0 3.912023005428146 0.0
construction 1 1.8325814637483102 1.8325814637483102
consumer 1 3.2188758248682006 3.2188758248682006
contact 1 0.0 0.0
contains 1 2.8134107167600364 2.8134107167600364
content 1 0.0 0.0
context 1 0.010050335853501506 0.010050335853501506
contribute 1 0.0 0.0
contribution 0 0.0 0.0
coo 1 4.605170185988092 4.605170185988092
cookie 1 0.0 0.0
cookiematch 1 0.0 0.0
copilot 1 4.605170185988092 4.605170185988092
cordless 1 4.605170185988092 4.605170185988092
core 1 2.659260036932778 2.659260036932778
corporate 1 3.2188758248682006 3.2188758248682006
corporation 1 1.8971199848858813 1.8971199848858813
counterlistitema 1 0.127833371509885 0.127833371509885
cover 1 1.6094379124341003 1.6094379124341003
cpo 1 3.912023005428146 3.912023005428146
cpower 1 4.605170185988092 4.605170185988092
cpu 1 4.605170185988092 4.605170185988092
cpuintel 1 4.605170185988092 4.605170185988092
create 1 0.0 0.0
creative 1 0.0 0.0
crime 0 1.9661128563728327 0.0
criticism 1 2.8134107167600364 2.8134107167600364
csar 1 3.912023005428146 3.912023005428146
csmaintcolorf 1 0.06187540371808745 0.06187540371808745
csmaintcolorfmedia 1 0.0408219945202552 0.0408219945202552
cswsicon 1 0.0408219945202552 0.0408219945202552
cto 1 4.605170185988092 4.605170185988092
current 1 0.0 0.0
danger 1 2.407945608651872 2.407945608651872
data 1 1.3862943611198906 1.3862943611198906
date 1 0.3147107448397002 0.3147107448397002
day 1 0.5276327420823719 0.5276327420823719
default 1 3.506557897319982 3.506557897319982
delivery 1 4.605170185988092 4.605170185988092
dell 1 4.605170185988092 4.605170185988092
description 1 0.07257069283483537 0.07257069283483537
design 1 1.8971199848858813 1.8971199848858813
desk 1 4.605170185988092 4.605170185988092
desktop 0 4.605170185988092 0.0
detachable 1 4.605170185988092 4.605170185988092
developed 1 1.7147984280919266 1.7147984280919266
developer 1 0.0 0.0
device 1 2.8134107167600364 2.8134107167600364
dial 1 4.605170185988092 4.605170185988092
different 1 0.3424903089467759 0.3424903089467759
digital 1 1.9661128563728327 1.9661128563728327
dimension 0 3.2188758248682006 0.0
director 0 1.4271163556401458 0.0
disclaimer 0 0.0 0.0
display 1 2.659260036932778 2.659260036932778
division 0 1.2729656758128876 0.0
dock 1 3.912023005428146 3.912023005428146
dolby 1 3.506557897319982 3.506557897319982
donate 1 0.0 0.0
double 1 2.407945608651872 2.407945608651872
download 1 0.0 0.0
drive 1 2.0402208285265546 2.0402208285265546
dtaftercontent 1 0.127833371509885 0.127833371509885
duet 1 3.912023005428146 3.912023005428146
duo 1 3.912023005428146 3.912023005428146
dybeck 1 4.605170185988092 4.605170185988092
dynamic 0 3.506557897319982 0.0
earbuds 1 4.605170185988092 4.605170185988092
easy 1 2.659260036932778 2.659260036932778
edge 1 2.120263536200091 2.120263536200091
emma 1 2.8134107167600364 2.8134107167600364
employee 1 2.0402208285265546 2.0402208285265546
encyclopedia 1 0.0 0.0
engineering 1 2.302585092994046 2.302585092994046
english 1 0.0 0.0
enhancer 1 4.605170185988092 4.605170185988092
enterprise 1 2.5257286443082556 2.5257286443082556
entertainment 1 1.8325814637483102 1.8325814637483102
envy 1 4.605170185988092 4.605170185988092
ergonomic 1 4.605170185988092 4.605170185988092
estate 0 2.120263536200091 0.0
event 0 0.0 0.0
exchange 1 1.9661128563728327 1.9661128563728327
exp 1 0.0 0.0
expanding 1 2.407945608651872 2.407945608651872
experiment 1 2.5257286443082556 2.5257286443082556
explorer 1 3.2188758248682006 3.2188758248682006
extension 1 2.207274913189721 2.207274913189721
external 1 0.44628710262841953 0.44628710262841953
facial 1 4.605170185988092 4.605170185988092
family 1 0.9162907318741551 0.9162907318741551
fanless 1 4.605170185988092 4.605170185988092
farecast 1 4.605170185988092 4.605170185988092
fasa 1 4.605170185988092 4.605170185988092
fast 1 2.5257286443082556 2.5257286443082556
faster 1 2.995732273553991 2.995732273553991
feature 0 1.4696759700589417 0.0
fee 1 2.995732273553991 2.995732273553991
file 1 0.0 0.0
fine 1 2.5257286443082556 2.5257286443082556
fingerprint 1 4.605170185988092 4.605170185988092
firefly 1 4.605170185988092 4.605170185988092
first 1 0.1508228897345837 0.1508228897345837
forethought 1 4.605170185988092 4.605170185988092
foundation 1 0.0 0.0
founder 0 1.8971199848858813 0.0
free 1 0.0 0.0
front 1 1.7147984280919266 1.7147984280919266
frontfacing 1 4.605170185988092 4.605170185988092
ftc 1 3.912023005428146 3.912023005428146
full 1 1.1086626245216111 1.1086626245216111
fullbody 1 4.605170185988092 4.605170185988092
galaxy 1 2.995732273553991 2.995732273553991
game 1 1.2378743560016172 1.2378743560016172
gaming 1 3.2188758248682006 3.2188758248682006
garage 1 3.912023005428146 3.912023005428146
gate 0 2.5257286443082556 0.0
gbremovable 1 4.605170185988092 4.605170185988092
gen 1 3.2188758248682006 3.2188758248682006
general 1 0.0 0.0
generation 1 1.9661128563728327 1.9661128563728327
get 1 0.0 0.0
ghz 1 3.912023005428146 3.912023005428146
giant 1 2.302585092994046 2.302585092994046
git 1 4.605170185988092 4.605170185988092
glass 1 2.8134107167600364 2.8134107167600364
global 1 1.7719568419318754 1.7719568419318754
go 0 2.120263536200091 0.0
gold 1 1.6094379124341003 1.6094379124341003
gorilla 1 3.912023005428146 3.912023005428146
gpu 1 4.605170185988092 4.605170185988092
gram 0 3.912023005428146 0.0
graphic 0 3.2188758248682006 0.0
great 1 0.9675840262617057 0.9675840262617057
green 1 1.171182981502945 1.171182981502945
gregor 1 3.2188758248682006 3.2188758248682006
groove 1 3.506557897319982 3.506557897319982
group 1 0.8209805520698303 0.8209805520698303
gsmarena 1 4.605170185988092 4.605170185988092
guthrie 1 2.995732273553991 2.995732273553991
gyroscope 1 4.605170185988092 4.605170185988092
happe 1 4.605170185988092 4.605170185988092
hardware 1 3.912023005428146 3.912023005428146
harry 1 2.120263536200091 2.120263536200091
havok 1 4.605170185988092 4.605170185988092
hdtouchpad 1 4.605170185988092 4.605170185988092
headphone 1 4.605170185988092 4.605170185988092
heat 1 2.5257286443082556 2.5257286443082556
hec 1 4.605170185988092 4.605170185988092
helix 1 3.2188758248682006 3.2188758248682006
hello 1 3.912023005428146 3.912023005428146
help 1 0.0 0.0
hidden 1 0.010050335853501506 0.010050335853501506
hide 1 0.0 0.0
high 1 0.9416085398584451 0.9416085398584451
history 1 0.0 0.0
hlist 1 0.127833371509885 0.127833371509885
hlistinline 1 0.127833371509885 0.127833371509885
hoffman 1 2.995732273553991 2.995732273553991
hogan 1 3.506557897319982 3.506557897319982
holo 1 4.605170185988092 4.605170185988092
home 1 0.7339691750802005 0.7339691750802005
hood 1 3.506557897319982 3.506557897319982
hotmail 1 4.605170185988092 4.605170185988092
hour 0 1.7719568419318754 0.0
huawei 1 4.605170185988092 4.605170185988092
hub 1 2.995732273553991 2.995732273553991
iconia 1 4.605170185988092 4.605170185988092
idea 1 1.8325814637483102 1.8325814637483102
idlockfree 1 0.0408219945202552 0.0408219945202552
idlockfreeidlockfree 1 0.0408219945202552 0.0408219945202552
idlocklimited 1 0.0408219945202552 0.0408219945202552
idlockregistration 1 0.0408219945202552 0.0408219945202552
idlocksubscription 1 0.0408219945202552 0.0408219945202552
ignite 1 4.605170185988092 4.605170185988092
improved 1 2.5257286443082556 2.5257286443082556
inc 1 0.0 0.0
inch 1 2.5257286443082556 2.5257286443082556
incorporated 1 2.120263536200091 2.120263536200091
increase 1 2.302585092994046 2.302585092994046
india 1 1.7147984280919266 1.7147984280919266
infobox 1 0.3011050927839216 0.3011050927839216
infoboxtable 1 0.3147107448397002 0.3147107448397002
information 1 0.0 0.0
infrared 1 4.605170185988092 4.605170185988092
input 1 3.2188758248682006 3.2188758248682006
inside 1 2.0402208285265546 2.0402208285265546
inspire 1 4.605170185988092 4.605170185988092
install 1 4.605170185988092 4.605170185988092
integrated 1 2.407945608651872 2.407945608651872
intel 1 3.912023005428146 3.912023005428146
intelli 1 4.605170185988092 4.605170185988092
interactive 1 2.995732273553991 2.995732273553991
internal 1 2.995732273553991 2.995732273553991
internet 1 2.302585092994046 2.302585092994046
introduced 1 1.5606477482646683 1.5606477482646683
introducing 1 2.5257286443082556 2.5257286443082556
introductory 1 3.2188758248682006 3.2188758248682006
item 1 0.010050335853501506 0.010050335853501506
itvte 1 3.2188758248682006 3.2188758248682006
jack 1 1.4696759700589417 1.4696759700589417
japan 1 1.7719568419318754 1.7719568419318754
jazz 1 3.2188758248682006 3.2188758248682006
jellyfishcom 1 4.605170185988092 4.605170185988092
joe 1 1.5141277326297755 1.5141277326297755
john 1 0.49429632181478017 0.49429632181478017
jump 1 0.0 0.0
kathleen 1 4.605170185988092 4.605170185988092
keep 0 1.7719568419318754 0.0
kevin 1 1.5606477482646683 1.5606477482646683
key 1 1.6094379124341003 1.6094379124341003
keyboard 1 3.506557897319982 3.506557897319982
kickstand 1 4.605170185988092 4.605170185988092
kin 1 3.506557897319982 3.506557897319982
kinect 1 4.605170185988092 4.605170185988092
lab 0 3.506557897319982 0.0
language 0 0.0 0.0
laptop 1 4.605170185988092 4.605170185988092
larger 1 2.407945608651872 2.407945608651872
last 1 0.0 0.0
later 1 0.5621189181535412 0.5621189181535412
leadership 1 2.207274913189721 2.207274913189721
league 1 1.3470736479666094 1.3470736479666094
learn 1 0.0 0.0
learning 1 2.407945608651872 2.407945608651872
lenovo 1 4.605170185988092 4.605170185988092
lens 1 3.2188758248682006 3.2188758248682006
lesson 0 3.912023005428146 0.0
lgbtqia 1 4.605170185988092 4.605170185988092
liaftercontent 1 0.127833371509885 0.127833371509885
license 1 0.0 0.0
life 1 0.5447271754416719 0.5447271754416719
light 1 1.3862943611198906 1.3862943611198906
lightweight 1 4.605170185988092 4.605170185988092
lindows 1 4.605170185988092 4.605170185988092
lineup 1 2.8134107167600364 2.8134107167600364
link 1 0.0 0.0
linked 1 3.2188758248682006 3.2188758248682006
lionhead 1 4.605170185988092 4.605170185988092
litigation 1 3.912023005428146 3.912023005428146
log 1 0.0 0.0
logged 1 0.0 0.0
logging 1 3.912023005428146 3.912023005428146
login 1 4.605170185988092 4.605170185988092
loo 1 4.605170185988092 4.605170185988092
lte 1 4.605170185988092 4.605170185988092
lucent 1 3.912023005428146 3.912023005428146
lumia 1 4.605170185988092 4.605170185988092
lynx 1 3.912023005428146 3.912023005428146
mac 1 2.0402208285265546 2.0402208285265546
mag 1 3.912023005428146 3.912023005428146
magnesium 1 4.605170185988092 4.605170185988092
magnetometer 1 4.605170185988092 4.605170185988092
mail 1 2.8134107167600364 2.8134107167600364
main 1 0.0 0.0
maintaining 1 3.506557897319982 3.506557897319982
major 1 1.1086626245216111 1.1086626245216111
maluuba 1 4.605170185988092 4.605170185988092
massive 1 2.8134107167600364 2.8134107167600364
mate 1 3.912023005428146 3.912023005428146
max 1 2.302585092994046 2.302585092994046
may 1 0.0 0.0
mdy 1 1.3862943611198906 1.3862943611198906
medium 0 0.49429632181478017 0.0
memory 1 2.207274913189721 2.207274913189721
menu 1 0.0 0.0
metaswitch 1 4.605170185988092 4.605170185988092
metrix 1 4.605170185988092 4.605170185988092
mhz 1 3.912023005428146 3.912023005428146
micro 1 3.912023005428146 3.912023005428146
microsoft 1 3.506557897319982 3.506557897319982
microsofts 1 3.912023005428146 3.912023005428146
mike 1 1.6094379124341003 1.6094379124341003
mix 1 2.659260036932778 2.659260036932778
mmc 1 4.605170185988092 4.605170185988092
mobile 1 0.0 0.0
mode 1 3.912023005428146 3.912023005428146
model 1 1.8971199848858813 1.8971199848858813
mojang 1 4.605170185988092 4.605170185988092
mojave 1 3.912023005428146 3.912023005428146
mouse 1 3.506557897319982 3.506557897319982
move 1 0.0 0.0
movie 0 1.7719568419318754 0.0
msn 1 3.912023005428146 3.912023005428146
mvpl 1 4.605170185988092 4.605170185988092
nadella 1 4.605170185988092 4.605170185988092
nano 1 4.605170185988092 4.605170185988092
navbar 1 0.23572233352106994 0.23572233352106994
navbarfontsizemedia 1 0.3147107448397002 0.3147107448397002
navbarmini 1 0.23572233352106994 0.23572233352106994
navbox 1 0.1392620673335076 0.1392620673335076
navboximage 1 0.1392620673335076 0.1392620673335076
navboxsubgroup 1 0.1392620673335076 0.1392620673335076
navboxtitle 1 0.1392620673335076 0.1392620673335076
navigation 1 0.0 0.0
navision 1 4.605170185988092 4.605170185988092
neo 1 3.912023005428146 3.912023005428146
net 1 2.5257286443082556 2.5257286443082556
network 1 1.3470736479666094 1.3470736479666094
networking 1 3.506557897319982 3.506557897319982
never 1 1.4696759700589417 1.4696759700589417
new 1 0.24846135929849972 0.24846135929849972
nexus 1 3.912023005428146 3.912023005428146
nfc 1 4.605170185988092 4.605170185988092
ninja 1 3.912023005428146 3.912023005428146
nokia 1 4.605170185988092 4.605170185988092
nonprofit 1 0.0 0.0
npm 1 4.605170185988092 4.605170185988092
nsakey 1 4.605170185988092 4.605170185988092
nuance 1 3.912023005428146 3.912023005428146
numoto 1 4.605170185988092 4.605170185988092
nvme 1 4.605170185988092 4.605170185988092
obsidian 1 4.605170185988092 4.605170185988092
october 1 0.28768207245178085 0.28768207245178085
offered 1 2.659260036932778 2.659260036932778
office 1 1.1086626245216111 1.1086626245216111
official 1 0.7550225842780328 0.7550225842780328
ollibeforecontent 1 0.127833371509885 0.127833371509885
one 1 0.23572233352106994 0.23572233352106994
onfolio 1 4.605170185988092 4.605170185988092
online 1 1.4696759700589417 1.4696759700589417
open 1 1.4696759700589417 1.4696759700589417
operating 1 2.5257286443082556 2.5257286443082556
opt 1 4.605170185988092 4.605170185988092
option 0 2.120263536200091 0.0
organization 1 0.0 0.0
organizationname 1 0.010050335853501506 0.010050335853501506
original 1 0.4155154439616658 0.4155154439616658
outercurve 1 4.605170185988092 4.605170185988092
outline 1 2.8134107167600364 2.8134107167600364
outlookcom 1 4.605170185988092 4.605170185988092
outside 1 1.7147984280919266 1.7147984280919266
pad 1 3.912023005428146 3.912023005428146
padmasree 1 4.605170185988092 4.605170185988092
page 1 0.0 0.0
pando 1 4.605170185988092 4.605170185988092
part 1 0.6348782724359695 0.6348782724359695
particular 1 2.120263536200091 2.120263536200091
paul 1 0.8675005677047231 0.8675005677047231
pavilion 1 3.506557897319982 3.506557897319982
pc 0 3.912023005428146 0.0
pdc 1 4.605170185988092 4.605170185988092
pdfprintable 1 0.0 0.0
pen 1 2.207274913189721 2.207274913189721
penny 1 3.2188758248682006 3.2188758248682006
pentium 1 4.605170185988092 4.605170185988092
people 1 0.49429632181478017 0.49429632181478017
perceptive 1 4.605170185988092 4.605170185988092
performance 1 1.7719568419318754 1.7719568419318754
performs 1 3.506557897319982 3.506557897319982
permanent 1 0.0 0.0
personal 1 0.0 0.0
peterson 1 3.506557897319982 3.506557897319982
phil 1 3.2188758248682006 3.2188758248682006
phone 1 2.8134107167600364 2.8134107167600364
photo 0 2.120263536200091 0.0
pin 1 3.912023005428146 3.912023005428146
pixel 1 4.605170185988092 4.605170185988092
place 1 0.653926467406664 0.653926467406664
plain 0 2.659260036932778 0.0
plainlist 1 0.7339691750802005 0.7339691750802005
platform 1 2.659260036932778 2.659260036932778
play 1 1.2039728043259361 1.2039728043259361
player 0 1.6094379124341003 0.0
playground 1 3.506557897319982 3.506557897319982
point 1 1.2729656758128876 1.2729656758128876
policy 1 0.0 0.0
port 1 2.302585092994046 2.302585092994046
portal 1 0.0 0.0
pound 0 3.2188758248682006 0.0
power 1 1.0216512475319812 1.0216512475319812
powerful 1 2.5257286443082556 2.5257286443082556
powerset 1 4.605170185988092 4.605170185988092
ppi 1 4.605170185988092 4.605170185988092
precededby 1 2.302585092994046 2.302585092994046
predecessor 1 2.5257286443082556 2.5257286443082556
preinstalled 1 4.605170185988092 4.605170185988092
present 1 0.9675840262617057 0.9675840262617057
press 1 0.7550225842780328 0.7550225842780328
previous 1 1.6607312068216509 1.6607312068216509
price 1 1.9661128563728327 1.9661128563728327
printbodyns 1 0.09431067947124142 0.09431067947124142
printexport 1 0.0 0.0
pritzker 1 4.605170185988092 4.605170185988092
privacy 1 0.0 0.0
pro 1 1.6607312068216509 1.6607312068216509
processor 1 3.912023005428146 3.912023005428146
product 1 2.302585092994046 2.302585092994046
programminglanguages 1 4.605170185988092 4.605170185988092
project 0 0.0 0.0
property 0 1.7147984280919266 0.0
purchase 1 2.407945608651872 2.407945608651872
quantive 1 4.605170185988092 4.605170185988092
ram 1 2.995732273553991 2.995732273553991
ramstoragee 1 4.605170185988092 4.605170185988092
random 1 0.0 0.0
rare 1 2.8134107167600364 2.8134107167600364
rashid 1 3.912023005428146 3.912023005428146
ratio 1 4.605170185988092 4.605170185988092
read 1 0.0 0.0
reader 1 2.8134107167600364 2.8134107167600364
rear 1 2.8134107167600364 2.8134107167600364
recent 1 0.0 0.0
recognition 1 2.5257286443082556 2.5257286443082556
reference 0 0.03045920748470844 0.0
reflist 1 0.06187540371808745 0.06187540371808745
reflistcolumns 1 0.06187540371808745 0.06187540371808745
reg 1 0.0 0.0
registered 1 0.0 0.0
reid 1 2.659260036932778 2.659260036932778
related 1 0.0 0.0
release 1 1.3093333199837622 1.3093333199837622
released 1 1.2729656758128876 1.2729656758128876
research 1 1.6094379124341003 1.6094379124341003
resolution 1 2.407945608651872 2.407945608651872
response 1 2.120263536200091 2.120263536200091
retail 1 3.2188758248682006 3.2188758248682006
retrieved 1 0.0 0.0
revolution 1 1.9661128563728327 1.9661128563728327
ribbon 1 4.605170185988092 4.605170185988092
richard 1 1.1394342831883648 1.1394342831883648
risk 1 2.5257286443082556 2.5257286443082556
rodriguez 1 2.995732273553991 2.995732273553991
round 1 1.3862943611198906 1.3862943611198906
rowe 1 3.2188758248682006 3.2188758248682006
run 0 1.171182981502945 0.0
samsung 1 3.912023005428146 3.912023005428146
sandi 1 3.912023005428146 3.912023005428146
satya 1 4.605170185988092 4.605170185988092
scharf 1 4.605170185988092 4.605170185988092
school 0 0.7765287894989963 0.0
scott 1 1.2729656758128876 1.2729656758128876
screen 1 0.010050335853501506 0.010050335853501506
script 1 2.5257286443082556 2.5257286443082556
scroogled 1 4.605170185988092 4.605170185988092
sdxcdisplay 1 4.605170185988092 4.605170185988092
search 1 0.0 0.0
second 1 0.49429632181478017 0.49429632181478017
senior 1 2.0402208285265546 2.0402208285265546
sense 1 2.995732273553991 2.995732273553991
sensor 1 3.912023005428146 3.912023005428146
separately 1 3.912023005428146 3.912023005428146
series 1 0.8675005677047231 0.8675005677047231
server 0 3.2188758248682006 0.0
service 0 1.2378743560016172 0.0
shah 1 2.8134107167600364 2.8134107167600364
share 1 0.0 0.0
shell 1 2.995732273553991 2.995732273553991
ship 1 2.0402208285265546 2.0402208285265546
short 1 0.06187540371808745 0.06187540371808745
shortdescription 1 0.2613647641344075 0.2613647641344075
shortened 1 0.0 0.0
shum 1 4.605170185988092 4.605170185988092
sidebar 1 0.0 0.0
sidebarcollapse 1 2.302585092994046 2.302585092994046
sidebarnotnotheme 1 2.302585092994046 2.302585092994046
sim 1 4.605170185988092 4.605170185988092
simplygon 1 4.605170185988092 4.605170185988092
site 1 0.0 0.0
skype 1 3.912023005428146 3.912023005428146
slot 1 3.506557897319982 3.506557897319982
small 1 1.4271163556401458 1.4271163556401458
smith 1 1.2039728043259361 1.2039728043259361
soft 1 3.506557897319982 3.506557897319982
software 1 2.8134107167600364 2.8134107167600364
sold 1 2.0402208285265546 2.0402208285265546
solid 1 0.09431067947124142 0.09431067947124142
sound 1 1.7719568419318754 1.7719568419318754
source 1 0.5798184952529422 0.5798184952529422
speaker 0 2.407945608651872 0.0
spec 0 4.605170185988092 0.0
special 1 0.0 0.0
specification 0 4.605170185988092 0.0
spectre 1 4.605170185988092 4.605170185988092
spencer 1 2.659260036932778 2.659260036932778
sql 1 3.912023005428146 3.912023005428146
ssd 1 4.605170185988092 4.605170185988092
stanton 1 3.912023005428146 3.912023005428146
start 1 1.4271163556401458 1.4271163556401458
starting 1 1.8971199848858813 1.8971199848858813
state 0 0.3147107448397002 0.0
statement 1 0.0 0.0
statistic 0 0.0 0.0
stereo 1 3.506557897319982 3.506557897319982
still 1 0.9416085398584451 0.9416085398584451
storage 1 3.506557897319982 3.506557897319982
store 1 2.5257286443082556 2.5257286443082556
stub 1 2.995732273553991 2.995732273553991
student 0 1.3862943611198906 0.0
studio 1 1.8971199848858813 1.8971199848858813
stylus 1 4.605170185988092 4.605170185988092
succeededby 1 2.5257286443082556 2.5257286443082556
successor 1 2.207274913189721 2.207274913189721
sunrise 1 3.506557897319982 3.506557897319982
superseded 1 4.605170185988092 4.605170185988092
support 0 1.2729656758128876 0.0
supporting 1 2.407945608651872 2.407945608651872
surface 1 2.8134107167600364 2.8134107167600364
surfacemodels 1 4.605170185988092 4.605170185988092
svp 1 4.605170185988092 4.605170185988092
swift 1 2.8134107167600364 2.8134107167600364
switched 1 3.506557897319982 3.506557897319982
system 1 0.9162907318741551 0.9162907318741551
tab 1 4.605170185988092 4.605170185988092
table 1 0.0 0.0
tablet 1 3.506557897319982 3.506557897319982
take 1 0.9675840262617057 0.9675840262617057
takeshi 1 3.912023005428146 3.912023005428146
talk 1 0.0 0.0
tay 1 4.605170185988092 4.605170185988092
tdhlist 1 0.1392620673335076 0.1392620673335076
team 1 1.0498221244986776 1.0498221244986776
tech 1 2.207274913189721 2.207274913189721
technology 0 1.7719568419318754 0.0
teleo 1 4.605170185988092 4.605170185988092
tellme 1 4.605170185988092 4.605170185988092
template 1 0.0 0.0
term 0 0.0 0.0
text 1 0.0 0.0
thbodyskinresponsive 1 0.3147107448397002 0.3147107448397002
theory 1 2.302585092994046 2.302585092994046
thick 1 3.2188758248682006 3.2188758248682006
thin 1 3.912023005428146 3.912023005428146
think 1 2.207274913189721 2.207274913189721
thompson 1 2.0402208285265546 2.0402208285265546
tier 1 3.912023005428146 3.912023005428146
time 1 0.28768207245178085 0.28768207245178085
timeline 1 2.207274913189721 2.207274913189721
today 1 1.4696759700589417 1.4696759700589417
toggle 1 0.010050335853501506 0.010050335853501506
tool 0 0.0 0.0
top 1 0.010050335853501506 0.010050335853501506
topic 1 0.0 0.0
total 1 0.0 0.0
touchpad 1 4.605170185988092 4.605170185988092
touchscreen 1 3.912023005428146 3.912023005428146
toward 1 2.207274913189721 2.207274913189721
trademark 1 0.0 0.0
transact 1 4.605170185988092 4.605170185988092
transfer 1 2.659260036932778 2.659260036932778
transformer 1 4.605170185988092 4.605170185988092
translator 1 4.605170185988092 4.605170185988092
tray 1 4.605170185988092 4.605170185988092
trial 1 1.8971199848858813 1.8971199848858813
tube 1 1.8971199848858813 1.8971199848858813
twisted 1 4.605170185988092 4.605170185988092
type 1 1.2729656758128876 1.2729656758128876
typein 1 4.605170185988092 4.605170185988092
typical 1 2.995732273553991 2.995732273553991
uhd 1 4.605170185988092 4.605170185988092
ulpaddingem 1 0.1392620673335076 0.1392620673335076
undead 1 3.912023005428146 3.912023005428146
union 0 1.07880966137193 0.0
unit 1 2.207274913189721 2.207274913189721
united 1 0.4155154439616658 0.4155154439616658
unveils 1 3.2188758248682006 3.2188758248682006
upgradable 1 4.605170185988092 4.605170185988092
upgrade 1 3.506557897319982 3.506557897319982
upgraded 1 3.506557897319982 3.506557897319982
upload 1 0.0 0.0
us 0 1.6094379124341003 0.0
usage 1 2.995732273553991 2.995732273553991
usb 1 3.912023005428146 3.912023005428146
usbc 1 4.605170185988092 4.605170185988092
usd 1 4.605170185988092 4.605170185988092
use 1 0.0 0.0
user 0 2.995732273553991 0.0
using 1 0.0 0.0
utc 1 0.0 0.0
var 1 0.0 0.0
vba 1 4.605170185988092 4.605170185988092
vbnet 1 4.605170185988092 4.605170185988092
vbscript 1 4.605170185988092 4.605170185988092
verge 1 3.506557897319982 3.506557897319982
vermeer 1 4.605170185988092 4.605170185988092
versa 1 4.605170185988092 4.605170185988092
version 1 0.0 0.0
vice 1 1.6607312068216509 1.6607312068216509
view 1 0.0 0.0
visio 1 4.605170185988092 4.605170185988092
vista 1 3.912023005428146 3.912023005428146
visual 1 3.506557897319982 3.506557897319982
vivaty 1 4.605170185988092 4.605170185988092
vivo 1 4.605170185988092 4.605170185988092
volo 1 4.605170185988092 4.605170185988092
vps 1 4.605170185988092 4.605170185988092
vte 1 0.7550225842780328 0.7550225842780328
vxtreme 1 4.605170185988092 4.605170185988092
walmsley 1 4.605170185988092 4.605170185988092
want 1 1.9661128563728327 1.9661128563728327
ware 1 3.506557897319982 3.506557897319982
warrior 1 2.407945608651872 2.407945608651872
wearable 0 4.605170185988092 0.0
web 1 1.4696759700589417 1.4696759700589417
website 1 1.6094379124341003 1.6094379124341003
websitewwwsurfacecom 1 4.605170185988092 4.605170185988092
weighs 1 4.605170185988092 4.605170185988092
weight 1 2.120263536200091 2.120263536200091
wikidata 1 0.010050335853501506 0.010050335853501506
wikimedia 1 0.0 0.0
wikipedia 1 0.0 0.0
win 1 1.1086626245216111 1.1086626245216111
window 0 2.995732273553991 0.0
windowspowered 1 4.605170185988092 4.605170185988092
winternals 1 4.605170185988092 4.605170185988092
wonline 1 4.605170185988092 4.605170185988092
work 0 0.7133498878774648 0.0
wunderkinder 1 4.605170185988092 4.605170185988092
xamarin 1 4.605170185988092 4.605170185988092
xandr 1 4.605170185988092 4.605170185988092
xbox 1 3.912023005428146 3.912023005428146
xile 1 4.605170185988092 4.605170185988092
xps 1 4.605170185988092 4.605170185988092
yammer 1 4.605170185988092 4.605170185988092
year 0 0.3424903089467759 0.0
yes 1 3.912023005428146 3.912023005428146
yintel 1 4.605170185988092 4.605170185988092
ymemory 1 4.605170185988092 4.605170185988092
yoga 1 3.912023005428146 3.912023005428146
yupi 1 4.605170185988092 4.605170185988092
zeni 1 4.605170185988092 4.605170185988092
zune 1 4.605170185988092 4.605170185988092
