aaron 1 2.207274913189721 2.207274913189721
abbott 1 2.995732273553991 2.995732273553991
abbotts 1 4.605170185988092 4.605170185988092
abby 1 3.506557897319982 3.506557897319982
able 1 1.7719568419318754 1.7719568419318754
absent 1 3.506557897319982 3.506557897319982
accident 1 2.407945608651872 2.407945608651872
according 1 1.3093333199837622 1.3093333199837622
account 1 0.0 0.0
acquitted 1 4.605170185988092 4.605170185988092
act 1 1.3470736479666094 1.3470736479666094
acting 1 1.8971199848858813 1.8971199848858813
action 0 0.0 0.0
actor 0 2.207274913189721 0.0
actress 1 2.8134107167600364 2.8134107167600364
actually 1 2.8134107167600364 2.8134107167600364
acute 1 3.506557897319982 3.506557897319982
adam 1 1.5141277326297755 1.5141277326297755
adamson 1 4.605170185988092 4.605170185988092
add 1 0.0 0.0
added 1 1.8325814637483102 1.8325814637483102
additional 1 0.0 0.0
adjusted 1 4.605170185988092 4.605170185988092
admirer 1 3.912023005428146 3.912023005428146
adoptive 1 3.912023005428146 3.912023005428146
adult 0 2.659260036932778 0.0
adultish 1 4.605170185988092 4.605170185988092
advantage 1 3.506557897319982 3.506557897319982
affair 1 1.6094379124341003 1.6094379124341003
age 1 0.7985076962177716 0.7985076962177716
agree 1 0.0 0.0
agreeing 1 3.506557897319982 3.506557897319982
agrees 1 3.2188758248682006 3.2188758248682006
air 1 1.8971199848858813 1.8971199848858813
aired 1 2.8134107167600364 2.8134107167600364
alcohol 1 3.2188758248682006 3.2188758248682006
alcoholism 1 3.912023005428146 3.912023005428146
alert 1 2.995732273553991 2.995732273553991
alike 1 0.0 0.0
alister 1 4.605170185988092 4.605170185988092
alive 1 2.407945608651872 2.407945608651872
allowed 1 1.7719568419318754 1.7719568419318754
almost 1 1.7147984280919266 1.7147984280919266
already 1 2.0402208285265546 2.0402208285265546
also 1 0.127833371509885 0.127833371509885
alter 1 3.506557897319982 3.506557897319982
although 1 1.4696759700589417 1.4696759700589417
always 1 2.207274913189721 2.207274913189721
alyn 1 4.605170185988092 4.605170185988092
alyvia 1 4.605170185988092 4.605170185988092
amber 1 3.912023005428146 3.912023005428146
american 1 0.5276327420823719 0.5276327420823719
amp 1 0.4620354595965586 0.4620354595965586
andrew 0 1.5141277326297755 0.0
angelina 1 3.912023005428146 3.912023005428146
angst 1 3.912023005428146 3.912023005428146
announced 1 1.2039728043259361 1.2039728043259361
another 1 0.9675840262617057 0.9675840262617057
answer 1 2.659260036932778 2.659260036932778
anthony 1 1.5141277326297755 1.5141277326297755
anymore 1 3.912023005428146 3.912023005428146
anyone 1 2.659260036932778 2.659260036932778
apology 1 4.605170185988092 4.605170185988092
appearance 1 0.0 0.0
appears 1 2.120263536200091 2.120263536200091
apply 1 0.0 0.0
april 1 0.44628710262841953 0.44628710262841953
archived 1 0.47803580094299974 0.47803580094299974
arena 1 2.995732273553991 2.995732273553991
aria 1 3.506557897319982 3.506557897319982
around 1 1.0216512475319812 1.0216512475319812
arrangement 1 2.8134107167600364 2.8134107167600364
article 1 0.0 0.0
ashby 1 3.912023005428146 3.912023005428146
ashley 1 3.2188758248682006 3.2188758248682006
assumed 1 2.659260036932778 2.659260036932778
atkinson 1 2.995732273553991 2.995732273553991
attend 1 3.2188758248682006 3.2188758248682006
attending 1 2.8134107167600364 2.8134107167600364
attribution 1 0.0 0.0
august 1 0.3424903089467759 0.3424903089467759
aunt 1 3.2188758248682006 3.2188758248682006
auntsanduncles 1 4.605170185988092 4.605170185988092
auto 1 0.1392620673335076 0.1392620673335076
available 1 0.0 0.0
avery 1 3.912023005428146 3.912023005428146
averys 1 4.605170185988092 4.605170185988092
avoy 1 4.605170185988092 4.605170185988092
award 1 1.171182981502945 1.171182981502945
away 1 1.5606477482646683 1.5606477482646683
baby 1 2.407945608651872 2.407945608651872
back 1 1.0216512475319812 1.0216512475319812
bad 1 2.0402208285265546 2.0402208285265546
bailey 1 2.5257286443082556 2.5257286443082556
balance 1 2.5257286443082556 2.5257286443082556
baldwin 1 2.995732273553991 2.995732273553991
banter 1 4.605170185988092 4.605170185988092
barbara 1 2.302585092994046 2.302585092994046
barber 1 3.912023005428146 3.912023005428146
bardwell 1 4.605170185988092 4.605170185988092
barn 1 3.912023005428146 3.912023005428146
battle 1 1.3862943611198906 1.3862943611198906
beam 0 3.2188758248682006 0.0
beat 1 2.120263536200091 2.120263536200091
beautiful 1 2.120263536200091 2.120263536200091
became 1 0.7133498878774648 0.7133498878774648
become 1 1.2378743560016172 1.2378743560016172
becomes 1 2.0402208285265546 2.0402208285265546
becoming 1 1.8971199848858813 1.8971199848858813
befriended 1 4.605170185988092 4.605170185988092
befriends 1 4.605170185988092 4.605170185988092
begin 0 1.7147984280919266 0.0
beginning 1 1.6607312068216509 1.6607312068216509
behavior 1 2.8134107167600364 2.8134107167600364
believable 1 4.605170185988092 4.605170185988092
believe 1 2.302585092994046 2.302585092994046
believed 1 2.120263536200091 2.120263536200091
bell 1 2.0402208285265546 2.0402208285265546
bergman 1 4.605170185988092 4.605170185988092
best 1 1.0216512475319812 1.0216512475319812
bestsuited 1 4.605170185988092 4.605170185988092
beyond 1 2.407945608651872 2.407945608651872
bid 0 2.5257286443082556 0.0
big 1 1.3862943611198906 1.3862943611198906
billy 1 2.5257286443082556 2.5257286443082556
biological 1 3.912023005428146 3.912023005428146
bipolar 1 4.605170185988092 4.605170185988092
birth 1 1.1394342831883648 1.1394342831883648
bittersweet 1 4.605170185988092 4.605170185988092
blair 1 2.5257286443082556 2.5257286443082556
blood 1 2.302585092994046 2.302585092994046
boarding 1 4.605170185988092 4.605170185988092
bold 1 2.407945608651872 2.407945608651872
bond 1 2.659260036932778 2.659260036932778
bowie 1 3.2188758248682006 3.2188758248682006
boyfriend 1 3.912023005428146 3.912023005428146
braa 1 4.605170185988092 4.605170185988092
brad 1 2.407945608651872 2.407945608651872
braeden 1 4.605170185988092 4.605170185988092
break 0 2.407945608651872 0.0
breakdown 1 2.659260036932778 2.659260036932778
breast 1 3.2188758248682006 3.2188758248682006
brighter 1 3.912023005428146 3.912023005428146
bring 1 1.8971199848858813 1.8971199848858813
brings 1 3.2188758248682006 3.2188758248682006
brittany 1 3.912023005428146 3.912023005428146
brother 1 1.6607312068216509 1.6607312068216509
brought 1 1.5606477482646683 1.5606477482646683
browning 1 4.605170185988092 4.605170185988092
brynn 1 4.605170185988092 4.605170185988092
building 1 1.6607312068216509 1.6607312068216509
bully 1 3.912023005428146 3.912023005428146
bullying 1 3.506557897319982 3.506557897319982
burning 1 3.506557897319982 3.506557897319982
burton 1 2.995732273553991 2.995732273553991
call 1 1.7719568419318754 1.7719568419318754
called 1 0.8209805520698303 0.8209805520698303
camryn 1 4.605170185988092 4.605170185988092
cancer 1 2.659260036932778 2.659260036932778
candidate 1 2.207274913189721 2.207274913189721
cane 1 3.912023005428146 3.912023005428146
canyon 1 2.8134107167600364 2.8134107167600364
car 1 1.7147984280919266 1.7147984280919266
carer 1 4.605170185988092 4.605170185988092
carlton 1 3.912023005428146 3.912023005428146
carly 1 3.2188758248682006 3.2188758248682006
carter 1 2.5257286443082556 2.5257286443082556
case 1 1.3862943611198906 1.3862943611198906
cassandra 1 3.912023005428146 3.912023005428146
cassidy 1 3.506557897319982 3.506557897319982
cassie 1 3.912023005428146 3.912023005428146
cast 1 1.8971199848858813 1.8971199848858813
caster 1 4.605170185988092 4.605170185988092
casting 1 2.8134107167600364 2.8134107167600364
category 0 0.0 0.0
catfishing 1 4.605170185988092 4.605170185988092
causing 1 2.659260036932778 2.659260036932778
cbs 1 3.912023005428146 3.912023005428146
centerpx 1 0.0408219945202552 0.0408219945202552
central 1 1.07880966137193 1.07880966137193
certain 1 2.302585092994046 2.302585092994046
chance 1 2.659260036932778 2.659260036932778
chancellor 1 3.2188758248682006 3.2188758248682006
change 0 0.0 0.0
changing 1 2.659260036932778 2.659260036932778
character 1 1.7147984280919266 1.7147984280919266
characterized 1 2.659260036932778 2.659260036932778
charlie 1 2.5257286443082556 2.5257286443082556
chelsea 1 3.2188758248682006 3.2188758248682006
chief 0 1.3862943611198906 0.0
child 1 1.07880966137193 1.07880966137193
childhood 1 2.8134107167600364 2.8134107167600364
chloe 1 3.506557897319982 3.506557897319982
chooses 1 3.506557897319982 3.506557897319982
chop 0 3.912023005428146 0.0
chris 1 1.6607312068216509 1.6607312068216509
christian 1 1.4696759700589417 1.4696759700589417
christine 1 2.8134107167600364 2.8134107167600364
chuck 1 2.8134107167600364 2.8134107167600364
chucky 1 4.605170185988092 4.605170185988092
citation 1 0.0408219945202552 0.0408219945202552
cite 1 0.0 0.0
citejournal 1 1.9661128563728327 1.9661128563728327
citeweb 1 0.5447271754416719 0.5447271754416719
city 1 0.6348782724359695 0.6348782724359695
claire 1 3.2188758248682006 3.2188758248682006
clark 1 1.6607312068216509 1.6607312068216509
clifford 1 2.5257286443082556 2.5257286443082556
closer 1 3.506557897319982 3.506557897319982
code 1 0.0 0.0
cole 1 2.659260036932778 2.659260036932778
collapse 1 3.2188758248682006 3.2188758248682006
colleen 1 3.506557897319982 3.506557897319982
collins 1 2.0402208285265546 2.0402208285265546
come 1 1.3470736479666094 1.3470736479666094
commending 1 3.912023005428146 3.912023005428146
common 0 0.0 0.0
complicated 1 2.659260036932778 2.659260036932778
conceived 1 3.2188758248682006 3.2188758248682006
conduct 1 0.0 0.0
confident 1 4.605170185988092 4.605170185988092
confidential 1 3.912023005428146 3.912023005428146
confirms 1 3.2188758248682006 3.2188758248682006
conflict 1 2.0402208285265546 2.0402208285265546
connect 1 3.2188758248682006 3.2188758248682006
connecting 1 3.2188758248682006 3.2188758248682006
connection 1 2.120263536200091 2.120263536200091
connor 1 2.995732273553991 2.995732273553991
contact 1 0.0 0.0
content 1 0.0 0.0
context 1 0.010050335853501506 0.010050335853501506
continued 1 1.5141277326297755 1.5141277326297755
contrasting 1 3.912023005428146 3.912023005428146
contribute 1 0.0 0.0
contribution 0 0.0 0.0
conundrum 1 3.506557897319982 3.506557897319982
convicted 1 2.995732273553991 2.995732273553991
cookie 1 0.0 0.0
cookiematch 1 0.0 0.0
cool 1 3.506557897319982 3.506557897319982
copeland 1 3.912023005428146 3.912023005428146
couldnt 1 3.2188758248682006 3.2188758248682006
counterlistitema 1 0.127833371509885 0.127833371509885
couple 0 2.659260036932778 0.0
crash 1 2.5257286443082556 2.5257286443082556
crashing 1 3.912023005428146 3.912023005428146
create 1 0.0 0.0
createdby 1 3.912023005428146 3.912023005428146
creation 1 2.659260036932778 2.659260036932778
creative 1 0.0 0.0
crew 1 2.207274913189721 2.207274913189721
criminal 1 3.2188758248682006 3.2188758248682006
criticized 1 2.995732273553991 2.995732273553991
csmaintcolorf 1 0.06187540371808745 0.06187540371808745
csmaintcolorfmedia 1 0.0408219945202552 0.0408219945202552
cswsicon 1 0.0408219945202552 0.0408219945202552
current 1 0.0 0.0
currently 1 2.207274913189721 2.207274913189721
curtis 1 2.302585092994046 2.302585092994046
custody 1 3.506557897319982 3.506557897319982
cyberbullied 1 4.605170185988092 4.605170185988092
daisy 1 3.506557897319982 3.506557897319982
danger 0 2.407945608651872 0.0
daniel 1 1.3862943611198906 1.3862943611198906
danny 1 3.506557897319982 3.506557897319982
dark 1 2.207274913189721 2.207274913189721
daughter 1 1.5141277326297755 1.5141277326297755
davidson 1 3.2188758248682006 3.2188758248682006
day 1 0.5276327420823719 0.5276327420823719
daytime 1 2.995732273553991 2.995732273553991
deacon 1 3.506557897319982 3.506557897319982
dead 1 1.5606477482646683 1.5606477482646683
deadline 1 3.506557897319982 3.506557897319982
deal 1 1.8325814637483102 1.8325814637483102
dealing 1 2.995732273553991 2.995732273553991
deathbed 1 4.605170185988092 4.605170185988092
deceit 1 4.605170185988092 4.605170185988092
december 1 0.37106368139083196 0.37106368139083196
deception 1 3.912023005428146 3.912023005428146
deciding 1 2.995732273553991 2.995732273553991
decision 1 1.8971199848858813 1.8971199848858813
deemed 1 3.2188758248682006 3.2188758248682006
deems 1 4.605170185988092 4.605170185988092
deep 1 2.407945608651872 2.407945608651872
defends 1 3.912023005428146 3.912023005428146
degree 1 1.7719568419318754 1.7719568419318754
delinquent 1 4.605170185988092 4.605170185988092
delivered 1 3.2188758248682006 3.2188758248682006
denise 1 3.912023005428146 3.912023005428146
departing 1 3.912023005428146 3.912023005428146
departure 1 2.995732273553991 2.995732273553991
depth 1 2.8134107167600364 2.8134107167600364
derby 1 2.995732273553991 2.995732273553991
described 1 1.5141277326297755 1.5141277326297755
describing 1 3.506557897319982 3.506557897319982
description 1 0.07257069283483537 0.07257069283483537
developer 0 0.0 0.0
development 1 1.3093333199837622 1.3093333199837622
devin 1 4.605170185988092 4.605170185988092
devon 1 3.506557897319982 3.506557897319982
diagnosed 1 3.506557897319982 3.506557897319982
diagnosis 1 4.605170185988092 4.605170185988092
diane 1 3.506557897319982 3.506557897319982
didnt 1 3.912023005428146 3.912023005428146
died 1 1.3093333199837622 1.3093333199837622
diego 1 2.659260036932778 2.659260036932778
difficult 1 2.995732273553991 2.995732273553991
digest 1 3.912023005428146 3.912023005428146
disappointment 1 4.605170185988092 4.605170185988092
disapproval 1 4.605170185988092 4.605170185988092
disclaimer 0 0.0 0.0
discloses 1 4.605170185988092 4.605170185988092
disdain 1 4.605170185988092 4.605170185988092
dish 0 3.506557897319982 0.0
disorder 1 3.912023005428146 3.912023005428146
display 0 2.659260036932778 0.0
dispute 1 2.5257286443082556 2.5257286443082556
dna 1 3.506557897319982 3.506557897319982
doesnt 1 2.995732273553991 2.995732273553991
dominic 1 3.2188758248682006 3.2188758248682006
donald 1 2.120263536200091 2.120263536200091
donate 1 0.0 0.0
donates 1 3.912023005428146 3.912023005428146
donating 1 3.912023005428146 3.912023005428146
donation 1 3.506557897319982 3.506557897319982
door 1 2.5257286443082556 2.5257286443082556
doris 1 3.912023005428146 3.912023005428146
download 1 0.0 0.0
drama 1 2.407945608651872 2.407945608651872
dramatic 1 3.2188758248682006 3.2188758248682006
drink 1 3.2188758248682006 3.2188758248682006
drinking 1 4.605170185988092 4.605170185988092
drucilla 1 4.605170185988092 4.605170185988092
dtaftercontent 1 0.127833371509885 0.127833371509885
due 1 0.9416085398584451 0.9416085398584451
durationpresent 1 4.605170185988092 4.605170185988092
dylan 1 3.506557897319982 3.506557897319982
eades 1 4.605170185988092 4.605170185988092
early 1 0.6348782724359695 0.6348782724359695
eden 1 3.506557897319982 3.506557897319982
eerily 1 4.605170185988092 4.605170185988092
effort 1 1.5141277326297755 1.5141277326297755
egan 1 3.912023005428146 3.912023005428146
ego 0 3.506557897319982 0.0
eileen 1 4.605170185988092 4.605170185988092
elmos 1 4.605170185988092 4.605170185988092
embarrassment 1 3.912023005428146 3.912023005428146
emmy 1 3.912023005428146 3.912023005428146
emotional 1 3.506557897319982 3.506557897319982
encourages 1 3.912023005428146 3.912023005428146
encyclopedia 1 0.0 0.0
end 0 0.7985076962177716 0.0
engaged 1 2.995732273553991 2.995732273553991
engagement 1 3.506557897319982 3.506557897319982
english 1 0.0 0.0
enjoyed 1 3.912023005428146 3.912023005428146
enough 1 2.207274913189721 2.207274913189721
ensues 1 4.605170185988092 4.605170185988092
episode 1 1.6094379124341003 1.6094379124341003
eric 1 1.8971199848858813 1.8971199848858813
errol 1 3.912023005428146 3.912023005428146
essence 1 3.912023005428146 3.912023005428146
esther 1 3.506557897319982 3.506557897319982
event 0 0.0 0.0
eventual 1 2.995732273553991 2.995732273553991
ever 1 1.7147984280919266 1.7147984280919266
everything 1 2.659260036932778 2.659260036932778
evident 1 3.2188758248682006 3.2188758248682006
exclusive 1 2.302585092994046 2.302585092994046
exist 1 3.506557897319982 3.506557897319982
exit 1 2.995732273553991 2.995732273553991
exp 1 0.0 0.0
explained 1 2.995732273553991 2.995732273553991
explore 1 3.506557897319982 3.506557897319982
fairman 1 3.912023005428146 3.912023005428146
fairview 1 4.605170185988092 4.605170185988092
faith 1 1.9661128563728327 1.9661128563728327
falling 1 2.8134107167600364 2.8134107167600364
family 1 0.9162907318741551 0.9162907318741551
fan 0 1.7147984280919266 0.0
farewell 1 2.8134107167600364 2.8134107167600364
farren 1 4.605170185988092 4.605170185988092
fatal 1 3.2188758248682006 3.2188758248682006
father 1 1.3093333199837622 1.3093333199837622
february 1 0.27443684570176036 0.27443684570176036
feel 1 3.2188758248682006 3.2188758248682006
felicia 1 3.912023005428146 3.912023005428146
female 1 2.207274913189721 2.207274913189721
fenmore 1 4.605170185988092 4.605170185988092
fiance 1 3.912023005428146 3.912023005428146
fictional 1 2.995732273553991 2.995732273553991
figure 1 1.3470736479666094 1.3470736479666094
file 1 0.0 0.0
filling 1 4.605170185988092 4.605170185988092
filming 1 2.8134107167600364 2.8134107167600364
final 1 0.9942522733438669 0.9942522733438669
find 1 1.3093333199837622 1.3093333199837622
finding 1 1.9661128563728327 1.9661128563728327
finished 1 2.0402208285265546 2.0402208285265546
first 1 0.1508228897345837 0.1508228897345837
firstappearance 1 3.912023005428146 3.912023005428146
firstcousins 1 4.605170185988092 4.605170185988092
fisher 1 2.995732273553991 2.995732273553991
fitting 1 3.912023005428146 3.912023005428146
following 1 0.7133498878774648 0.7133498878774648
fond 1 4.605170185988092 4.605170185988092
force 1 1.2378743560016172 1.2378743560016172
forceful 1 4.605170185988092 4.605170185988092
form 1 1.3470736479666094 1.3470736479666094
formidable 1 4.605170185988092 4.605170185988092
forrester 1 3.912023005428146 3.912023005428146
foster 1 2.207274913189721 2.207274913189721
found 1 1.2039728043259361 1.2039728043259361
foundation 1 0.0 0.0
franais 1 0.8675005677047231 0.8675005677047231
free 1 0.0 0.0
friendship 1 3.506557897319982 3.506557897319982
frontburner 1 4.605170185988092 4.605170185988092
full 1 1.1086626245216111 1.1086626245216111
fun 1 2.8134107167600364 2.8134107167600364
gaines 1 4.605170185988092 4.605170185988092
gear 0 2.995732273553991 0.0
gelman 1 4.605170185988092 4.605170185988092
general 1 0.0 0.0
genevieve 1 3.912023005428146 3.912023005428146
genoa 1 3.912023005428146 3.912023005428146
get 1 0.0 0.0
getting 1 2.207274913189721 2.207274913189721
gibson 1 3.506557897319982 3.506557897319982
girl 1 1.7719568419318754 1.7719568419318754
girlfriend 1 3.506557897319982 3.506557897319982
give 1 1.5141277326297755 1.5141277326297755
given 1 1.2378743560016172 1.2378743560016172
giving 1 2.207274913189721 2.207274913189721
gloria 1 3.506557897319982 3.506557897319982
going 1 1.8325814637483102 1.8325814637483102
gold 1 1.6094379124341003 1.6094379124341003
good 1 1.3093333199837622 1.3093333199837622
goody 1 3.912023005428146 3.912023005428146
grace 1 2.407945608651872 2.407945608651872
gradually 1 2.8134107167600364 2.8134107167600364
grainger 1 4.605170185988092 4.605170185988092
granddaughter 1 3.506557897319982 3.506557897319982
grandfather 1 2.659260036932778 2.659260036932778
grandmother 1 3.506557897319982 3.506557897319982
grandparent 0 3.506557897319982 0.0
grasp 1 3.912023005428146 3.912023005428146
grasped 1 4.605170185988092 4.605170185988092
grateful 1 4.605170185988092 4.605170185988092
great 1 0.9675840262617057 0.9675840262617057
greg 1 2.302585092994046 2.302585092994046
grew 1 2.302585092994046 2.302585092994046
griffith 1 2.995732273553991 2.995732273553991
grime 0 4.605170185988092 0.0
grossman 1 3.912023005428146 3.912023005428146
grown 1 2.995732273553991 2.995732273553991
grows 1 3.912023005428146 3.912023005428146
guittierez 1 4.605170185988092 4.605170185988092
halfbrother 1 4.605170185988092 4.605170185988092
halfbrothers 1 4.605170185988092 4.605170185988092
halfsisters 1 4.605170185988092 4.605170185988092
hall 1 1.3470736479666094 1.3470736479666094
halterman 1 4.605170185988092 4.605170185988092
hamilton 1 2.120263536200091 2.120263536200091
hamner 1 4.605170185988092 4.605170185988092
handle 1 3.2188758248682006 3.2188758248682006
hardest 1 4.605170185988092 4.605170185988092
harrison 1 2.302585092994046 2.302585092994046
hastings 1 2.995732273553991 2.995732273553991
hawkes 1 4.605170185988092 4.605170185988092
head 1 1.1086626245216111 1.1086626245216111
health 1 1.6607312068216509 1.6607312068216509
heart 1 1.4696759700589417 1.4696759700589417
heartwarming 1 4.605170185988092 4.605170185988092
heather 1 2.407945608651872 2.407945608651872
heiress 1 4.605170185988092 4.605170185988092
hellstrom 1 4.605170185988092 4.605170185988092
help 1 0.0 0.0
helplessness 1 4.605170185988092 4.605170185988092
hidden 1 0.010050335853501506 0.010050335853501506
hide 1 0.0 0.0
highlighted 1 3.2188758248682006 3.2188758248682006
highlighting 1 3.912023005428146 3.912023005428146
hilary 1 3.506557897319982 3.506557897319982
history 1 0.0 0.0
hlist 1 0.127833371509885 0.127833371509885
hlistinline 1 0.127833371509885 0.127833371509885
hodges 1 3.2188758248682006 3.2188758248682006
hogan 1 3.506557897319982 3.506557897319982
hollywood 1 2.8134107167600364 2.8134107167600364
home 1 0.7339691750802005 0.7339691750802005
hope 1 1.6607312068216509 1.6607312068216509
hospital 1 1.9661128563728327 1.9661128563728327
hostile 1 3.506557897319982 3.506557897319982
howard 1 2.120263536200091 2.120263536200091
however 1 0.6931471805599453 0.6931471805599453
hub 1 2.995732273553991 2.995732273553991
humanize 1 4.605170185988092 4.605170185988092
humiliate 1 4.605170185988092 4.605170185988092
hunter 1 2.0402208285265546 2.0402208285265546
icymi 1 4.605170185988092 4.605170185988092
idlockfree 1 0.0408219945202552 0.0408219945202552
idlockfreeidlockfree 1 0.0408219945202552 0.0408219945202552
idlocklimited 1 0.0408219945202552 0.0408219945202552
idlockregistration 1 0.0408219945202552 0.0408219945202552
idlocksubscription 1 0.0408219945202552 0.0408219945202552
iiiadam 1 4.605170185988092 4.605170185988092
imagine 1 3.2188758248682006 3.2188758248682006
immediately 1 2.207274913189721 2.207274913189721
inc 1 0.0 0.0
including 1 0.7133498878774648 0.7133498878774648
incorrectly 1 2.995732273553991 2.995732273553991
infant 1 3.912023005428146 3.912023005428146
influence 1 2.0402208285265546 2.0402208285265546
infobox 1 0.3011050927839216 0.3011050927839216
infoboxsoapcharacter 1 3.912023005428146 3.912023005428146
infoboxtable 1 0.3147107448397002 0.3147107448397002
information 1 0.0 0.0
informed 1 2.659260036932778 2.659260036932778
initially 1 2.207274913189721 2.207274913189721
innocent 1 3.912023005428146 3.912023005428146
insider 1 3.2188758248682006 3.2188758248682006
inspires 1 3.912023005428146 3.912023005428146
instead 1 1.6607312068216509 1.6607312068216509
institutionalized 1 4.605170185988092 4.605170185988092
interstitial 1 3.912023005428146 3.912023005428146
interview 1 1.8325814637483102 1.8325814637483102
introduced 1 1.5606477482646683 1.5606477482646683
introducedby 1 3.912023005428146 3.912023005428146
inuniverse 1 3.912023005428146 3.912023005428146
involved 1 1.5606477482646683 1.5606477482646683
involvement 1 2.995732273553991 2.995732273553991
isabella 1 3.912023005428146 3.912023005428146
issue 1 1.1086626245216111 1.1086626245216111
item 1 0.010050335853501506 0.010050335853501506
jack 1 1.4696759700589417 1.4696759700589417
jacob 1 2.120263536200091 2.120263536200091
jamie 1 2.5257286443082556 2.5257286443082556
jana 1 3.912023005428146 3.912023005428146
janet 1 3.2188758248682006 3.2188758248682006
january 1 0.3424903089467759 0.3424903089467759
jenkins 1 3.2188758248682006 3.2188758248682006
jessica 1 3.2188758248682006 3.2188758248682006
jill 1 4.605170185988092 4.605170185988092
jim 1 1.4696759700589417 1.4696759700589417
john 1 0.49429632181478017 0.49429632181478017
johnny 1 1.9661128563728327 1.9661128563728327
join 0 1.6607312068216509 0.0
joint 1 2.302585092994046 2.302585092994046
jordan 1 1.7147984280919266 1.7147984280919266
josh 1 2.120263536200091 2.120263536200091
joshua 1 2.995732273553991 2.995732273553991
juicy 1 3.912023005428146 3.912023005428146
jump 1 0.0 0.0
june 1 0.40047756659712536 0.40047756659712536
kambra 1 4.605170185988092 4.605170185988092
katherine 1 3.2188758248682006 3.2188758248682006
katie 1 2.8134107167600364 2.8134107167600364
kelly 1 2.407945608651872 2.407945608651872
kevin 1 1.5606477482646683 1.5606477482646683
kick 1 2.8134107167600364 2.8134107167600364
kid 1 1.8971199848858813 1.8971199848858813
kidnapped 1 3.506557897319982 3.506557897319982
kidnapper 1 4.605170185988092 4.605170185988092
kidnapping 1 3.506557897319982 3.506557897319982
kidney 1 3.2188758248682006 3.2188758248682006
killed 1 1.9661128563728327 1.9661128563728327
kind 1 2.5257286443082556 2.5257286443082556
king 1 1.3093333199837622 1.3093333199837622
kissing 1 3.506557897319982 3.506557897319982
know 1 1.7147984280919266 1.7147984280919266
kyle 1 2.120263536200091 2.120263536200091
language 1 0.0 0.0
last 1 0.0 0.0
later 1 0.5621189181535412 0.5621189181535412
latter 0 1.6607312068216509 0.0
laura 1 2.207274913189721 2.207274913189721
lauren 1 3.506557897319982 3.506557897319982
lauro 1 4.605170185988092 4.605170185988092
lawson 1 3.2188758248682006 3.2188758248682006
lead 0 1.6607312068216509 0.0
leading 1 1.3093333199837622 1.3093333199837622
leanna 1 4.605170185988092 4.605170185988092
learn 1 0.0 0.0
learns 1 3.506557897319982 3.506557897319982
leaving 1 1.7147984280919266 1.7147984280919266
led 1 1.07880966137193 1.07880966137193
left 1 1.171182981502945 1.171182981502945
legal 1 1.9661128563728327 1.9661128563728327
leslie 1 2.8134107167600364 2.8134107167600364
let 1 1.8325814637483102 1.8325814637483102
lewis 1 1.8325814637483102 1.8325814637483102
liaftercontent 1 0.127833371509885 0.127833371509885
license 1 0.0 0.0
life 1 0.5447271754416719 0.5447271754416719
like 1 1.2039728043259361 1.2039728043259361
lily 1 3.506557897319982 3.506557897319982
limarginbottom 1 0.9675840262617057 0.9675840262617057
lind 1 3.506557897319982 3.506557897319982
link 1 0.0 0.0
list 0 0.6348782724359695 0.0
live 1 1.2378743560016172 1.2378743560016172
log 1 0.0 0.0
logan 1 2.995732273553991 2.995732273553991
logged 1 0.0 0.0
lori 1 4.605170185988092 4.605170185988092
lot 1 2.659260036932778 2.659260036932778
love 1 1.4271163556401458 1.4271163556401458
loved 1 3.2188758248682006 3.2188758248682006
loving 1 3.912023005428146 3.912023005428146
lutsky 1 4.605170185988092 4.605170185988092
mackenzie 1 3.912023005428146 3.912023005428146
made 1 0.653926467406664 0.653926467406664
madison 1 2.659260036932778 2.659260036932778
magazine 1 1.8971199848858813 1.8971199848858813
main 1 0.0 0.0
mainother 1 1.5141277326297755 1.5141277326297755
make 1 1.0498221244986776 1.0498221244986776
making 1 1.6607312068216509 1.6607312068216509
malcolm 1 2.659260036932778 2.659260036932778
male 1 1.6607312068216509 1.6607312068216509
malloy 1 3.912023005428146 3.912023005428146
maloney 1 3.912023005428146 3.912023005428146
many 1 0.7550225842780328 0.7550225842780328
march 1 0.3147107448397002 0.3147107448397002
maria 1 1.9661128563728327 1.9661128563728327
mariah 1 4.605170185988092 4.605170185988092
mark 1 1.1394342831883648 1.1394342831883648
marked 1 2.207274913189721 2.207274913189721
married 1 1.5141277326297755 1.5141277326297755
mason 1 2.207274913189721 2.207274913189721
match 1 0.8675005677047231 0.8675005677047231
material 1 1.3093333199837622 1.3093333199837622
matt 1 1.8325814637483102 1.8325814637483102
may 1 0.0 0.0
mckenna 1 4.605170185988092 4.605170185988092
mean 1 1.7719568419318754 1.7719568419318754
meanwhile 1 2.8134107167600364 2.8134107167600364
medication 1 3.912023005428146 3.912023005428146
medium 0 0.49429632181478017 0.0
meet 1 1.6607312068216509 1.6607312068216509
melissa 1 3.912023005428146 3.912023005428146
melody 1 2.659260036932778 2.659260036932778
men 1 1.2039728043259361 1.2039728043259361
mental 1 2.8134107167600364 2.8134107167600364
menu 1 0.0 0.0
message 0 1.5606477482646683 0.0
met 1 1.8325814637483102 1.8325814637483102
mexico 1 1.5606477482646683 1.5606477482646683
michael 1 1.171182981502945 1.171182981502945
michaelson 1 4.605170185988092 4.605170185988092
miller 1 1.6094379124341003 1.6094379124341003
mind 1 2.302585092994046 2.302585092994046
mirror 0 2.995732273553991 0.0
misbehave 1 4.605170185988092 4.605170185988092
mitchell 1 2.302585092994046 2.302585092994046
mobile 1 0.0 0.0
modern 1 1.5606477482646683 1.5606477482646683
moment 0 2.302585092994046 0.0
mommy 1 4.605170185988092 4.605170185988092
montgomery 1 2.5257286443082556 2.5257286443082556
month 0 0.8915981192837835 0.0
moore 1 2.120263536200091 2.120263536200091
morina 1 4.605170185988092 4.605170185988092
morrow 1 3.2188758248682006 3.2188758248682006
moses 1 3.506557897319982 3.506557897319982
mother 1 1.5141277326297755 1.5141277326297755
motherandchild 1 4.605170185988092 4.605170185988092
move 1 0.0 0.0
movie 1 1.7719568419318754 1.7719568419318754
much 1 1.171182981502945 1.171182981502945
muhney 1 4.605170185988092 4.605170185988092
murder 1 2.995732273553991 2.995732273553991
mysterious 1 2.5257286443082556 2.5257286443082556
nadias 1 4.605170185988092 4.605170185988092
name 0 0.5276327420823719 0.0
named 1 1.2039728043259361 1.2039728043259361
nathan 1 2.5257286443082556 2.5257286443082556
navbar 1 0.23572233352106994 0.23572233352106994
navbarfontsizemedia 1 0.3147107448397002 0.3147107448397002
navbarmini 1 0.23572233352106994 0.23572233352106994
navbox 1 0.1392620673335076 0.1392620673335076
navboximage 1 0.1392620673335076 0.1392620673335076
navboxsubgroup 1 0.1392620673335076 0.1392620673335076
navboxtitle 1 0.1392620673335076 0.1392620673335076
navigation 1 0.0 0.0
need 1 1.2039728043259361 1.2039728043259361
neil 1 2.995732273553991 2.995732273553991
nephew 0 3.912023005428146 0.0
nephritis 1 4.605170185988092 4.605170185988092
nervous 1 3.506557897319982 3.506557897319982
network 1 1.3470736479666094 1.3470736479666094
never 1 1.4696759700589417 1.4696759700589417
new 1 0.24846135929849972 0.24846135929849972
newborn 1 4.605170185988092 4.605170185988092
newman 1 2.659260036932778 2.659260036932778
news 1 0.843970070294529 0.843970070294529
nicholas 1 2.302585092994046 2.302585092994046
nick 1 2.120263536200091 2.120263536200091
niece 0 3.912023005428146 0.0
nikki 1 3.2188758248682006 3.2188758248682006
nina 1 3.912023005428146 3.912023005428146
nine 1 1.7719568419318754 1.7719568419318754
noah 1 3.506557897319982 3.506557897319982
nobody 0 3.2188758248682006 0.0
nominated 1 3.912023005428146 3.912023005428146
nomination 0 2.8134107167600364 0.0
none 1 2.995732273553991 2.995732273553991
nonprofit 1 0.0 0.0
notably 1 3.506557897319982 3.506557897319982
noted 1 2.120263536200091 2.120263536200091
noting 1 3.2188758248682006 3.2188758248682006
nuance 0 3.912023005428146 0.0
observed 1 2.5257286443082556 2.5257286443082556
obtains 1 3.506557897319982 3.506557897319982
occupation 1 1.8971199848858813 1.8971199848858813
offer 0 2.302585092994046 0.0
old 1 1.07880966137193 1.07880966137193
older 1 2.302585092994046 2.302585092994046
olivia 1 3.506557897319982 3.506557897319982
ollibeforecontent 1 0.127833371509885 0.127833371509885
one 1 0.23572233352106994 0.23572233352106994
online 1 1.4696759700589417 1.4696759700589417
onscreen 1 3.912023005428146 3.912023005428146
open 0 1.4696759700589417 0.0
opera 1 2.407945608651872 2.407945608651872
opinion 1 2.120263536200091 2.120263536200091
opts 1 3.506557897319982 3.506557897319982
oracletype 1 4.605170185988092 4.605170185988092
ordway 1 4.605170185988092 4.605170185988092
organization 1 0.0 0.0
organizationname 1 0.010050335853501506 0.010050335853501506
original 1 0.4155154439616658 0.4155154439616658
outspoken 1 4.605170185988092 4.605170185988092
outstanding 1 3.2188758248682006 3.2188758248682006
owen 0 2.995732273553991 0.0
owes 1 3.2188758248682006 3.2188758248682006
page 1 0.0 0.0
pain 1 3.506557897319982 3.506557897319982
parent 0 1.9661128563728327 0.0
parental 1 3.506557897319982 3.506557897319982
particular 1 2.120263536200091 2.120263536200091
party 0 1.2378743560016172 0.0
pas 1 2.5257286443082556 2.5257286443082556
pass 0 2.407945608651872 0.0
past 1 1.7719568419318754 1.7719568419318754
paternity 1 4.605170185988092 4.605170185988092
path 1 2.302585092994046 2.302585092994046
patty 1 4.605170185988092 4.605170185988092
paul 1 0.8675005677047231 0.8675005677047231
pdfprintable 1 0.0 0.0
perfect 1 2.207274913189721 2.207274913189721
performance 1 1.7719568419318754 1.7719568419318754
performer 1 3.2188758248682006 3.2188758248682006
period 1 1.4271163556401458 1.4271163556401458
permanent 1 0.0 0.0
person 1 1.5606477482646683 1.5606477482646683
personal 1 0.0 0.0
personality 1 2.207274913189721 2.207274913189721
peter 1 1.3093333199837622 1.3093333199837622
petski 1 4.605170185988092 4.605170185988092
phelps 1 3.912023005428146 3.912023005428146
phyllis 1 2.995732273553991 2.995732273553991
pictured 1 3.506557897319982 3.506557897319982
pilot 1 2.659260036932778 2.659260036932778
pivotal 1 3.506557897319982 3.506557897319982
plainlist 1 0.7339691750802005 0.7339691750802005
play 1 1.2039728043259361 1.2039728043259361
played 1 1.3862943611198906 1.3862943611198906
playing 1 2.120263536200091 2.120263536200091
plight 1 4.605170185988092 4.605170185988092
point 1 1.2729656758128876 1.2729656758128876
police 1 1.7719568419318754 1.7719568419318754
policy 1 0.0 0.0
portal 1 0.0 0.0
porter 1 2.659260036932778 2.659260036932778
portrayal 1 2.995732273553991 2.995732273553991
portrayed 1 2.5257286443082556 2.5257286443082556
portraying 1 3.912023005428146 3.912023005428146
positive 1 2.659260036932778 2.659260036932778
positively 1 4.605170185988092 4.605170185988092
possible 1 1.8971199848858813 1.8971199848858813
power 1 1.0216512475319812 1.0216512475319812
powerful 1 2.5257286443082556 2.5257286443082556
praise 1 2.659260036932778 2.659260036932778
praised 1 2.5257286443082556 2.5257286443082556
pratt 1 3.2188758248682006 3.2188758248682006
precociousness 1 4.605170185988092 4.605170185988092
present 1 0.9675840262617057 0.9675840262617057
presented 1 1.9661128563728327 1.9661128563728327
presumed 1 3.506557897319982 3.506557897319982
preview 1 2.995732273553991 2.995732273553991
previous 1 1.6607312068216509 1.6607312068216509
printbodyns 1 0.09431067947124142 0.09431067947124142
printexport 1 0.0 0.0
prison 1 2.302585092994046 2.302585092994046
privacy 1 0.0 0.0
problem 0 2.120263536200091 0.0
producer 0 2.0402208285265546 0.0
project 0 0.0 0.0
prophesied 1 3.506557897319982 3.506557897319982
protect 1 3.2188758248682006 3.2188758248682006
public 1 0.9675840262617057 0.9675840262617057
publicly 1 2.995732273553991 2.995732273553991
published 1 1.3862943611198906 1.3862943611198906
push 1 3.506557897319982 3.506557897319982
question 1 1.7719568419318754 1.7719568419318754
quickly 1 2.407945608651872 2.407945608651872
quite 1 2.8134107167600364 2.8134107167600364
raising 1 3.506557897319982 3.506557897319982
random 1 0.0 0.0
rare 1 2.8134107167600364 2.8134107167600364
rauch 1 4.605170185988092 4.605170185988092
rawlins 1 3.912023005428146 3.912023005428146
reacted 1 4.605170185988092 4.605170185988092
read 1 0.0 0.0
real 1 1.4271163556401458 1.4271163556401458
realized 1 3.2188758248682006 3.2188758248682006
really 1 2.5257286443082556 2.5257286443082556
rebellious 1 4.605170185988092 4.605170185988092
recast 1 4.605170185988092 4.605170185988092
recasting 1 4.605170185988092 4.605170185988092
recasts 1 4.605170185988092 4.605170185988092
receive 1 2.207274913189721 2.207274913189721
received 1 1.1394342831883648 1.1394342831883648
receiving 1 1.8971199848858813 1.8971199848858813
recent 1 0.0 0.0
reception 1 1.8971199848858813 1.8971199848858813
reckless 1 4.605170185988092 4.605170185988092
recurring 1 3.2188758248682006 3.2188758248682006
redemption 1 3.506557897319982 3.506557897319982
reed 1 2.659260036932778 2.659260036932778
reference 0 0.03045920748470844 0.0
reflecting 1 4.605170185988092 4.605170185988092
reflist 1 0.06187540371808745 0.06187540371808745
reflistcolumns 1 0.06187540371808745 0.06187540371808745
reg 1 0.0 0.0
registered 1 0.0 0.0
reign 1 2.995732273553991 2.995732273553991
reject 0 2.5257286443082556 0.0
related 1 0.0 0.0
relationship 1 1.8971199848858813 1.8971199848858813
reluctantly 1 4.605170185988092 4.605170185988092
renewed 1 2.8134107167600364 2.8134107167600364
replaced 1 1.8971199848858813 1.8971199848858813
reporter 1 3.2188758248682006 3.2188758248682006
requires 1 3.2188758248682006 3.2188758248682006
rescuer 1 4.605170185988092 4.605170185988092
resentful 1 4.605170185988092 4.605170185988092
response 1 2.120263536200091 2.120263536200091
restless 1 3.912023005428146 3.912023005428146
result 1 0.9942522733438669 0.9942522733438669
retrieved 1 0.0 0.0
return 1 1.07880966137193 1.07880966137193
returned 1 1.4271163556401458 1.4271163556401458
returning 1 2.207274913189721 2.207274913189721
reunion 1 3.2188758248682006 3.2188758248682006
reunited 1 4.605170185988092 4.605170185988092
reunites 1 4.605170185988092 4.605170185988092
revealed 1 2.302585092994046 2.302585092994046
revenge 1 2.659260036932778 2.659260036932778
reverting 1 3.912023005428146 3.912023005428146
rex 1 2.995732273553991 2.995732273553991
reylynn 1 4.605170185988092 4.605170185988092
ricky 1 2.8134107167600364 2.8134107167600364
robert 1 0.8675005677047231 0.8675005677047231
role 1 1.3470736479666094 1.3470736479666094
romalotti 1 4.605170185988092 4.605170185988092
romance 1 2.5257286443082556 2.5257286443082556
romantic 1 2.8134107167600364 2.8134107167600364
ronan 1 3.912023005428146 3.912023005428146
round 1 1.3862943611198906 1.3862943611198906
run 1 1.171182981502945 1.171182981502945
ryan 1 1.8325814637483102 1.8325814637483102
said 1 1.5606477482646683 1.5606477482646683
sam 1 2.8134107167600364 2.8134107167600364
sanitarium 1 4.605170185988092 4.605170185988092
save 1 1.8971199848858813 1.8971199848858813
saved 1 3.506557897319982 3.506557897319982
say 1 1.7719568419318754 1.7719568419318754
scary 1 4.605170185988092 4.605170185988092
scene 1 2.0402208285265546 2.0402208285265546
schedule 1 2.302585092994046 2.302585092994046
school 1 0.7765287894989963 0.7765287894989963
scott 1 1.2729656758128876 1.2729656758128876
scotty 1 3.912023005428146 3.912023005428146
screen 1 0.010050335853501506 0.010050335853501506
search 1 0.0 0.0
second 1 0.49429632181478017 0.49429632181478017
secret 1 2.0402208285265546 2.0402208285265546
seem 1 3.506557897319982 3.506557897319982
sending 1 3.506557897319982 3.506557897319982
sensibly 1 4.605170185988092 4.605170185988092
sentenced 1 2.995732273553991 2.995732273553991
september 1 0.43078291609245434 0.43078291609245434
series 1 0.8675005677047231 0.8675005677047231
seriously 1 3.2188758248682006 3.2188758248682006
several 1 0.8209805520698303 0.8209805520698303
share 1 0.0 0.0
shared 1 2.659260036932778 2.659260036932778
sharon 1 2.659260036932778 2.659260036932778
sharons 1 4.605170185988092 4.605170185988092
sharpe 1 3.912023005428146 3.912023005428146
sheffer 1 4.605170185988092 4.605170185988092
sheila 1 3.2188758248682006 3.2188758248682006
shes 1 3.2188758248682006 3.2188758248682006
shielding 1 3.912023005428146 3.912023005428146
shining 1 3.912023005428146 3.912023005428146
shoe 0 3.2188758248682006 0.0
short 1 0.06187540371808745 0.06187540371808745
shortdescription 1 0.2613647641344075 0.2613647641344075
shortened 1 0.0 0.0
show 1 1.0498221244986776 1.0498221244986776
side 1 1.4271163556401458 1.4271163556401458
sidebar 1 0.0 0.0
silver 1 1.8971199848858813 1.8971199848858813
since 1 0.7985076962177716 0.7985076962177716
sister 1 1.8325814637483102 1.8325814637483102
site 1 0.0 0.0
skye 1 3.912023005428146 3.912023005428146
snapper 1 3.912023005428146 3.912023005428146
sneak 1 3.506557897319982 3.506557897319982
soap 1 2.995732273553991 2.995732273553991
soapscom 1 4.605170185988092 4.605170185988092
soft 1 3.506557897319982 3.506557897319982
sole 1 2.659260036932778 2.659260036932778
solid 1 0.09431067947124142 0.09431067947124142
something 1 2.302585092994046 2.302585092994046
son 1 1.3093333199837622 1.3093333199837622
sorrow 1 3.506557897319982 3.506557897319982
soul 1 2.8134107167600364 2.8134107167600364
spade 0 4.605170185988092 0.0
speaking 1 2.8134107167600364 2.8134107167600364
special 1 0.0 0.0
spiraling 1 4.605170185988092 4.605170185988092
spoke 1 3.2188758248682006 3.2188758248682006
spot 1 2.659260036932778 2.659260036932778
stable 1 3.912023005428146 3.912023005428146
star 1 0.9675840262617057 0.9675840262617057
start 1 1.4271163556401458 1.4271163556401458
started 1 1.6094379124341003 1.6094379124341003
stated 1 2.120263536200091 2.120263536200091
statement 1 0.0 0.0
stating 1 2.120263536200091 2.120263536200091
statistic 0 0.0 0.0
stepped 1 3.2188758248682006 3.2188758248682006
sterling 1 2.8134107167600364 2.8134107167600364
steve 1 1.8971199848858813 1.8971199848858813
stevens 1 3.506557897319982 3.506557897319982
still 1 0.9416085398584451 0.9416085398584451
stone 1 1.8971199848858813 1.8971199848858813
store 1 2.5257286443082556 2.5257286443082556
story 1 1.5606477482646683 1.5606477482646683
storyline 1 2.8134107167600364 2.8134107167600364
strayed 1 4.605170185988092 4.605170185988092
strong 1 1.6607312068216509 1.6607312068216509
struck 1 3.2188758248682006 3.2188758248682006
struggle 0 2.659260036932778 0.0
student 1 1.3862943611198906 1.3862943611198906
stuff 1 3.506557897319982 3.506557897319982
subject 1 2.8134107167600364 2.8134107167600364
subsection 1 0.3424903089467759 0.3424903089467759
successfully 1 2.659260036932778 2.659260036932778
suffers 1 4.605170185988092 4.605170185988092
summer 1 1.5141277326297755 1.5141277326297755
supercouple 1 4.605170185988092 4.605170185988092
supercouples 1 4.605170185988092 4.605170185988092
supporting 1 2.407945608651872 2.407945608651872
sure 1 2.659260036932778 2.659260036932778
surrounded 1 2.995732273553991 2.995732273553991
survive 1 3.2188758248682006 3.2188758248682006
survivor 1 2.8134107167600364 2.8134107167600364
sweep 0 3.912023005428146 0.0
switch 1 3.2188758248682006 3.2188758248682006
table 1 0.0 0.0
take 1 0.9675840262617057 0.9675840262617057
taking 1 1.6607312068216509 1.6607312068216509
talk 1 0.0 0.0
tampered 1 4.605170185988092 4.605170185988092
tdhlist 1 0.1392620673335076 0.1392620673335076
teen 1 2.995732273553991 2.995732273553991
teenage 1 3.912023005428146 3.912023005428146
teenager 1 3.912023005428146 3.912023005428146
television 1 1.6607312068216509 1.6607312068216509
template 1 0.0 0.0
temporarily 1 3.506557897319982 3.506557897319982
ten 1 1.5141277326297755 1.5141277326297755
term 0 0.0 0.0
test 1 2.207274913189721 2.207274913189721
text 1 0.0 0.0
thanked 1 3.506557897319982 3.506557897319982
thbodyskinresponsive 1 0.3147107448397002 0.3147107448397002
theme 1 2.302585092994046 2.302585092994046
thing 1 1.5606477482646683 1.5606477482646683
thirty 1 2.407945608651872 2.407945608651872
thomas 1 1.1394342831883648 1.1394342831883648
thompson 1 2.0402208285265546 2.0402208285265546
thought 1 1.8971199848858813 1.8971199848858813
three 1 0.5798184952529422 0.5798184952529422
thriving 1 3.912023005428146 3.912023005428146
throughout 1 1.171182981502945 1.171182981502945
thrown 1 2.8134107167600364 2.8134107167600364
time 1 0.28768207245178085 0.28768207245178085
tnt 1 4.605170185988092 4.605170185988092
tobias 1 3.912023005428146 3.912023005428146
together 1 1.5141277326297755 1.5141277326297755
toggle 1 0.010050335853501506 0.010050335853501506
tommy 1 2.5257286443082556 2.5257286443082556
took 1 1.171182981502945 1.171182981502945
tool 0 0.0 0.0
top 1 0.010050335853501506 0.010050335853501506
topic 1 0.0 0.0
tornado 1 3.912023005428146 3.912023005428146
total 1 0.0 0.0
tough 1 3.2188758248682006 3.2188758248682006
touted 1 3.912023005428146 3.912023005428146
traci 1 4.605170185988092 4.605170185988092
trademark 1 0.0 0.0
transplant 1 3.912023005428146 3.912023005428146
trapped 1 3.2188758248682006 3.2188758248682006
trauma 1 3.506557897319982 3.506557897319982
tried 1 2.5257286443082556 2.5257286443082556
truck 1 2.995732273553991 2.995732273553991
trying 1 2.659260036932778 2.659260036932778
tucker 1 4.605170185988092 4.605170185988092
turn 0 2.0402208285265546 0.0
turner 1 2.207274913189721 2.207274913189721
turning 1 3.506557897319982 3.506557897319982
tvline 1 4.605170185988092 4.605170185988092
twice 1 2.120263536200091 2.120263536200091
twin 0 2.407945608651872 0.0
twist 1 4.605170185988092 4.605170185988092
two 1 0.43078291609245434 0.43078291609245434
twoshoes 1 4.605170185988092 4.605170185988092
tyler 1 2.8134107167600364 2.8134107167600364
type 1 1.2729656758128876 1.2729656758128876
typically 1 2.995732273553991 2.995732273553991
ulpaddingem 1 0.1392620673335076 0.1392620673335076
uncle 1 2.659260036932778 2.659260036932778
underage 1 4.605170185988092 4.605170185988092
undermining 1 4.605170185988092 4.605170185988092
understated 1 4.605170185988092 4.605170185988092
unfit 1 3.506557897319982 3.506557897319982
upload 1 0.0 0.0
upon 1 1.2729656758128876 1.2729656758128876
use 1 0.0 0.0
using 1 0.0 0.0
usual 1 2.995732273553991 2.995732273553991
usually 1 2.995732273553991 2.995732273553991
utc 1 0.0 0.0
vacation 1 3.2188758248682006 3.2188758248682006
valentine 1 3.506557897319982 3.506557897319982
var 1 0.0 0.0
veneziano 1 4.605170185988092 4.605170185988092
version 1 0.0 0.0
victor 1 2.8134107167600364 2.8134107167600364
victoria 1 2.407945608651872 2.407945608651872
video 1 1.3862943611198906 1.3862943611198906
view 1 0.0 0.0
viewer 0 2.8134107167600364 0.0
visit 1 2.0402208285265546 2.0402208285265546
vlada 1 4.605170185988092 4.605170185988092
war 1 0.7985076962177716 0.7985076962177716
watch 1 1.8971199848858813 1.8971199848858813
watching 1 3.506557897319982 3.506557897319982
webster 1 2.302585092994046 2.302585092994046
well 1 0.7765287894989963 0.7765287894989963
werent 1 3.912023005428146 3.912023005428146
whats 1 2.8134107167600364 2.8134107167600364
wikidata 1 0.010050335853501506 0.010050335853501506
wikimedia 1 0.0 0.0
wikipedia 1 0.0 0.0
williams 1 1.8971199848858813 1.8971199848858813
wilson 1 1.7719568419318754 1.7719568419318754
win 1 1.1086626245216111 1.1086626245216111
winner 1 1.5141277326297755 1.5141277326297755
winter 0 1.8325814637483102 0.0
wise 1 2.5257286443082556 2.5257286443082556
witness 0 2.407945608651872 0.0
woman 0 1.171182981502945 0.0
wont 1 2.8134107167600364 2.8134107167600364
wood 0 1.7147984280919266 0.0
worsens 1 4.605170185988092 4.605170185988092
worst 1 2.5257286443082556 2.5257286443082556
would 1 0.7550225842780328 0.7550225842780328
writer 1 1.5141277326297755 1.5141277326297755
writing 1 1.8325814637483102 1.8325814637483102
wrote 1 1.3470736479666094 1.3470736479666094
yamp 1 4.605170185988092 4.605170185988092
year 1 0.3424903089467759 0.3424903089467759
young 1 1.2378743560016172 1.2378743560016172
youngandthe 1 4.605170185988092 4.605170185988092
younger 1 2.120263536200091 2.120263536200091
youngest 1 2.8134107167600364 2.8134107167600364
youngster 1 4.605170185988092 4.605170185988092
