abbey 1 2.995732273553991 2.995732273553991
able 1 1.7719568419318754 1.7719568419318754
abolitionist 1 4.605170185988092 4.605170185988092
access 1 2.5257286443082556 2.5257286443082556
accompanied 1 2.8134107167600364 2.8134107167600364
account 1 0.0 0.0
accustomed 1 4.605170185988092 4.605170185988092
act 1 1.3470736479666094 1.3470736479666094
action 0 0.0 0.0
active 1 2.0402208285265546 2.0402208285265546
activity 1 1.8325814637483102 1.8325814637483102
actual 1 2.8134107167600364 2.8134107167600364
adam 1 1.5141277326297755 1.5141277326297755
add 1 0.0 0.0
additional 1 0.0 0.0
adelaide 1 4.605170185988092 4.605170185988092
adherence 1 4.605170185988092 4.605170185988092
adolphus 1 4.605170185988092 4.605170185988092
advice 1 3.506557897319982 3.506557897319982
adye 1 4.605170185988092 4.605170185988092
afrikaans 1 2.995732273553991 2.995732273553991
age 1 0.7985076962177716 0.7985076962177716
aged 1 2.120263536200091 2.120263536200091
agree 1 0.0 0.0
agreed 1 2.659260036932778 2.659260036932778
ahnentafel 1 4.605170185988092 4.605170185988092
aidedecamp 1 3.912023005428146 3.912023005428146
airey 1 4.605170185988092 4.605170185988092
aka 1 2.8134107167600364 2.8134107167600364
alastair 1 4.605170185988092 4.605170185988092
albany 1 3.2188758248682006 3.2188758248682006
albert 1 2.0402208285265546 2.0402208285265546
albertine 1 4.605170185988092 4.605170185988092
alexander 1 1.5141277326297755 1.5141277326297755
alexandrina 1 4.605170185988092 4.605170185988092
alexandrine 1 4.605170185988092 4.605170185988092
alfred 1 2.5257286443082556 2.5257286443082556
alike 1 0.0 0.0
allow 1 2.207274913189721 2.207274913189721
allowance 1 3.912023005428146 3.912023005428146
allowed 1 1.7719568419318754 1.7719568419318754
already 1 2.0402208285265546 2.0402208285265546
also 1 0.127833371509885 0.127833371509885
altenburg 1 4.605170185988092 4.605170185988092
although 1 1.4696759700589417 1.4696759700589417
alured 1 4.605170185988092 4.605170185988092
america 1 0.8675005677047231 0.8675005677047231
american 1 0.5276327420823719 0.5276327420823719
amidst 1 3.2188758248682006 3.2188758248682006
among 1 1.2378743560016172 1.2378743560016172
ampc 1 4.605170185988092 4.605170185988092
ancestor 0 3.2188758248682006 0.0
ancient 0 2.302585092994046 0.0
anderson 1 2.302585092994046 2.302585092994046
andrew 1 1.5141277326297755 1.5141277326297755
anhalt 1 4.605170185988092 4.605170185988092
annapolis 1 3.2188758248682006 3.2188758248682006
anne 1 2.5257286443082556 2.5257286443082556
announce 1 2.659260036932778 2.659260036932778
annual 1 1.6607312068216509 1.6607312068216509
another 1 0.9675840262617057 0.9675840262617057
ansbach 1 3.912023005428146 3.912023005428146
antient 1 3.912023005428146 3.912023005428146
antoine 1 2.995732273553991 2.995732273553991
apart 1 2.5257286443082556 2.5257286443082556
appearance 1 0.0 0.0
applied 1 2.659260036932778 2.659260036932778
apply 1 0.0 0.0
appoint 1 3.912023005428146 3.912023005428146
appointed 1 1.9661128563728327 1.9661128563728327
appointment 1 3.506557897319982 3.506557897319982
april 1 0.44628710262841953 0.44628710262841953
archie 1 3.912023005428146 3.912023005428146
architect 1 4.605170185988092 4.605170185988092
archive 1 1.6094379124341003 1.6094379124341003
archived 1 0.47803580094299974 0.47803580094299974
argent 1 4.605170185988092 4.605170185988092
arm 0 2.0402208285265546 0.0
army 1 1.6094379124341003 1.6094379124341003
arranged 1 3.2188758248682006 3.2188758248682006
arrival 1 2.5257286443082556 2.5257286443082556
arrived 1 2.5257286443082556 2.5257286443082556
arthur 1 1.7147984280919266 1.7147984280919266
article 1 0.0 0.0
ask 1 2.8134107167600364 2.8134107167600364
asked 1 2.120263536200091 2.120263536200091
assembly 1 2.0402208285265546 2.0402208285265546
assistance 1 2.302585092994046 2.302585092994046
atholl 1 4.605170185988092 4.605170185988092
attack 0 1.7147984280919266 0.0
attempt 1 1.6607312068216509 1.6607312068216509
attorney 1 2.659260036932778 2.659260036932778
attribution 1 0.0 0.0
august 1 0.3424903089467759 0.3424903089467759
augusta 1 3.506557897319982 3.506557897319982
augustus 1 2.995732273553991 2.995732273553991
aunt 1 3.2188758248682006 3.2188758248682006
australia 1 1.4696759700589417 1.4696759700589417
authority 1 0.8915981192837835 0.8915981192837835
auto 1 0.1392620673335076 0.1392620673335076
autre 1 4.605170185988092 4.605170185988092
aux 1 4.605170185988092 4.605170185988092
available 1 0.0 0.0
avec 1 3.912023005428146 3.912023005428146
average 1 2.0402208285265546 2.0402208285265546
avondale 1 4.605170185988092 4.605170185988092
award 0 1.171182981502945 0.0
azure 1 2.995732273553991 2.995732273553991
bahasa 1 1.8325814637483102 1.8325814637483102
baker 1 2.120263536200091 2.120263536200091
band 1 2.207274913189721 2.207274913189721
baptised 1 4.605170185988092 4.605170185988092
barn 0 3.912023005428146 0.0
baron 1 2.407945608651872 2.407945608651872
baronet 1 4.605170185988092 4.605170185988092
base 1 1.4696759700589417 1.4696759700589417
based 1 1.07880966137193 1.07880966137193
bath 1 4.605170185988092 4.605170185988092
bathurst 1 4.605170185988092 4.605170185988092
battle 1 1.3862943611198906 1.3862943611198906
bay 1 1.6094379124341003 1.6094379124341003
baynes 1 4.605170185988092 4.605170185988092
bearing 1 2.659260036932778 2.659260036932778
beautiful 1 2.120263536200091 2.120263536200091
became 1 0.7133498878774648 0.7133498878774648
bedchamber 1 4.605170185988092 4.605170185988092
beechey 1 4.605170185988092 4.605170185988092
beecheys 1 4.605170185988092 4.605170185988092
befallen 1 4.605170185988092 4.605170185988092
beg 1 3.912023005428146 3.912023005428146
began 1 0.8675005677047231 0.8675005677047231
begg 1 4.605170185988092 4.605170185988092
begotten 1 4.605170185988092 4.605170185988092
belgium 1 2.207274913189721 2.207274913189721
believe 1 2.302585092994046 2.302585092994046
belonging 1 3.506557897319982 3.506557897319982
beloved 1 3.506557897319982 3.506557897319982
benevolent 1 4.605170185988092 4.605170185988092
benjamin 1 2.0402208285265546 2.0402208285265546
beresiner 1 4.605170185988092 4.605170185988092
bernardine 1 4.605170185988092 4.605170185988092
best 1 1.0216512475319812 1.0216512475319812
better 1 1.8971199848858813 1.8971199848858813
bible 1 3.2188758248682006 3.2188758248682006
biddulph 1 4.605170185988092 4.605170185988092
bilious 1 4.605170185988092 4.605170185988092
billard 1 3.912023005428146 3.912023005428146
biographie 1 2.995732273553991 2.995732273553991
biography 1 1.6607312068216509 1.6607312068216509
birth 1 1.1394342831883648 1.1394342831883648
bland 1 4.605170185988092 4.605170185988092
board 1 1.5606477482646683 1.5606477482646683
body 1 1.4271163556401458 1.4271163556401458
bokml 1 2.120263536200091 2.120263536200091
born 1 1.1394342831883648 1.1394342831883648
borrowing 1 3.912023005428146 3.912023005428146
boston 1 1.7719568419318754 1.7719568419318754
boyd 1 2.407945608651872 2.407945608651872
boyn 1 4.605170185988092 4.605170185988092
brake 0 3.506557897319982 0.0
branch 1 2.207274913189721 2.207274913189721
brandenburg 1 3.912023005428146 3.912023005428146
breton 1 3.912023005428146 3.912023005428146
brevet 1 4.605170185988092 4.605170185988092
brezhoneg 1 3.912023005428146 3.912023005428146
britain 1 2.5257286443082556 2.5257286443082556
british 1 1.5606477482646683 1.5606477482646683
bronze 1 2.995732273553991 2.995732273553991
brother 1 1.6607312068216509 1.6607312068216509
brought 1 1.5606477482646683 1.5606477482646683
browsing 0 4.605170185988092 0.0
brunswick 1 2.8134107167600364 2.8134107167600364
buckingham 1 4.605170185988092 4.605170185988092
building 0 1.6607312068216509 0.0
built 1 1.6607312068216509 1.6607312068216509
burial 1 3.506557897319982 3.506557897319982
buried 1 2.659260036932778 2.659260036932778
bushy 1 4.605170185988092 4.605170185988092
cadency 1 4.605170185988092 4.605170185988092
cadet 1 3.2188758248682006 3.2188758248682006
caillate 1 4.605170185988092 4.605170185988092
called 1 0.8209805520698303 0.8209805520698303
cambridge 1 2.120263536200091 2.120263536200091
camp 1 2.120263536200091 2.120263536200091
campagne 1 3.912023005428146 3.912023005428146
campaign 1 1.6607312068216509 1.6607312068216509
campbell 1 2.207274913189721 2.207274913189721
canada 1 1.4696759700589417 1.4696759700589417
canadian 1 1.9661128563728327 1.9661128563728327
cape 1 3.2188758248682006 3.2188758248682006
captain 1 2.120263536200091 2.120263536200091
care 1 2.120263536200091 2.120263536200091
career 1 1.2729656758128876 1.2729656758128876
caroline 1 3.912023005428146 3.912023005428146
carte 0 4.605170185988092 0.0
castle 1 2.995732273553991 2.995732273553991
castlebar 1 4.605170185988092 4.605170185988092
cat 1 1.5606477482646683 1.5606477482646683
cataletina 1 2.659260036932778 2.659260036932778
category 1 0.0 0.0
catholic 1 2.207274913189721 2.207274913189721
cause 1 2.0402208285265546 2.0402208285265546
cawsand 1 4.605170185988092 4.605170185988092
centerpx 1 0.0408219945202552 0.0408219945202552
central 1 1.07880966137193 1.07880966137193
centre 1 2.0402208285265546 2.0402208285265546
century 1 1.3470736479666094 1.3470736479666094
cercle 1 4.605170185988092 4.605170185988092
ceremony 0 2.302585092994046 0.0
certainly 1 4.605170185988092 4.605170185988092
chamberlain 1 4.605170185988092 4.605170185988092
change 0 0.0 0.0
chapel 1 2.995732273553991 2.995732273553991
chapple 1 4.605170185988092 4.605170185988092
charity 1 3.2188758248682006 3.2188758248682006
charles 1 1.171182981502945 1.171182981502945
charlesbourg 1 4.605170185988092 4.605170185988092
charlotte 1 2.5257286443082556 2.5257286443082556
charlottetown 1 4.605170185988092 4.605170185988092
chateauguay 1 4.605170185988092 4.605170185988092
chatham 1 4.605170185988092 4.605170185988092
chief 1 1.3862943611198906 1.3862943611198906
child 1 1.07880966137193 1.07880966137193
childbearing 1 4.605170185988092 4.605170185988092
childless 1 4.605170185988092 4.605170185988092
christian 1 1.4696759700589417 1.4696759700589417
christiane 1 4.605170185988092 4.605170185988092
christmas 1 2.302585092994046 2.302585092994046
church 1 1.6607312068216509 1.6607312068216509
citation 1 0.0408219945202552 0.0408219945202552
cite 1 0.0 0.0
cited 1 3.2188758248682006 3.2188758248682006
citeweb 1 0.5447271754416719 0.5447271754416719
city 0 0.6348782724359695 0.0
civic 1 3.2188758248682006 3.2188758248682006
civil 1 1.7719568419318754 1.7719568419318754
claim 0 2.0402208285265546 0.0
claimed 1 2.207274913189721 2.207274913189721
clarence 1 3.2188758248682006 3.2188758248682006
clark 1 1.6607312068216509 1.6607312068216509
clarke 1 3.2188758248682006 3.2188758248682006
clayton 1 2.659260036932778 2.659260036932778
clerk 1 3.912023005428146 3.912023005428146
clock 1 2.8134107167600364 2.8134107167600364
close 1 1.9661128563728327 1.9661128563728327
coalition 1 2.407945608651872 2.407945608651872
coast 1 2.207274913189721 2.207274913189721
coburg 1 4.605170185988092 4.605170185988092
code 1 0.0 0.0
codrington 1 4.605170185988092 4.605170185988092
collection 1 1.8971199848858813 1.8971199848858813
college 1 1.1394342831883648 1.1394342831883648
colonel 1 2.995732273553991 2.995732273553991
colony 1 2.8134107167600364 2.8134107167600364
coming 1 1.7719568419318754 1.7719568419318754
command 0 2.5257286443082556 0.0
commander 1 2.120263536200091 2.120263536200091
commanderin 1 4.605170185988092 4.605170185988092
commanderinchief 1 4.605170185988092 4.605170185988092
comment 0 2.659260036932778 0.0
commissioner 0 2.659260036932778 0.0
commmorative 1 4.605170185988092 4.605170185988092
common 0 0.0 0.0
compelled 1 3.2188758248682006 3.2188758248682006
completed 1 2.0402208285265546 2.0402208285265546
comprehending 1 4.605170185988092 4.605170185988092
concerned 1 2.995732273553991 2.995732273553991
conduct 1 0.0 0.0
confederation 1 3.2188758248682006 3.2188758248682006
conference 0 1.3862943611198906 0.0
confidently 1 4.605170185988092 4.605170185988092
connaught 1 4.605170185988092 4.605170185988092
consider 1 2.407945608651872 2.407945608651872
consideration 1 3.506557897319982 3.506557897319982
considered 1 1.3862943611198906 1.3862943611198906
considering 1 3.912023005428146 3.912023005428146
consolation 1 4.605170185988092 4.605170185988092
consort 1 3.912023005428146 3.912023005428146
constantly 1 3.912023005428146 3.912023005428146
constituted 1 3.912023005428146 3.912023005428146
constitutional 1 2.995732273553991 2.995732273553991
construction 1 1.8325814637483102 1.8325814637483102
contact 1 0.0 0.0
content 1 0.0 0.0
context 1 0.010050335853501506 0.010050335853501506
continue 1 2.207274913189721 2.207274913189721
continued 1 1.5141277326297755 1.5141277326297755
continuing 1 2.207274913189721 2.207274913189721
contract 1 2.207274913189721 2.207274913189721
contravention 1 4.605170185988092 4.605170185988092
contribute 1 0.0 0.0
contribution 1 0.0 0.0
control 1 0.7765287894989963 0.7765287894989963
conversation 1 2.8134107167600364 2.8134107167600364
conviction 1 2.995732273553991 2.995732273553991
cookie 1 0.0 0.0
cookiematch 1 0.0 0.0
copy 1 1.9661128563728327 1.9661128563728327
cornwallis 1 4.605170185988092 4.605170185988092
coste 1 4.605170185988092 4.605170185988092
cottage 1 3.912023005428146 3.912023005428146
could 1 1.2378743560016172 1.2378743560016172
council 0 1.4696759700589417 0.0
councilor 1 3.912023005428146 3.912023005428146
counterlistitema 1 0.127833371509885 0.127833371509885
countess 1 4.605170185988092 4.605170185988092
country 1 0.843970070294529 0.843970070294529
county 1 1.6607312068216509 1.6607312068216509
couple 1 2.659260036932778 2.659260036932778
court 1 1.5141277326297755 1.5141277326297755
cradock 1 4.605170185988092 4.605170185988092
crane 1 2.659260036932778 2.659260036932778
create 1 0.0 0.0
created 1 1.5606477482646683 1.5606477482646683
creative 1 0.0 0.0
crescent 1 3.912023005428146 3.912023005428146
critique 0 3.2188758248682006 0.0
cross 1 1.8325814637483102 1.8325814637483102
crown 1 1.9661128563728327 1.9661128563728327
csmaintcolorf 1 0.06187540371808745 0.06187540371808745
csmaintcolorfmedia 1 0.0408219945202552 0.0408219945202552
cswsicon 1 0.0408219945202552 0.0408219945202552
cumberland 1 3.912023005428146 3.912023005428146
current 1 0.0 0.0
curtilage 0 4.605170185988092 0.0
cymraeg 1 3.2188758248682006 3.2188758248682006
dalrymple 1 4.605170185988092 4.605170185988092
dansk 1 2.995732273553991 2.995732273553991
darmstadt 1 4.605170185988092 4.605170185988092
data 1 1.3862943611198906 1.3862943611198906
database 0 0.9675840262617057 0.0
date 1 0.3147107448397002 0.3147107448397002
daughter 1 1.5141277326297755 1.5141277326297755
davis 1 1.6607312068216509 1.6607312068216509
dawe 1 4.605170185988092 4.605170185988092
day 1 0.5276327420823719 0.5276327420823719
ddbother 1 2.995732273553991 2.995732273553991
dead 1 1.5606477482646683 1.5606477482646683
dear 1 3.2188758248682006 3.2188758248682006
dearly 1 4.605170185988092 4.605170185988092
death 1 1.171182981502945 1.171182981502945
debt 0 2.995732273553991 0.0
deceased 1 2.995732273553991 2.995732273553991
december 1 0.37106368139083196 0.37106368139083196
decided 1 2.120263536200091 2.120263536200091
defence 0 3.2188758248682006 0.0
degree 1 1.7719568419318754 1.7719568419318754
demanded 1 2.995732273553991 2.995732273553991
dependency 0 3.912023005428146 0.0
dependent 1 3.2188758248682006 3.2188758248682006
descent 1 2.659260036932778 2.659260036932778
description 1 0.07257069283483537 0.07257069283483537
despite 1 1.1394342831883648 1.1394342831883648
deutsch 1 0.9416085398584451 0.9416085398584451
deutsche 1 2.5257286443082556 2.5257286443082556
deux 1 4.605170185988092 4.605170185988092
developer 0 0.0 0.0
development 1 1.3093333199837622 1.3093333199837622
devon 1 3.506557897319982 3.506557897319982
diary 1 3.2188758248682006 3.2188758248682006
dictionary 1 2.407945608651872 2.407945608651872
died 1 1.3093333199837622 1.3093333199837622
differenced 1 4.605170185988092 4.605170185988092
different 1 0.3424903089467759 0.3424903089467759
dignitary 0 4.605170185988092 0.0
dignity 0 3.2188758248682006 0.0
direct 1 2.5257286443082556 2.5257286443082556
discharge 1 3.506557897319982 3.506557897319982
discharged 1 4.605170185988092 4.605170185988092
disciplinarian 1 4.605170185988092 4.605170185988092
discipline 1 2.8134107167600364 2.8134107167600364
disclaimer 0 0.0 0.0
discounted 1 4.605170185988092 4.605170185988092
disgrace 1 3.912023005428146 3.912023005428146
dispatch 0 3.2188758248682006 0.0
disposait 1 4.605170185988092 4.605170185988092
disposition 1 3.912023005428146 3.912023005428146
distressthroughout 1 4.605170185988092 4.605170185988092
dmy 1 1.4271163556401458 1.4271163556401458
doirefodnb 1 4.605170185988092 4.605170185988092
doirefodnbx 1 4.605170185988092 4.605170185988092
donate 1 0.0 0.0
dorrien 1 4.605170185988092 4.605170185988092
dot 1 3.506557897319982 3.506557897319982
download 1 0.0 0.0
dress 1 3.2188758248682006 3.2188758248682006
drunken 1 3.506557897319982 3.506557897319982
dtaftercontent 1 0.127833371509885 0.127833371509885
dublin 1 3.506557897319982 3.506557897319982
dubus 1 4.605170185988092 4.605170185988092
duc 1 3.506557897319982 3.506557897319982
ducal 1 4.605170185988092 4.605170185988092
duchess 1 4.605170185988092 4.605170185988092
due 1 0.9416085398584451 0.9416085398584451
duke 1 2.120263536200091 2.120263536200091
duly 1 4.605170185988092 4.605170185988092
dun 1 3.912023005428146 3.912023005428146
dundurn 1 3.912023005428146 3.912023005428146
durham 1 2.995732273553991 2.995732273553991
durie 1 4.605170185988092 4.605170185988092
dutton 1 4.605170185988092 4.605170185988092
duty 0 2.5257286443082556 0.0
ealing 1 3.912023005428146 3.912023005428146
earl 1 2.659260036932778 2.659260036932778
earlier 1 1.8971199848858813 1.8971199848858813
early 1 0.6348782724359695 0.6348782724359695
earnings 1 4.605170185988092 4.605170185988092
eastwood 1 4.605170185988092 4.605170185988092
eaux 1 4.605170185988092 4.605170185988092
economic 1 1.7719568419318754 1.7719568419318754
edinburgh 1 3.506557897319982 3.506557897319982
education 1 1.3470736479666094 1.3470736479666094
edward 1 1.5606477482646683 1.5606477482646683
eesti 1 2.8134107167600364 2.8134107167600364
effort 1 1.5141277326297755 1.5141277326297755
ehrenburg 1 4.605170185988092 4.605170185988092
elder 1 2.8134107167600364 2.8134107167600364
electorate 1 3.912023005428146 3.912023005428146
electronic 1 2.995732273553991 2.995732273553991
eleven 1 2.207274913189721 2.207274913189721
eligible 1 2.302585092994046 2.302585092994046
eliott 1 4.605170185988092 4.605170185988092
elisabeth 1 3.912023005428146 3.912023005428146
elizabeth 1 1.9661128563728327 1.9661128563728327
elliott 1 2.8134107167600364 2.8134107167600364
elrington 1 4.605170185988092 4.605170185988092
emancipation 1 4.605170185988092 4.605170185988092
embark 1 4.605170185988092 4.605170185988092
embarrassment 0 3.912023005428146 0.0
embed 1 4.605170185988092 4.605170185988092
emich 1 4.605170185988092 4.605170185988092
emilie 1 4.605170185988092 4.605170185988092
emphasized 1 2.995732273553991 2.995732273553991
employ 1 3.912023005428146 3.912023005428146
enclosure 1 4.605170185988092 4.605170185988092
encyclopedia 1 0.0 0.0
endeavored 1 4.605170185988092 4.605170185988092
ending 1 2.407945608651872 2.407945608651872
engaged 1 2.995732273553991 2.995732273553991
england 1 1.6607312068216509 1.6607312068216509
english 1 0.0 0.0
engraving 1 4.605170185988092 4.605170185988092
ensuing 1 3.506557897319982 3.506557897319982
enter 1 2.995732273553991 2.995732273553991
entirely 1 2.407945608651872 2.407945608651872
entre 1 3.912023005428146 3.912023005428146
entry 1 1.5606477482646683 1.5606477482646683
envoy 1 3.2188758248682006 3.2188758248682006
erbach 1 4.605170185988092 4.605170185988092
ernest 1 3.2188758248682006 3.2188758248682006
error 1 2.407945608651872 2.407945608651872
espaol 1 1.1394342831883648 1.1394342831883648
especially 1 2.207274913189721 2.207274913189721
established 1 1.1086626245216111 1.1086626245216111
estate 1 2.120263536200091 2.120263536200091
estranged 1 3.506557897319982 3.506557897319982
euskara 1 2.659260036932778 2.659260036932778
eve 1 2.659260036932778 2.659260036932778
even 1 1.1394342831883648 1.1394342831883648
evening 1 2.659260036932778 2.659260036932778
event 0 0.0 0.0
ever 1 1.7147984280919266 1.7147984280919266
excess 0 3.912023005428146 0.0
executive 1 1.8325814637483102 1.8325814637483102
exp 1 0.0 0.0
expected 1 2.659260036932778 2.659260036932778
expediency 1 4.605170185988092 4.605170185988092
experiment 0 2.5257286443082556 0.0
explanatory 1 4.605170185988092 4.605170185988092
express 1 1.9661128563728327 1.9661128563728327
expressing 1 3.912023005428146 3.912023005428146
extensively 1 3.2188758248682006 3.2188758248682006
extent 1 2.5257286443082556 2.5257286443082556
external 1 0.44628710262841953 0.44628710262841953
extreme 1 2.8134107167600364 2.8134107167600364
faithfully 1 4.605170185988092 4.605170185988092
fall 1 1.07880966137193 1.07880966137193
family 1 0.9162907318741551 0.9162907318741551
familyst 1 4.605170185988092 4.605170185988092
famous 1 2.659260036932778 2.659260036932778
farthing 1 4.605170185988092 4.605170185988092
fashionable 1 4.605170185988092 4.605170185988092
father 1 1.3093333199837622 1.3093333199837622
february 1 0.27443684570176036 0.27443684570176036
federal 1 1.8971199848858813 1.8971199848858813
fenwick 1 4.605170185988092 4.605170185988092
feodora 1 4.605170185988092 4.605170185988092
fergusson 1 4.605170185988092 4.605170185988092
field 1 1.0498221244986776 1.0498221244986776
fifth 1 2.120263536200091 2.120263536200091
figure 0 1.3470736479666094 0.0
file 1 0.0 0.0
finally 1 1.8971199848858813 1.8971199848858813
find 1 1.3093333199837622 1.3093333199837622
finding 1 1.9661128563728327 1.9661128563728327
first 1 0.1508228897345837 0.1508228897345837
fitzherbert 1 4.605170185988092 4.605170185988092
five 1 1.0216512475319812 1.0216512475319812
fixture 1 3.912023005428146 3.912023005428146
fleurdelys 1 4.605170185988092 4.605170185988092
following 1 0.7133498878774648 0.7133498878774648
foot 1 2.407945608651872 2.407945608651872
forbidden 1 2.8134107167600364 2.8134107167600364
force 0 1.2378743560016172 0.0
foreign 1 1.8971199848858813 1.8971199848858813
forestier 1 4.605170185988092 4.605170185988092
formac 1 4.605170185988092 4.605170185988092
formalised 1 4.605170185988092 4.605170185988092
formed 1 1.7719568419318754 1.7719568419318754
former 1 0.9675840262617057 0.9675840262617057
fort 1 2.120263536200091 2.120263536200091
forwarded 1 4.605170185988092 4.605170185988092
foundation 1 0.0 0.0
founder 1 1.8971199848858813 1.8971199848858813
fourth 1 1.4696759700589417 1.4696759700589417
fowke 1 4.605170185988092 4.605170185988092
fox 1 2.407945608651872 2.407945608651872
foxacting 1 4.605170185988092 4.605170185988092
franais 1 0.8675005677047231 0.8675005677047231
francess 1 4.605170185988092 4.605170185988092
francis 1 1.6607312068216509 1.6607312068216509
frederick 1 2.302585092994046 2.302585092994046
free 1 0.0 0.0
freemason 0 3.912023005428146 0.0
freemasonry 1 3.912023005428146 3.912023005428146
french 1 1.3862943611198906 1.3862943611198906
friend 0 1.3470736479666094 0.0
friendliness 1 4.605170185988092 4.605170185988092
friendly 1 2.995732273553991 2.995732273553991
fully 1 2.5257286443082556 2.5257286443082556
fulton 1 4.605170185988092 4.605170185988092
furnished 1 4.605170185988092 4.605170185988092
fusilier 0 4.605170185988092 0.0
future 1 1.6607312068216509 1.6607312068216509
fuzileers 1 4.605170185988092 4.605170185988092
gabrielle 1 4.605170185988092 4.605170185988092
gahagan 1 4.605170185988092 4.605170185988092
gainsborough 1 4.605170185988092 4.605170185988092
gallery 1 2.659260036932778 2.659260036932778
garden 0 2.407945608651872 0.0
gardiner 1 3.912023005428146 3.912023005428146
garrison 1 3.2188758248682006 3.2188758248682006
garter 1 4.605170185988092 4.605170185988092
gave 1 1.5606477482646683 1.5606477482646683
gazette 1 3.2188758248682006 3.2188758248682006
gazetted 1 4.605170185988092 4.605170185988092
general 1 0.0 0.0
generation 1 1.9661128563728327 1.9661128563728327
generously 1 4.605170185988092 4.605170185988092
geneva 1 3.2188758248682006 3.2188758248682006
genevan 1 3.912023005428146 3.912023005428146
george 1 1.07880966137193 1.07880966137193
german 1 1.7147984280919266 1.7147984280919266
germany 1 1.4271163556401458 1.4271163556401458
get 1 0.0 0.0
gibraltar 1 3.912023005428146 3.912023005428146
gillen 1 3.912023005428146 3.912023005428146
given 1 1.2378743560016172 1.2378743560016172
glen 1 2.8134107167600364 2.8134107167600364
gloucester 1 4.605170185988092 4.605170185988092
godley 1 4.605170185988092 4.605170185988092
godparent 0 4.605170185988092 0.0
good 1 1.3093333199837622 1.3093333199837622
gordon 1 2.5257286443082556 2.5257286443082556
gort 1 4.605170185988092 4.605170185988092
gotha 1 4.605170185988092 4.605170185988092
government 1 1.1086626245216111 1.1086626245216111
governor 1 2.302585092994046 2.302585092994046
governorship 1 3.506557897319982 3.506557897319982
governorsof 1 4.605170185988092 4.605170185988092
grand 1 1.7719568419318754 1.7719568419318754
grandchild 1 3.912023005428146 3.912023005428146
grandfather 0 2.659260036932778 0.0
grandy 1 4.605170185988092 4.605170185988092
grant 1 2.5257286443082556 2.5257286443082556
granted 1 2.8134107167600364 2.8134107167600364
great 1 0.9675840262617057 0.9675840262617057
greatest 1 2.8134107167600364 2.8134107167600364
gregory 1 2.659260036932778 2.659260036932778
grey 1 2.995732273553991 2.995732273553991
griffin 1 3.2188758248682006 3.2188758248682006
groom 1 4.605170185988092 4.605170185988092
group 0 0.8209805520698303 0.0
gttingen 1 4.605170185988092 4.605170185988092
guadaloupe 1 4.605170185988092 4.605170185988092
guelphic 1 4.605170185988092 4.605170185988092
guided 1 3.506557897319982 3.506557897319982
gules 1 3.912023005428146 3.912023005428146
gulf 1 3.912023005428146 3.912023005428146
habsburg 1 4.605170185988092 4.605170185988092
halfbrothercite 1 4.605170185988092 4.605170185988092
halfsister 1 4.605170185988092 4.605170185988092
halifax 1 4.605170185988092 4.605170185988092
hall 1 1.3470736479666094 1.3470736479666094
halpenny 1 4.605170185988092 4.605170185988092
hamoaze 1 4.605170185988092 4.605170185988092
hampton 1 3.912023005428146 3.912023005428146
hand 0 1.3862943611198906 0.0
hanover 1 2.995732273553991 2.995732273553991
hanoverian 1 4.605170185988092 4.605170185988092
hanoverst 1 4.605170185988092 4.605170185988092
happening 1 3.2188758248682006 3.2188758248682006
hardinge 1 4.605170185988092 4.605170185988092
hargrave 1 4.605170185988092 4.605170185988092
harington 1 4.605170185988092 4.605170185988092
harriet 1 3.912023005428146 3.912023005428146
harry 1 2.120263536200091 2.120263536200091
harsh 1 3.2188758248682006 3.2188758248682006
hatnote 1 0.843970070294529 0.843970070294529
headquarters 1 2.207274913189721 2.207274913189721
health 1 1.6607312068216509 1.6607312068216509
heard 1 2.659260036932778 2.659260036932778
hearing 1 2.8134107167600364 2.8134107167600364
heat 1 2.5257286443082556 2.5257286443082556
heinrich 1 2.995732273553991 2.995732273553991
heir 1 3.912023005428146 3.912023005428146
help 1 0.0 0.0
henry 1 1.5606477482646683 1.5606477482646683
heraldicaorg 1 4.605170185988092 4.605170185988092
herbage 1 4.605170185988092 4.605170185988092
hertford 1 4.605170185988092 4.605170185988092
hesitation 1 3.912023005428146 3.912023005428146
hesse 1 3.912023005428146 3.912023005428146
hidden 1 0.010050335853501506 0.010050335853501506
hide 1 0.0 0.0
highness 1 4.605170185988092 4.605170185988092
hildburghausen 1 4.605170185988092 4.605170185988092
hill 1 1.2039728043259361 1.2039728043259361
historical 1 1.8325814637483102 1.8325814637483102
history 1 0.0 0.0
hlist 1 0.127833371509885 0.127833371509885
hlistinline 1 0.127833371509885 0.127833371509885
hold 1 1.3470736479666094 1.3470736479666094
home 1 0.7339691750802005 0.7339691750802005
honorary 1 3.912023005428146 3.912023005428146
honour 0 2.5257286443082556 0.0
honoured 1 3.912023005428146 3.912023005428146
hoppner 1 4.605170185988092 4.605170185988092
horse 1 3.2188758248682006 3.2188758248682006
hosted 1 2.8134107167600364 2.8134107167600364
hotel 1 2.5257286443082556 2.5257286443082556
house 1 1.0216512475319812 1.0216512475319812
houston 1 1.9661128563728327 1.9661128563728327
however 1 0.6931471805599453 0.6931471805599453
hubertus 1 3.912023005428146 3.912023005428146
hunter 1 2.0402208285265546 2.0402208285265546
huntingdon 1 4.605170185988092 4.605170185988092
huntly 1 4.605170185988092 4.605170185988092
husband 1 1.9661128563728327 1.9661128563728327
iconic 1 4.605170185988092 4.605170185988092
idea 1 1.8325814637483102 1.8325814637483102
idlockfree 1 0.0408219945202552 0.0408219945202552
idlockfreeidlockfree 1 0.0408219945202552 0.0408219945202552
idlocklimited 1 0.0408219945202552 0.0408219945202552
idlockregistration 1 0.0408219945202552 0.0408219945202552
idlocksubscription 1 0.0408219945202552 0.0408219945202552
ignace 1 4.605170185988092 4.605170185988092
iii 1 1.7147984280919266 1.7147984280919266
iiiearls 1 4.605170185988092 4.605170185988092
iiigovernors 1 4.605170185988092 4.605170185988092
iiimother 1 4.605170185988092 4.605170185988092
iiiqueen 1 4.605170185988092 4.605170185988092
ill 1 2.995732273553991 2.995732273553991
imgsrc 1 1.3862943611198906 1.3862943611198906
immediately 1 2.207274913189721 2.207274913189721
immigrant 1 3.506557897319982 3.506557897319982
important 1 1.8325814637483102 1.8325814637483102
inc 1 0.0 0.0
including 1 0.7133498878774648 0.7133498878774648
incognito 1 4.605170185988092 4.605170185988092
income 1 2.659260036932778 2.659260036932778
inconsistent 1 3.506557897319982 3.506557897319982
incorporating 1 2.995732273553991 2.995732273553991
incurred 1 3.912023005428146 3.912023005428146
independence 1 2.302585092994046 2.302585092994046
index 1 1.9661128563728327 1.9661128563728327
indicate 1 2.302585092994046 2.302585092994046
indie 0 3.2188758248682006 0.0
indigence 1 4.605170185988092 4.605170185988092
individual 0 1.5606477482646683 0.0
indonesia 1 1.7719568419318754 1.7719568419318754
induced 1 4.605170185988092 4.605170185988092
inexpensively 1 4.605170185988092 4.605170185988092
inflation 1 3.506557897319982 3.506557897319982
inflationfn 1 4.605170185988092 4.605170185988092
influencing 1 4.605170185988092 4.605170185988092
infobox 1 0.3011050927839216 0.3011050927839216
infoboxroyalty 1 4.605170185988092 4.605170185988092
infoboxtable 1 0.3147107448397002 0.3147107448397002
information 1 0.0 0.0
inquiry 1 3.912023005428146 3.912023005428146
installation 1 3.912023005428146 3.912023005428146
installed 1 2.995732273553991 2.995732273553991
instead 1 1.6607312068216509 1.6607312068216509
institution 0 2.120263536200091 0.0
instruction 1 2.5257286443082556 2.5257286443082556
instrumental 1 3.2188758248682006 3.2188758248682006
intended 1 2.120263536200091 2.120263536200091
intending 1 3.912023005428146 3.912023005428146
intention 1 2.659260036932778 2.659260036932778
interest 1 1.6607312068216509 1.6607312068216509
interesting 1 2.8134107167600364 2.8134107167600364
international 1 0.5978370007556204 0.5978370007556204
interred 1 3.2188758248682006 3.2188758248682006
intoxicated 1 4.605170185988092 4.605170185988092
introduced 1 1.5606477482646683 1.5606477482646683
invariably 1 4.605170185988092 4.605170185988092
ireland 1 2.302585092994046 2.302585092994046
irelandnote 1 4.605170185988092 4.605170185988092
ironside 1 4.605170185988092 4.605170185988092
irumberry 1 4.605170185988092 4.605170185988092
irwin 1 3.912023005428146 3.912023005428146
isbn 1 0.9942522733438669 0.9942522733438669
island 1 1.5141277326297755 1.5141277326297755
isniviaffastworld 1 2.407945608651872 2.407945608651872
issue 1 1.1086626245216111 1.1086626245216111
italiano 1 1.07880966137193 1.07880966137193
italic 0 3.2188758248682006 0.0
item 1 0.010050335853501506 0.010050335853501506
jackson 1 1.9661128563728327 1.9661128563728327
james 1 1.0498221244986776 1.0498221244986776
january 1 0.3424903089467759 0.3424903089467759
johann 1 3.912023005428146 3.912023005428146
john 1 0.49429632181478017 0.49429632181478017
joined 1 1.6607312068216509 1.6607312068216509
jonathan 1 2.302585092994046 2.302585092994046
jones 1 1.5141277326297755 1.5141277326297755
jouait 1 4.605170185988092 4.605170185988092
journal 1 1.3093333199837622 1.3093333199837622
julie 1 2.5257286443082556 2.5257286443082556
july 1 0.43078291609245434 0.43078291609245434
jump 1 0.0 0.0
june 1 0.40047756659712536 0.40047756659712536
justice 1 1.9661128563728327 1.9661128563728327
kane 1 3.2188758248682006 3.2188758248682006
karl 1 2.659260036932778 2.659260036932778
kassel 1 4.605170185988092 4.605170185988092
keeper 1 2.995732273553991 2.995732273553991
keeping 1 2.995732273553991 2.995732273553991
keightley 1 4.605170185988092 4.605170185988092
kent 1 3.2188758248682006 3.2188758248682006
kept 1 2.407945608651872 2.407945608651872
kew 1 4.605170185988092 4.605170185988092
kind 1 2.5257286443082556 2.5257286443082556
king 1 1.3093333199837622 1.3093333199837622
kingdom 1 1.5141277326297755 1.5141277326297755
knight 1 2.0402208285265546 2.0402208285265546
known 1 0.7985076962177716 0.7985076962177716
label 1 2.5257286443082556 2.5257286443082556
lady 1 2.302585092994046 2.302585092994046
landed 1 3.2188758248682006 3.2188758248682006
landgravine 1 4.605170185988092 4.605170185988092
language 0 0.0 0.0
last 1 0.0 0.0
late 1 1.3093333199837622 1.3093333199837622
later 1 0.5621189181535412 0.5621189181535412
lathbury 1 4.605170185988092 4.605170185988092
latter 1 1.6607312068216509 1.6607312068216509
laurent 1 3.506557897319982 3.506557897319982
laval 1 3.506557897319982 3.506557897319982
lawful 1 4.605170185988092 4.605170185988092
lawfully 1 4.605170185988092 4.605170185988092
lawrence 1 2.302585092994046 2.302585092994046
leadership 1 2.207274913189721 2.207274913189721
learn 1 0.0 0.0
learned 1 2.5257286443082556 2.5257286443082556
leased 1 4.605170185988092 4.605170185988092
leave 1 2.407945608651872 2.407945608651872
left 1 1.171182981502945 1.171182981502945
legacy 1 2.0402208285265546 2.0402208285265546
legislative 1 2.659260036932778 2.659260036932778
legitimate 1 3.506557897319982 3.506557897319982
leiningen 1 4.605170185988092 4.605170185988092
leiningencitation 1 4.605170185988092 4.605170185988092
leopold 1 4.605170185988092 4.605170185988092
less 1 1.5141277326297755 1.5141277326297755
letter 1 2.207274913189721 2.207274913189721
liaftercontent 1 0.127833371509885 0.127833371509885
library 1 1.6094379124341003 1.6094379124341003
license 1 0.0 0.0
liddell 1 4.605170185988092 4.605170185988092
lieutenant 1 2.659260036932778 2.659260036932778
life 1 0.5447271754416719 0.5447271754416719
light 1 1.3862943611198906 1.3862943611198906
likely 1 2.5257286443082556 2.5257286443082556
limarginbottom 1 0.9675840262617057 0.9675840262617057
line 1 1.4696759700589417 1.4696759700589417
link 1 0.0 0.0
liquidated 1 4.605170185988092 4.605170185988092
literary 1 2.5257286443082556 2.5257286443082556
little 1 1.4696759700589417 1.4696759700589417
live 1 1.2378743560016172 1.2378743560016172
lived 1 2.207274913189721 2.207274913189721
living 1 1.07880966137193 1.07880966137193
lneburg 1 4.605170185988092 4.605170185988092
local 1 1.4696759700589417 1.4696759700589417
located 1 2.407945608651872 2.407945608651872
lodge 1 3.506557897319982 3.506557897319982
log 1 0.0 0.0
logged 1 0.0 0.0
lon 1 3.506557897319982 3.506557897319982
london 1 1.5141277326297755 1.5141277326297755
long 1 1.1086626245216111 1.1086626245216111
longemalle 1 4.605170185988092 4.605170185988092
longford 1 4.605170185988092 4.605170185988092
look 1 2.0402208285265546 2.0402208285265546
lord 1 2.0402208285265546 2.0402208285265546
lorne 1 4.605170185988092 4.605170185988092
loss 1 1.7147984280919266 1.7147984280919266
lost 1 1.171182981502945 1.171182981502945
louis 1 1.5141277326297755 1.5141277326297755
louisa 1 4.605170185988092 4.605170185988092
love 1 1.4271163556401458 1.4271163556401458
lower 1 1.8325814637483102 1.8325814637483102
loyalist 1 3.912023005428146 3.912023005428146
ltd 1 2.407945608651872 2.407945608651872
luce 1 4.605170185988092 4.605170185988092
ludwig 1 4.605170185988092 4.605170185988092
lunion 1 4.605170185988092 4.605170185988092
lutheran 1 3.2188758248682006 3.2188758248682006
lytton 1 4.605170185988092 4.605170185988092
mac 1 2.0402208285265546 2.0402208285265546
macfarlane 1 3.912023005428146 3.912023005428146
machine 1 1.4696759700589417 1.4696759700589417
madame 1 2.995732273553991 2.995732273553991
made 1 0.653926467406664 0.653926467406664
magdala 1 4.605170185988092 4.605170185988092
magdalena 1 3.506557897319982 3.506557897319982
magyar 1 2.0402208285265546 2.0402208285265546
main 1 0.0 0.0
mainother 1 1.5141277326297755 1.5141277326297755
maint 1 1.6607312068216509 1.6607312068216509
maison 1 3.912023005428146 3.912023005428146
majesty 1 3.506557897319982 3.506557897319982
majorgeneral 1 4.605170185988092 4.605170185988092
male 1 1.6607312068216509 1.6607312068216509
manage 1 4.605170185988092 4.605170185988092
many 1 0.7550225842780328 0.7550225842780328
march 1 0.3147107448397002 0.3147107448397002
marchioness 1 4.605170185988092 4.605170185988092
maria 1 1.9661128563728327 1.9661128563728327
maritime 1 2.5257286443082556 2.5257286443082556
mark 0 1.1394342831883648 0.0
marquess 1 4.605170185988092 4.605170185988092
marriage 1 2.120263536200091 2.120263536200091
married 1 1.5141277326297755 1.5141277326297755
marseille 0 3.912023005428146 0.0
marshal 1 2.8134107167600364 2.8134107167600364
marshalactive 1 4.605170185988092 4.605170185988092
martinique 1 4.605170185988092 4.605170185988092
mason 1 2.207274913189721 2.207274913189721
masonic 1 3.912023005428146 3.912023005428146
massachusetts 1 2.302585092994046 2.302585092994046
master 1 1.3093333199837622 1.3093333199837622
maternal 1 3.2188758248682006 3.2188758248682006
matter 1 2.0402208285265546 2.0402208285265546
may 1 0.0 0.0
mean 1 1.7719568419318754 1.7719568419318754
meant 1 3.2188758248682006 3.2188758248682006
measure 1 2.659260036932778 2.659260036932778
measuring 1 4.605170185988092 4.605170185988092
mecklenburg 1 4.605170185988092 4.605170185988092
medium 0 0.49429632181478017 0.0
melbourne 0 4.605170185988092 0.0
member 1 0.6733445532637655 0.6733445532637655
membership 1 2.5257286443082556 2.5257286443082556
men 1 1.2039728043259361 1.2039728043259361
mentioned 1 2.659260036932778 2.659260036932778
mentored 1 4.605170185988092 4.605170185988092
menu 1 0.0 0.0
met 1 1.8325814637483102 1.8325814637483102
michael 1 1.171182981502945 1.171182981502945
michel 1 2.659260036932778 2.659260036932778
middlesex 1 3.912023005428146 3.912023005428146
mile 0 1.8971199848858813 0.0
military 1 1.4696759700589417 1.4696759700589417
millan 1 3.2188758248682006 3.2188758248682006
million 1 1.6094379124341003 1.6094379124341003
misfortune 0 3.912023005428146 0.0
mistress 1 3.912023005428146 3.912023005428146
mme 1 3.506557897319982 3.506557897319982
mobile 1 0.0 0.0
modern 0 1.5606477482646683 0.0
molard 1 4.605170185988092 4.605170185988092
mollie 1 4.605170185988092 4.605170185988092
monarchy 1 3.912023005428146 3.912023005428146
monro 1 4.605170185988092 4.605170185988092
montgenet 1 4.605170185988092 4.605170185988092
month 0 0.8915981192837835 0.0
montreal 1 2.659260036932778 2.659260036932778
mor 1 4.605170185988092 4.605170185988092
mother 1 1.5141277326297755 1.5141277326297755
motif 0 3.506557897319982 0.0
mountbatten 1 3.912023005428146 3.912023005428146
move 1 0.0 0.0
mower 1 4.605170185988092 4.605170185988092
music 1 1.3862943611198906 1.3862943611198906
mutiny 1 3.912023005428146 3.912023005428146
naftel 1 4.605170185988092 4.605170185988092
name 0 0.5276327420823719 0.0
named 1 1.2039728043259361 1.2039728043259361
namely 1 3.912023005428146 3.912023005428146
namesake 1 3.2188758248682006 3.2188758248682006
napier 1 4.605170185988092 4.605170185988092
napoleonic 1 3.2188758248682006 3.2188758248682006
nathan 1 2.5257286443082556 2.5257286443082556
national 1 0.5108256237659907 0.5108256237659907
natural 1 1.8325814637483102 1.8325814637483102
navbar 1 0.23572233352106994 0.23572233352106994
navbarfontsizemedia 1 0.3147107448397002 0.3147107448397002
navbarmini 1 0.23572233352106994 0.23572233352106994
navbox 1 0.1392620673335076 0.1392620673335076
navboximage 1 0.1392620673335076 0.1392620673335076
navboxsubgroup 1 0.1392620673335076 0.1392620673335076
navboxtitle 1 0.1392620673335076 0.1392620673335076
navigation 1 0.0 0.0
navy 1 2.207274913189721 2.207274913189721
near 1 1.8325814637483102 1.8325814637483102
necessary 1 2.659260036932778 2.659260036932778
nederland 0 1.7147984280919266 0.0
needed 1 1.3862943611198906 1.3862943611198906
neglected 1 3.912023005428146 3.912023005428146
negotiated 1 3.912023005428146 3.912023005428146
negotiation 0 3.2188758248682006 0.0
neighbour 0 3.506557897319982 0.0
netherlands 1 1.7719568419318754 1.7719568419318754
never 1 1.4696759700589417 1.4696759700589417
new 1 0.24846135929849972 0.24846135929849972
next 1 1.1086626245216111 1.1086626245216111
nicholson 1 3.912023005428146 3.912023005428146
niece 1 3.912023005428146 3.912023005428146
nominally 1 4.605170185988092 4.605170185988092
none 1 2.995732273553991 2.995732273553991
nonprofit 1 0.0 0.0
norsk 1 1.9661128563728327 1.9661128563728327
north 1 0.8209805520698303 0.8209805520698303
note 1 0.8209805520698303 0.8209805520698303
nothing 1 2.5257286443082556 2.5257286443082556
nova 1 3.2188758248682006 3.2188758248682006
november 1 0.3011050927839216 0.3011050927839216
nowdeceased 1 4.605170185988092 4.605170185988092
nugent 1 3.912023005428146 3.912023005428146
numbered 1 3.2188758248682006 3.2188758248682006
numerous 1 1.9661128563728327 1.9661128563728327
nutt 1 4.605170185988092 4.605170185988092
nynorsk 1 2.8134107167600364 2.8134107167600364
occupation 1 1.8971199848858813 1.8971199848858813
octavius 1 4.605170185988092 4.605170185988092
october 1 0.28768207245178085 0.28768207245178085
odnb 1 4.605170185988092 4.605170185988092
odnbpages 1 4.605170185988092 4.605170185988092
offering 1 2.995732273553991 2.995732273553991
office 1 1.1086626245216111 1.1086626245216111
officer 1 1.7719568419318754 1.7719568419318754
ohara 1 3.506557897319982 3.506557897319982
old 1 1.07880966137193 1.07880966137193
older 1 2.302585092994046 2.302585092994046
ollibeforecontent 1 0.127833371509885 0.127833371509885
one 1 0.23572233352106994 0.23572233352106994
onlineed 1 3.912023005428146 3.912023005428146
ontario 1 2.995732273553991 2.995732273553991
opening 1 1.9661128563728327 1.9661128563728327
opinion 0 2.120263536200091 0.0
order 1 1.171182981502945 1.171182981502945
ordinary 1 3.2188758248682006 3.2188758248682006
organization 1 0.0 0.0
organizationname 1 0.010050335853501506 0.010050335853501506
original 1 0.4155154439616658 0.4155154439616658
originally 1 1.9661128563728327 1.9661128563728327
orlans 1 4.605170185988092 4.605170185988092
orlanscite 1 4.605170185988092 4.605170185988092
orn 1 4.605170185988092 4.605170185988092
ostensible 1 3.912023005428146 3.912023005428146
others 1 1.1394342831883648 1.1394342831883648
ought 1 4.605170185988092 4.605170185988092
outer 1 3.2188758248682006 3.2188758248682006
outhouse 0 4.605170185988092 0.0
overseas 1 2.995732273553991 2.995732273553991
oversight 1 3.506557897319982 3.506557897319982
owen 1 2.995732273553991 2.995732273553991
owned 1 2.407945608651872 2.407945608651872
oxford 1 2.5257286443082556 2.5257286443082556
pacify 1 4.605170185988092 4.605170185988092
packet 1 4.605170185988092 4.605170185988092
page 1 0.0 0.0
paid 1 2.407945608651872 2.407945608651872
palace 1 2.995732273553991 2.995732273553991
paler 1 4.605170185988092 4.605170185988092
paper 1 1.6607312068216509 1.6607312068216509
parameter 1 2.120263536200091 2.120263536200091
parent 0 1.9661128563728327 0.0
park 1 1.3093333199837622 1.3093333199837622
parliament 1 2.407945608651872 2.407945608651872
part 1 0.6348782724359695 0.6348782724359695
participant 0 3.2188758248682006 0.0
participated 1 2.8134107167600364 2.8134107167600364
passage 1 2.659260036932778 2.659260036932778
past 1 1.7719568419318754 1.7719568419318754
paternal 1 3.912023005428146 3.912023005428146
patrick 1 1.8971199848858813 1.8971199848858813
pavilion 1 3.506557897319982 3.506557897319982
pay 1 2.120263536200091 2.120263536200091
pdfprintable 1 0.0 0.0
pecuniary 1 4.605170185988092 4.605170185988092
peer 0 3.506557897319982 0.0
pension 1 3.912023005428146 3.912023005428146
people 1 0.49429632181478017 0.49429632181478017
perfectly 1 3.2188758248682006 3.2188758248682006
performhis 1 4.605170185988092 4.605170185988092
period 1 1.4271163556401458 1.4271163556401458
permanent 1 0.0 0.0
permission 1 2.659260036932778 2.659260036932778
permit 1 2.8134107167600364 2.8134107167600364
persisted 1 4.605170185988092 4.605170185988092
person 1 1.5606477482646683 1.5606477482646683
personal 1 0.0 0.0
personnel 1 2.207274913189721 2.207274913189721
philip 1 1.7147984280919266 1.7147984280919266
phillippe 1 4.605170185988092 4.605170185988092
pietre 1 4.605170185988092 4.605170185988092
place 1 0.653926467406664 0.653926467406664
placed 1 1.7147984280919266 1.7147984280919266
plainlist 1 0.7339691750802005 0.7339691750802005
plan 1 1.4696759700589417 1.4696759700589417
plaquette 1 4.605170185988092 4.605170185988092
play 1 1.2039728043259361 1.2039728043259361
played 1 1.3862943611198906 1.3862943611198906
pleased 1 3.506557897319982 3.506557897319982
pleasure 1 3.506557897319982 3.506557897319982
plymouth 1 3.2188758248682006 3.2188758248682006
pneumonia 1 3.2188758248682006 3.2188758248682006
point 1 1.2729656758128876 1.2729656758128876
poland 1 2.302585092994046 2.302585092994046
policy 1 0.0 0.0
political 1 1.3470736479666094 1.3470736479666094
polling 1 3.506557897319982 3.506557897319982
polski 1 1.3470736479666094 1.3470736479666094
popularity 1 2.8134107167600364 2.8134107167600364
portal 1 0.0 0.0
portmore 1 4.605170185988092 4.605170185988092
portrait 1 2.659260036932778 2.659260036932778
portugus 1 1.171182981502945 1.171182981502945
possibility 1 2.5257286443082556 2.5257286443082556
post 1 1.07880966137193 1.07880966137193
pre 1 2.5257286443082556 2.5257286443082556
preached 1 3.912023005428146 3.912023005428146
precededby 1 2.302585092994046 2.302585092994046
precipitated 1 3.506557897319982 3.506557897319982
predeceased 1 4.605170185988092 4.605170185988092
premier 1 2.5257286443082556 2.5257286443082556
prescott 1 4.605170185988092 4.605170185988092
presence 1 2.207274913189721 2.207274913189721
present 1 0.9675840262617057 0.9675840262617057
presentday 1 2.8134107167600364 2.8134107167600364
president 1 1.3470736479666094 1.3470736479666094
press 1 0.7550225842780328 0.7550225842780328
presume 1 4.605170185988092 4.605170185988092
prevailed 1 3.912023005428146 3.912023005428146
prevost 1 4.605170185988092 4.605170185988092
price 1 1.9661128563728327 1.9661128563728327
pride 1 2.8134107167600364 2.8134107167600364
prince 1 2.207274913189721 2.207274913189721
princeelectors 1 4.605170185988092 4.605170185988092
princess 1 2.995732273553991 2.995732273553991
printbodyns 1 0.09431067947124142 0.09431067947124142
printexport 1 0.0 0.0
prior 1 1.8325814637483102 1.8325814637483102
privacy 1 0.0 0.0
private 1 1.8325814637483102 1.8325814637483102
privy 1 3.506557897319982 3.506557897319982
proclamation 1 4.605170185988092 4.605170185988092
project 0 0.0 0.0
promise 1 2.659260036932778 2.659260036932778
promised 1 3.912023005428146 3.912023005428146
promoted 1 2.407945608651872 2.407945608651872
proportion 0 3.2188758248682006 0.0
protecting 1 3.506557897319982 3.506557897319982
provide 1 2.302585092994046 2.302585092994046
provided 1 1.8971199848858813 1.8971199848858813
province 1 2.120263536200091 2.120263536200091
proxy 1 4.605170185988092 4.605170185988092
public 1 0.9675840262617057 0.9675840262617057
published 1 1.3862943611198906 1.3862943611198906
publishing 1 1.7719568419318754 1.7719568419318754
purchased 1 2.120263536200091 2.120263536200091
purpose 1 3.2188758248682006 3.2188758248682006
put 1 1.8971199848858813 1.8971199848858813
quality 0 2.407945608651872 0.0
quebec 1 2.995732273553991 2.995732273553991
queen 1 2.407945608651872 2.407945608651872
quell 1 4.605170185988092 4.605170185988092
question 1 1.7719568419318754 1.7719568419318754
quincy 1 3.912023005428146 3.912023005428146
quit 1 3.506557897319982 3.506557897319982
rainsford 1 4.605170185988092 4.605170185988092
random 1 0.0 0.0
ranger 1 3.2188758248682006 3.2188758248682006
rank 1 2.5257286443082556 2.5257286443082556
read 1 0.0 0.0
reason 1 1.9661128563728327 1.9661128563728327
recalled 1 3.2188758248682006 3.2188758248682006
received 1 1.1394342831883648 1.1394342831883648
receiving 1 1.8971199848858813 1.8971199848858813
recent 1 0.0 0.0
recently 1 2.302585092994046 2.302585092994046
reckoned 1 4.605170185988092 4.605170185988092
recognition 1 2.5257286443082556 2.5257286443082556
recommended 1 2.995732273553991 2.995732273553991
reconcile 1 3.912023005428146 3.912023005428146
reconciliation 1 3.506557897319982 3.506557897319982
redman 1 4.605170185988092 4.605170185988092
reduce 1 3.2188758248682006 3.2188758248682006
ref 1 1.8971199848858813 1.8971199848858813
reference 0 0.03045920748470844 0.0
reffell 1 4.605170185988092 4.605170185988092
reflect 1 2.5257286443082556 2.5257286443082556
reflist 1 0.06187540371808745 0.06187540371808745
reflistcolumns 1 0.06187540371808745 0.06187540371808745
refused 1 2.659260036932778 2.659260036932778
reg 1 0.0 0.0
regalia 1 4.605170185988092 4.605170185988092
regard 1 4.605170185988092 4.605170185988092
regent 1 3.506557897319982 3.506557897319982
regiment 1 3.912023005428146 3.912023005428146
regimental 1 4.605170185988092 4.605170185988092
registered 1 0.0 0.0
regret 1 3.912023005428146 3.912023005428146
reigned 1 4.605170185988092 4.605170185988092
rejoice 1 3.912023005428146 3.912023005428146
related 1 0.0 0.0
relationship 1 1.8971199848858813 1.8971199848858813
relative 1 2.5257286443082556 2.5257286443082556
relief 1 2.8134107167600364 2.8134107167600364
remain 1 2.207274913189721 2.207274913189721
remains 1 2.0402208285265546 2.0402208285265546
remarkable 1 3.506557897319982 3.506557897319982
remote 1 3.2188758248682006 3.2188758248682006
removed 1 1.6094379124341003 1.6094379124341003
rendait 1 4.605170185988092 4.605170185988092
rendering 1 4.605170185988092 4.605170185988092
renovated 1 3.912023005428146 3.912023005428146
repeated 1 2.995732273553991 2.995732273553991
report 1 1.1086626245216111 1.1086626245216111
representative 0 1.7147984280919266 0.0
represented 1 1.7719568419318754 1.7719568419318754
represents 1 2.5257286443082556 2.5257286443082556
requested 1 2.659260036932778 2.659260036932778
required 1 2.407945608651872 2.407945608651872
requisite 1 3.912023005428146 3.912023005428146
research 1 1.6094379124341003 1.6094379124341003
reside 1 4.605170185988092 4.605170185988092
residence 1 2.5257286443082556 2.5257286443082556
resignation 1 3.2188758248682006 3.2188758248682006
resolution 1 2.407945608651872 2.407945608651872
resolved 1 3.506557897319982 3.506557897319982
respect 0 2.8134107167600364 0.0
responsible 1 2.302585092994046 2.302585092994046
restore 1 2.995732273553991 2.995732273553991
result 1 0.9942522733438669 0.9942522733438669
retail 1 3.2188758248682006 3.2188758248682006
retained 1 2.659260036932778 2.659260036932778
retired 1 1.7719568419318754 1.7719568419318754
retrieved 1 0.0 0.0
return 1 1.07880966137193 1.07880966137193
returned 1 1.4271163556401458 1.4271163556401458
returning 1 2.207274913189721 2.207274913189721
review 1 1.07880966137193 1.07880966137193
revolutionary 1 2.207274913189721 2.207274913189721
richard 1 1.1394342831883648 1.1394342831883648
richards 1 2.8134107167600364 2.8134107167600364
right 1 0.9675840262617057 0.9675840262617057
rigid 1 3.912023005428146 3.912023005428146
riot 1 2.659260036932778 2.659260036932778
rise 1 1.8325814637483102 1.8325814637483102
rite 1 2.995732273553991 2.995732273553991
ritual 0 3.2188758248682006 0.0
robert 1 0.8675005677047231 0.8675005677047231
role 1 1.3470736479666094 1.3470736479666094
romance 1 2.5257286443082556 2.5257286443082556
romn 1 2.5257286443082556 2.5257286443082556
room 1 2.207274913189721 2.207274913189721
rotunda 1 4.605170185988092 4.605170185988092
round 1 1.3862943611198906 1.3862943611198906
royal 1 1.8325814637483102 1.8325814637483102
rpi 1 4.605170185988092 4.605170185988092
rudolph 1 3.2188758248682006 3.2188758248682006
rushed 1 3.2188758248682006 3.2188758248682006
saalfeld 1 3.912023005428146 3.912023005428146
sabine 1 4.605170185988092 4.605170185988092
safe 1 2.995732273553991 2.995732273553991
said 1 1.5606477482646683 1.5606477482646683
sailed 1 3.506557897319982 3.506557897319982
sailor 1 3.2188758248682006 3.2188758248682006
saint 1 1.6607312068216509 1.6607312068216509
salaberry 1 4.605170185988092 4.605170185988092
salina 0 3.506557897319982 0.0
salute 1 4.605170185988092 4.605170185988092
saxe 1 4.605170185988092 4.605170185988092
scheener 1 4.605170185988092 4.605170185988092
schencker 1 4.605170185988092 4.605170185988092
schenker 1 4.605170185988092 4.605170185988092
schloss 1 4.605170185988092 4.605170185988092
school 1 0.7765287894989963 0.7765287894989963
schwarzburg 1 4.605170185988092 4.605170185988092
scot 0 3.506557897319982 0.0
scotia 1 4.605170185988092 4.605170185988092
scotian 1 4.605170185988092 4.605170185988092
screen 1 0.010050335853501506 0.010050335853501506
scriven 1 4.605170185988092 4.605170185988092
sculpted 1 3.912023005428146 3.912023005428146
search 1 0.0 0.0
seaside 1 3.912023005428146 3.912023005428146
sebastian 1 2.5257286443082556 2.5257286443082556
seduce 1 4.605170185988092 4.605170185988092
see 1 0.40047756659712536 0.40047756659712536
seems 1 2.5257286443082556 2.5257286443082556
send 1 2.995732273553991 2.995732273553991
sensible 1 4.605170185988092 4.605170185988092
sent 1 1.8971199848858813 1.8971199848858813
september 1 0.43078291609245434 0.43078291609245434
series 1 0.8675005677047231 0.8675005677047231
sermon 1 3.912023005428146 3.912023005428146
servant 0 2.995732273553991 0.0
serve 1 2.207274913189721 2.207274913189721
served 1 1.4696759700589417 1.4696759700589417
service 1 1.2378743560016172 1.2378743560016172
set 1 0.9942522733438669 0.9942522733438669
settlement 0 2.407945608651872 0.0
settler 0 3.912023005428146 0.0
sevenfeet 1 4.605170185988092 4.605170185988092
several 1 0.8209805520698303 0.8209805520698303
sewell 1 3.506557897319982 3.506557897319982
sewells 1 4.605170185988092 4.605170185988092
shall 1 2.8134107167600364 2.8134107167600364
shaping 1 3.912023005428146 3.912023005428146
share 1 0.0 0.0
shared 1 2.659260036932778 2.659260036932778
shaw 1 3.506557897319982 3.506557897319982
ship 0 2.0402208285265546 0.0
short 1 0.06187540371808745 0.06187540371808745
shortdescription 1 0.2613647641344075 0.2613647641344075
shortened 1 0.0 0.0
shown 1 2.302585092994046 2.302585092994046
shrimpton 1 4.605170185988092 4.605170185988092
sidebar 1 0.0 0.0
sideboxmarginpx 1 1.3862943611198906 1.3862943611198906
sideboxtextpaddingem 1 1.3862943611198906 1.3862943611198906
sidmouth 1 4.605170185988092 4.605170185988092
signature 1 2.8134107167600364 2.8134107167600364
simple 1 2.407945608651872 2.407945608651872
since 1 0.7985076962177716 0.7985076962177716
sir 1 2.5257286443082556 2.5257286443082556
sister 1 1.8325814637483102 1.8325814637483102
sisterinlaw 1 4.605170185988092 4.605170185988092
sistersitebox 1 1.3862943611198906 1.3862943611198906
site 1 0.0 0.0
situation 0 2.407945608651872 0.0
six 1 1.3470736479666094 1.3470736479666094
sixth 1 1.9661128563728327 1.9661128563728327
small 1 1.4271163556401458 1.4271163556401458
smith 1 1.2039728043259361 1.2039728043259361
smyth 1 4.605170185988092 4.605170185988092
snac 1 3.2188758248682006 3.2188758248682006
social 1 1.3093333199837622 1.3093333199837622
society 1 1.4271163556401458 1.4271163556401458
sociopolitical 1 4.605170185988092 4.605170185988092
soldier 1 2.302585092994046 2.302585092994046
solely 1 3.2188758248682006 3.2188758248682006
solid 1 0.09431067947124142 0.09431067947124142
son 1 1.3093333199837622 1.3093333199837622
sondershausen 1 4.605170185988092 4.605170185988092
sophia 1 3.912023005428146 3.912023005428146
sought 1 2.5257286443082556 2.5257286443082556
sound 1 1.7719568419318754 1.7719568419318754
source 0 0.5798184952529422 0.0
sovereign 1 3.506557897319982 3.506557897319982
spacieux 1 4.605170185988092 4.605170185988092
spain 1 1.6607312068216509 1.6607312068216509
spanish 1 1.7719568419318754 1.7719568419318754
speaker 1 2.407945608651872 2.407945608651872
special 1 0.0 0.0
specifically 1 2.5257286443082556 2.5257286443082556
spent 1 2.407945608651872 2.407945608651872
spirit 1 1.7147984280919266 1.7147984280919266
stable 0 3.912023005428146 0.0
stanwix 1 4.605170185988092 4.605170185988092
state 1 0.3147107448397002 0.3147107448397002
statement 1 0.0 0.0
station 1 1.8325814637483102 1.8325814637483102
statistic 0 0.0 0.0
statue 1 3.912023005428146 3.912023005428146
steel 1 2.207274913189721 2.207274913189721
stgeorgeswindsororg 1 4.605170185988092 4.605170185988092
still 1 0.9416085398584451 0.9416085398584451
stole 1 3.912023005428146 3.912023005428146
stone 0 1.8971199848858813 0.0
stood 1 3.2188758248682006 3.2188758248682006
story 1 1.5606477482646683 1.5606477482646683
strachey 1 4.605170185988092 4.605170185988092
strachur 1 4.605170185988092 4.605170185988092
strathearn 1 4.605170185988092 4.605170185988092
street 1 1.4271163556401458 1.4271163556401458
strelitz 1 4.605170185988092 4.605170185988092
strongly 1 2.995732273553991 2.995732273553991
style 0 1.8325814637483102 0.0
styled 1 3.912023005428146 3.912023005428146
subscription 1 3.912023005428146 3.912023005428146
subsection 1 0.3424903089467759 0.3424903089467759
subsequently 1 2.407945608651872 2.407945608651872
succeeded 1 2.120263536200091 2.120263536200091
succeededby 1 2.5257286443082556 2.5257286443082556
successfully 1 2.659260036932778 2.659260036932778
succession 1 3.506557897319982 3.506557897319982
successor 1 2.207274913189721 2.207274913189721
suffering 1 2.659260036932778 2.659260036932778
sufficient 1 2.995732273553991 2.995732273553991
suggest 1 3.506557897319982 3.506557897319982
suitable 1 3.2188758248682006 3.2188758248682006
sunday 1 1.9661128563728327 1.9661128563728327
suomi 1 1.7719568419318754 1.7719568419318754
supported 1 1.8325814637483102 1.8325814637483102
sure 1 2.659260036932778 2.659260036932778
surrey 1 3.912023005428146 3.912023005428146
surviving 1 3.912023005428146 3.912023005428146
sussex 1 4.605170185988092 4.605170185988092
sussexas 1 4.605170185988092 4.605170185988092
svenska 1 1.9661128563728327 1.9661128563728327
swerve 1 4.605170185988092 4.605170185988092
table 1 0.0 0.0
tages 1 4.605170185988092 4.605170185988092
tait 1 4.605170185988092 4.605170185988092
take 1 0.9675840262617057 0.9675840262617057
talk 1 0.0 0.0
tall 1 3.506557897319982 3.506557897319982
taube 1 4.605170185988092 4.605170185988092
tdhlist 1 0.1392620673335076 0.1392620673335076
telling 1 2.8134107167600364 2.8134107167600364
template 1 0.0 0.0
tendency 1 3.912023005428146 3.912023005428146
term 1 0.0 0.0
territory 1 2.995732273553991 2.995732273553991
terry 1 2.407945608651872 2.407945608651872
text 1 0.0 0.0
thanks 1 2.8134107167600364 2.8134107167600364
thbodyskinresponsive 1 0.3147107448397002 0.3147107448397002
thimothe 1 4.605170185988092 4.605170185988092
thing 1 1.5606477482646683 1.5606477482646683
think 1 2.207274913189721 2.207274913189721
thirty 1 2.407945608651872 2.407945608651872
thomas 1 1.1394342831883648 1.1394342831883648
though 1 1.6607312068216509 1.6607312068216509
three 1 0.5798184952529422 0.5798184952529422
throne 1 2.995732273553991 2.995732273553991
throughout 1 1.171182981502945 1.171182981502945
thrse 1 4.605170185988092 4.605170185988092
thrsebernardine 1 4.605170185988092 4.605170185988092
thus 1 1.7147984280919266 1.7147984280919266
tidridge 1 4.605170185988092 4.605170185988092
tidridges 1 4.605170185988092 4.605170185988092
till 1 2.302585092994046 2.302585092994046
time 1 0.28768207245178085 0.28768207245178085
ting 1 2.407945608651872 2.407945608651872
title 1 0.9162907318741551 0.9162907318741551
together 1 1.5141277326297755 1.5141277326297755
toggle 1 0.010050335853501506 0.010050335853501506
took 1 1.171182981502945 1.171182981502945
tool 0 0.0 0.0
top 1 0.010050335853501506 0.010050335853501506
topic 1 0.0 0.0
toronto 1 2.0402208285265546 2.0402208285265546
total 1 0.0 0.0
tour 1 2.5257286443082556 2.5257286443082556
toward 1 2.207274913189721 2.207274913189721
trademark 1 0.0 0.0
training 1 1.6094379124341003 1.6094379124341003
transferred 1 1.9661128563728327 1.9661128563728327
travelling 1 3.506557897319982 3.506557897319982
treaty 1 2.5257286443082556 2.5257286443082556
treeview 1 4.605170185988092 4.605170185988092
trke 1 2.207274913189721 2.207274913189721
troop 0 2.5257286443082556 0.0
trove 1 2.995732273553991 2.995732273553991
truly 1 3.912023005428146 3.912023005428146
trumpet 1 3.2188758248682006 3.2188758248682006
trust 1 2.995732273553991 2.995732273553991
truthfor 1 4.605170185988092 4.605170185988092
tutor 1 3.912023005428146 3.912023005428146
twelve 1 2.995732273553991 2.995732273553991
two 1 0.43078291609245434 0.43078291609245434
twoinches 1 4.605170185988092 4.605170185988092
tyrawley 1 4.605170185988092 4.605170185988092
ulpaddingem 1 0.1392620673335076 0.1392620673335076
unable 1 2.407945608651872 2.407945608651872
uncertain 1 2.995732273553991 2.995732273553991
uncle 1 2.659260036932778 2.659260036932778
understand 1 3.506557897319982 3.506557897319982
uniform 1 2.302585092994046 2.302585092994046
unify 1 4.605170185988092 4.605170185988092
union 1 1.07880966137193 1.07880966137193
united 1 0.4155154439616658 0.4155154439616658
unitth 1 4.605170185988092 4.605170185988092
universally 1 4.605170185988092 4.605170185988092
universit 1 3.506557897319982 3.506557897319982
university 1 0.616186139423817 0.616186139423817
unmarried 1 4.605170185988092 4.605170185988092
unoccupied 1 4.605170185988092 4.605170185988092
unpopularity 1 4.605170185988092 4.605170185988092
unsourced 1 1.3862943611198906 1.3862943611198906
unto 1 3.2188758248682006 3.2188758248682006
upload 1 0.0 0.0
upon 1 1.2729656758128876 1.2729656758128876
upper 1 2.0402208285265546 2.0402208285265546
urge 1 3.2188758248682006 3.2188758248682006
use 1 0.0 0.0
used 1 0.8675005677047231 0.8675005677047231
using 1 0.0 0.0
utc 1 0.0 0.0
utmost 1 4.605170185988092 4.605170185988092
utrecht 1 4.605170185988092 4.605170185988092
value 1 1.9661128563728327 1.9661128563728327
var 1 0.0 0.0
various 1 1.5141277326297755 1.5141277326297755
vaste 1 4.605170185988092 4.605170185988092
vault 1 3.506557897319982 3.506557897319982
version 1 0.0 0.0
vice 0 1.6607312068216509 0.0
victor 1 2.8134107167600364 2.8134107167600364
victoria 1 2.407945608651872 2.407945608651872
view 1 0.0 0.0
vii 1 2.995732273553991 2.995732273553991
viii 1 3.912023005428146 3.912023005428146
ville 1 4.605170185988092 4.605170185988092
vit 1 2.407945608651872 2.407945608651872
vives 1 4.605170185988092 4.605170185988092
viz 1 4.605170185988092 4.605170185988092
void 1 3.506557897319982 3.506557897319982
vol 1 1.5606477482646683 1.5606477482646683
volume 1 1.6094379124341003 1.6094379124341003
von 1 2.120263536200091 2.120263536200091
voted 1 2.8134107167600364 2.8134107167600364
vte 1 0.7550225842780328 0.7550225842780328
waite 1 3.506557897319982 3.506557897319982
wale 0 3.506557897319982 0.0
walker 1 2.207274913189721 2.207274913189721
wangenheim 1 4.605170185988092 4.605170185988092
war 1 0.7985076962177716 0.7985076962177716
ward 1 2.302585092994046 2.302585092994046
wayback 1 1.8971199848858813 1.8971199848858813
wear 0 2.302585092994046 0.0
webarchive 1 2.0402208285265546 2.0402208285265546
week 0 1.2729656758128876 0.0
welf 1 4.605170185988092 4.605170185988092
well 1 0.7765287894989963 0.7765287894989963
wellington 1 3.2188758248682006 3.2188758248682006
went 1 1.5141277326297755 1.5141277326297755
wentworth 1 4.605170185988092 4.605170185988092
wessex 1 4.605170185988092 4.605170185988092
west 1 1.171182981502945 1.171182981502945
westminster 1 3.506557897319982 3.506557897319982
weymouth 1 4.605170185988092 4.605170185988092
whether 1 2.302585092994046 2.302585092994046
whichever 1 4.605170185988092 4.605170185988092
whilst 1 2.8134107167600364 2.8134107167600364
white 1 1.171182981502945 1.171182981502945
whitehall 1 4.605170185988092 4.605170185988092
whole 1 2.120263536200091 2.120263536200091
whose 1 1.7147984280919266 1.7147984280919266
widow 1 2.407945608651872 2.407945608651872
wife 1 1.7719568419318754 1.7719568419318754
wikidata 1 0.010050335853501506 0.010050335853501506
wikimedia 1 0.0 0.0
wikipedia 1 0.0 0.0
william 1 1.171182981502945 1.171182981502945
williams 1 1.8971199848858813 1.8971199848858813
wilson 1 1.7719568419318754 1.7719568419318754
windfall 1 4.605170185988092 4.605170185988092
windsor 1 3.506557897319982 3.506557897319982
without 1 1.3093333199837622 1.3093333199837622
witness 1 2.407945608651872 2.407945608651872
wolfenbttel 1 4.605170185988092 4.605170185988092
wood 1 1.7147984280919266 1.7147984280919266
woodford 1 3.912023005428146 3.912023005428146
woolbrook 1 4.605170185988092 4.605170185988092
word 1 1.6094379124341003 1.6094379124341003
worked 1 1.6607312068216509 1.6607312068216509
worth 1 2.5257286443082556 2.5257286443082556
would 1 0.7550225842780328 0.7550225842780328
wrote 1 1.3470736479666094 1.3470736479666094
wyatt 1 3.506557897319982 3.506557897319982
yasha 1 4.605170185988092 4.605170185988092
year 1 0.3424903089467759 0.3424903089467759
yesterday 1 4.605170185988092 4.605170185988092
york 1 0.8209805520698303 0.8209805520698303
younger 1 2.120263536200091 2.120263536200091
zerbst 1 4.605170185988092 4.605170185988092
