aaaa 1 4.605170185988092 4.605170185988092
aaamarginem 1 4.605170185988092 4.605170185988092
aabborderleftpx 1 1.6607312068216509 1.6607312068216509
aaii 1 4.605170185988092 4.605170185988092
aarighthat 1 4.605170185988092 4.605170185988092
aarightsum 1 4.605170185988092 4.605170185988092
ab 0 3.506557897319982 0.0
abimapsto 1 4.605170185988092 4.605170185988092
account 1 0.0 0.0
act 0 1.3470736479666094 0.0
action 0 0.0 0.0
add 1 0.0 0.0
added 1 1.8325814637483102 1.8325814637483102
addition 1 1.3862943611198906 1.3862943611198906
additional 1 0.0 0.0
adjacency 1 4.605170185988092 4.605170185988092
adjugate 1 4.605170185988092 4.605170185988092
agree 1 0.0 0.0
ahat 1 4.605170185988092 4.605170185988092
alan 1 2.0402208285265546 2.0402208285265546
algebraically 1 4.605170185988092 4.605170185988092
alike 1 0.0 0.0
also 1 0.127833371509885 0.127833371509885
alternant 1 4.605170185988092 4.605170185988092
alternating 1 4.605170185988092 4.605170185988092
amathbf 1 4.605170185988092 4.605170185988092
ambox 1 1.6607312068216509 1.6607312068216509
amboxborderpx 1 1.6607312068216509 1.6607312068216509
amboxmargin 1 1.6607312068216509 1.6607312068216509
amenable 1 4.605170185988092 4.605170185988092
among 1 1.2378743560016172 1.2378743560016172
amp 1 0.4620354595965586 0.4620354595965586
analogous 1 3.506557897319982 3.506557897319982
analogy 1 3.912023005428146 3.912023005428146
analysis 1 2.120263536200091 2.120263536200091
another 1 0.9675840262617057 0.9675840262617057
anti 1 2.207274913189721 2.207274913189721
antidiagonal 1 4.605170185988092 4.605170185988092
antisymmetric 1 4.605170185988092 4.605170185988092
appearance 1 0.0 0.0
application 0 2.0402208285265546 0.0
applies 1 3.912023005428146 3.912023005428146
apply 1 0.0 0.0
argument 1 2.5257286443082556 2.5257286443082556
arrowhead 1 3.912023005428146 3.912023005428146
article 1 0.0 0.0
associative 1 4.605170185988092 4.605170185988092
atext 1 4.605170185988092 4.605170185988092
attribution 1 0.0 0.0
audu 1 4.605170185988092 4.605170185988092
audv 1 4.605170185988092 4.605170185988092
augmented 1 3.912023005428146 3.912023005428146
auto 1 0.1392620673335076 0.1392620673335076
available 1 0.0 0.0
bahasa 1 1.8325814637483102 1.8325814637483102
band 1 2.207274913189721 2.207274913189721
basis 1 3.506557897319982 3.506557897319982
biadjacency 1 4.605170185988092 4.605170185988092
bidiagonal 1 4.605170185988092 4.605170185988092
bisymmetric 1 4.605170185988092 4.605170185988092
block 1 2.407945608651872 2.407945608651872
blockdiagonal 1 4.605170185988092 4.605170185988092
bodymediawiki 1 1.6607312068216509 1.6607312068216509
book 1 0.6348782724359695 0.6348782724359695
boolean 1 4.605170185988092 4.605170185988092
bounded 1 4.605170185988092 4.605170185988092
bzout 1 4.605170185988092 4.605170185988092
cabibbo 1 4.605170185988092 4.605170185988092
calgebras 1 4.605170185988092 4.605170185988092
cambridge 1 2.120263536200091 2.120263536200091
carleman 1 4.605170185988092 4.605170185988092
cartan 1 4.605170185988092 4.605170185988092
case 1 1.3862943611198906 1.3862943611198906
cataletina 1 2.659260036932778 2.659260036932778
category 1 0.0 0.0
cauchy 1 4.605170185988092 4.605170185988092
centering 1 4.605170185988092 4.605170185988092
centerpx 1 0.0408219945202552 0.0408219945202552
centrosymmetric 1 4.605170185988092 4.605170185988092
change 0 0.0 0.0
charles 1 1.171182981502945 1.171182981502945
check 1 2.302585092994046 2.302585092994046
chemistry 1 4.605170185988092 4.605170185988092
chosen 1 2.995732273553991 2.995732273553991
circle 1 3.506557897319982 3.506557897319982
circulant 1 4.605170185988092 4.605170185988092
citation 1 0.0408219945202552 0.0408219945202552
cite 1 0.0 0.0
citerefhorn 1 4.605170185988092 4.605170185988092
clarification 1 3.912023005428146 3.912023005428146
clarify 1 3.912023005428146 3.912023005428146
closed 1 2.207274913189721 2.207274913189721
code 1 0.0 0.0
cofactor 1 4.605170185988092 4.605170185988092
column 1 2.8134107167600364 2.8134107167600364
combining 1 3.506557897319982 3.506557897319982
come 1 1.3470736479666094 1.3470736479666094
common 0 0.0 0.0
commutation 1 3.912023005428146 3.912023005428146
commutativity 1 4.605170185988092 4.605170185988092
commute 1 4.605170185988092 4.605170185988092
commuting 1 4.605170185988092 4.605170185988092
companion 1 2.407945608651872 2.407945608651872
complex 1 2.302585092994046 2.302585092994046
composed 1 1.8971199848858813 1.8971199848858813
computed 1 4.605170185988092 4.605170185988092
computer 1 2.5257286443082556 2.5257286443082556
concept 1 2.120263536200091 2.120263536200091
condition 0 2.0402208285265546 0.0
conduct 1 0.0 0.0
conference 1 1.3862943611198906 1.3862943611198906
confusing 1 3.506557897319982 3.506557897319982
confusion 1 2.995732273553991 2.995732273553991
congruent 1 4.605170185988092 4.605170185988092
conic 1 4.605170185988092 4.605170185988092
conjugate 1 4.605170185988092 4.605170185988092
consequence 0 2.8134107167600364 0.0
consider 1 2.407945608651872 2.407945608651872
constant 1 2.659260036932778 2.659260036932778
constrained 1 4.605170185988092 4.605170185988092
construct 1 2.8134107167600364 2.8134107167600364
contact 1 0.0 0.0
contained 1 2.8134107167600364 2.8134107167600364
content 1 0.0 0.0
context 1 0.010050335853501506 0.010050335853501506
continuing 1 2.207274913189721 2.207274913189721
contribute 1 0.0 0.0
contribution 0 0.0 0.0
convergent 1 4.605170185988092 4.605170185988092
converse 1 4.605170185988092 4.605170185988092
cookie 1 0.0 0.0
cookiematch 1 0.0 0.0
copositive 1 4.605170185988092 4.605170185988092
correlation 1 4.605170185988092 4.605170185988092
corresponding 1 2.8134107167600364 2.8134107167600364
counterlistitema 1 0.127833371509885 0.127833371509885
covariance 1 4.605170185988092 4.605170185988092
coxeter 1 4.605170185988092 4.605170185988092
create 1 0.0 0.0
creative 1 0.0 0.0
csmaintcolorf 1 0.06187540371808745 0.06187540371808745
csmaintcolorfmedia 1 0.0408219945202552 0.0408219945202552
cswsicon 1 0.0408219945202552 0.0408219945202552
current 1 0.0 0.0
dansk 1 2.995732273553991 2.995732273553991
decomposition 1 4.605170185988092 4.605170185988092
defective 1 4.605170185988092 4.605170185988092
definite 1 3.506557897319982 3.506557897319982
definition 0 2.8134107167600364 0.0
degree 1 1.7719568419318754 1.7719568419318754
density 1 3.912023005428146 3.912023005428146
description 1 0.07257069283483537 0.07257069283483537
design 1 1.8971199848858813 1.8971199848858813
deutsch 1 0.9416085398584451 0.9416085398584451
developer 0 0.0 0.0
diagonal 1 4.605170185988092 4.605170185988092
diagonalizable 1 4.605170185988092 4.605170185988092
diagonally 1 4.605170185988092 4.605170185988092
differ 1 3.2188758248682006 3.2188758248682006
differential 1 3.912023005428146 3.912023005428146
differently 1 3.506557897319982 3.506557897319982
directly 1 2.659260036932778 2.659260036932778
disclaimer 0 0.0 0.0
discrete 1 3.506557897319982 3.506557897319982
discussion 1 2.8134107167600364 2.8134107167600364
displaystyle 1 4.605170185988092 4.605170185988092
distance 1 2.995732273553991 2.995732273553991
dominant 1 2.995732273553991 2.995732273553991
donate 1 0.0 0.0
done 1 2.302585092994046 2.302585092994046
doubly 1 4.605170185988092 4.605170185988092
download 1 0.0 0.0
dtaftercontent 1 0.127833371509885 0.127833371509885
duplication 1 3.912023005428146 3.912023005428146
easy 1 2.659260036932778 2.659260036932778
echelon 1 4.605170185988092 4.605170185988092
edmonds 1 3.912023005428146 3.912023005428146
eesti 1 2.8134107167600364 2.8134107167600364
eigenspaces 1 4.605170185988092 4.605170185988092
eigenvalue 1 4.605170185988092 4.605170185988092
eigenvectors 1 4.605170185988092 4.605170185988092
either 1 1.9661128563728327 1.9661128563728327
element 0 1.9661128563728327 0.0
elementary 1 3.2188758248682006 3.2188758248682006
elimination 1 3.506557897319982 3.506557897319982
embedded 1 3.912023005428146 3.912023005428146
embedding 1 4.605170185988092 4.605170185988092
emborderbottompx 1 4.605170185988092 4.605170185988092
emborderpx 1 4.605170185988092 4.605170185988092
empaddingem 1 4.605170185988092 4.605170185988092
encyclopedia 1 0.0 0.0
engineering 1 2.302585092994046 2.302585092994046
english 1 0.0 0.0
entry 1 1.5606477482646683 1.5606477482646683
equation 1 3.912023005428146 3.912023005428146
equivalent 1 2.8134107167600364 2.8134107167600364
espaol 1 1.1394342831883648 1.1394342831883648
esperanto 1 2.5257286443082556 2.5257286443082556
euclidean 1 4.605170185988092 4.605170185988092
event 0 0.0 0.0
every 1 1.4271163556401458 1.4271163556401458
example 1 1.8325814637483102 1.8325814637483102
exchange 1 1.9661128563728327 1.9661128563728327
exist 1 3.506557897319982 3.506557897319982
exists 1 3.506557897319982 3.506557897319982
exp 1 0.0 0.0
exponential 1 4.605170185988092 4.605170185988092
expression 1 3.2188758248682006 3.2188758248682006
extended 1 2.207274913189721 2.207274913189721
extent 1 2.5257286443082556 2.5257286443082556
factored 1 3.912023005428146 3.912023005428146
fairly 1 4.605170185988092 4.605170185988092
february 1 0.27443684570176036 0.27443684570176036
field 1 1.0498221244986776 1.0498221244986776
file 1 0.0 0.0
first 1 0.1508228897345837 0.1508228897345837
fisher 1 2.995732273553991 2.995732273553991
fixspan 1 3.506557897319982 3.506557897319982
following 1 0.7133498878774648 0.7133498878774648
follows 1 2.302585092994046 2.302585092994046
form 1 1.3470736479666094 1.3470736479666094
formula 1 2.407945608651872 2.407945608651872
foundation 1 0.0 0.0
fourier 1 4.605170185988092 4.605170185988092
franais 1 0.8675005677047231 0.8675005677047231
free 1 0.0 0.0
frobenius 1 4.605170185988092 4.605170185988092
function 1 2.207274913189721 2.207274913189721
fundamental 1 2.995732273553991 2.995732273553991
furthermore 1 3.506557897319982 3.506557897319982
fuzzy 1 4.605170185988092 4.605170185988092
gamma 1 4.605170185988092 4.605170185988092
gell 1 4.605170185988092 4.605170185988092
general 1 0.0 0.0
generalize 1 4.605170185988092 4.605170185988092
generalized 1 4.605170185988092 4.605170185988092
generator 1 2.5257286443082556 2.5257286443082556
get 1 0.0 0.0
give 1 1.5141277326297755 1.5141277326297755
gram 1 3.912023005428146 3.912023005428146
graph 1 4.605170185988092 4.605170185988092
hadamard 1 4.605170185988092 4.605170185988092
hamiltonian 1 4.605170185988092 4.605170185988092
hankel 1 4.605170185988092 4.605170185988092
harvp 1 4.605170185988092 4.605170185988092
hat 1 3.2188758248682006 3.2188758248682006
help 1 0.0 0.0
hermitian 1 4.605170185988092 4.605170185988092
hessenberg 1 4.605170185988092 4.605170185988092
hessian 1 3.912023005428146 3.912023005428146
hidden 1 0.010050335853501506 0.010050335853501506
hide 1 0.0 0.0
hilbert 1 4.605170185988092 4.605170185988092
history 1 0.0 0.0
hlist 1 0.127833371509885 0.127833371509885
hlistinline 1 0.127833371509885 0.127833371509885
hold 1 1.3470736479666094 1.3470736479666094
hollow 1 3.506557897319982 3.506557897319982
horn 1 3.506557897319982 3.506557897319982
householder 1 4.605170185988092 4.605170185988092
however 1 0.6931471805599453 0.6931471805599453
hurwitz 1 4.605170185988092 4.605170185988092
hurwitzstable 1 4.605170185988092 4.605170185988092
idempotent 1 4.605170185988092 4.605170185988092
identity 1 2.207274913189721 2.207274913189721
idlockfree 1 0.0408219945202552 0.0408219945202552
idlockfreeidlockfree 1 0.0408219945202552 0.0408219945202552
idlocklimited 1 0.0408219945202552 0.0408219945202552
idlockregistration 1 0.0408219945202552 0.0408219945202552
idlocksubscription 1 0.0408219945202552 0.0408219945202552
ihat 1 4.605170185988092 4.605170185988092
iintercal 1 4.605170185988092 4.605170185988092
imaginary 1 3.506557897319982 3.506557897319982
implies 1 3.912023005428146 3.912023005428146
important 1 1.8325814637483102 1.8325814637483102
inc 1 0.0 0.0
incidence 1 4.605170185988092 4.605170185988092
independence 1 2.302585092994046 2.302585092994046
indexed 1 4.605170185988092 4.605170185988092
indonesia 1 1.7719568419318754 1.7719568419318754
infinitedimensional 1 4.605170185988092 4.605170185988092
information 1 0.0 0.0
inner 1 2.995732273553991 2.995732273553991
instead 1 1.6607312068216509 1.6607312068216509
integer 1 4.605170185988092 4.605170185988092
interpolation 1 4.605170185988092 4.605170185988092
inverse 1 4.605170185988092 4.605170185988092
inverted 1 3.912023005428146 3.912023005428146
invertible 1 4.605170185988092 4.605170185988092
involution 1 4.605170185988092 4.605170185988092
involutory 1 4.605170185988092 4.605170185988092
iright 1 4.605170185988092 4.605170185988092
irightleft 1 4.605170185988092 4.605170185988092
irregular 1 3.506557897319982 3.506557897319982
isbn 1 0.9942522733438669 0.9942522733438669
isqrt 1 4.605170185988092 4.605170185988092
italiano 1 1.07880966137193 1.07880966137193
item 1 0.010050335853501506 0.010050335853501506
ith 1 4.605170185988092 4.605170185988092
jacobian 1 4.605170185988092 4.605170185988092
jleftlambda 1 4.605170185988092 4.605170185988092
johnson 1 1.6094379124341003 1.6094379124341003
jordan 1 1.7147984280919266 1.7147984280919266
jright 1 4.605170185988092 4.605170185988092
jump 1 0.0 0.0
kind 0 2.5257286443082556 0.0
kobayashi 1 3.912023005428146 3.912023005428146
lagranges 1 4.605170185988092 4.605170185988092
lambda 1 4.605170185988092 4.605170185988092
language 0 0.0 0.0
laplacian 1 4.605170185988092 4.605170185988092
last 1 0.0 0.0
learn 1 0.0 0.0
leastsquares 1 4.605170185988092 4.605170185988092
left 1 1.171182981502945 1.171182981502945
lehmer 1 4.605170185988092 4.605170185988092
let 1 1.8325814637483102 1.8325814637483102
liaftercontent 1 0.127833371509885 0.127833371509885
license 1 0.0 0.0
lie 1 2.302585092994046 2.302585092994046
likewise 1 3.912023005428146 3.912023005428146
linear 1 4.605170185988092 4.605170185988092
link 1 0.0 0.0
list 1 0.6348782724359695 0.6348782724359695
log 1 0.0 0.0
logged 1 0.0 0.0
logical 1 4.605170185988092 4.605170185988092
long 1 1.1086626245216111 1.1086626245216111
main 1 0.0 0.0
make 0 1.0498221244986776 0.0
mann 1 3.506557897319982 3.506557897319982
mapping 1 3.2188758248682006 3.2188758248682006
maskawa 1 4.605170185988092 4.605170185988092
match 0 0.8675005677047231 0.0
matching 1 3.506557897319982 3.506557897319982
math 1 3.912023005428146 3.912023005428146
mathbb 1 4.605170185988092 4.605170185988092
mathbf 1 4.605170185988092 4.605170185988092
mathematics 1 3.506557897319982 3.506557897319982
mathematicsportal 1 4.605170185988092 4.605170185988092
mathproofborderthin 1 4.605170185988092 4.605170185988092
mathproofmarginem 1 4.605170185988092 4.605170185988092
maththeoremmarginem 1 4.605170185988092 4.605170185988092
matrix 1 4.605170185988092 4.605170185988092
may 1 0.0 0.0
mean 0 1.7719568419318754 0.0
medium 0 0.49429632181478017 0.0
menu 1 0.0 0.0
message 1 1.5606477482646683 1.5606477482646683
metzler 1 3.912023005428146 3.912023005428146
might 1 2.995732273553991 2.995732273553991
misleading 1 3.912023005428146 3.912023005428146
mobile 1 0.0 0.0
modulus 1 4.605170185988092 4.605170185988092
moment 1 2.302585092994046 2.302585092994046
moore 1 2.120263536200091 2.120263536200091
move 1 0.0 0.0
multiplication 1 4.605170185988092 4.605170185988092
must 1 2.0402208285265546 2.0402208285265546
mvar 1 4.605170185988092 4.605170185988092
navbar 1 0.23572233352106994 0.23572233352106994
navbarmini 1 0.23572233352106994 0.23572233352106994
navbox 1 0.1392620673335076 0.1392620673335076
navboximage 1 0.1392620673335076 0.1392620673335076
navboxsubgroup 1 0.1392620673335076 0.1392620673335076
navboxtitle 1 0.1392620673335076 0.1392620673335076
navigation 1 0.0 0.0
nederland 0 1.7147984280919266 0.0
need 1 1.2039728043259361 1.2039728043259361
needed 1 1.3862943611198906 1.3862943611198906
needing 1 1.8971199848858813 1.8971199848858813
neither 1 3.2188758248682006 3.2188758248682006
nilpotent 1 4.605170185988092 4.605170185988092
nnarticlewhitelist 1 2.407945608651872 2.407945608651872
nnciterefpatterns 1 2.407945608651872 2.407945608651872
nntemplatelist 1 2.407945608651872 2.407945608651872
noncommutative 1 4.605170185988092 4.605170185988092
nondefective 1 4.605170185988092 4.605170185988092
nonnegative 1 4.605170185988092 4.605170185988092
nonorthogonal 1 4.605170185988092 4.605170185988092
nonprofit 1 0.0 0.0
nonzero 1 4.605170185988092 4.605170185988092
norm 1 3.506557897319982 3.506557897319982
normal 1 2.995732273553991 2.995732273553991
normaliff 1 4.605170185988092 4.605170185988092
normality 1 4.605170185988092 4.605170185988092
normed 1 4.605170185988092 4.605170185988092
notation 1 4.605170185988092 4.605170185988092
note 0 0.8209805520698303 0.0
noted 1 2.120263536200091 2.120263536200091
number 1 0.7550225842780328 0.7550225842780328
occasionally 1 3.506557897319982 3.506557897319982
october 1 0.28768207245178085 0.28768207245178085
ollibeforecontent 1 0.127833371509885 0.127833371509885
one 1 0.23572233352106994 0.23572233352106994
operation 1 1.7147984280919266 1.7147984280919266
operator 1 2.8134107167600364 2.8134107167600364
operatorname 1 4.605170185988092 4.605170185988092
order 1 1.171182981502945 1.171182981502945
ordered 1 2.302585092994046 2.302585092994046
ordering 1 3.912023005428146 3.912023005428146
organization 1 0.0 0.0
organizationname 1 0.010050335853501506 0.010050335853501506
orthogonal 1 4.605170185988092 4.605170185988092
orthonormal 1 4.605170185988092 4.605170185988092
overlap 1 4.605170185988092 4.605170185988092
overline 1 4.605170185988092 4.605170185988092
paddingem 1 4.605170185988092 4.605170185988092
page 1 0.0 0.0
pagetype 1 1.2729656758128876 1.2729656758128876
pair 1 2.407945608651872 2.407945608651872
pairwise 1 3.912023005428146 3.912023005428146
part 1 0.6348782724359695 0.6348782724359695
particular 1 2.120263536200091 2.120263536200091
pascal 1 3.506557897319982 3.506557897319982
pauli 1 4.605170185988092 4.605170185988092
payoff 1 4.605170185988092 4.605170185988092
pdfprintable 1 0.0 0.0
pentadiagonal 1 4.605170185988092 4.605170185988092
perfect 1 2.207274913189721 2.207274913189721
permanent 1 0.0 0.0
permit 0 2.8134107167600364 0.0
permutation 1 4.605170185988092 4.605170185988092
personal 1 0.0 0.0
persymmetric 1 4.605170185988092 4.605170185988092
phase 1 2.302585092994046 2.302585092994046
phrased 1 4.605170185988092 4.605170185988092
pick 1 2.407945608651872 2.407945608651872
plambda 1 4.605170185988092 4.605170185988092
plane 1 3.912023005428146 3.912023005428146
please 1 1.7719568419318754 1.7719568419318754
polar 1 3.912023005428146 3.912023005428146
policy 1 0.0 0.0
polski 1 1.3470736479666094 1.3470736479666094
polynomial 1 4.605170185988092 4.605170185988092
portal 1 0.0 0.0
portugus 1 1.171182981502945 1.171182981502945
positive 1 2.659260036932778 2.659260036932778
positivedefinite 1 4.605170185988092 4.605170185988092
possible 1 1.8971199848858813 1.8971199848858813
precisely 1 3.912023005428146 3.912023005428146
precision 1 4.605170185988092 4.605170185988092
preserve 0 3.506557897319982 0.0
preserved 1 3.506557897319982 3.506557897319982
press 1 0.7550225842780328 0.7550225842780328
printbodyns 1 0.09431067947124142 0.09431067947124142
printexport 1 0.0 0.0
privacy 1 0.0 0.0
product 1 2.302585092994046 2.302585092994046
project 0 0.0 0.0
projection 1 3.506557897319982 3.506557897319982
proof 1 2.995732273553991 2.995732273553991
properly 1 2.995732273553991 2.995732273553991
proposition 1 3.912023005428146 3.912023005428146
pseudoinverse 1 4.605170185988092 4.605170185988092
purely 1 3.912023005428146 3.912023005428146
pxpx 1 2.995732273553991 2.995732273553991
qed 1 3.912023005428146 3.912023005428146
quasinormal 1 4.605170185988092 4.605170185988092
quaternionic 1 4.605170185988092 4.605170185988092
random 1 0.0 0.0
read 1 0.0 0.0
reader 0 2.8134107167600364 0.0
real 1 1.4271163556401458 1.4271163556401458
recent 1 0.0 0.0
redheffer 1 4.605170185988092 4.605170185988092
reg 1 0.0 0.0
registered 1 0.0 0.0
related 1 0.0 0.0
relationship 0 1.8971199848858813 0.0
remove 1 1.6607312068216509 1.6607312068216509
representation 1 2.8134107167600364 2.8134107167600364
represented 1 1.7719568419318754 1.7719568419318754
respect 1 2.8134107167600364 2.8134107167600364
respectively 1 2.207274913189721 2.207274913189721
rest 1 2.0402208285265546 2.0402208285265546
result 1 0.9942522733438669 0.9942522733438669
retrieved 1 0.0 0.0
right 1 0.9675840262617057 0.9675840262617057
rightleft 1 4.605170185988092 4.605170185988092
roger 1 1.9661128563728327 1.9661128563728327
rotation 1 4.605170185988092 4.605170185988092
routh 1 4.605170185988092 4.605170185988092
row 1 2.302585092994046 2.302585092994046
rowcolumn 1 4.605170185988092 4.605170185988092
royal 1 1.8325814637483102 1.8325814637483102
satisfying 1 4.605170185988092 4.605170185988092
say 1 1.7719568419318754 1.7719568419318754
scaling 1 4.605170185988092 4.605170185988092
schur 1 4.605170185988092 4.605170185988092
science 1 1.171182981502945 1.171182981502945
screen 1 0.010050335853501506 0.010050335853501506
search 1 0.0 0.0
section 0 1.8325814637483102 0.0
see 1 0.40047756659712536 0.40047756659712536
seidel 1 3.506557897319982 3.506557897319982
seifert 1 4.605170185988092 4.605170185988092
select 1 2.995732273553991 2.995732273553991
selfadjoint 1 4.605170185988092 4.605170185988092
semidefinite 1 4.605170185988092 4.605170185988092
september 1 0.43078291609245434 0.43078291609245434
set 1 0.9942522733438669 0.9942522733438669
setting 1 2.120263536200091 2.120263536200091
sfrac 1 4.605170185988092 4.605170185988092
share 1 0.0 0.0
shear 1 4.605170185988092 4.605170185988092
shift 1 2.8134107167600364 2.8134107167600364
short 1 0.06187540371808745 0.06187540371808745
shortdescription 1 0.2613647641344075 0.2613647641344075
shortened 1 0.0 0.0
show 0 1.0498221244986776 0.0
sidebar 1 0.0 0.0
sign 1 1.8971199848858813 1.8971199848858813
signature 1 2.8134107167600364 2.8134107167600364
similar 1 1.9661128563728327 1.9661128563728327
similarity 1 3.506557897319982 3.506557897319982
simultaneously 1 4.605170185988092 4.605170185988092
since 1 0.7985076962177716 0.7985076962177716
singular 1 4.605170185988092 4.605170185988092
site 1 0.0 0.0
skew 1 4.605170185988092 4.605170185988092
skewsymmetric 1 4.605170185988092 4.605170185988092
skyline 1 3.912023005428146 3.912023005428146
slovenina 1 2.5257286443082556 2.5257286443082556
solid 1 0.09431067947124142 0.09431067947124142
sometimes 1 2.302585092994046 2.302585092994046
source 0 0.5798184952529422 0.0
space 0 1.7719568419318754 0.0
span 1 3.2188758248682006 3.2188758248682006
sparse 1 4.605170185988092 4.605170185988092
special 1 0.0 0.0
specific 1 2.8134107167600364 2.8134107167600364
spectral 1 3.912023005428146 3.912023005428146
spectrum 1 3.506557897319982 3.506557897319982
square 1 2.120263536200091 2.120263536200091
standard 1 1.6607312068216509 1.6607312068216509
state 1 0.3147107448397002 0.3147107448397002
statement 1 0.0 0.0
stating 1 2.120263536200091 2.120263536200091
statistic 0 0.0 0.0
stieltjes 1 4.605170185988092 4.605170185988092
stochastic 1 4.605170185988092 4.605170185988092
subscript 1 4.605170185988092 4.605170185988092
substitution 1 4.605170185988092 4.605170185988092
sum 1 3.2188758248682006 3.2188758248682006
suomi 1 1.7719568419318754 1.7719568419318754
sup 1 3.506557897319982 3.506557897319982
svenska 1 1.9661128563728327 1.9661128563728327
sylvester 1 3.912023005428146 3.912023005428146
symmetric 1 4.605170185988092 4.605170185988092
symplectic 1 4.605170185988092 4.605170185988092
table 1 0.0 0.0
talk 1 0.0 0.0
tdhlist 1 0.1392620673335076 0.1392620673335076
template 1 0.0 0.0
term 0 0.0 0.0
text 1 0.0 0.0
textstyle 1 4.605170185988092 4.605170185988092
theorem 1 4.605170185988092 4.605170185988092
theory 1 2.302585092994046 2.302585092994046
therefore 1 2.207274913189721 2.207274913189721
think 1 2.207274913189721 2.207274913189721
thus 1 1.7147984280919266 1.7147984280919266
toeplitz 1 4.605170185988092 4.605170185988092
toggle 1 0.010050335853501506 0.010050335853501506
tool 0 0.0 0.0
top 1 0.010050335853501506 0.010050335853501506
topic 1 0.0 0.0
total 1 0.0 0.0
totally 1 4.605170185988092 4.605170185988092
trademark 1 0.0 0.0
transform 1 3.506557897319982 3.506557897319982
transformation 1 2.8134107167600364 2.8134107167600364
transition 1 2.407945608651872 2.407945608651872
transpose 1 4.605170185988092 4.605170185988092
triangular 1 3.912023005428146 3.912023005428146
triangularity 1 4.605170185988092 4.605170185988092
triangularizable 1 4.605170185988092 4.605170185988092
tridiagonal 1 4.605170185988092 4.605170185988092
tutte 1 4.605170185988092 4.605170185988092
two 1 0.43078291609245434 0.43078291609245434
type 1 1.2729656758128876 1.2729656758128876
uau 1 4.605170185988092 4.605170185988092
ubu 1 4.605170185988092 4.605170185988092
ulpaddingem 1 0.1392620673335076 0.1392620673335076
unclear 1 3.2188758248682006 3.2188758248682006
uniform 1 2.302585092994046 2.302585092994046
unimodular 1 4.605170185988092 4.605170185988092
unipotent 1 4.605170185988092 4.605170185988092
unit 1 2.207274913189721 2.207274913189721
unitarily 1 4.605170185988092 4.605170185988092
unitary 1 3.506557897319982 3.506557897319982
university 1 0.616186139423817 0.616186139423817
upload 1 0.0 0.0
upper 1 2.0402208285265546 2.0402208285265546
uppertriangular 1 4.605170185988092 4.605170185988092
use 1 0.0 0.0
used 1 0.8675005677047231 0.8675005677047231
useful 1 3.912023005428146 3.912023005428146
using 1 0.0 0.0
utc 1 0.0 0.0
value 1 1.9661128563728327 1.9661128563728327
vandermonde 1 4.605170185988092 4.605170185988092
var 1 0.0 0.0
vdv 1 4.605170185988092 4.605170185988092
vector 1 3.912023005428146 3.912023005428146
version 1 0.0 0.0
view 1 0.0 0.0
vision 1 2.120263536200091 2.120263536200091
walsh 1 2.302585092994046 2.302585092994046
way 1 1.1086626245216111 1.1086626245216111
weighing 1 3.506557897319982 3.506557897319982
whose 1 1.7147984280919266 1.7147984280919266
wikidata 1 0.010050335853501506 0.010050335853501506
wikimedia 1 0.0 0.0
wikipedia 1 0.0 0.0
word 0 1.6094379124341003 0.0
write 1 3.2188758248682006 3.2188758248682006
wronskian 1 4.605170185988092 4.605170185988092
xaf 1 4.605170185988092 4.605170185988092
xanormal 1 4.605170185988092 4.605170185988092
xba 1 4.605170185988092 4.605170185988092
xbb 1 4.605170185988092 4.605170185988092
xfa 1 4.605170185988092 4.605170185988092
yet 1 1.8971199848858813 1.8971199848858813
zero 1 3.2188758248682006 3.2188758248682006
