aaaborderbottompx 1 2.302585092994046 2.302585092994046
aabborderleftpx 1 1.6607312068216509 1.6607312068216509
account 1 0.0 0.0
action 0 0.0 0.0
add 1 0.0 0.0
additional 1 0.0 0.0
agree 1 0.0 0.0
alabama 1 2.995732273553991 2.995732273553991
alike 1 0.0 0.0
also 1 0.127833371509885 0.127833371509885
ambox 1 1.6607312068216509 1.6607312068216509
amboxborderpx 1 1.6607312068216509 1.6607312068216509
amboxmargin 1 1.6607312068216509 1.6607312068216509
amendment 1 3.2188758248682006 3.2188758248682006
american 1 0.5276327420823719 0.5276327420823719
appearance 1 0.0 0.0
apply 1 0.0 0.0
archived 1 0.47803580094299974 0.47803580094299974
arizona 1 2.659260036932778 2.659260036932778
arkansas 1 2.5257286443082556 2.5257286443082556
article 1 0.0 0.0
asbox 1 2.995732273553991 2.995732273553991
associated 1 1.4696759700589417 1.4696759700589417
attorney 1 2.659260036932778 2.659260036932778
attribution 1 0.0 0.0
auditor 1 3.912023005428146 3.912023005428146
august 1 0.3424903089467759 0.3424903089467759
auto 1 0.1392620673335076 0.1392620673335076
available 1 0.0 0.0
ballot 1 3.506557897319982 3.506557897319982
barker 1 3.2188758248682006 3.2188758248682006
bodymediawiki 1 1.6607312068216509 1.6607312068216509
book 0 0.6348782724359695 0.0
california 1 1.4696759700589417 1.4696759700589417
candidate 1 2.207274913189721 2.207274913189721
carolina 1 1.7147984280919266 1.7147984280919266
category 0 0.0 0.0
centerpx 1 0.0408219945202552 0.0408219945202552
challenger 1 3.2188758248682006 3.2188758248682006
change 0 0.0 0.0
citation 1 0.0408219945202552 0.0408219945202552
cite 1 0.0 0.0
citenews 1 1.5606477482646683 1.5606477482646683
city 1 0.6348782724359695 0.6348782724359695
code 1 0.0 0.0
colorado 1 1.8971199848858813 1.8971199848858813
common 0 0.0 0.0
conduct 1 0.0 0.0
connecticut 1 2.207274913189721 2.207274913189721
contact 1 0.0 0.0
content 1 0.0 0.0
context 1 0.010050335853501506 0.010050335853501506
contribute 1 0.0 0.0
contribution 0 0.0 0.0
cookie 1 0.0 0.0
cookiematch 1 0.0 0.0
council 1 1.4696759700589417 1.4696759700589417
counterlistitema 1 0.127833371509885 0.127833371509885
county 1 1.6607312068216509 1.6607312068216509
create 1 0.0 0.0
creative 1 0.0 0.0
csmaintcolorf 1 0.06187540371808745 0.06187540371808745
csmaintcolorfmedia 1 0.0408219945202552 0.0408219945202552
cswsicon 1 0.0408219945202552 0.0408219945202552
current 1 0.0 0.0
dakota 1 2.8134107167600364 2.8134107167600364
date 0 0.3147107448397002 0.0
defeated 1 2.407945608651872 2.407945608651872
delaware 1 2.8134107167600364 2.8134107167600364
dem 1 3.912023005428146 3.912023005428146
democratic 1 2.120263536200091 2.120263536200091
description 1 0.07257069283483537 0.07257069283483537
developer 0 0.0 0.0
dfl 1 4.605170185988092 4.605170185988092
different 1 0.3424903089467759 0.3424903089467759
disclaimer 0 0.0 0.0
discussion 1 2.8134107167600364 2.8134107167600364
donate 1 0.0 0.0
dottedcursorhelp 1 2.120263536200091 2.120263536200091
download 1 0.0 0.0
dtaftercontent 1 0.127833371509885 0.127833371509885
dy 0 2.5257286443082556 0.0
edward 1 1.5606477482646683 1.5606477482646683
elected 1 1.9661128563728327 1.9661128563728327
election 1 1.9661128563728327 1.9661128563728327
electionnews 1 4.605170185988092 4.605170185988092
electionsrelated 1 4.605170185988092 4.605170185988092
encyclopedia 1 0.0 0.0
english 1 0.0 0.0
entirely 1 2.407945608651872 2.407945608651872
event 0 0.0 0.0
executive 1 1.8325814637483102 1.8325814637483102
exp 1 0.0 0.0
expanding 1 2.407945608651872 2.407945608651872
external 1 0.44628710262841953 0.44628710262841953
farmer 1 2.659260036932778 2.659260036932778
federal 1 1.8971199848858813 1.8971199848858813
file 1 0.0 0.0
find 1 1.3093333199837622 1.3093333199837622
florida 1 1.9661128563728327 1.9661128563728327
found 1 1.2039728043259361 1.2039728043259361
foundation 1 0.0 0.0
free 1 0.0 0.0
general 1 0.0 0.0
georgia 1 2.302585092994046 2.302585092994046
get 1 0.0 0.0
gov 1 3.506557897319982 3.506557897319982
government 1 1.1086626245216111 1.1086626245216111
governor 1 2.302585092994046 2.302585092994046
governorship 1 3.506557897319982 3.506557897319982
gubernatorial 1 3.506557897319982 3.506557897319982
gustafson 1 3.506557897319982 3.506557897319982
hampshire 1 2.8134107167600364 2.8134107167600364
harold 1 2.659260036932778 2.659260036932778
help 1 0.0 0.0
hidden 1 0.010050335853501506 0.010050335853501506
hide 1 0.0 0.0
history 1 0.0 0.0
hjalmar 1 4.605170185988092 4.605170185988092
hlist 1 0.127833371509885 0.127833371509885
hlistinline 1 0.127833371509885 0.127833371509885
hold 1 1.3470736479666094 1.3470736479666094
house 1 1.0216512475319812 1.0216512475319812
ibelection 1 3.506557897319982 3.506557897319982
idaho 1 2.8134107167600364 2.8134107167600364
idlockfree 1 0.0408219945202552 0.0408219945202552
idlockfreeidlockfree 1 0.0408219945202552 0.0408219945202552
idlocklimited 1 0.0408219945202552 0.0408219945202552
idlockregistration 1 0.0408219945202552 0.0408219945202552
idlocksubscription 1 0.0408219945202552 0.0408219945202552
illinois 1 2.659260036932778 2.659260036932778
improve 1 1.8325814637483102 1.8325814637483102
inc 1 0.0 0.0
incumbent 1 2.8134107167600364 2.8134107167600364
indiana 1 2.302585092994046 2.302585092994046
industrial 1 2.5257286443082556 2.5257286443082556
infobox 1 0.3011050927839216 0.3011050927839216
infoboxelection 1 3.506557897319982 3.506557897319982
infoboxelectionrow 1 3.912023005428146 3.912023005428146
infoboxtable 1 0.3147107448397002 0.3147107448397002
information 1 0.0 0.0
instead 1 1.6607312068216509 1.6607312068216509
introducing 1 2.5257286443082556 2.5257286443082556
iowa 1 2.8134107167600364 2.8134107167600364
island 1 1.5141277326297755 1.5141277326297755
item 1 0.010050335853501506 0.010050335853501506
itvte 1 3.2188758248682006 3.2188758248682006
january 1 0.3424903089467759 0.3424903089467759
jersey 1 2.120263536200091 2.120263536200091
john 1 0.49429632181478017 0.49429632181478017
jstor 1 1.5141277326297755 1.5141277326297755
jump 1 0.0 0.0
kansa 0 2.207274913189721 0.0
kentucky 1 2.5257286443082556 2.5257286443082556
labor 1 2.659260036932778 2.659260036932778
language 0 0.0 0.0
largely 1 2.5257286443082556 2.5257286443082556
last 1 0.0 0.0
learn 1 0.0 0.0
legislative 1 2.659260036932778 2.659260036932778
liaftercontent 1 0.127833371509885 0.127833371509885
license 1 0.0 0.0
lieutenant 1 2.659260036932778 2.659260036932778
link 1 0.0 0.0
list 1 0.6348782724359695 0.6348782724359695
lmn 1 4.605170185988092 4.605170185988092
log 1 0.0 0.0
logged 1 0.0 0.0
louisiana 1 2.8134107167600364 2.8134107167600364
luther 1 2.8134107167600364 2.8134107167600364
machine 1 1.4696759700589417 1.4696759700589417
main 1 0.0 0.0
maine 1 2.659260036932778 2.659260036932778
majority 1 1.8971199848858813 1.8971199848858813
maryland 1 2.995732273553991 2.995732273553991
massachusetts 1 2.302585092994046 2.302585092994046
may 1 0.0 0.0
mayor 0 2.8134107167600364 0.0
mayoral 1 3.912023005428146 3.912023005428146
mdy 1 1.3862943611198906 1.3862943611198906
measure 0 2.659260036932778 0.0
medium 0 0.49429632181478017 0.0
menu 1 0.0 0.0
mexico 1 1.5606477482646683 1.5606477482646683
michigan 1 2.207274913189721 2.207274913189721
minneapolis 1 2.995732273553991 2.995732273553991
minnesota 1 2.0402208285265546 2.0402208285265546
mississippi 1 2.407945608651872 2.407945608651872
missouri 1 2.659260036932778 2.659260036932778
mobile 1 0.0 0.0
montana 1 2.8134107167600364 2.8134107167600364
move 1 0.0 0.0
municipal 1 3.2188758248682006 3.2188758248682006
mwfiledescription 1 3.506557897319982 3.506557897319982
navbar 1 0.23572233352106994 0.23572233352106994
navbarfontsizemedia 1 0.3147107448397002 0.3147107448397002
navbarmini 1 0.23572233352106994 0.23572233352106994
navbox 1 0.1392620673335076 0.1392620673335076
navboximage 1 0.1392620673335076 0.1392620673335076
navboxsubgroup 1 0.1392620673335076 0.1392620673335076
navboxtitle 1 0.1392620673335076 0.1392620673335076
navigation 1 0.0 0.0
nebraska 1 2.5257286443082556 2.5257286443082556
needing 1 1.8971199848858813 1.8971199848858813
nevada 1 2.995732273553991 2.995732273553991
new 1 0.24846135929849972 0.24846135929849972
newspaper 0 1.5141277326297755 0.0
nomination 1 2.8134107167600364 2.8134107167600364
nominee 1 2.995732273553991 2.995732273553991
nonprofit 1 0.0 0.0
north 1 0.8209805520698303 0.8209805520698303
notpageimagenoresize 1 3.506557897319982 3.506557897319982
november 1 0.3011050927839216 0.3011050927839216
ohio 1 2.207274913189721 2.207274913189721
oklahoma 1 2.5257286443082556 2.5257286443082556
ollibeforecontent 1 0.127833371509885 0.127833371509885
onesource 1 4.605170185988092 4.605170185988092
oregon 1 2.407945608651872 2.407945608651872
organization 1 0.0 0.0
organizationname 1 0.010050335853501506 0.010050335853501506
orleans 1 3.506557897319982 3.506557897319982
page 1 0.0 0.0
party 1 1.2378743560016172 1.2378743560016172
paul 1 0.8675005677047231 0.8675005677047231
pdfprintable 1 0.0 0.0
pennsylvania 1 2.302585092994046 2.302585092994046
percentage 1 2.8134107167600364 2.8134107167600364
permanent 1 0.0 0.0
personal 1 0.0 0.0
petersen 1 4.605170185988092 4.605170185988092
place 1 0.653926467406664 0.653926467406664
please 1 1.7719568419318754 1.7719568419318754
policy 1 0.0 0.0
popularvote 1 3.912023005428146 3.912023005428146
portal 1 0.0 0.0
presidential 1 2.5257286443082556 2.5257286443082556
press 1 0.7550225842780328 0.7550225842780328
printbodyns 1 0.09431067947124142 0.09431067947124142
printexport 1 0.0 0.0
privacy 1 0.0 0.0
project 0 0.0 0.0
pxpx 1 2.995732273553991 2.995732273553991
question 1 1.7719568419318754 1.7719568419318754
ran 1 2.0402208285265546 2.0402208285265546
random 1 0.0 0.0
read 1 0.0 0.0
recent 1 0.0 0.0
reelection 1 3.2188758248682006 3.2188758248682006
reference 0 0.03045920748470844 0.0
reflist 1 0.06187540371808745 0.06187540371808745
reflistcolumns 1 0.06187540371808745 0.06187540371808745
reg 1 0.0 0.0
registered 1 0.0 0.0
related 1 0.0 0.0
relevant 1 3.912023005428146 3.912023005428146
relies 1 4.605170185988092 4.605170185988092
rep 1 3.2188758248682006 3.2188758248682006
representative 0 1.7147984280919266 0.0
republican 1 2.8134107167600364 2.8134107167600364
result 0 0.9942522733438669 0.0
retrieved 1 0.0 0.0
rhode 1 3.2188758248682006 3.2188758248682006
rudolph 1 3.2188758248682006 3.2188758248682006
saint 1 1.6607312068216509 1.6607312068216509
scholar 1 1.7147984280919266 1.7147984280919266
screen 1 0.010050335853501506 0.010050335853501506
search 1 0.0 0.0
secretary 1 1.9661128563728327 1.9661128563728327
see 1 0.40047756659712536 0.40047756659712536
seek 1 2.302585092994046 2.302585092994046
senate 1 2.5257286443082556 2.5257286443082556
senator 1 3.2188758248682006 3.2188758248682006
september 1 0.43078291609245434 0.43078291609245434
share 1 0.0 0.0
short 1 0.06187540371808745 0.06187540371808745
shortdescription 1 0.2613647641344075 0.2613647641344075
shortened 1 0.0 0.0
sidebar 1 0.0 0.0
sidebarcollapse 1 2.302585092994046 2.302585092994046
sidebarnotnotheme 1 2.302585092994046 2.302585092994046
single 1 1.4696759700589417 1.4696759700589417
site 1 0.0 0.0
solid 1 0.09431067947124142 0.09431067947124142
source 1 0.5798184952529422 0.5798184952529422
south 1 0.9162907318741551 0.9162907318741551
special 1 0.0 0.0
state 1 0.3147107448397002 0.3147107448397002
stategovernors 1 4.605170185988092 4.605170185988092
statelegislatures 1 3.912023005428146 3.912023005428146
statement 1 0.0 0.0
statistic 0 0.0 0.0
stub 1 2.995732273553991 2.995732273553991
swing 1 3.912023005428146 3.912023005428146
table 1 0.0 0.0
talk 1 0.0 0.0
tdhlist 1 0.1392620673335076 0.1392620673335076
template 1 0.0 0.0
tennessee 1 2.120263536200091 2.120263536200091
term 0 0.0 0.0
terr 1 4.605170185988092 4.605170185988092
texas 1 1.8971199848858813 1.8971199848858813
text 1 0.0 0.0
thbodyskinresponsive 1 0.3147107448397002 0.3147107448397002
thye 1 4.605170185988092 4.605170185988092
toggle 1 0.010050335853501506 0.010050335853501506
took 1 1.171182981502945 1.171182981502945
tool 0 0.0 0.0
top 1 0.010050335853501506 0.010050335853501506
topic 1 0.0 0.0
total 1 0.0 0.0
trademark 1 0.0 0.0
turnout 1 3.912023005428146 3.912023005428146
ulpaddingem 1 0.1392620673335076 0.1392620673335076
united 1 0.4155154439616658 0.4155154439616658
unsuccessfully 1 3.912023005428146 3.912023005428146
upload 1 0.0 0.0
use 1 0.0 0.0
ushouse 1 3.912023005428146 3.912023005428146
using 1 0.0 0.0
ussenate 1 3.912023005428146 3.912023005428146
utah 1 2.302585092994046 2.302585092994046
utc 1 0.0 0.0
var 1 0.0 0.0
vermont 1 2.8134107167600364 2.8134107167600364
version 1 0.0 0.0
view 1 0.0 0.0
virginia 1 1.8971199848858813 1.8971199848858813
vote 0 2.5257286443082556 0.0
vte 1 0.7550225842780328 0.7550225842780328
washington 1 1.2378743560016172 1.2378743560016172
wayback 1 1.8971199848858813 1.8971199848858813
webarchive 1 2.0402208285265546 2.0402208285265546
west 1 1.171182981502945 1.171182981502945
wikidata 1 0.010050335853501506 0.010050335853501506
wikimedia 1 0.0 0.0
wikipedia 1 0.0 0.0
wisconsin 1 3.2188758248682006 3.2188758248682006
written 1 0.9416085398584451 0.9416085398584451
wyoming 1 3.2188758248682006 3.2188758248682006
york 1 0.8209805520698303 0.8209805520698303
youngdahl 1 4.605170185988092 4.605170185988092
