aabborderleftpx 1 1.6607312068216509 1.6607312068216509
absolute 1 2.5257286443082556 2.5257286443082556
abstract 1 3.2188758248682006 3.2188758248682006
account 1 0.0 0.0
acid 1 3.2188758248682006 3.2188758248682006
action 1 0.0 0.0
actuality 1 4.605170185988092 4.605170185988092
add 1 0.0 0.0
additional 1 0.0 0.0
adolescent 1 3.912023005428146 3.912023005428146
adrienne 1 3.506557897319982 3.506557897319982
adult 1 2.659260036932778 2.659260036932778
advanced 1 2.407945608651872 2.407945608651872
adventure 1 2.407945608651872 2.407945608651872
affair 1 1.6094379124341003 1.6094379124341003
affordable 1 4.605170185988092 4.605170185988092
africa 1 2.5257286443082556 2.5257286443082556
african 1 2.659260036932778 2.659260036932778
age 1 0.7985076962177716 0.7985076962177716
ago 1 1.9661128563728327 1.9661128563728327
agree 1 0.0 0.0
aid 1 2.0402208285265546 2.0402208285265546
aka 1 2.8134107167600364 2.8134107167600364
albie 1 4.605170185988092 4.605170185988092
alexi 1 4.605170185988092 4.605170185988092
alike 1 0.0 0.0
allitaliana 1 4.605170185988092 4.605170185988092
also 1 0.127833371509885 0.127833371509885
alternative 1 2.207274913189721 2.207274913189721
altoona 1 4.605170185988092 4.605170185988092
ambox 1 1.6607312068216509 1.6607312068216509
amboxborderpx 1 1.6607312068216509 1.6607312068216509
amboxmargin 1 1.6607312068216509 1.6607312068216509
american 1 0.5276327420823719 0.5276327420823719
among 1 1.2378743560016172 1.2378743560016172
amp 1 0.4620354595965586 0.4620354595965586
animal 0 2.407945608651872 0.0
animated 1 2.8134107167600364 2.8134107167600364
animation 1 3.2188758248682006 3.2188758248682006
anime 1 3.912023005428146 3.912023005428146
anthology 1 3.912023005428146 3.912023005428146
antiwar 1 4.605170185988092 4.605170185988092
anywhere 1 3.506557897319982 3.506557897319982
apocalyptic 1 4.605170185988092 4.605170185988092
appearance 1 0.0 0.0
apply 1 0.0 0.0
approach 1 1.9661128563728327 1.9661128563728327
archive 1 1.6094379124341003 1.6094379124341003
archived 1 0.47803580094299974 0.47803580094299974
argentine 1 2.659260036932778 2.659260036932778
art 1 1.2039728043259361 1.2039728043259361
arthouse 1 4.605170185988092 4.605170185988092
article 1 0.0 0.0
artist 0 1.7147984280919266 0.0
association 1 1.1394342831883648 1.1394342831883648
athletic 1 2.5257286443082556 2.5257286443082556
atlantic 1 2.207274913189721 2.207274913189721
attack 1 1.7147984280919266 1.7147984280919266
attempted 1 2.407945608651872 2.407945608651872
attribution 1 0.0 0.0
auditorium 0 4.605170185988092 0.0
august 1 0.3424903089467759 0.3424903089467759
australia 1 1.4696759700589417 1.4696759700589417
australian 1 1.9661128563728327 1.9661128563728327
auteur 1 4.605170185988092 4.605170185988092
auteurism 1 4.605170185988092 4.605170185988092
authentic 1 3.912023005428146 3.912023005428146
authority 1 0.8915981192837835 0.8915981192837835
auto 1 0.1392620673335076 0.1392620673335076
available 1 0.0 0.0
back 1 1.0216512475319812 1.0216512475319812
backdrop 1 3.912023005428146 3.912023005428146
backstage 1 4.605170185988092 4.605170185988092
baffa 1 4.605170185988092 4.605170185988092
band 0 2.207274913189721 0.0
banzai 1 4.605170185988092 4.605170185988092
barefoot 1 3.506557897319982 3.506557897319982
battle 1 1.3862943611198906 1.3862943611198906
bavarian 1 4.605170185988092 4.605170185988092
beach 1 2.407945608651872 2.407945608651872
beachley 1 4.605170185988092 4.605170185988092
became 1 0.7133498878774648 0.7133498878774648
began 1 0.8675005677047231 0.8675005677047231
beginning 1 1.6607312068216509 1.6607312068216509
behind 1 1.8971199848858813 1.8971199848858813
behindthescenes 1 3.912023005428146 3.912023005428146
bellyboarding 1 4.605170185988092 4.605170185988092
berlin 1 3.2188758248682006 3.2188758248682006
best 1 1.0216512475319812 1.0216512475319812
bethany 1 4.605170185988092 4.605170185988092
better 1 1.8971199848858813 1.8971199848858813
beyond 1 2.407945608651872 2.407945608651872
bianchi 1 4.605170185988092 4.605170185988092
big 1 1.3862943611198906 1.3862943611198906
biker 1 4.605170185988092 4.605170185988092
billabong 1 4.605170185988092 4.605170185988092
bingo 1 4.605170185988092 4.605170185988092
biographical 1 2.659260036932778 2.659260036932778
bit 0 2.995732273553991 0.0
black 1 0.8915981192837835 0.8915981192837835
blackandwhite 1 3.912023005428146 3.912023005428146
blanket 1 4.605170185988092 4.605170185988092
blaxploitation 1 4.605170185988092 4.605170185988092
blockbuster 1 3.912023005428146 3.912023005428146
bloodshed 1 4.605170185988092 4.605170185988092
blue 1 1.4696759700589417 1.4696759700589417
bluff 1 3.506557897319982 3.506557897319982
board 1 1.5606477482646683 1.5606477482646683
boardriders 1 4.605170185988092 4.605170185988092
boardshorts 1 4.605170185988092 4.605170185988092
body 1 1.4271163556401458 1.4271163556401458
bodyboarding 1 4.605170185988092 4.605170185988092
bodymediawiki 1 1.6607312068216509 1.6607312068216509
bodysurfing 1 4.605170185988092 4.605170185988092
bohemian 1 3.912023005428146 3.912023005428146
bonine 1 4.605170185988092 4.605170185988092
book 0 0.6348782724359695 0.0
boom 1 3.2188758248682006 3.2188758248682006
booth 1 2.995732273553991 2.995732273553991
bore 1 4.605170185988092 4.605170185988092
born 1 1.1394342831883648 1.1394342831883648
bourekas 1 4.605170185988092 4.605170185988092
boy 0 1.8325814637483102 0.0
brand 0 2.302585092994046 0.0
brazil 1 2.120263536200091 2.120263536200091
brazilian 1 2.8134107167600364 2.8134107167600364
break 1 2.407945608651872 2.407945608651872
brian 1 1.6607312068216509 1.6607312068216509
brighton 1 3.506557897319982 3.506557897319982
british 1 1.5606477482646683 1.5606477482646683
broader 1 4.605170185988092 4.605170185988092
broke 1 2.8134107167600364 2.8134107167600364
bromantic 1 4.605170185988092 4.605170185988092
brown 1 1.6607312068216509 1.6607312068216509
browne 1 3.912023005428146 3.912023005428146
bruce 1 2.120263536200091 2.120263536200091
bruceploitation 1 4.605170185988092 4.605170185988092
bucking 1 4.605170185988092 4.605170185988092
bud 1 3.2188758248682006 3.2188758248682006
budapest 1 3.912023005428146 3.912023005428146
buddy 1 3.506557897319982 3.506557897319982
budget 1 2.407945608651872 2.407945608651872
buffalo 1 2.8134107167600364 2.8134107167600364
bull 1 2.5257286443082556 2.5257286443082556
burton 1 2.995732273553991 2.995732273553991
bustin 1 4.605170185988092 4.605170185988092
california 1 1.4696759700589417 1.4696759700589417
called 1 0.8209805520698303 0.8209805520698303
calligrafismo 1 4.605170185988092 4.605170185988092
camera 1 2.995732273553991 2.995732273553991
cameraman 0 4.605170185988092 0.0
canada 1 1.4696759700589417 1.4696759700589417
cannibal 1 4.605170185988092 4.605170185988092
captured 1 2.407945608651872 2.407945608651872
cartoon 1 3.506557897319982 3.506557897319982
cash 1 2.995732273553991 2.995732273553991
cataloglookuplink 1 3.912023005428146 3.912023005428146
category 1 0.0 0.0
cater 1 4.605170185988092 4.605170185988092
center 1 1.171182981502945 1.171182981502945
centerpx 1 0.0408219945202552 0.0408219945202552
challenge 1 2.302585092994046 2.302585092994046
championship 1 1.5606477482646683 1.5606477482646683
change 0 0.0 0.0
chapter 1 1.9661128563728327 1.9661128563728327
chasing 1 3.506557897319982 3.506557897319982
chicano 1 4.605170185988092 4.605170185988092
chick 1 3.506557897319982 3.506557897319982
chidester 1 4.605170185988092 4.605170185988092
child 0 1.07880966137193 0.0
chile 1 2.659260036932778 2.659260036932778
chinese 1 2.5257286443082556 2.5257286443082556
chopsocky 1 4.605170185988092 4.605170185988092
christian 1 1.4696759700589417 1.4696759700589417
christmas 1 2.302585092994046 2.302585092994046
chronicle 1 2.659260036932778 2.659260036932778
cine 1 3.912023005428146 3.912023005428146
cinema 1 3.506557897319982 3.506557897319982
cinma 1 4.605170185988092 4.605170185988092
citation 1 0.0408219945202552 0.0408219945202552
cite 1 0.0 0.0
citeweb 1 0.5447271754416719 0.5447271754416719
city 1 0.6348782724359695 0.6348782724359695
civic 1 3.2188758248682006 3.2188758248682006
clef 1 4.605170185988092 4.605170185988092
clip 1 2.659260036932778 2.659260036932778
closeout 1 4.605170185988092 4.605170185988092
clothing 1 3.912023005428146 3.912023005428146
coast 1 2.207274913189721 2.207274913189721
code 1 0.0 0.0
coffee 1 3.506557897319982 3.506557897319982
collage 1 3.912023005428146 3.912023005428146
colonial 1 2.5257286443082556 2.5257286443082556
color 1 2.0402208285265546 2.0402208285265546
comb 1 3.506557897319982 3.506557897319982
comedy 1 2.8134107167600364 2.8134107167600364
comingofage 1 4.605170185988092 4.605170185988092
commedia 1 4.605170185988092 4.605170185988092
common 0 0.0 0.0
community 1 1.6094379124341003 1.6094379124341003
compactambox 1 3.912023005428146 3.912023005428146
competition 0 1.8971199848858813 0.0
compilation 1 2.8134107167600364 2.8134107167600364
composed 1 1.8971199848858813 1.8971199848858813
composite 1 4.605170185988092 4.605170185988092
computer 1 2.5257286443082556 2.5257286443082556
concert 1 2.995732273553991 2.995732273553991
conduct 1 0.0 0.0
confused 1 2.8134107167600364 2.8134107167600364
conspiracy 1 2.8134107167600364 2.8134107167600364
consumption 1 3.506557897319982 3.506557897319982
contact 1 0.0 0.0
contemporary 1 2.5257286443082556 2.5257286443082556
content 1 0.0 0.0
context 1 0.010050335853501506 0.010050335853501506
contribute 1 0.0 0.0
contribution 0 0.0 0.0
control 1 0.7765287894989963 0.7765287894989963
cookie 1 0.0 0.0
cookiematch 1 0.0 0.0
cop 1 4.605170185988092 4.605170185988092
copa 1 3.2188758248682006 3.2188758248682006
counterlistitema 1 0.127833371509885 0.127833371509885
country 1 0.843970070294529 0.843970070294529
cowboy 1 2.8134107167600364 2.8134107167600364
crazy 1 3.2188758248682006 3.2188758248682006
create 1 0.0 0.0
creating 1 2.0402208285265546 2.0402208285265546
creative 1 0.0 0.0
crest 1 3.2188758248682006 3.2188758248682006
crime 1 1.9661128563728327 1.9661128563728327
critical 1 2.207274913189721 2.207274913189721
crossover 1 3.506557897319982 3.506557897319982
crown 1 1.9661128563728327 1.9661128563728327
crush 1 3.912023005428146 3.912023005428146
cruz 1 2.8134107167600364 2.8134107167600364
crystal 1 2.995732273553991 2.995732273553991
csmaintcolorf 1 0.06187540371808745 0.06187540371808745
csmaintcolorfmedia 1 0.0408219945202552 0.0408219945202552
cswsicon 1 0.0408219945202552 0.0408219945202552
cult 1 2.8134107167600364 2.8134107167600364
culture 1 1.6094379124341003 1.6094379124341003
cup 1 1.7719568419318754 1.7719568419318754
curren 1 4.605170185988092 4.605170185988092
current 1 0.0 0.0
cyberpunk 1 4.605170185988092 4.605170185988092
cyclops 1 3.912023005428146 3.912023005428146
czechoslovak 1 3.912023005428146 3.912023005428146
dacoit 1 4.605170185988092 4.605170185988092
dance 1 2.407945608651872 2.407945608651872
dart 1 3.912023005428146 3.912023005428146
database 1 0.9675840262617057 0.9675840262617057
date 0 0.3147107448397002 0.0
davis 1 1.6607312068216509 1.6607312068216509
day 1 0.5276327420823719 0.5276327420823719
daze 1 4.605170185988092 4.605170185988092
december 1 0.37106368139083196 0.37106368139083196
decrease 1 3.506557897319982 3.506557897319982
defined 1 2.207274913189721 2.207274913189721
demographic 1 2.995732273553991 2.995732273553991
depict 1 3.506557897319982 3.506557897319982
description 1 0.07257069283483537 0.07257069283483537
design 1 1.8971199848858813 1.8971199848858813
detective 1 3.2188758248682006 3.2188758248682006
developer 0 0.0 0.0
devil 1 2.207274913189721 2.207274913189721
die 1 2.407945608651872 2.407945608651872
died 1 1.3093333199837622 1.3093333199837622
disaster 1 2.659260036932778 2.659260036932778
disclaimer 0 0.0 0.0
discovery 1 2.995732273553991 2.995732273553991
discus 0 3.2188758248682006 0.0
distinct 1 3.506557897319982 3.506557897319982
distributed 1 2.995732273553991 2.995732273553991
divcol 1 2.302585092994046 2.302585092994046
diving 1 3.506557897319982 3.506557897319982
docudrama 1 4.605170185988092 4.605170185988092
docufiction 1 4.605170185988092 4.605170185988092
documentary 1 2.302585092994046 2.302585092994046
documenting 1 4.605170185988092 4.605170185988092
dog 1 2.995732273553991 2.995732273553991
dogme 1 3.912023005428146 3.912023005428146
dogtown 1 4.605170185988092 4.605170185988092
domenic 1 4.605170185988092 4.605170185988092
donate 1 0.0 0.0
donavon 1 4.605170185988092 4.605170185988092
door 1 2.5257286443082556 2.5257286443082556
douglas 1 2.407945608651872 2.407945608651872
download 1 0.0 0.0
drama 1 2.407945608651872 2.407945608651872
dramedy 1 4.605170185988092 4.605170185988092
drift 1 4.605170185988092 4.605170185988092
drink 1 3.2188758248682006 3.2188758248682006
drug 1 2.8134107167600364 2.8134107167600364
dtaftercontent 1 0.127833371509885 0.127833371509885
duke 1 2.120263536200091 2.120263536200091
duration 1 3.506557897319982 3.506557897319982
dvd 0 2.407945608651872 0.0
dystopian 1 4.605170185988092 4.605170185988092
ear 1 3.506557897319982 3.506557897319982
earliestknown 1 4.605170185988092 4.605170185988092
early 1 0.6348782724359695 0.6348782724359695
earth 1 2.407945608651872 2.407945608651872
east 1 1.0498221244986776 1.0498221244986776
eccentric 1 3.912023005428146 3.912023005428146
ecchi 1 4.605170185988092 4.605170185988092
eco 1 2.995732273553991 2.995732273553991
ecuador 1 3.912023005428146 3.912023005428146
eddie 1 2.659260036932778 2.659260036932778
edge 1 2.120263536200091 2.120263536200091
edison 1 4.605170185988092 4.605170185988092
educational 1 2.5257286443082556 2.5257286443082556
emission 0 4.605170185988092 0.0
encyclopedia 1 0.0 0.0
encyclopedic 1 4.605170185988092 4.605170185988092
endless 1 2.995732273553991 2.995732273553991
engle 1 3.912023005428146 3.912023005428146
english 1 0.0 0.0
enthusiast 1 3.912023005428146 3.912023005428146
environment 1 2.407945608651872 2.407945608651872
environmental 1 2.8134107167600364 2.8134107167600364
epic 1 3.2188758248682006 3.2188758248682006
equipment 1 3.506557897319982 3.506557897319982
era 1 2.120263536200091 2.120263536200091
erotic 1 3.506557897319982 3.506557897319982
erotica 1 4.605170185988092 4.605170185988092
erra 1 4.605170185988092 4.605170185988092
escondido 1 4.605170185988092 4.605170185988092
essay 1 2.5257286443082556 2.5257286443082556
ethnofiction 1 4.605170185988092 4.605170185988092
ethnographic 1 3.912023005428146 3.912023005428146
euro 1 3.912023005428146 3.912023005428146
european 1 1.3093333199837622 1.3093333199837622
eurospy 1 4.605170185988092 4.605170185988092
event 0 0.0 0.0
ever 1 1.7147984280919266 1.7147984280919266
everything 1 2.659260036932778 2.659260036932778
everywhere 1 3.912023005428146 3.912023005428146
evolution 1 2.5257286443082556 2.5257286443082556
example 0 1.8325814637483102 0.0
exotic 1 3.506557897319982 3.506557897319982
exp 1 0.0 0.0
experience 1 1.8325814637483102 1.8325814637483102
experimental 1 2.995732273553991 2.995732273553991
exploitation 1 3.912023005428146 3.912023005428146
expressionist 1 4.605170185988092 4.605170185988092
external 1 0.44628710262841953 0.44628710262841953
extraterrestrial 1 3.912023005428146 3.912023005428146
extreme 1 2.8134107167600364 2.8134107167600364
extremity 1 4.605170185988092 4.605170185988092
eye 1 1.6607312068216509 1.6607312068216509
fair 1 2.5257286443082556 2.5257286443082556
fall 1 1.07880966137193 1.07880966137193
family 1 0.9162907318741551 0.9162907318741551
fan 0 1.7147984280919266 0.0
fantastic 1 3.912023005428146 3.912023005428146
fantastique 1 4.605170185988092 4.605170185988092
fantasy 1 2.8134107167600364 2.8134107167600364
farland 1 3.2188758248682006 3.2188758248682006
fashion 1 2.8134107167600364 2.8134107167600364
feature 1 1.4696759700589417 1.4696759700589417
featurette 1 4.605170185988092 4.605170185988092
february 1 0.27443684570176036 0.27443684570176036
federation 1 3.506557897319982 3.506557897319982
female 1 2.207274913189721 2.207274913189721
festival 1 2.207274913189721 2.207274913189721
fiberglass 1 4.605170185988092 4.605170185988092
fiction 1 2.5257286443082556 2.5257286443082556
fictional 1 2.995732273553991 2.995732273553991
file 1 0.0 0.0
filipino 1 3.506557897319982 3.506557897319982
film 1 1.4696759700589417 1.4696759700589417
filmmaking 1 4.605170185988092 4.605170185988092
filmography 1 2.995732273553991 2.995732273553991
filmpoem 1 4.605170185988092 4.605170185988092
fin 0 2.995732273553991 0.0
financial 1 1.8325814637483102 1.8325814637483102
first 1 0.1508228897345837 0.1508228897345837
five 1 1.0216512475319812 1.0216512475319812
flick 1 4.605170185988092 4.605170185988092
florida 1 1.9661128563728327 1.9661128563728327
flow 1 2.659260036932778 2.659260036932778
flowriding 1 4.605170185988092 4.605170185988092
fly 1 2.659260036932778 2.659260036932778
focus 1 2.0402208285265546 2.0402208285265546
foilboard 1 4.605170185988092 4.605170185988092
foiling 1 4.605170185988092 4.605170185988092
food 1 1.9661128563728327 1.9661128563728327
footage 1 2.8134107167600364 2.8134107167600364
forgotten 1 3.506557897319982 3.506557897319982
format 1 2.5257286443082556 2.5257286443082556
found 1 1.2039728043259361 1.2039728043259361
foundation 1 0.0 0.0
france 1 1.2039728043259361 1.2039728043259361
francisco 1 1.7719568419318754 1.7719568419318754
frankenreiter 1 4.605170185988092 4.605170185988092
free 1 0.0 0.0
freeman 1 3.2188758248682006 3.2188758248682006
french 1 1.3862943611198906 1.3862943611198906
friend 0 1.3470736479666094 0.0
fun 1 2.8134107167600364 2.8134107167600364
furthermore 1 3.506557897319982 3.506557897319982
futurist 1 4.605170185988092 4.605170185988092
gabe 1 3.506557897319982 3.506557897319982
game 0 1.2378743560016172 0.0
gangster 1 4.605170185988092 4.605170185988092
garbage 1 3.912023005428146 3.912023005428146
gendaigeki 1 4.605170185988092 4.605170185988092
general 1 0.0 0.0
generation 1 1.9661128563728327 1.9661128563728327
genre 1 2.207274913189721 2.207274913189721
gentleman 1 2.995732273553991 2.995732273553991
geoff 1 3.2188758248682006 3.2188758248682006
german 1 1.7147984280919266 1.7147984280919266
get 1 0.0 0.0
ghost 1 2.302585092994046 2.302585092994046
giallo 1 4.605170185988092 4.605170185988092
giant 1 2.302585092994046 2.302585092994046
gidget 1 4.605170185988092 4.605170185988092
gillivray 1 4.605170185988092 4.605170185988092
girl 1 1.7719568419318754 1.7719568419318754
glass 1 2.8134107167600364 2.8134107167600364
go 0 2.120263536200091 0.0
god 1 2.207274913189721 2.207274913189721
going 1 1.8325814637483102 1.8325814637483102
gokud 1 4.605170185988092 4.605170185988092
gold 1 1.6094379124341003 1.6094379124341003
golden 1 1.9661128563728327 1.9661128563728327
gone 1 2.659260036932778 2.659260036932778
gongan 1 4.605170185988092 4.605170185988092
goonagoona 1 4.605170185988092 4.605170185988092
gothic 1 4.605170185988092 4.605170185988092
greg 1 2.302585092994046 2.302585092994046
gris 1 4.605170185988092 4.605170185988092
gross 1 2.995732273553991 2.995732273553991
growing 1 2.5257286443082556 2.5257286443082556
grupo 1 3.912023005428146 3.912023005428146
guerrilla 1 3.912023005428146 3.912023005428146
guidance 1 3.912023005428146 3.912023005428146
guide 1 1.8971199848858813 1.8971199848858813
gun 1 2.207274913189721 2.207274913189721
gym 0 3.912023005428146 0.0
hair 1 2.5257286443082556 2.5257286443082556
hall 0 1.3470736479666094 0.0
hamilton 1 2.120263536200091 2.120263536200091
hand 0 1.3862943611198906 0.0
happened 1 2.5257286443082556 2.5257286443082556
hardbodies 1 4.605170185988092 4.605170185988092
hardcore 1 4.605170185988092 4.605170185988092
harem 1 3.912023005428146 3.912023005428146
hatnote 1 0.843970070294529 0.843970070294529
hawaii 1 2.302585092994046 2.302585092994046
hawaiian 1 3.506557897319982 3.506557897319982
hazard 0 3.506557897319982 0.0
heimatfilm 1 4.605170185988092 4.605170185988092
heist 1 3.912023005428146 3.912023005428146
help 1 0.0 0.0
hentai 1 4.605170185988092 4.605170185988092
heritage 1 2.207274913189721 2.207274913189721
hero 0 2.207274913189721 0.0
heroic 1 3.912023005428146 3.912023005428146
hidden 1 0.010050335853501506 0.010050335853501506
hide 1 0.0 0.0
high 1 0.9416085398584451 0.9416085398584451
historical 1 1.8325814637483102 1.8325814637483102
history 1 0.0 0.0
hlist 1 0.127833371509885 0.127833371509885
hlistinline 1 0.127833371509885 0.127833371509885
holiday 1 2.659260036932778 2.659260036932778
hollow 1 3.506557897319982 3.506557897319982
hollywood 1 2.8134107167600364 2.8134107167600364
holmes 1 3.2188758248682006 3.2188758248682006
home 1 0.7339691750802005 0.7339691750802005
homeland 1 2.659260036932778 2.659260036932778
hong 1 3.2188758248682006 3.2188758248682006
honolulu 1 2.995732273553991 2.995732273553991
hood 1 3.506557897319982 3.506557897319982
horizon 1 3.912023005428146 3.912023005428146
horror 1 2.659260036932778 2.659260036932778
house 0 1.0216512475319812 0.0
hyperlink 1 4.605170185988092 4.605170185988092
idlockfree 1 0.0408219945202552 0.0408219945202552
idlockfreeidlockfree 1 0.0408219945202552 0.0408219945202552
idlocklimited 1 0.0408219945202552 0.0408219945202552
idlockregistration 1 0.0408219945202552 0.0408219945202552
idlocksubscription 1 0.0408219945202552 0.0408219945202552
ikaika 1 4.605170185988092 4.605170185988092
imaginary 1 3.506557897319982 3.506557897319982
imax 1 4.605170185988092 4.605170185988092
improve 1 1.8325814637483102 1.8325814637483102
inc 1 0.0 0.0
include 1 1.3093333199837622 1.3093333199837622
includes 1 1.9661128563728327 1.9661128563728327
independent 1 1.4271163556401458 1.4271163556401458
india 1 1.7147984280919266 1.7147984280919266
indian 1 1.9661128563728327 1.9661128563728327
indie 1 3.2188758248682006 3.2188758248682006
indiewood 1 4.605170185988092 4.605170185988092
indonesia 1 1.7719568419318754 1.7719568419318754
industry 1 1.8325814637483102 1.8325814637483102
information 1 0.0 0.0
inlet 1 3.912023005428146 3.912023005428146
inline 1 3.506557897319982 3.506557897319982
innermost 1 3.912023005428146 3.912023005428146
instead 1 1.6607312068216509 1.6607312068216509
institute 1 1.5141277326297755 1.5141277326297755
international 1 0.5978370007556204 0.5978370007556204
internet 1 2.302585092994046 2.302585092994046
interstitial 1 3.912023005428146 3.912023005428146
intext 1 3.912023005428146 3.912023005428146
introducing 1 2.5257286443082556 2.5257286443082556
invitational 1 3.912023005428146 3.912023005428146
iranian 1 3.2188758248682006 3.2188758248682006
ireland 1 2.302585092994046 2.302585092994046
irish 1 2.659260036932778 2.659260036932778
isbn 1 0.9942522733438669 0.9942522733438669
isekai 1 4.605170185988092 4.605170185988092
island 1 1.5141277326297755 1.5141277326297755
israel 1 1.7147984280919266 1.7147984280919266
issue 1 1.1086626245216111 1.1086626245216111
italian 1 2.302585092994046 2.302585092994046
item 1 0.010050335853501506 0.010050335853501506
jack 1 1.4696759700589417 1.4696759700589417
japanese 1 2.0402208285265546 2.0402208285265546
jason 1 1.6607312068216509 1.6607312068216509
jaw 0 3.912023005428146 0.0
jbay 1 4.605170185988092 4.605170185988092
jetstreams 1 4.605170185988092 4.605170185988092
jidaigeki 1 4.605170185988092 4.605170185988092
jim 1 1.4696759700589417 1.4696759700589417
john 1 0.49429632181478017 0.49429632181478017
johnson 1 1.6094379124341003 1.6094379124341003
jones 1 1.5141277326297755 1.5141277326297755
josei 1 4.605170185988092 4.605170185988092
journal 1 1.3093333199837622 1.3093333199837622
juice 1 3.912023005428146 3.912023005428146
jukebox 1 3.912023005428146 3.912023005428146
july 1 0.43078291609245434 0.43078291609245434
jump 1 0.0 0.0
june 1 0.40047756659712536 0.40047756659712536
kahanamoku 1 4.605170185988092 4.605170185988092
kaiju 1 4.605170185988092 4.605170185988092
kait 1 4.605170185988092 4.605170185988092
kammerspielfilm 1 4.605170185988092 4.605170185988092
kates 1 4.605170185988092 4.605170185988092
kathy 1 3.2188758248682006 3.2188758248682006
kayaking 1 4.605170185988092 4.605170185988092
kenneth 1 2.8134107167600364 2.8134107167600364
kill 1 1.7719568419318754 1.7719568419318754
king 1 1.3093333199837622 1.3093333199837622
kingdom 1 1.5141277326297755 1.5141277326297755
kitchen 1 3.2188758248682006 3.2188758248682006
kiteboarding 1 4.605170185988092 4.605170185988092
kneeboarding 1 4.605170185988092 4.605170185988092
know 1 1.7147984280919266 1.7147984280919266
kong 1 3.506557897319982 3.506557897319982
korean 1 3.2188758248682006 3.2188758248682006
kung 1 3.912023005428146 3.912023005428146
lack 0 2.120263536200091 0.0
lacking 1 2.120263536200091 2.120263536200091
lake 1 1.8325814637483102 1.8325814637483102
language 0 0.0 0.0
lanka 1 2.8134107167600364 2.8134107167600364
large 1 1.4696759700589417 1.4696759700589417
last 1 0.0 0.0
late 1 1.3093333199837622 1.3093333199837622
later 1 0.5621189181535412 0.5621189181535412
leading 1 1.3093333199837622 1.3093333199837622
league 1 1.3470736479666094 1.3470736479666094
learn 1 0.0 0.0
leash 1 4.605170185988092 4.605170185988092
least 1 1.8971199848858813 1.8971199848858813
legal 1 1.9661128563728327 1.9661128563728327
lei 1 4.605170185988092 4.605170185988092
leisure 1 3.912023005428146 3.912023005428146
lens 1 3.2188758248682006 3.2188758248682006
lensed 1 4.605170185988092 4.605170185988092
lettrist 1 4.605170185988092 4.605170185988092
lgbtq 1 3.912023005428146 3.912023005428146
liaftercontent 1 0.127833371509885 0.127833371509885
liberacin 1 3.912023005428146 3.912023005428146
libertad 1 3.912023005428146 3.912023005428146
license 1 0.0 0.0
life 1 0.5447271754416719 0.5447271754416719
lifesaving 1 4.605170185988092 4.605170185988092
lifestyle 1 2.659260036932778 2.659260036932778
light 1 1.3862943611198906 1.3862943611198906
like 1 1.2039728043259361 1.2039728043259361
limelight 1 4.605170185988092 4.605170185988092
limit 0 2.8134107167600364 0.0
link 1 0.0 0.0
lion 1 2.659260036932778 2.659260036932778
liquid 1 3.2188758248682006 3.2188758248682006
lisanti 1 4.605170185988092 4.605170185988092
list 1 0.6348782724359695 0.6348782724359695
little 1 1.4696759700589417 1.4696759700589417
live 1 1.2378743560016172 1.2378743560016172
living 1 1.07880966137193 1.07880966137193
local 1 1.4696759700589417 1.4696759700589417
locale 0 4.605170185988092 0.0
location 0 1.171182981502945 0.0
log 1 0.0 0.0
logged 1 0.0 0.0
lolicon 1 4.605170185988092 4.605170185988092
look 1 2.0402208285265546 2.0402208285265546
lord 0 2.0402208285265546 0.0
loser 0 3.912023005428146 0.0
love 1 1.4271163556401458 1.4271163556401458
lovecraftian 1 4.605170185988092 4.605170185988092
low 1 1.9661128563728327 1.9661128563728327
lowbudget 1 4.605170185988092 4.605170185988092
luchador 1 4.605170185988092 4.605170185988092
mac 1 2.0402208285265546 2.0402208285265546
machine 1 1.4696759700589417 1.4696759700589417
made 1 0.653926467406664 0.653926467406664
madeira 1 3.912023005428146 3.912023005428146
mafia 1 3.912023005428146 3.912023005428146
magic 1 2.659260036932778 2.659260036932778
magical 1 3.912023005428146 3.912023005428146
main 1 0.0 0.0
maintenance 1 2.995732273553991 2.995732273553991
major 1 1.1086626245216111 1.1086626245216111
maker 1 2.8134107167600364 2.8134107167600364
malayalam 1 4.605170185988092 4.605170185988092
maldivian 1 4.605170185988092 4.605170185988092
malibu 1 4.605170185988092 4.605170185988092
malloys 1 4.605170185988092 4.605170185988092
man 1 1.0498221244986776 1.0498221244986776
mania 1 3.912023005428146 3.912023005428146
many 1 0.7550225842780328 0.7550225842780328
march 1 0.3147107448397002 0.3147107448397002
market 1 2.120263536200091 2.120263536200091
martial 1 3.2188758248682006 3.2188758248682006
masala 1 4.605170185988092 4.605170185988092
mass 1 1.9661128563728327 1.9661128563728327
master 0 1.3093333199837622 0.0
match 0 0.8675005677047231 0.0
matt 1 1.8325814637483102 1.8325814637483102
maverick 0 3.912023005428146 0.0
maximalist 1 4.605170185988092 4.605170185988092
may 1 0.0 0.0
maybe 1 3.912023005428146 3.912023005428146
mdy 1 1.3862943611198906 1.3862943611198906
meat 1 3.912023005428146 3.912023005428146
mecha 1 3.912023005428146 3.912023005428146
medium 1 0.49429632181478017 0.49429632181478017
megapixels 1 4.605170185988092 4.605170185988092
melodrama 1 4.605170185988092 4.605170185988092
melody 1 2.659260036932778 2.659260036932778
men 1 1.2039728043259361 1.2039728043259361
menu 1 0.0 0.0
meo 1 3.912023005428146 3.912023005428146
message 1 1.5606477482646683 1.5606477482646683
metafilm 1 4.605170185988092 4.605170185988092
mexican 1 2.5257286443082556 2.5257286443082556
mexicano 1 3.912023005428146 3.912023005428146
mexploitation 1 4.605170185988092 4.605170185988092
mfa 1 4.605170185988092 4.605170185988092
midnight 1 3.506557897319982 3.506557897319982
military 1 1.4696759700589417 1.4696759700589417
miller 0 1.6094379124341003 0.0
minimalist 1 3.912023005428146 3.912023005428146
misfit 0 4.605170185988092 0.0
mobile 1 0.0 0.0
mockbuster 1 4.605170185988092 4.605170185988092
mockumentary 1 4.605170185988092 4.605170185988092
modern 1 1.5606477482646683 1.5606477482646683
modernist 1 3.912023005428146 3.912023005428146
mojave 1 3.912023005428146 3.912023005428146
momentum 1 3.912023005428146 3.912023005428146
mondo 1 4.605170185988092 4.605170185988092
monica 1 3.912023005428146 3.912023005428146
monster 1 2.8134107167600364 2.8134107167600364
montjuichboardscom 1 4.605170185988092 4.605170185988092
mood 0 2.995732273553991 0.0
moon 1 2.407945608651872 2.407945608651872
moonshine 1 4.605170185988092 4.605170185988092
morning 1 1.8325814637483102 1.8325814637483102
morocco 1 3.912023005428146 3.912023005428146
motion 1 2.8134107167600364 2.8134107167600364
mountain 1 1.8971199848858813 1.8971199848858813
mouth 1 2.8134107167600364 2.8134107167600364
move 1 0.0 0.0
movement 1 1.6607312068216509 1.6607312068216509
movie 1 1.7719568419318754 1.7719568419318754
movistar 1 3.912023005428146 3.912023005428146
multiple 1 1.6607312068216509 1.6607312068216509
multipleissues 1 3.912023005428146 3.912023005428146
mumbai 1 3.912023005428146 3.912023005428146
mumblecore 1 4.605170185988092 4.605170185988092
mummy 1 3.506557897319982 3.506557897319982
murdoch 1 4.605170185988092 4.605170185988092
museum 1 2.302585092994046 2.302585092994046
music 1 1.3862943611198906 1.3862943611198906
musical 1 1.8971199848858813 1.8971199848858813
musicarello 1 4.605170185988092 4.605170185988092
muslim 1 2.5257286443082556 2.5257286443082556
must 1 2.0402208285265546 2.0402208285265546
myelopathy 1 4.605170185988092 4.605170185988092
mystery 1 2.407945608651872 2.407945608651872
myth 0 2.995732273553991 0.0
mythopoeia 1 4.605170185988092 4.605170185988092
name 1 0.5276327420823719 0.5276327420823719
narrative 1 3.2188758248682006 3.2188758248682006
nasty 1 4.605170185988092 4.605170185988092
national 1 0.5108256237659907 0.5108256237659907
natural 1 1.8325814637483102 1.8325814637483102
nature 1 2.0402208285265546 2.0402208285265546
navbar 1 0.23572233352106994 0.23572233352106994
navbarmini 1 0.23572233352106994 0.23572233352106994
navbox 1 0.1392620673335076 0.1392620673335076
navboximage 1 0.1392620673335076 0.1392620673335076
navboxsubgroup 1 0.1392620673335076 0.1392620673335076
navboxtitle 1 0.1392620673335076 0.1392620673335076
navigation 1 0.0 0.0
nazi 1 2.995732273553991 2.995732273553991
need 1 1.2039728043259361 1.2039728043259361
needed 1 1.3862943611198906 1.3862943611198906
nelson 1 2.407945608651872 2.407945608651872
neonoir 1 4.605170185988092 4.605170185988092
neorealist 1 4.605170185988092 4.605170185988092
never 1 1.4696759700589417 1.4696759700589417
new 1 0.24846135929849972 0.24846135929849972
nigerian 1 3.912023005428146 3.912023005428146
ninja 1 3.912023005428146 3.912023005428146
nobudget 1 4.605170185988092 4.605170185988092
noir 1 4.605170185988092 4.605170185988092
noll 1 3.912023005428146 3.912023005428146
nollywood 1 4.605170185988092 4.605170185988092
nonprofit 1 0.0 0.0
noosa 1 4.605170185988092 4.605170185988092
north 1 0.8209805520698303 0.8209805520698303
northern 1 1.3093333199837622 1.3093333199837622
november 1 0.3011050927839216 0.3011050927839216
novo 1 3.506557897319982 3.506557897319982
nuevo 1 3.2188758248682006 3.2188758248682006
nunsploitation 1 4.605170185988092 4.605170185988092
occasionally 1 3.506557897319982 3.506557897319982
occult 1 3.912023005428146 3.912023005428146
ocean 1 2.407945608651872 2.407945608651872
odyssey 1 3.506557897319982 3.506557897319982
ollibeforecontent 1 0.127833371509885 0.127833371509885
olympics 1 2.8134107167600364 2.8134107167600364
one 1 0.23572233352106994 0.23572233352106994
oneill 1 4.605170185988092 4.605170185988092
oneshot 1 4.605170185988092 4.605170185988092
online 1 1.4696759700589417 1.4696759700589417
open 1 1.4696759700589417 1.4696759700589417
opera 1 2.407945608651872 2.407945608651872
operator 1 2.8134107167600364 2.8134107167600364
operetta 1 4.605170185988092 4.605170185988092
org 1 3.912023005428146 3.912023005428146
organization 1 0.0 0.0
organizationname 1 0.010050335853501506 0.010050335853501506
original 1 0.4155154439616658 0.4155154439616658
ormrod 1 4.605170185988092 4.605170185988092
ostern 1 4.605170185988092 4.605170185988092
others 1 1.1394342831883648 1.1394342831883648
outlaw 1 3.912023005428146 3.912023005428146
ozploitation 1 4.605170185988092 4.605170185988092
paddleboarding 1 4.605170185988092 4.605170185988092
page 1 0.0 0.0
pan 1 2.659260036932778 2.659260036932778
panoramic 1 4.605170185988092 4.605170185988092
paracinema 1 4.605170185988092 4.605170185988092
parallel 1 3.2188758248682006 3.2188758248682006
paranormal 1 4.605170185988092 4.605170185988092
parody 1 4.605170185988092 4.605170185988092
participatory 1 4.605170185988092 4.605170185988092
partisan 1 3.2188758248682006 3.2188758248682006
party 1 1.2378743560016172 1.2378743560016172
pdfprintable 1 0.0 0.0
peel 1 3.506557897319982 3.506557897319982
people 1 0.49429632181478017 0.49429632181478017
perfect 1 2.207274913189721 2.207274913189721
period 1 1.4271163556401458 1.4271163556401458
permanent 1 0.0 0.0
persian 1 2.995732273553991 2.995732273553991
personal 1 0.0 0.0
peru 1 3.2188758248682006 3.2188758248682006
peruvian 1 3.506557897319982 3.506557897319982
pictorial 1 3.2188758248682006 3.2188758248682006
picture 1 2.5257286443082556 2.5257286443082556
pie 1 3.2188758248682006 3.2188758248682006
pink 1 3.2188758248682006 3.2188758248682006
pioneered 1 3.506557897319982 3.506557897319982
pipeline 1 3.912023005428146 3.912023005428146
place 1 0.653926467406664 0.653926467406664
plastic 1 3.912023005428146 3.912023005428146
please 1 1.7719568419318754 1.7719568419318754
poetic 1 4.605170185988092 4.605170185988092
poetry 1 3.2188758248682006 3.2188758248682006
point 1 1.2729656758128876 1.2729656758128876
policy 1 0.0 0.0
polish 1 2.995732273553991 2.995732273553991
political 1 1.3470736479666094 1.3470736479666094
poliziotteschi 1 4.605170185988092 4.605170185988092
pool 1 2.995732273553991 2.995732273553991
pop 1 2.302585092994046 2.302585092994046
popularity 1 2.8134107167600364 2.8134107167600364
popularized 1 3.912023005428146 3.912023005428146
porn 1 4.605170185988092 4.605170185988092
pornochanchada 1 4.605170185988092 4.605170185988092
pornographic 1 4.605170185988092 4.605170185988092
pornography 1 4.605170185988092 4.605170185988092
portal 1 0.0 0.0
portrayed 1 2.5257286443082556 2.5257286443082556
portugal 1 2.302585092994046 2.302585092994046
portuguese 1 2.302585092994046 2.302585092994046
poster 1 2.407945608651872 2.407945608651872
postmodernist 1 4.605170185988092 4.605170185988092
prague 1 2.995732273553991 2.995732273553991
precise 1 3.912023005428146 3.912023005428146
present 1 0.9675840262617057 0.9675840262617057
press 1 0.7550225842780328 0.7550225842780328
preview 0 2.995732273553991 0.0
primarily 1 2.407945608651872 2.407945608651872
printbodyns 1 0.09431067947124142 0.09431067947124142
printexport 1 0.0 0.0
priore 1 4.605170185988092 4.605170185988092
prison 1 2.302585092994046 2.302585092994046
privacy 1 0.0 0.0
pro 1 1.6607312068216509 1.6607312068216509
product 1 2.302585092994046 2.302585092994046
production 1 1.6607312068216509 1.6607312068216509
professional 1 1.6607312068216509 1.6607312068216509
project 1 0.0 0.0
projected 1 3.506557897319982 3.506557897319982
promote 1 2.659260036932778 2.659260036932778
propaganda 1 2.995732273553991 2.995732273553991
prussian 1 3.506557897319982 3.506557897319982
pseudo 1 3.912023005428146 3.912023005428146
psychedelic 1 3.912023005428146 3.912023005428146
psychobiddy 1 4.605170185988092 4.605170185988092
psychological 1 3.2188758248682006 3.2188758248682006
puberty 1 4.605170185988092 4.605170185988092
public 1 0.9675840262617057 0.9675840262617057
puerto 1 3.2188758248682006 3.2188758248682006
pulp 1 4.605170185988092 4.605170185988092
pulse 1 3.506557897319982 3.506557897319982
pur 1 4.605170185988092 4.605170185988092
pure 1 2.5257286443082556 2.5257286443082556
pwebm 1 4.605170185988092 4.605170185988092
queer 1 4.605170185988092 4.605170185988092
quiksilver 1 4.605170185988092 4.605170185988092
race 1 1.7147984280919266 1.7147984280919266
random 1 0.0 0.0
randy 1 2.8134107167600364 2.8134107167600364
rape 1 3.506557897319982 3.506557897319982
read 1 0.0 0.0
reading 1 1.5606477482646683 1.5606477482646683
realism 1 3.912023005428146 3.912023005428146
realist 1 4.605170185988092 4.605170185988092
realistically 1 4.605170185988092 4.605170185988092
reality 1 2.5257286443082556 2.5257286443082556
really 1 2.5257286443082556 2.5257286443082556
rebellion 1 2.659260036932778 2.659260036932778
recent 1 0.0 0.0
red 1 1.07880966137193 1.07880966137193
redefined 1 3.912023005428146 3.912023005428146
reel 0 3.912023005428146 0.0
reference 0 0.03045920748470844 0.0
reflect 1 2.5257286443082556 2.5257286443082556
reflected 1 3.506557897319982 3.506557897319982
reflist 1 0.06187540371808745 0.06187540371808745
reflistcolumns 1 0.06187540371808745 0.06187540371808745
reg 1 0.0 0.0
registered 1 0.0 0.0
reinvented 1 4.605170185988092 4.605170185988092
related 1 0.0 0.0
release 1 1.3093333199837622 1.3093333199837622
remain 1 2.207274913189721 2.207274913189721
remarriage 1 4.605170185988092 4.605170185988092
remodernist 1 4.605170185988092 4.605170185988092
remove 1 1.6607312068216509 1.6607312068216509
report 1 1.1086626245216111 1.1086626245216111
representation 1 2.8134107167600364 2.8134107167600364
represented 1 1.7719568419318754 1.7719568419318754
retrieved 1 0.0 0.0
revenge 1 2.659260036932778 2.659260036932778
reverse 1 4.605170185988092 4.605170185988092
revisionist 1 3.912023005428146 3.912023005428146
revisited 1 4.605170185988092 4.605170185988092
revival 1 2.995732273553991 2.995732273553991
rhythm 1 2.995732273553991 2.995732273553991
ride 1 3.2188758248682006 3.2188758248682006
rider 0 2.8134107167600364 0.0
riding 1 4.605170185988092 4.605170185988092
rip 1 3.506557897319982 3.506557897319982
river 1 1.4271163556401458 1.4271163556401458
road 1 1.3862943611198906 1.3862943611198906
robert 1 0.8675005677047231 0.8675005677047231
rochester 1 2.995732273553991 2.995732273553991
romance 1 2.5257286443082556 2.5257286443082556
romanian 1 3.506557897319982 3.506557897319982
romantic 1 2.8134107167600364 2.8134107167600364
roxy 1 3.912023005428146 3.912023005428146
rubble 1 4.605170185988092 4.605170185988092
rumberas 1 4.605170185988092 4.605170185988092
rumbling 0 3.912023005428146 0.0
sale 0 1.8971199848858813 0.0
samurai 1 3.912023005428146 3.912023005428146
san 1 1.2378743560016172 1.2378743560016172
santa 1 2.659260036932778 2.659260036932778
satanic 1 4.605170185988092 4.605170185988092
satire 1 3.506557897319982 3.506557897319982
saturated 1 4.605170185988092 4.605170185988092
scale 1 2.8134107167600364 2.8134107167600364
scene 1 2.0402208285265546 2.0402208285265546
sceneggiata 1 4.605170185988092 4.605170185988092
scholastic 1 4.605170185988092 4.605170185988092
school 1 0.7765287894989963 0.7765287894989963
science 1 1.171182981502945 1.171182981502945
scotland 1 2.659260036932778 2.659260036932778
screen 1 0.010050335853501506 0.010050335853501506
screencitation 1 4.605170185988092 4.605170185988092
screwball 1 4.605170185988092 4.605170185988092
sea 1 2.0402208285265546 2.0402208285265546
search 1 0.0 0.0
sebastian 1 2.5257286443082556 2.5257286443082556
secret 1 2.0402208285265546 2.0402208285265546
see 1 0.40047756659712536 0.40047756659712536
seedling 1 4.605170185988092 4.605170185988092
segment 0 2.995732273553991 0.0
seinen 1 4.605170185988092 4.605170185988092
self 1 2.659260036932778 2.659260036932778
selffinanced 1 4.605170185988092 4.605170185988092
semi 1 3.2188758248682006 3.2188758248682006
semidocumentary 1 4.605170185988092 4.605170185988092
september 1 0.43078291609245434 0.43078291609245434
serial 1 2.5257286443082556 2.5257286443082556
session 0 2.0402208285265546 0.0
severson 1 4.605170185988092 4.605170185988092
sewage 1 4.605170185988092 4.605170185988092
sex 1 2.5257286443082556 2.5257286443082556
sexploitation 1 4.605170185988092 4.605170185988092
sexy 1 2.995732273553991 2.995732273553991
shaka 1 4.605170185988092 4.605170185988092
shangri 1 4.605170185988092 4.605170185988092
share 1 0.0 0.0
shark 1 3.912023005428146 3.912023005428146
shinpa 1 4.605170185988092 4.605170185988092
shipstern 1 4.605170185988092 4.605170185988092
shjo 1 3.912023005428146 3.912023005428146
shnen 1 4.605170185988092 4.605170185988092
shooting 1 2.5257286443082556 2.5257286443082556
shore 1 2.8134107167600364 2.8134107167600364
short 1 0.06187540371808745 0.06187540371808745
shortdescription 1 0.2613647641344075 0.2613647641344075
shortened 1 0.0 0.0
shoshimineiga 1 4.605170185988092 4.605170185988092
shot 1 2.207274913189721 2.207274913189721
shotacon 1 4.605170185988092 4.605170185988092
shoulder 1 3.912023005428146 3.912023005428146
showing 0 2.659260036932778 0.0
side 1 1.4271163556401458 1.4271163556401458
sidebar 1 0.0 0.0
sign 1 1.8971199848858813 1.8971199848858813
silent 1 2.659260036932778 2.659260036932778
singing 1 2.5257286443082556 2.5257286443082556
singlefin 1 4.605170185988092 4.605170185988092
sink 1 3.912023005428146 3.912023005428146
sipping 1 4.605170185988092 4.605170185988092
site 1 0.0 0.0
ski 1 3.2188758248682006 3.2188758248682006
skimboarding 1 4.605170185988092 4.605170185988092
slapstick 1 4.605170185988092 4.605170185988092
slasher 1 3.912023005428146 3.912023005428146
slavery 1 3.912023005428146 3.912023005428146
slice 1 3.506557897319982 3.506557897319982
slippery 1 3.912023005428146 3.912023005428146
slow 1 3.506557897319982 3.506557897319982
smirnoff 1 4.605170185988092 4.605170185988092
snuff 1 4.605170185988092 4.605170185988092
social 1 1.3093333199837622 1.3093333199837622
socialist 1 2.407945608651872 2.407945608651872
softcore 1 4.605170185988092 4.605170185988092
solid 1 0.09431067947124142 0.09431067947124142
somewhere 1 3.912023005428146 3.912023005428146
sonny 1 3.912023005428146 3.912023005428146
sorcery 1 4.605170185988092 4.605170185988092
soul 1 2.8134107167600364 2.8134107167600364
sound 1 1.7719568419318754 1.7719568419318754
soundtrack 0 2.659260036932778 0.0
source 0 0.5798184952529422 0.0
south 1 0.9162907318741551 0.9162907318741551
southern 1 1.6607312068216509 1.6607312068216509
soviet 1 2.407945608651872 2.407945608651872
space 1 1.7719568419318754 1.7719568419318754
spaghetti 1 4.605170185988092 4.605170185988092
special 1 0.0 0.0
speed 1 2.302585092994046 2.302585092994046
splatter 1 4.605170185988092 4.605170185988092
sponsoring 1 3.912023005428146 3.912023005428146
sport 1 1.1394342831883648 1.1394342831883648
sportreel 1 4.605170185988092 4.605170185988092
spring 1 1.5606477482646683 1.5606477482646683
sprout 1 3.912023005428146 3.912023005428146
spy 1 2.8134107167600364 2.8134107167600364
sri 1 2.8134107167600364 2.8134107167600364
stag 1 3.912023005428146 3.912023005428146
standup 1 4.605170185988092 4.605170185988092
starting 1 1.8971199848858813 1.8971199848858813
state 0 0.3147107448397002 0.0
statement 1 0.0 0.0
statistic 0 0.0 0.0
steampunk 1 4.605170185988092 4.605170185988092
step 1 2.120263536200091 2.120263536200091
still 1 0.9416085398584451 0.9416085398584451
stoner 1 3.912023005428146 3.912023005428146
stopmotion 1 4.605170185988092 4.605170185988092
storm 1 2.302585092994046 2.302585092994046
story 0 1.5606477482646683 0.0
storyline 0 2.8134107167600364 0.0
strange 1 2.659260036932778 2.659260036932778
structural 1 3.2188758248682006 3.2188758248682006
stubbies 1 4.605170185988092 4.605170185988092
studio 0 1.8971199848858813 0.0
study 0 1.2729656758128876 0.0
style 1 1.8325814637483102 1.8325814637483102
submarine 1 3.506557897319982 3.506557897319982
suburban 1 3.506557897319982 3.506557897319982
suggestion 0 2.995732273553991 0.0
summer 1 1.5141277326297755 1.5141277326297755
superhero 1 3.506557897319982 3.506557897319982
surf 1 3.506557897319982 3.506557897319982
surfabout 1 4.605170185988092 4.605170185988092
surface 1 2.8134107167600364 2.8134107167600364
surfboard 1 4.605170185988092 4.605170185988092
surfer 1 3.506557897319982 3.506557897319982
surfest 1 4.605170185988092 4.605170185988092
surfing 1 3.912023005428146 3.912023005428146
surfline 1 4.605170185988092 4.605170185988092
surfmovies 1 4.605170185988092 4.605170185988092
surfploitation 1 4.605170185988092 4.605170185988092
surfresearchcomau 1 4.605170185988092 4.605170185988092
surfrider 1 4.605170185988092 4.605170185988092
surfwear 1 4.605170185988092 4.605170185988092
surged 1 4.605170185988092 4.605170185988092
surrealist 1 4.605170185988092 4.605170185988092
survival 1 3.2188758248682006 3.2188758248682006
swap 1 3.912023005428146 3.912023005428146
swashbuckler 1 4.605170185988092 4.605170185988092
swell 0 4.605170185988092 0.0
sword 1 2.302585092994046 2.302585092994046
swordandsandal 1 4.605170185988092 4.605170185988092
symphony 1 4.605170185988092 4.605170185988092
table 1 0.0 0.0
taiwan 1 2.8134107167600364 2.8134107167600364
talk 1 0.0 0.0
targeting 1 3.912023005428146 3.912023005428146
tau 1 3.506557897319982 3.506557897319982
tdhlist 1 0.1392620673335076 0.1392620673335076
teahupoo 1 4.605170185988092 4.605170185988092
tech 1 2.207274913189721 2.207274913189721
technique 1 2.5257286443082556 2.5257286443082556
techno 1 4.605170185988092 4.605170185988092
technology 1 1.7719568419318754 1.7719568419318754
teen 1 2.995732273553991 2.995732273553991
telefoni 1 4.605170185988092 4.605170185988092
template 1 0.0 0.0
tentacle 1 4.605170185988092 4.605170185988092
term 0 0.0 0.0
terminology 1 3.2188758248682006 3.2188758248682006
text 1 0.0 0.0
theme 1 2.302585092994046 2.302585092994046
thesis 1 3.506557897319982 3.506557897319982
thicker 1 4.605170185988092 4.605170185988092
thief 1 3.912023005428146 3.912023005428146
third 1 0.9162907318741551 0.9162907318741551
thirty 1 2.407945608651872 2.407945608651872
thomas 1 1.1394342831883648 1.1394342831883648
thoms 1 4.605170185988092 4.605170185988092
three 1 0.5798184952529422 0.5798184952529422
thrill 0 3.912023005428146 0.0
thriller 1 3.2188758248682006 3.2188758248682006
tiber 1 4.605170185988092 4.605170185988092
tidal 1 4.605170185988092 4.605170185988092
time 1 0.28768207245178085 0.28768207245178085
title 0 0.9162907318741551 0.0
today 1 1.4696759700589417 1.4696759700589417
toggle 1 0.010050335853501506 0.010050335853501506
tokusatsu 1 4.605170185988092 4.605170185988092
tom 1 1.2378743560016172 1.2378743560016172
tone 1 3.912023005428146 3.912023005428146
tonite 1 4.605170185988092 4.605170185988092
tool 0 0.0 0.0
top 1 0.010050335853501506 0.010050335853501506
topic 1 0.0 0.0
topical 1 3.912023005428146 3.912023005428146
toronto 1 2.0402208285265546 2.0402208285265546
total 1 0.0 0.0
towin 1 4.605170185988092 4.605170185988092
trademark 1 0.0 0.0
traditional 1 2.302585092994046 2.302585092994046
transgression 1 4.605170185988092 4.605170185988092
transgressive 1 4.605170185988092 4.605170185988092
travel 1 1.9661128563728327 1.9661128563728327
traveling 1 2.995732273553991 2.995732273553991
trial 1 1.8971199848858813 1.8971199848858813
trick 1 3.2188758248682006 3.2188758248682006
trip 1 2.302585092994046 2.302585092994046
triple 1 2.302585092994046 2.302585092994046
tube 1 1.8971199848858813 1.8971199848858813
tubular 1 4.605170185988092 4.605170185988092
turkey 1 2.302585092994046 2.302585092994046
turksploitation 1 4.605170185988092 4.605170185988092
type 1 1.2729656758128876 1.2729656758128876
ulpaddingem 1 0.1392620673335076 0.1392620673335076
uluwatu 1 4.605170185988092 4.605170185988092
unclear 1 3.2188758248682006 3.2188758248682006
underground 1 2.5257286443082556 2.5257286443082556
underworld 1 4.605170185988092 4.605170185988092
union 1 1.07880966137193 1.07880966137193
united 1 0.4155154439616658 0.4155154439616658
university 1 0.616186139423817 0.616186139423817
unsourced 1 1.3862943611198906 1.3862943611198906
unstoppable 1 4.605170185988092 4.605170185988092
upload 1 0.0 0.0
urban 1 2.120263536200091 2.120263536200091
uruguayan 1 3.912023005428146 3.912023005428146
use 1 0.0 0.0
used 1 0.8675005677047231 0.8675005677047231
using 1 0.0 0.0
utc 1 0.0 0.0
utilizing 1 3.2188758248682006 3.2188758248682006
vampire 1 3.912023005428146 3.912023005428146
var 1 0.0 0.0
venue 0 2.407945608651872 0.0
version 1 0.0 0.0
vhs 1 3.506557897319982 3.506557897319982
via 1 1.4271163556401458 1.4271163556401458
video 1 1.3862943611198906 1.3862943611198906
view 1 0.0 0.0
viewing 1 3.506557897319982 3.506557897319982
vigilante 1 3.506557897319982 3.506557897319982
voyage 1 3.2188758248682006 3.2188758248682006
voyager 1 3.912023005428146 3.912023005428146
vrit 1 4.605170185988092 4.605170185988092
vte 1 0.7550225842780328 0.7550225842780328
vulgar 1 3.912023005428146 3.912023005428146
waikiki 1 4.605170185988092 4.605170185988092
war 1 0.7985076962177716 0.7985076962177716
warshaw 1 4.605170185988092 4.605170185988092
wash 1 4.605170185988092 4.605170185988092
watch 1 1.8971199848858813 1.8971199848858813
water 1 1.5606477482646683 1.5606477482646683
waterlogged 1 4.605170185988092 4.605170185988092
wave 1 2.995732273553991 2.995732273553991
waveriders 1 4.605170185988092 4.605170185988092
wax 1 4.605170185988092 4.605170185988092
wednesday 1 3.506557897319982 3.506557897319982
weird 1 3.912023005428146 3.912023005428146
welsh 1 2.995732273553991 2.995732273553991
went 1 1.5141277326297755 1.5141277326297755
western 1 1.2039728043259361 1.2039728043259361
wet 1 3.506557897319982 3.506557897319982
wheaton 1 4.605170185988092 4.605170185988092
white 1 1.171182981502945 1.171182981502945
whodunit 1 4.605170185988092 4.605170185988092
wikidata 1 0.010050335853501506 0.010050335853501506
wikimedia 1 0.0 0.0
wikipedia 1 0.0 0.0
wikipedias 1 2.5257286443082556 2.5257286443082556
wild 1 2.302585092994046 2.302585092994046
williams 1 1.8971199848858813 1.8971199848858813
windsurfing 1 4.605170185988092 4.605170185988092
wing 1 2.5257286443082556 2.5257286443082556
within 1 1.3862943611198906 1.3862943611198906
woman 0 1.171182981502945 0.0
womens 1 2.0402208285265546 2.0402208285265546
world 1 0.5108256237659907 0.5108256237659907
writing 1 1.8325814637483102 1.8325814637483102
wuxia 1 4.605170185988092 4.605170185988092
yakuza 1 4.605170185988092 4.605170185988092
yaoi 1 4.605170185988092 4.605170185988092
year 1 0.3424903089467759 0.3424903089467759
yellow 1 1.9661128563728327 1.9661128563728327
york 1 0.8209805520698303 0.8209805520698303
youth 1 2.207274913189721 2.207274913189721
youtube 1 4.605170185988092 4.605170185988092
yugoslav 1 3.2188758248682006 3.2188758248682006
yuri 1 3.912023005428146 3.912023005428146
zaldivar 1 4.605170185988092 4.605170185988092
zapata 1 4.605170185988092 4.605170185988092
zealand 1 2.120263536200091 2.120263536200091
zero 1 3.2188758248682006 3.2188758248682006
zombie 1 3.506557897319982 3.506557897319982
zuckerman 1 4.605170185988092 4.605170185988092
