abel 1 3.506557897319982 3.506557897319982
abler 1 4.605170185988092 4.605170185988092
accepted 1 2.207274913189721 2.207274913189721
accompanied 1 2.8134107167600364 2.8134107167600364
according 1 1.3093333199837622 1.3093333199837622
accordingly 1 3.506557897319982 3.506557897319982
account 1 0.0 0.0
acre 0 2.995732273553991 0.0
action 0 0.0 0.0
active 1 2.0402208285265546 2.0402208285265546
add 1 0.0 0.0
addition 1 1.3862943611198906 1.3862943611198906
additional 1 0.0 0.0
affiliated 1 2.995732273553991 2.995732273553991
afterward 1 3.506557897319982 3.506557897319982
agent 1 2.207274913189721 2.207274913189721
agree 1 0.0 0.0
alexander 1 1.5141277326297755 1.5141277326297755
alike 1 0.0 0.0
allegany 1 4.605170185988092 4.605170185988092
allegheny 1 3.506557897319982 3.506557897319982
alphabet 1 4.605170185988092 4.605170185988092
also 1 0.127833371509885 0.127833371509885
amended 1 4.605170185988092 4.605170185988092
america 1 0.8675005677047231 0.8675005677047231
american 1 0.5276327420823719 0.5276327420823719
among 1 1.2378743560016172 1.2378743560016172
amp 1 0.4620354595965586 0.4620354595965586
andover 1 4.605170185988092 4.605170185988092
andrew 1 1.5141277326297755 1.5141277326297755
annual 1 1.6607312068216509 1.6607312068216509
another 1 0.9675840262617057 0.9675840262617057
anthony 1 1.5141277326297755 1.5141277326297755
anxious 1 3.912023005428146 3.912023005428146
appearance 1 0.0 0.0
appeared 1 1.8971199848858813 1.8971199848858813
appears 1 2.120263536200091 2.120263536200091
apply 1 0.0 0.0
appointed 1 1.9661128563728327 1.9661128563728327
april 1 0.44628710262841953 0.44628710262841953
area 1 1.2729656758128876 1.2729656758128876
around 1 1.0216512475319812 1.0216512475319812
arrival 1 2.5257286443082556 2.5257286443082556
article 1 0.0 0.0
asenath 1 4.605170185988092 4.605170185988092
asher 1 4.605170185988092 4.605170185988092
assistance 1 2.302585092994046 2.302585092994046
assistant 0 1.7147984280919266 0.0
associated 1 1.4696759700589417 1.4696759700589417
attached 1 3.506557897319982 3.506557897319982
attempt 1 1.6607312068216509 1.6607312068216509
attribution 1 0.0 0.0
august 1 0.3424903089467759 0.3424903089467759
available 1 0.0 0.0
background 1 1.7147984280919266 1.7147984280919266
backus 1 4.605170185988092 4.605170185988092
baker 1 2.120263536200091 2.120263536200091
baptist 1 2.995732273553991 2.995732273553991
became 1 0.7133498878774648 0.7133498878774648
becoming 1 1.8971199848858813 1.8971199848858813
began 1 0.8675005677047231 0.8675005677047231
begun 1 2.8134107167600364 2.8134107167600364
bellin 1 4.605170185988092 4.605170185988092
benjamin 1 2.0402208285265546 2.0402208285265546
besides 1 3.912023005428146 3.912023005428146
big 1 1.3862943611198906 1.3862943611198906
bingham 1 3.912023005428146 3.912023005428146
biography 1 1.6607312068216509 1.6607312068216509
bishop 1 2.407945608651872 2.407945608651872
board 1 1.5606477482646683 1.5606477482646683
boardof 1 4.605170185988092 4.605170185988092
book 1 0.6348782724359695 0.6348782724359695
born 1 1.1394342831883648 1.1394342831883648
boston 1 1.7719568419318754 1.7719568419318754
bradley 1 2.407945608651872 2.407945608651872
broken 1 2.207274913189721 2.207274913189721
brought 1 1.5606477482646683 1.5606477482646683
brunswick 1 2.8134107167600364 2.8134107167600364
buffalo 1 2.8134107167600364 2.8134107167600364
build 1 2.120263536200091 2.120263536200091
building 1 1.6607312068216509 1.6607312068216509
buren 1 4.605170185988092 4.605170185988092
called 1 0.8209805520698303 0.8209805520698303
came 1 1.6094379124341003 1.6094379124341003
camp 1 2.120263536200091 2.120263536200091
canadian 1 1.9661128563728327 1.9661128563728327
captain 1 2.120263536200091 2.120263536200091
career 0 1.2729656758128876 0.0
carolina 1 1.7147984280919266 1.7147984280919266
catalogue 1 3.912023005428146 3.912023005428146
catechist 1 4.605170185988092 4.605170185988092
category 1 0.0 0.0
categoryinline 1 4.605170185988092 4.605170185988092
catharine 1 3.912023005428146 3.912023005428146
cattaraugus 1 3.912023005428146 3.912023005428146
center 1 1.171182981502945 1.171182981502945
centered 1 3.912023005428146 3.912023005428146
centerpx 1 0.0408219945202552 0.0408219945202552
century 1 1.3470736479666094 1.3470736479666094
change 1 0.0 0.0
changed 1 1.6607312068216509 1.6607312068216509
chapin 1 4.605170185988092 4.605170185988092
charge 1 2.0402208285265546 2.0402208285265546
charles 1 1.171182981502945 1.171182981502945
chief 0 1.3862943611198906 0.0
christian 1 1.4696759700589417 1.4696759700589417
christianity 1 2.659260036932778 2.659260036932778
christmas 1 2.302585092994046 2.302585092994046
christopher 1 1.9661128563728327 1.9661128563728327
church 1 1.6607312068216509 1.6607312068216509
circa 1 3.912023005428146 3.912023005428146
citation 1 0.0408219945202552 0.0408219945202552
cite 1 0.0 0.0
citebook 1 1.8971199848858813 1.8971199848858813
citejournal 1 1.9661128563728327 1.9661128563728327
citerefabler 1 4.605170185988092 4.605170185988092
citerefbellin 1 4.605170185988092 4.605170185988092
citerefchapin 1 4.605170185988092 4.605170185988092
citerefcumming 1 4.605170185988092 4.605170185988092
citerefdennis 1 4.605170185988092 4.605170185988092
citerefdensmore 1 4.605170185988092 4.605170185988092
citerefemerson 1 4.605170185988092 4.605170185988092
citereffenton 1 4.605170185988092 4.605170185988092
citerefgrant 1 4.605170185988092 4.605170185988092
citerefhauptman 1 4.605170185988092 4.605170185988092
citerefhowland 1 4.605170185988092 4.605170185988092
citerefnicholas 1 4.605170185988092 4.605170185988092
citerefround 1 4.605170185988092 4.605170185988092
citerefsmithsonian 1 4.605170185988092 4.605170185988092
citerefstrickland 1 4.605170185988092 4.605170185988092
citereftrippe 1 4.605170185988092 4.605170185988092
citerefwallace 1 4.605170185988092 4.605170185988092
civilization 1 2.995732273553991 2.995732273553991
clark 1 1.6607312068216509 1.6607312068216509
clear 1 2.207274913189721 2.207274913189721
clinton 1 3.506557897319982 3.506557897319982
coadjutor 1 3.912023005428146 3.912023005428146
code 1 0.0 0.0
collection 1 1.8971199848858813 1.8971199848858813
college 1 1.1394342831883648 1.1394342831883648
colonel 1 2.995732273553991 2.995732273553991
commenced 1 3.2188758248682006 3.2188758248682006
commending 1 3.912023005428146 3.912023005428146
commissioner 0 2.659260036932778 0.0
common 0 0.0 0.0
company 1 1.2729656758128876 1.2729656758128876
compelled 1 3.2188758248682006 3.2188758248682006
compiled 1 3.2188758248682006 3.2188758248682006
complained 1 3.912023005428146 3.912023005428146
complaint 1 3.2188758248682006 3.2188758248682006
comprised 1 4.605170185988092 4.605170185988092
conduct 1 0.0 0.0
confirmed 1 2.207274913189721 2.207274913189721
confusion 1 2.995732273553991 2.995732273553991
connecticut 1 2.207274913189721 2.207274913189721
conspiracy 1 2.8134107167600364 2.8134107167600364
contact 1 0.0 0.0
contemporary 1 2.5257286443082556 2.5257286443082556
content 1 0.0 0.0
context 1 0.010050335853501506 0.010050335853501506
continent 1 4.605170185988092 4.605170185988092
continued 1 1.5141277326297755 1.5141277326297755
contribute 1 0.0 0.0
contribution 0 0.0 0.0
control 1 0.7765287894989963 0.7765287894989963
convert 1 2.8134107167600364 2.8134107167600364
cookie 1 0.0 0.0
cookiematch 1 0.0 0.0
cornell 1 3.2188758248682006 3.2188758248682006
council 1 1.4696759700589417 1.4696759700589417
country 1 0.843970070294529 0.843970070294529
county 1 1.6607312068216509 1.6607312068216509
countylevel 1 4.605170185988092 4.605170185988092
court 1 1.5141277326297755 1.5141277326297755
cram 1 4.605170185988092 4.605170185988092
crane 1 2.659260036932778 2.659260036932778
create 1 0.0 0.0
creative 1 0.0 0.0
creek 1 2.995732273553991 2.995732273553991
csmaintcolorf 1 0.06187540371808745 0.06187540371808745
csmaintcolorfmedia 1 0.0408219945202552 0.0408219945202552
cswsicon 1 0.0408219945202552 0.0408219945202552
cultivation 1 3.912023005428146 3.912023005428146
culture 1 1.6094379124341003 1.6094379124341003
cumming 1 3.912023005428146 3.912023005428146
current 1 0.0 0.0
dartmouth 1 4.605170185988092 4.605170185988092
date 0 0.3147107448397002 0.0
dated 1 2.995732273553991 2.995732273553991
david 1 0.9942522733438669 0.9942522733438669
death 1 1.171182981502945 1.171182981502945
december 1 0.37106368139083196 0.37106368139083196
definition 0 2.8134107167600364 0.0
demon 1 3.2188758248682006 3.2188758248682006
dennis 1 2.120263536200091 2.120263536200091
densmore 1 4.605170185988092 4.605170185988092
department 1 1.7719568419318754 1.7719568419318754
describe 1 2.995732273553991 2.995732273553991
description 1 0.07257069283483537 0.07257069283483537
detail 1 1.6094379124341003 1.6094379124341003
developed 1 1.7147984280919266 1.7147984280919266
developer 0 0.0 0.0
developing 1 2.995732273553991 2.995732273553991
dictionary 1 2.407945608651872 2.407945608651872
died 1 1.3093333199837622 1.3093333199837622
dinwoodie 1 4.605170185988092 4.605170185988092
diplomat 1 2.659260036932778 2.659260036932778
disagree 1 4.605170185988092 4.605170185988092
disclaimer 0 0.0 0.0
dispossession 1 4.605170185988092 4.605170185988092
divide 1 4.605170185988092 4.605170185988092
doi 1 2.0402208285265546 2.0402208285265546
domain 1 2.5257286443082556 2.5257286443082556
donate 1 0.0 0.0
download 1 0.0 0.0
drawer 1 4.605170185988092 4.605170185988092
duzee 1 4.605170185988092 4.605170185988092
earlier 1 1.8971199848858813 1.8971199848858813
earliest 1 2.995732273553991 2.995732273553991
early 1 0.6348782724359695 0.6348782724359695
east 1 1.0498221244986776 1.0498221244986776
edward 1 1.5606477482646683 1.5606477482646683
effort 0 1.5141277326297755 0.0
efn 1 3.2188758248682006 3.2188758248682006
egerton 1 3.506557897319982 3.506557897319982
eightpage 1 4.605170185988092 4.605170185988092
either 1 1.9661128563728327 1.9661128563728327
elevator 1 4.605170185988092 4.605170185988092
elevatorwhich 1 4.605170185988092 4.605170185988092
elkanah 1 4.605170185988092 4.605170185988092
emerson 1 3.2188758248682006 3.2188758248682006
emily 1 2.8134107167600364 2.8134107167600364
employed 1 3.2188758248682006 3.2188758248682006
encompass 1 3.912023005428146 3.912023005428146
encyclopedia 1 0.0 0.0
ended 1 2.0402208285265546 2.0402208285265546
english 1 0.0 0.0
entered 1 1.9661128563728327 1.9661128563728327
entitled 1 3.506557897319982 3.506557897319982
entry 1 1.5606477482646683 1.5606477482646683
erecting 1 4.605170185988092 4.605170185988092
erie 1 3.506557897319982 3.506557897319982
establish 1 2.8134107167600364 2.8134107167600364
established 1 1.1086626245216111 1.1086626245216111
establishment 1 1.9661128563728327 1.9661128563728327
event 0 0.0 0.0
everything 1 2.659260036932778 2.659260036932778
evinced 1 4.605170185988092 4.605170185988092
exp 1 0.0 0.0
expelled 1 2.659260036932778 2.659260036932778
experience 0 1.8325814637483102 0.0
explains 1 2.302585092994046 2.302585092994046
expulsion 1 3.2188758248682006 3.2188758248682006
external 1 0.44628710262841953 0.44628710262841953
faith 1 1.9661128563728327 1.9661128563728327
fall 1 1.07880966137193 1.07880966137193
family 1 0.9162907318741551 0.9162907318741551
farmer 1 2.659260036932778 2.659260036932778
february 1 0.27443684570176036 0.27443684570176036
fenton 1 3.912023005428146 3.912023005428146
file 1 0.0 0.0
filled 1 2.995732273553991 2.995732273553991
first 1 0.1508228897345837 0.1508228897345837
five 1 1.0216512475319812 1.0216512475319812
follower 0 3.2188758248682006 0.0
foot 1 2.407945608651872 2.407945608651872
foreign 1 1.8971199848858813 1.8971199848858813
form 1 1.3470736479666094 1.3470736479666094
formal 1 2.659260036932778 2.659260036932778
formally 1 2.8134107167600364 2.8134107167600364
formation 1 2.407945608651872 2.407945608651872
forming 1 2.8134107167600364 2.8134107167600364
found 1 1.2039728043259361 1.2039728043259361
foundation 1 0.0 0.0
founded 1 1.7147984280919266 1.7147984280919266
four 1 0.7985076962177716 0.7985076962177716
frank 1 1.7147984280919266 1.7147984280919266
franklin 1 2.407945608651872 2.407945608651872
free 1 0.0 0.0
friendly 1 2.995732273553991 2.995732273553991
frontier 1 3.2188758248682006 3.2188758248682006
gain 1 2.207274913189721 2.207274913189721
gave 1 1.5606477482646683 1.5606477482646683
gazetteer 1 4.605170185988092 4.605170185988092
general 1 0.0 0.0
george 1 1.07880966137193 1.07880966137193
get 1 0.0 0.0
gilman 1 3.912023005428146 3.912023005428146
given 1 1.2378743560016172 1.2378743560016172
government 1 1.1086626245216111 1.1086626245216111
governor 1 2.302585092994046 2.302585092994046
gradual 1 3.912023005428146 3.912023005428146
graduate 1 3.2188758248682006 3.2188758248682006
graduated 1 2.5257286443082556 2.5257286443082556
grant 1 2.5257286443082556 2.5257286443082556
gray 1 2.995732273553991 2.995732273553991
grew 1 2.302585092994046 2.302585092994046
hampshire 1 2.8134107167600364 2.8134107167600364
handsome 1 3.506557897319982 3.506557897319982
hanover 1 2.995732273553991 2.995732273553991
harris 1 2.302585092994046 2.302585092994046
hartford 1 2.995732273553991 2.995732273553991
hauptman 1 4.605170185988092 4.605170185988092
hdlcoo 1 4.605170185988092 4.605170185988092
head 1 1.1086626245216111 1.1086626245216111
headquarters 1 2.207274913189721 2.207274913189721
health 1 1.6607312068216509 1.6607312068216509
help 1 0.0 0.0
henderson 1 2.5257286443082556 2.5257286443082556
henry 1 1.5606477482646683 1.5606477482646683
herald 1 1.8971199848858813 1.8971199848858813
hidden 1 0.010050335853501506 0.010050335853501506
hide 1 0.0 0.0
historian 0 2.8134107167600364 0.0
historical 1 1.8325814637483102 1.8325814637483102
history 1 0.0 0.0
holmes 1 3.2188758248682006 3.2188758248682006
home 1 0.7339691750802005 0.7339691750802005
homer 1 3.506557897319982 3.506557897319982
hope 1 1.6607312068216509 1.6607312068216509
house 1 1.0216512475319812 1.0216512475319812
however 1 0.6931471805599453 0.6931471805599453
howland 1 3.506557897319982 3.506557897319982
hyde 1 2.995732273553991 2.995732273553991
hydes 1 4.605170185988092 4.605170185988092
idea 1 1.8325814637483102 1.8325814637483102
idlockfree 1 0.0408219945202552 0.0408219945202552
idlockfreeidlockfree 1 0.0408219945202552 0.0408219945202552
idlocklimited 1 0.0408219945202552 0.0408219945202552
idlockregistration 1 0.0408219945202552 0.0408219945202552
idlocksubscription 1 0.0408219945202552 0.0408219945202552
ill 1 2.995732273553991 2.995732273553991
important 1 1.8325814637483102 1.8325814637483102
improvement 1 4.605170185988092 4.605170185988092
inc 1 0.0 0.0
include 1 1.3093333199837622 1.3093333199837622
including 1 0.7133498878774648 0.7133498878774648
incorporates 1 3.2188758248682006 3.2188758248682006
incursion 0 4.605170185988092 0.0
indian 1 1.9661128563728327 1.9661128563728327
indigenous 1 4.605170185988092 4.605170185988092
information 1 0.0 0.0
initially 1 2.207274913189721 2.207274913189721
institution 1 2.120263536200091 2.120263536200091
intending 1 3.912023005428146 3.912023005428146
interest 0 1.6607312068216509 0.0
interval 0 3.506557897319982 0.0
investigate 1 2.8134107167600364 2.8134107167600364
invited 1 2.5257286443082556 2.5257286443082556
involved 1 1.5606477482646683 1.5606477482646683
iroquois 1 4.605170185988092 4.605170185988092
irregular 1 3.506557897319982 3.506557897319982
isbn 1 0.9942522733438669 0.9942522733438669
issn 1 1.8971199848858813 1.8971199848858813
issnx 1 4.605170185988092 4.605170185988092
issue 1 1.1086626245216111 1.1086626245216111
item 1 0.010050335853501506 0.010050335853501506
itinerant 1 3.506557897319982 3.506557897319982
jabez 1 4.605170185988092 4.605170185988092
jacket 1 2.995732273553991 2.995732273553991
jacob 1 2.120263536200091 2.120263536200091
james 1 1.0498221244986776 1.0498221244986776
january 1 0.3424903089467759 0.3424903089467759
jasper 1 3.912023005428146 3.912023005428146
jersey 1 2.120263536200091 2.120263536200091
john 1 0.49429632181478017 0.49429632181478017
johnsbury 1 4.605170185988092 4.605170185988092
joined 1 1.6607312068216509 1.6607312068216509
jones 1 1.5141277326297755 1.5141277326297755
joshua 1 2.995732273553991 2.995732273553991
journal 1 1.3093333199837622 1.3093333199837622
jstor 1 1.5141277326297755 1.5141277326297755
july 1 0.43078291609245434 0.43078291609245434
jump 1 0.0 0.0
june 1 0.40047756659712536 0.40047756659712536
kirkland 1 4.605170185988092 4.605170185988092
knowledge 1 2.302585092994046 2.302585092994046
known 1 0.7985076962177716 0.7985076962177716
lake 1 1.8325814637483102 1.8325814637483102
land 1 1.5141277326297755 1.5141277326297755
language 1 0.0 0.0
large 1 1.4696759700589417 1.4696759700589417
last 1 0.0 0.0
lasted 1 2.8134107167600364 2.8134107167600364
late 1 1.3093333199837622 1.3093333199837622
later 1 0.5621189181535412 0.5621189181535412
launched 1 1.9661128563728327 1.9661128563728327
laura 1 2.207274913189721 2.207274913189721
laurence 1 4.605170185988092 4.605170185988092
law 1 1.4271163556401458 1.4271163556401458
leader 0 1.3862943611198906 0.0
leadership 1 2.207274913189721 2.207274913189721
leaning 0 4.605170185988092 0.0
leanto 1 4.605170185988092 4.605170185988092
learn 1 0.0 0.0
led 1 1.07880966137193 1.07880966137193
left 1 1.171182981502945 1.171182981502945
legislature 1 3.2188758248682006 3.2188758248682006
letter 1 2.207274913189721 2.207274913189721
lewiston 1 3.506557897319982 3.506557897319982
library 1 1.6094379124341003 1.6094379124341003
license 1 0.0 0.0
licentiate 1 4.605170185988092 4.605170185988092
linguistic 1 3.2188758248682006 3.2188758248682006
link 1 0.0 0.0
literature 1 1.9661128563728327 1.9661128563728327
lithograph 1 3.912023005428146 3.912023005428146
lived 1 2.207274913189721 2.207274913189721
living 1 1.07880966137193 1.07880966137193
local 1 1.4696759700589417 1.4696759700589417
located 1 2.407945608651872 2.407945608651872
location 1 1.171182981502945 1.171182981502945
log 1 0.0 0.0
logged 1 0.0 0.0
made 1 0.653926467406664 0.653926467406664
main 1 0.0 0.0
maintained 1 2.995732273553991 2.995732273553991
make 1 1.0498221244986776 1.0498221244986776
man 1 1.0498221244986776 1.0498221244986776
management 1 1.7719568419318754 1.7719568419318754
manuscript 1 2.8134107167600364 2.8134107167600364
map 1 2.0402208285265546 2.0402208285265546
march 1 0.3147107448397002 0.3147107448397002
marianne 1 3.912023005428146 3.912023005428146
mark 1 1.1394342831883648 1.1394342831883648
married 1 1.5141277326297755 1.5141277326297755
martha 1 2.8134107167600364 2.8134107167600364
martin 1 1.3470736479666094 1.3470736479666094
massachusetts 1 2.302585092994046 2.302585092994046
match 0 0.8675005677047231 0.0
matthew 1 1.8325814637483102 1.8325814637483102
may 1 0.0 0.0
mdy 1 1.3862943611198906 1.3862943611198906
meant 1 3.2188758248682006 3.2188758248682006
medium 0 0.49429632181478017 0.0
meeting 1 1.8971199848858813 1.8971199848858813
member 1 0.6733445532637655 0.6733445532637655
mental 1 2.8134107167600364 2.8134107167600364
menu 1 0.0 0.0
merged 1 2.995732273553991 2.995732273553991
method 0 1.8971199848858813 0.0
midth 1 4.605170185988092 4.605170185988092
mile 0 1.8971199848858813 0.0
minister 1 1.5606477482646683 1.5606477482646683
ministry 1 2.120263536200091 2.120263536200091
miss 1 2.302585092994046 2.302585092994046
mission 1 2.302585092994046 2.302585092994046
missionary 1 2.995732273553991 2.995732273553991
mobile 1 0.0 0.0
modern 1 1.5606477482646683 1.5606477482646683
month 0 0.8915981192837835 0.0
monthly 1 2.8134107167600364 2.8134107167600364
morton 1 2.659260036932778 2.659260036932778
move 1 0.0 0.0
moved 1 1.7719568419318754 1.7719568419318754
nancy 1 2.302585092994046 2.302585092994046
nation 1 1.2729656758128876 1.2729656758128876
native 1 2.407945608651872 2.407945608651872
navigation 1 0.0 0.0
near 1 1.8325814637483102 1.8325814637483102
neighboring 1 3.506557897319982 3.506557897319982
new 1 0.24846135929849972 0.24846135929849972
newhall 1 4.605170185988092 4.605170185988092
next 1 1.1086626245216111 1.1086626245216111
niagara 1 3.506557897319982 3.506557897319982
niagaraa 1 4.605170185988092 4.605170185988092
nicholas 1 2.302585092994046 2.302585092994046
nine 1 1.7719568419318754 1.7719568419318754
nineteen 1 4.605170185988092 4.605170185988092
ninth 1 2.659260036932778 2.659260036932778
nnarticlewhitelist 1 2.407945608651872 2.407945608651872
nnciterefpatterns 1 2.407945608651872 2.407945608651872
nntemplatelist 1 2.407945608651872 2.407945608651872
nonprofit 1 0.0 0.0
north 1 0.8209805520698303 0.8209805520698303
note 0 0.8209805520698303 0.0
noted 1 2.120263536200091 2.120263536200091
notelist 1 3.506557897319982 3.506557897319982
notice 1 2.8134107167600364 2.8134107167600364
november 1 0.3011050927839216 0.3011050927839216
number 1 0.7550225842780328 0.7550225842780328
numerous 1 1.9661128563728327 1.9661128563728327
occupying 1 4.605170185988092 4.605170185988092
oclc 1 2.5257286443082556 2.5257286443082556
october 1 0.28768207245178085 0.28768207245178085
office 1 1.1086626245216111 1.1086626245216111
official 0 0.7550225842780328 0.0
ogden 1 3.506557897319982 3.506557897319982
one 1 0.23572233352106994 0.23572233352106994
oneida 1 3.912023005428146 3.912023005428146
opened 1 2.407945608651872 2.407945608651872
operation 0 1.7147984280919266 0.0
opposed 1 2.407945608651872 2.407945608651872
orator 1 4.605170185988092 4.605170185988092
order 1 1.171182981502945 1.171182981502945
organization 1 0.0 0.0
organizationname 1 0.010050335853501506 0.010050335853501506
others 1 1.1394342831883648 1.1394342831883648
overlapped 1 4.605170185988092 4.605170185988092
pagan 1 3.912023005428146 3.912023005428146
page 1 0.0 0.0
pagetype 1 1.2729656758128876 1.2729656758128876
parallel 1 3.2188758248682006 3.2188758248682006
parrish 1 3.506557897319982 3.506557897319982
passed 1 2.5257286443082556 2.5257286443082556
past 1 1.7719568419318754 1.7719568419318754
patten 1 3.506557897319982 3.506557897319982
pdfprintable 1 0.0 0.0
pennsylvania 1 2.302585092994046 2.302585092994046
pennsylvaniawith 1 4.605170185988092 4.605170185988092
people 1 0.49429632181478017 0.49429632181478017
periodical 1 3.506557897319982 3.506557897319982
permanent 1 0.0 0.0
personal 1 0.0 0.0
petitioned 1 3.912023005428146 3.912023005428146
philadelphia 1 2.5257286443082556 2.5257286443082556
phillip 1 4.605170185988092 4.605170185988092
philosophical 1 3.506557897319982 3.506557897319982
phoebe 1 3.912023005428146 3.912023005428146
phonetic 1 4.605170185988092 4.605170185988092
photograph 1 3.2188758248682006 3.2188758248682006
place 1 0.653926467406664 0.653926467406664
policy 1 0.0 0.0
politics 1 1.9661128563728327 1.9661128563728327
pollard 1 4.605170185988092 4.605170185988092
population 1 2.207274913189721 2.207274913189721
portal 1 0.0 0.0
possessed 1 3.912023005428146 3.912023005428146
possession 1 2.995732273553991 2.995732273553991
possible 1 1.8971199848858813 1.8971199848858813
post 1 1.07880966137193 1.07880966137193
power 1 1.0216512475319812 1.0216512475319812
practicing 1 3.912023005428146 3.912023005428146
preacher 1 3.912023005428146 3.912023005428146
presbyterian 1 3.506557897319982 3.506557897319982
presbyterianism 1 4.605170185988092 4.605170185988092
presbytery 1 4.605170185988092 4.605170185988092
present 1 0.9675840262617057 0.9675840262617057
presented 1 1.9661128563728327 1.9661128563728327
president 1 1.3470736479666094 1.3470736479666094
press 1 0.7550225842780328 0.7550225842780328
presumably 1 3.506557897319982 3.506557897319982
primer 1 3.912023005428146 3.912023005428146
princeton 1 3.2188758248682006 3.2188758248682006
printed 1 2.659260036932778 2.659260036932778
printer 1 3.912023005428146 3.912023005428146
printexport 1 0.0 0.0
printing 1 2.995732273553991 2.995732273553991
privacy 1 0.0 0.0
pro 1 1.6607312068216509 1.6607312068216509
proceeding 0 3.2188758248682006 0.0
proclaimed 1 3.912023005428146 3.912023005428146
profile 1 2.0402208285265546 2.0402208285265546
project 0 0.0 0.0
propagating 1 4.605170185988092 4.605170185988092
proposal 0 3.506557897319982 0.0
protestant 1 2.995732273553991 2.995732273553991
prudent 1 3.912023005428146 3.912023005428146
pseudo 1 3.912023005428146 3.912023005428146
public 1 0.9675840262617057 0.9675840262617057
publication 1 1.3862943611198906 1.3862943611198906
published 1 1.3862943611198906 1.3862943611198906
purchase 1 2.407945608651872 2.407945608651872
quaker 1 3.506557897319982 3.506557897319982
quarterly 1 2.995732273553991 2.995732273553991
quest 1 2.5257286443082556 2.5257286443082556
question 1 1.7719568419318754 1.7719568419318754
rand 1 3.912023005428146 3.912023005428146
randolph 1 4.605170185988092 4.605170185988092
random 1 0.0 0.0
raymond 1 2.302585092994046 2.302585092994046
reached 1 2.302585092994046 2.302585092994046
read 1 0.0 0.0
reading 1 1.5606477482646683 1.5606477482646683
rebecca 1 2.8134107167600364 2.8134107167600364
rebirth 1 4.605170185988092 4.605170185988092
receive 1 2.207274913189721 2.207274913189721
received 1 1.1394342831883648 1.1394342831883648
recent 1 0.0 0.0
recently 1 2.302585092994046 2.302585092994046
recommenced 1 4.605170185988092 4.605170185988092
record 1 0.7765287894989963 0.7765287894989963
red 1 1.07880966137193 1.07880966137193
reeve 1 3.912023005428146 3.912023005428146
reference 0 0.03045920748470844 0.0
refers 1 3.2188758248682006 3.2188758248682006
reflist 1 0.06187540371808745 0.06187540371808745
reflistcolumns 1 0.06187540371808745 0.06187540371808745
refused 1 2.659260036932778 2.659260036932778
reg 1 0.0 0.0
regained 1 3.506557897319982 3.506557897319982
regarding 1 2.659260036932778 2.659260036932778
regent 0 3.506557897319982 0.0
registered 1 0.0 0.0
rejected 1 2.407945608651872 2.407945608651872
rejectedb 1 4.605170185988092 4.605170185988092
related 1 0.0 0.0
remain 1 2.207274913189721 2.207274913189721
remained 1 1.7719568419318754 1.7719568419318754
remaining 1 2.302585092994046 2.302585092994046
removable 1 4.605170185988092 4.605170185988092
remove 1 1.6607312068216509 1.6607312068216509
replaced 1 1.8971199848858813 1.8971199848858813
report 1 1.1086626245216111 1.1086626245216111
reported 1 1.8325814637483102 1.8325814637483102
republic 1 1.5141277326297755 1.5141277326297755
requiring 1 2.995732273553991 2.995732273553991
reservation 1 3.912023005428146 3.912023005428146
reservationsfour 1 4.605170185988092 4.605170185988092
resides 1 3.912023005428146 3.912023005428146
resign 1 3.2188758248682006 3.2188758248682006
resigned 1 2.995732273553991 2.995732273553991
retained 1 2.659260036932778 2.659260036932778
retrieved 1 0.0 0.0
return 1 1.07880966137193 1.07880966137193
returned 1 1.4271163556401458 1.4271163556401458
right 1 0.9675840262617057 0.9675840262617057
rise 1 1.8325814637483102 1.8325814637483102
roman 1 1.7719568419318754 1.7719568419318754
root 1 2.5257286443082556 2.5257286443082556
round 1 1.3862943611198906 1.3862943611198906
salary 1 4.605170185988092 4.605170185988092
samuel 1 2.302585092994046 2.302585092994046
say 0 1.7719568419318754 0.0
school 1 0.7765287894989963 0.7765287894989963
schoolteacher 1 4.605170185988092 4.605170185988092
screen 1 0.010050335853501506 0.010050335853501506
search 1 0.0 0.0
second 1 0.49429632181478017 0.49429632181478017
see 1 0.40047756659712536 0.40047756659712536
selden 1 3.912023005428146 3.912023005428146
selfdevised 1 4.605170185988092 4.605170185988092
seminary 1 3.2188758248682006 3.2188758248682006
seneca 1 4.605170185988092 4.605170185988092
sent 1 1.8971199848858813 1.8971199848858813
september 1 0.43078291609245434 0.43078291609245434
served 1 1.4696759700589417 1.4696759700589417
set 1 0.9942522733438669 0.9942522733438669
settlement 1 2.407945608651872 2.407945608651872
seven 1 1.6094379124341003 1.6094379124341003
several 1 0.8209805520698303 0.8209805520698303
severance 1 4.605170185988092 4.605170185988092
sfn 1 2.5257286443082556 2.5257286443082556
shaping 1 3.912023005428146 3.912023005428146
share 1 0.0 0.0
sheldon 1 3.2188758248682006 3.2188758248682006
short 1 0.06187540371808745 0.06187540371808745
shortdescription 1 0.2613647641344075 0.2613647641344075
shortened 1 0.0 0.0
showing 1 2.659260036932778 2.659260036932778
sidebar 1 0.0 0.0
silas 1 4.605170185988092 4.605170185988092
site 1 0.0 0.0
six 1 1.3470736479666094 1.3470736479666094
small 1 1.4271163556401458 1.4271163556401458
smithsonian 1 3.506557897319982 3.506557897319982
society 1 1.4271163556401458 1.4271163556401458
societyc 1 4.605170185988092 4.605170185988092
sometimes 1 2.302585092994046 2.302585092994046
soon 1 1.8325814637483102 1.8325814637483102
source 1 0.5798184952529422 0.5798184952529422
special 1 0.0 0.0
spelling 1 3.912023005428146 3.912023005428146
spent 1 2.407945608651872 2.407945608651872
spnd 1 4.605170185988092 4.605170185988092
spoke 1 3.2188758248682006 3.2188758248682006
square 1 2.120263536200091 2.120263536200091
staff 1 1.6607312068216509 1.6607312068216509
state 1 0.3147107448397002 0.3147107448397002
statement 1 0.0 0.0
station 1 1.8325814637483102 1.8325814637483102
statistic 0 0.0 0.0
steward 1 3.506557897319982 3.506557897319982
still 1 0.9416085398584451 0.9416085398584451
strenuously 1 4.605170185988092 4.605170185988092
strickland 1 4.605170185988092 4.605170185988092
succeeded 1 2.120263536200091 2.120263536200091
successful 1 2.0402208285265546 2.0402208285265546
summer 1 1.5141277326297755 1.5141277326297755
supervising 1 3.912023005428146 3.912023005428146
supervision 1 3.2188758248682006 3.2188758248682006
support 1 1.2729656758128876 1.2729656758128876
supported 1 1.8325814637483102 1.8325814637483102
supporting 1 2.407945608651872 2.407945608651872
surname 1 2.995732273553991 2.995732273553991
survived 1 2.8134107167600364 2.8134107167600364
suspicious 1 3.506557897319982 3.506557897319982
syracuse 1 3.912023005428146 3.912023005428146
system 1 0.9162907318741551 0.9162907318741551
table 1 0.0 0.0
talk 1 0.0 0.0
teacher 1 1.9661128563728327 1.9661128563728327
template 1 0.0 0.0
ten 1 1.5141277326297755 1.5141277326297755
term 0 0.0 0.0
territory 1 2.995732273553991 2.995732273553991
text 1 0.0 0.0
thereafter 1 3.2188758248682006 3.2188758248682006
thomas 1 1.1394342831883648 1.1394342831883648
thompson 1 2.0402208285265546 2.0402208285265546
threw 1 3.506557897319982 3.506557897319982
time 1 0.28768207245178085 0.28768207245178085
titled 1 2.5257286443082556 2.5257286443082556
toggle 1 0.010050335853501506 0.010050335853501506
tonawanda 1 4.605170185988092 4.605170185988092
took 1 1.171182981502945 1.171182981502945
tool 0 0.0 0.0
top 1 0.010050335853501506 0.010050335853501506
topic 1 0.0 0.0
total 1 0.0 0.0
tournette 1 4.605170185988092 4.605170185988092
toward 1 2.207274913189721 2.207274913189721
trademark 1 0.0 0.0
transcribed 1 4.605170185988092 4.605170185988092
transferred 1 1.9661128563728327 1.9661128563728327
treaty 1 2.5257286443082556 2.5257286443082556
tree 1 2.5257286443082556 2.5257286443082556
trippe 1 4.605170185988092 4.605170185988092
tuscarora 1 4.605170185988092 4.605170185988092
two 1 0.43078291609245434 0.43078291609245434
type 1 1.2729656758128876 1.2729656758128876
ultimately 1 2.5257286443082556 2.5257286443082556
united 1 0.4155154439616658 0.4155154439616658
university 1 0.616186139423817 0.616186139423817
unsuccessful 1 2.995732273553991 2.995732273553991
upload 1 0.0 0.0
upon 1 1.2729656758128876 1.2729656758128876
upright 1 4.605170185988092 4.605170185988092
use 1 0.0 0.0
using 1 0.0 0.0
utc 1 0.0 0.0
van 1 1.7147984280919266 1.7147984280919266
var 1 0.0 0.0
vermont 1 2.8134107167600364 2.8134107167600364
version 1 0.0 0.0
view 1 0.0 0.0
village 1 2.659260036932778 2.659260036932778
vintage 1 4.605170185988092 4.605170185988092
visit 1 2.0402208285265546 2.0402208285265546
visited 1 2.302585092994046 2.302585092994046
vol 1 1.5606477482646683 1.5606477482646683
waiting 1 3.2188758248682006 3.2188758248682006
wallace 1 2.659260036932778 2.659260036932778
walter 1 1.7147984280919266 1.7147984280919266
war 1 0.7985076962177716 0.7985076962177716
washington 1 1.2378743560016172 1.2378743560016172
watson 1 2.659260036932778 2.659260036932778
web 1 1.4696759700589417 1.4696759700589417
well 1 0.7765287894989963 0.7765287894989963
western 1 1.2039728043259361 1.2039728043259361
wheeler 1 2.995732273553991 2.995732273553991
whereas 1 2.995732273553991 2.995732273553991
white 1 1.171182981502945 1.171182981502945
wife 1 1.7719568419318754 1.7719568419318754
wikidata 1 0.010050335853501506 0.010050335853501506
wikidatath 1 4.605170185988092 4.605170185988092
wikimedia 1 0.0 0.0
wikipedia 1 0.0 0.0
william 1 1.171182981502945 1.171182981502945
witchcraft 1 4.605170185988092 4.605170185988092
witt 1 4.605170185988092 4.605170185988092
woodstock 1 4.605170185988092 4.605170185988092
work 1 0.7133498878774648 0.7133498878774648
wright 1 2.302585092994046 2.302585092994046
writing 1 1.8325814637483102 1.8325814637483102
written 1 0.9416085398584451 0.9416085398584451
wrote 1 1.3470736479666094 1.3470736479666094
year 1 0.3424903089467759 0.3424903089467759
york 1 0.8209805520698303 0.8209805520698303
young 1 1.2378743560016172 1.2378743560016172
