aaron 1 2.207274913189721 2.207274913189721
ability 1 2.302585092994046 2.302585092994046
account 1 0.0 0.0
achieved 1 2.5257286443082556 2.5257286443082556
action 0 0.0 0.0
adam 1 1.5141277326297755 1.5141277326297755
add 1 0.0 0.0
addition 1 1.3862943611198906 1.3862943611198906
additional 1 0.0 0.0
advanced 1 2.407945608651872 2.407945608651872
afca 1 3.912023005428146 3.912023005428146
age 1 0.7985076962177716 0.7985076962177716
agility 1 3.912023005428146 3.912023005428146
agree 1 0.0 0.0
alan 1 2.0402208285265546 2.0402208285265546
alike 1 0.0 0.0
allen 1 2.207274913189721 2.207274913189721
allpurpose 1 4.605170185988092 4.605170185988092
also 1 0.127833371509885 0.127833371509885
alt 1 2.995732273553991 2.995732273553991
although 1 1.4696759700589417 1.4696759700589417
amateur 1 3.506557897319982 3.506557897319982
american 1 0.5276327420823719 0.5276327420823719
andre 1 3.912023005428146 3.912023005428146
andrew 1 1.5141277326297755 1.5141277326297755
andy 1 2.5257286443082556 2.5257286443082556
angeles 1 1.6607312068216509 1.6607312068216509
anthony 1 1.5141277326297755 1.5141277326297755
antonio 1 2.659260036932778 2.659260036932778
appearance 1 0.0 0.0
appeared 1 1.8971199848858813 1.8971199848858813
apply 1 0.0 0.0
april 1 0.44628710262841953 0.44628710262841953
archived 1 0.47803580094299974 0.47803580094299974
area 1 1.2729656758128876 1.2729656758128876
arlington 1 4.605170185988092 4.605170185988092
arm 1 2.0402208285265546 2.0402208285265546
armstrong 1 2.8134107167600364 2.8134107167600364
article 1 0.0 0.0
assistant 1 1.7147984280919266 1.7147984280919266
athlete 0 3.2188758248682006 0.0
athletic 1 2.5257286443082556 2.5257286443082556
athletics 1 2.8134107167600364 2.8134107167600364
att 1 4.605170185988092 4.605170185988092
attended 1 2.120263536200091 2.120263536200091
attending 1 2.8134107167600364 2.8134107167600364
attribution 1 0.0 0.0
aurora 1 3.506557897319982 3.506557897319982
auto 1 0.1392620673335076 0.1392620673335076
available 1 0.0 0.0
avg 1 3.506557897319982 3.506557897319982
award 0 1.171182981502945 0.0
back 0 1.0216512475319812 0.0
bailey 1 2.5257286443082556 2.5257286443082556
baldwin 1 2.995732273553991 2.995732273553991
ball 1 1.8971199848858813 1.8971199848858813
barb 1 4.605170185988092 4.605170185988092
barnhardt 1 4.605170185988092 4.605170185988092
barry 1 2.8134107167600364 2.8134107167600364
basketball 1 2.659260036932778 2.659260036932778
battle 1 1.3862943611198906 1.3862943611198906
bay 1 1.6094379124341003 1.6094379124341003
beacon 1 3.2188758248682006 3.2188758248682006
bear 0 2.302585092994046 0.0
became 1 0.7133498878774648 0.7133498878774648
beebe 1 4.605170185988092 4.605170185988092
beebes 1 4.605170185988092 4.605170185988092
beeline 1 4.605170185988092 4.605170185988092
began 1 0.8675005677047231 0.8675005677047231
bennett 1 2.659260036932778 2.659260036932778
bernardo 1 3.506557897319982 3.506557897319982
berth 1 3.506557897319982 3.506557897319982
bill 0 1.171182981502945 0.0
billy 1 2.5257286443082556 2.5257286443082556
bio 1 2.995732273553991 2.995732273553991
biography 1 1.6607312068216509 1.6607312068216509
birth 0 1.1394342831883648 0.0
black 1 0.8915981192837835 0.8915981192837835
blair 1 2.5257286443082556 2.5257286443082556
blake 1 2.995732273553991 2.995732273553991
bleacher 1 4.605170185988092 4.605170185988092
bloomington 1 4.605170185988092 4.605170185988092
blue 1 1.4696759700589417 1.4696759700589417
bob 1 1.8971199848858813 1.8971199848858813
bold 1 2.407945608651872 2.407945608651872
book 1 0.6348782724359695 0.6348782724359695
born 1 1.1394342831883648 1.1394342831883648
bound 0 3.2188758248682006 0.0
bowl 1 2.8134107167600364 2.8134107167600364
bowles 1 4.605170185988092 4.605170185988092
bowlplayoffs 1 4.605170185988092 4.605170185988092
bowlrecord 1 4.605170185988092 4.605170185988092
brad 1 2.407945608651872 2.407945608651872
breaux 1 3.506557897319982 3.506557897319982
brett 1 3.912023005428146 3.912023005428146
brewer 1 3.2188758248682006 3.2188758248682006
brian 1 1.6607312068216509 1.6607312068216509
broad 1 3.2188758248682006 3.2188758248682006
brockermeyer 1 4.605170185988092 4.605170185988092
brook 0 2.659260036932778 0.0
brother 1 1.6607312068216509 1.6607312068216509
brown 1 1.6607312068216509 1.6607312068216509
bruce 1 2.120263536200091 2.120263536200091
bubba 1 3.506557897319982 3.506557897319982
buf 1 4.605170185988092 4.605170185988092
buffalo 1 2.8134107167600364 2.8134107167600364
bugbee 1 4.605170185988092 4.605170185988092
bush 1 2.5257286443082556 2.5257286443082556
butcher 1 3.506557897319982 3.506557897319982
butler 1 2.302585092994046 2.302585092994046
bynote 1 4.605170185988092 4.605170185988092
call 1 1.7719568419318754 1.7719568419318754
calling 1 2.407945608651872 2.407945608651872
calvin 1 3.912023005428146 3.912023005428146
came 1 1.6094379124341003 1.6094379124341003
campbell 1 2.207274913189721 2.207274913189721
caper 0 4.605170185988092 0.0
car 1 1.7147984280919266 1.7147984280919266
career 1 1.2729656758128876 1.2729656758128876
carl 1 2.407945608651872 2.407945608651872
carlo 1 3.506557897319982 3.506557897319982
carlton 1 3.912023005428146 3.912023005428146
carmel 1 3.912023005428146 3.912023005428146
carolina 1 1.7147984280919266 1.7147984280919266
carrier 1 3.2188758248682006 3.2188758248682006
cary 1 4.605170185988092 4.605170185988092
catavolos 1 4.605170185988092 4.605170185988092
catching 1 3.2188758248682006 3.2188758248682006
category 0 0.0 0.0
catholic 1 2.207274913189721 2.207274913189721
caught 1 2.8134107167600364 2.8134107167600364
celebrate 1 3.506557897319982 3.506557897319982
centerpx 1 0.0408219945202552 0.0408219945202552
central 1 1.07880966137193 1.07880966137193
chad 1 2.659260036932778 2.659260036932778
chadron 1 3.506557897319982 3.506557897319982
champion 1 1.3862943611198906 1.3862943611198906
championship 1 1.5606477482646683 1.5606477482646683
change 0 0.0 0.0
character 1 1.7147984280919266 1.7147984280919266
cheattom 1 4.605170185988092 4.605170185988092
chicago 1 1.8971199848858813 1.8971199848858813
chick 1 3.506557897319982 3.506557897319982
child 0 1.07880966137193 0.0
chip 1 2.8134107167600364 2.8134107167600364
chmura 1 4.605170185988092 4.605170185988092
chris 1 1.6607312068216509 1.6607312068216509
christian 1 1.4696759700589417 1.4696759700589417
chronicle 1 2.659260036932778 2.659260036932778
citation 1 0.0408219945202552 0.0408219945202552
cite 1 0.0 0.0
citeweb 1 0.5447271754416719 0.5447271754416719
clavelle 1 4.605170185988092 4.605170185988092
club 1 1.4271163556401458 1.4271163556401458
coach 1 1.7719568419318754 1.7719568419318754
coaching 1 2.995732273553991 2.995732273553991
code 1 0.0 0.0
college 1 1.1394342831883648 1.1394342831883648
collegiate 1 3.506557897319982 3.506557897319982
collins 1 2.0402208285265546 2.0402208285265546
combination 1 3.912023005428146 3.912023005428146
combine 1 3.2188758248682006 3.2188758248682006
comment 1 2.659260036932778 2.659260036932778
common 0 0.0 0.0
company 1 1.2729656758128876 1.2729656758128876
conduct 1 0.0 0.0
conference 1 1.3862943611198906 1.3862943611198906
confused 1 2.8134107167600364 2.8134107167600364
conner 1 3.912023005428146 3.912023005428146
consecutive 1 2.8134107167600364 2.8134107167600364
contact 1 0.0 0.0
content 1 0.0 0.0
context 1 0.010050335853501506 0.010050335853501506
contribute 1 0.0 0.0
contribution 0 0.0 0.0
controversial 1 2.8134107167600364 2.8134107167600364
cookie 1 0.0 0.0
cookiematch 1 0.0 0.0
coordinator 1 3.506557897319982 3.506557897319982
corp 0 2.302585092994046 0.0
cota 1 4.605170185988092 4.605170185988092
counterlistitema 1 0.127833371509885 0.127833371509885
cowboy 0 2.8134107167600364 0.0
cox 1 4.605170185988092 4.605170185988092
craig 1 2.5257286443082556 2.5257286443082556
create 1 0.0 0.0
creative 1 0.0 0.0
cromwell 1 4.605170185988092 4.605170185988092
crosby 1 3.912023005428146 3.912023005428146
crossed 1 3.506557897319982 3.506557897319982
csmaintcolorf 1 0.06187540371808745 0.06187540371808745
csmaintcolorfmedia 1 0.0408219945202552 0.0408219945202552
cswsicon 1 0.0408219945202552 0.0408219945202552
current 1 0.0 0.0
curtis 1 2.302585092994046 2.302585092994046
daily 1 1.4271163556401458 1.4271163556401458
dallas 1 3.2188758248682006 3.2188758248682006
dan 1 1.7719568419318754 1.7719568419318754
darion 1 4.605170185988092 4.605170185988092
darius 1 4.605170185988092 4.605170185988092
dash 1 3.2188758248682006 3.2188758248682006
data 1 1.3862943611198906 1.3862943611198906
date 0 0.3147107448397002 0.0
dave 1 2.302585092994046 2.302585092994046
david 1 0.9942522733438669 0.9942522733438669
davis 1 1.6607312068216509 1.6607312068216509
day 1 0.5276327420823719 0.5276327420823719
deal 1 1.8325814637483102 1.8325814637483102
december 1 0.37106368139083196 0.37106368139083196
defeating 1 2.407945608651872 2.407945608651872
defensive 1 3.2188758248682006 3.2188758248682006
deficit 1 3.912023005428146 3.912023005428146
dellenbach 1 4.605170185988092 4.605170185988092
denise 1 3.912023005428146 3.912023005428146
dennis 1 2.120263536200091 2.120263536200091
derrell 1 4.605170185988092 4.605170185988092
derrick 1 3.912023005428146 3.912023005428146
description 1 0.07257069283483537 0.07257069283483537
desmond 1 3.506557897319982 3.506557897319982
despite 1 1.1394342831883648 1.1394342831883648
deutsch 1 0.9416085398584451 0.9416085398584451
develop 1 2.659260036932778 2.659260036932778
developer 0 0.0 0.0
dewell 1 4.605170185988092 4.605170185988092
different 1 0.3424903089467759 0.3424903089467759
dino 1 4.605170185988092 4.605170185988092
directorled 1 4.605170185988092 4.605170185988092
disclaimer 0 0.0 0.0
division 1 1.2729656758128876 1.2729656758128876
dnp 1 4.605170185988092 4.605170185988092
doctor 1 1.6607312068216509 1.6607312068216509
dom 1 4.605170185988092 4.605170185988092
donald 1 2.120263536200091 2.120263536200091
donate 1 0.0 0.0
dorsey 1 4.605170185988092 4.605170185988092
dotson 1 4.605170185988092 4.605170185988092
doug 1 3.912023005428146 3.912023005428146
dowell 1 2.995732273553991 2.995732273553991
download 1 0.0 0.0
draft 1 2.5257286443082556 2.5257286443082556
drafted 1 3.506557897319982 3.506557897319982
drill 0 4.605170185988092 0.0
dtaftercontent 1 0.127833371509885 0.127833371509885
due 1 0.9416085398584451 0.9416085398584451
duncan 1 3.2188758248682006 3.2188758248682006
dwight 1 3.912023005428146 3.912023005428146
eagle 0 1.9661128563728327 0.0
earl 1 2.659260036932778 2.659260036932778
earlier 1 1.8971199848858813 1.8971199848858813
early 1 0.6348782724359695 0.6348782724359695
edgar 1 2.659260036932778 2.659260036932778
eleven 1 2.207274913189721 2.207274913189721
elliott 1 2.8134107167600364 2.8134107167600364
emerson 1 3.2188758248682006 3.2188758248682006
encyclopedia 1 0.0 0.0
end 1 0.7985076962177716 0.7985076962177716
ended 1 2.0402208285265546 2.0402208285265546
english 1 0.0 0.0
er 0 3.506557897319982 0.0
eric 1 1.8971199848858813 1.8971199848858813
espn 1 3.506557897319982 3.506557897319982
essential 0 2.5257286443082556 0.0
eugene 1 2.659260036932778 2.659260036932778
evans 1 2.207274913189721 2.207274913189721
event 0 0.0 0.0
every 1 1.4271163556401458 1.4271163556401458
exp 1 0.0 0.0
external 1 0.44628710262841953 0.44628710262841953
extra 1 2.8134107167600364 2.8134107167600364
facing 1 3.506557897319982 3.506557897319982
faith 1 1.9661128563728327 1.9661128563728327
fame 1 2.207274913189721 2.207274913189721
fan 1 1.7147984280919266 1.7147984280919266
fangio 1 4.605170185988092 4.605170185988092
faryniarz 1 4.605170185988092 4.605170185988092
favre 1 4.605170185988092 4.605170185988092
feature 1 1.4696759700589417 1.4696759700589417
february 1 0.27443684570176036 0.27443684570176036
fell 1 2.5257286443082556 2.5257286443082556
field 1 1.0498221244986776 1.0498221244986776
fighting 1 2.207274913189721 2.207274913189721
file 1 0.0 0.0
film 1 1.4696759700589417 1.4696759700589417
final 0 0.9942522733438669 0.0
finished 1 2.0402208285265546 2.0402208285265546
finishing 1 2.407945608651872 2.407945608651872
fire 0 1.7147984280919266 0.0
fired 1 2.995732273553991 2.995732273553991
first 1 0.1508228897345837 0.1508228897345837
five 1 1.0216512475319812 1.0216512475319812
flanagan 1 3.506557897319982 3.506557897319982
following 1 0.7133498878774648 0.7133498878774648
football 1 1.8325814637483102 1.8325814637483102
forcing 1 3.506557897319982 3.506557897319982
former 1 0.9675840262617057 0.9675840262617057
forward 1 2.207274913189721 2.207274913189721
foundation 1 0.0 0.0
founded 1 1.7147984280919266 1.7147984280919266
four 1 0.7985076962177716 0.7985076962177716
fourth 1 1.4696759700589417 1.4696759700589417
fox 1 2.407945608651872 2.407945608651872
frac 1 4.605170185988092 4.605170185988092
franchise 1 2.207274913189721 2.207274913189721
francisco 1 1.7719568419318754 1.7719568419318754
frank 1 1.7147984280919266 1.7147984280919266
fred 1 2.5257286443082556 2.5257286443082556
free 1 0.0 0.0
freeman 1 3.2188758248682006 3.2188758248682006
fritz 1 3.506557897319982 3.506557897319982
fumble 1 4.605170185988092 4.605170185988092
fusion 1 3.912023005428146 3.912023005428146
gabe 1 3.506557897319982 3.506557897319982
game 1 1.2378743560016172 1.2378743560016172
garcia 1 2.8134107167600364 2.8134107167600364
gary 1 2.120263536200091 2.120263536200091
gene 1 2.995732273553991 2.995732273553991
general 1 0.0 0.0
george 1 1.07880966137193 1.07880966137193
gerald 1 2.407945608651872 2.407945608651872
get 1 0.0 0.0
gil 1 3.506557897319982 3.506557897319982
gilbert 1 2.995732273553991 2.995732273553991
gilkey 1 4.605170185988092 4.605170185988092
given 1 1.2378743560016172 1.2378743560016172
goal 1 1.8971199848858813 1.8971199848858813
godette 1 4.605170185988092 4.605170185988092
got 1 2.302585092994046 2.302585092994046
graduating 1 3.2188758248682006 3.2188758248682006
graham 1 2.659260036932778 2.659260036932778
greatest 1 2.8134107167600364 2.8134107167600364
green 1 1.171182981502945 1.171182981502945
greg 1 2.302585092994046 2.302585092994046
griffith 1 2.995732273553991 2.995732273553991
guard 1 2.0402208285265546 2.0402208285265546
guliford 1 4.605170185988092 4.605170185988092
hale 1 3.506557897319982 3.506557897319982
hall 1 1.3470736479666094 1.3470736479666094
haller 1 4.605170185988092 4.605170185988092
hand 1 1.3862943611198906 1.3862943611198906
harris 1 2.302585092994046 2.302585092994046
harry 1 2.120263536200091 2.120263536200091
harvey 1 2.995732273553991 2.995732273553991
haskell 1 4.605170185988092 4.605170185988092
hatnote 1 0.843970070294529 0.843970070294529
hayes 1 2.5257286443082556 2.5257286443082556
he 0 2.995732273553991 0.0
head 1 1.1086626245216111 1.1086626245216111
healong 1 4.605170185988092 4.605170185988092
height 1 3.506557897319982 3.506557897319982
held 1 1.171182981502945 1.171182981502945
help 1 0.0 0.0
henderson 1 2.5257286443082556 2.5257286443082556
hentrich 1 4.605170185988092 4.605170185988092
herald 1 1.8971199848858813 1.8971199848858813
hidden 1 0.010050335853501506 0.010050335853501506
hide 1 0.0 0.0
high 1 0.9416085398584451 0.9416085398584451
highlight 0 2.407945608651872 0.0
hill 1 1.2039728043259361 1.2039728043259361
hired 1 2.8134107167600364 2.8134107167600364
history 1 0.0 0.0
hlist 1 0.127833371509885 0.127833371509885
hlistinline 1 0.127833371509885 0.127833371509885
hold 0 1.3470736479666094 0.0
holding 1 2.207274913189721 2.207274913189721
holland 1 2.8134107167600364 2.8134107167600364
hollinquest 1 4.605170185988092 4.605170185988092
holmgren 1 4.605170185988092 4.605170185988092
house 1 1.0216512475319812 1.0216512475319812
houseof 1 3.506557897319982 3.506557897319982
houston 1 1.9661128563728327 1.9661128563728327
howard 1 2.120263536200091 2.120263536200091
however 1 0.6931471805599453 0.6931471805599453
hurt 0 2.5257286443082556 0.0
hustle 1 3.912023005428146 3.912023005428146
icon 1 3.506557897319982 3.506557897319982
idlockfree 1 0.0408219945202552 0.0408219945202552
idlockfreeidlockfree 1 0.0408219945202552 0.0408219945202552
idlocklimited 1 0.0408219945202552 0.0408219945202552
idlockregistration 1 0.0408219945202552 0.0408219945202552
idlocksubscription 1 0.0408219945202552 0.0408219945202552
ihsa 1 4.605170185988092 4.605170185988092
iii 1 1.7147984280919266 1.7147984280919266
illini 1 3.912023005428146 3.912023005428146
illinois 1 2.659260036932778 2.659260036932778
impressive 1 4.605170185988092 4.605170185988092
inaugural 1 2.995732273553991 2.995732273553991
inc 1 0.0 0.0
including 1 0.7133498878774648 0.7133498878774648
indoor 1 3.506557897319982 3.506557897319982
inducted 1 3.912023005428146 3.912023005428146
infobox 1 0.3011050927839216 0.3011050927839216
infoboxtable 1 0.3147107448397002 0.3147107448397002
information 1 0.0 0.0
injury 1 2.659260036932778 2.659260036932778
inm 1 4.605170185988092 4.605170185988092
insurmountable 1 4.605170185988092 4.605170185988092
item 1 0.010050335853501506 0.010050335853501506
jack 1 1.4696759700589417 1.4696759700589417
jacke 1 4.605170185988092 4.605170185988092
jackson 1 1.9661128563728327 1.9661128563728327
january 1 0.3424903089467759 0.3424903089467759
jay 1 2.5257286443082556 2.5257286443082556
jeff 1 1.8325814637483102 1.8325814637483102
jeremy 1 2.407945608651872 2.407945608651872
jervey 1 4.605170185988092 4.605170185988092
jim 1 1.4696759700589417 1.4696759700589417
joe 1 1.5141277326297755 1.5141277326297755
john 1 0.49429632181478017 0.49429632181478017
johnny 1 1.9661128563728327 1.9661128563728327
johnson 1 1.6094379124341003 1.6094379124341003
jones 1 1.5141277326297755 1.5141277326297755
jordan 1 1.7147984280919266 1.7147984280919266
july 1 0.43078291609245434 0.43078291609245434
jump 1 0.0 0.0
kalb 1 3.912023005428146 3.912023005428146
kaneland 1 4.605170185988092 4.605170185988092
kasay 1 4.605170185988092 4.605170185988092
keith 1 2.407945608651872 2.407945608651872
ken 1 2.407945608651872 2.407945608651872
kenzie 1 2.995732273553991 2.995732273553991
kerry 1 2.995732273553991 2.995732273553991
kevin 1 1.5606477482646683 1.5606477482646683
kick 1 2.8134107167600364 2.8134107167600364
kickoff 1 4.605170185988092 4.605170185988092
killop 1 4.605170185988092 4.605170185988092
king 1 1.3093333199837622 1.3093333199837622
knapp 1 3.912023005428146 3.912023005428146
knocked 1 2.995732273553991 2.995732273553991
know 0 1.7147984280919266 0.0
known 1 0.7985076962177716 0.7985076962177716
kolesar 1 4.605170185988092 4.605170185988092
koonce 1 4.605170185988092 4.605170185988092
kragen 1 4.605170185988092 4.605170185988092
kuberski 1 4.605170185988092 4.605170185988092
kyer 1 4.605170185988092 4.605170185988092
kyle 1 2.120263536200091 2.120263536200091
lamar 1 3.2188758248682006 3.2188758248682006
lamont 1 4.605170185988092 4.605170185988092
language 0 0.0 0.0
larry 1 2.207274913189721 2.207274913189721
last 1 0.0 0.0
later 1 0.5621189181535412 0.5621189181535412
lathon 1 4.605170185988092 4.605170185988092
lawyer 1 2.120263536200091 2.120263536200091
lbkg 1 4.605170185988092 4.605170185988092
league 1 1.3470736479666094 1.3470736479666094
learn 1 0.0 0.0
leatherneck 0 4.605170185988092 0.0
led 1 1.07880966137193 1.07880966137193
lee 1 1.6607312068216509 1.6607312068216509
legend 1 1.8325814637483102 1.8325814637483102
length 1 1.7719568419318754 1.7719568419318754
leon 1 2.659260036932778 2.659260036932778
lett 1 4.605170185988092 4.605170185988092
lettered 1 4.605170185988092 4.605170185988092
letts 1 3.912023005428146 3.912023005428146
levens 1 4.605170185988092 4.605170185988092
lewis 1 1.8325814637483102 1.8325814637483102
liaftercontent 1 0.127833371509885 0.127833371509885
license 1 0.0 0.0
life 1 0.5447271754416719 0.5447271754416719
lind 1 3.506557897319982 3.506557897319982
lindsay 1 2.8134107167600364 2.8134107167600364
line 1 1.4696759700589417 1.4696759700589417
link 1 0.0 0.0
listing 1 2.407945608651872 2.407945608651872
living 1 1.07880966137193 1.07880966137193
llc 1 3.912023005428146 3.912023005428146
lng 1 3.912023005428146 3.912023005428146
location 0 1.171182981502945 0.0
lofton 1 4.605170185988092 4.605170185988092
log 1 0.0 0.0
logged 1 0.0 0.0
loose 1 3.2188758248682006 3.2188758248682006
los 1 1.5141277326297755 1.5141277326297755
losing 1 2.120263536200091 2.120263536200091
lost 1 1.171182981502945 1.171182981502945
lovat 1 4.605170185988092 4.605170185988092
love 1 1.4271163556401458 1.4271163556401458
made 1 0.653926467406664 0.653926467406664
mahon 1 3.2188758248682006 3.2188758248682006
main 1 0.0 0.0
major 1 1.1086626245216111 1.1086626245216111
majority 1 1.8971199848858813 1.8971199848858813
making 1 1.6607312068216509 1.6607312068216509
male 1 1.6607312068216509 1.6607312068216509
maple 1 3.506557897319982 3.506557897319982
march 1 0.3147107448397002 0.3147107448397002
marco 1 2.5257286443082556 2.5257286443082556
mark 1 1.1394342831883648 1.1394342831883648
marquez 1 4.605170185988092 4.605170185988092
marshall 1 2.407945608651872 2.407945608651872
martin 1 1.3470736479666094 1.3470736479666094
marty 1 3.506557897319982 3.506557897319982
matt 1 1.8325814637483102 1.8325814637483102
maurice 1 2.407945608651872 2.407945608651872
max 1 2.302585092994046 2.302585092994046
maxie 1 4.605170185988092 4.605170185988092
may 1 0.0 0.0
mayes 1 4.605170185988092 4.605170185988092
mdy 1 1.3862943611198906 1.3862943611198906
measurables 1 4.605170185988092 4.605170185988092
medium 0 0.49429632181478017 0.0
member 1 0.6733445532637655 0.6733445532637655
memorable 1 3.506557897319982 3.506557897319982
memory 0 2.207274913189721 0.0
men 0 1.2039728043259361 0.0
menu 1 0.0 0.0
merron 1 4.605170185988092 4.605170185988092
metzelaars 1 4.605170185988092 4.605170185988092
michael 1 1.171182981502945 1.171182981502945
michels 1 4.605170185988092 4.605170185988092
mickens 1 4.605170185988092 4.605170185988092
mike 1 1.6094379124341003 1.6094379124341003
mill 0 2.302585092994046 0.0
minnesota 1 2.0402208285265546 2.0402208285265546
miss 1 2.302585092994046 2.302585092994046
missed 1 3.506557897319982 3.506557897319982
missing 1 1.8971199848858813 1.8971199848858813
mitchell 1 2.302585092994046 2.302585092994046
mobile 1 0.0 0.0
moment 0 2.302585092994046 0.0
monday 1 2.8134107167600364 2.8134107167600364
moore 1 2.120263536200091 2.120263536200091
mornhinweg 1 4.605170185988092 4.605170185988092
morton 1 2.659260036932778 2.659260036932778
move 1 0.0 0.0
movie 1 1.7719568419318754 1.7719568419318754
moving 1 2.407945608651872 2.407945608651872
mullen 1 3.912023005428146 3.912023005428146
mvp 1 3.2188758248682006 3.2188758248682006
nally 1 4.605170185988092 4.605170185988092
named 1 1.2039728043259361 1.2039728043259361
nate 1 3.2188758248682006 3.2188758248682006
national 1 0.5108256237659907 0.5108256237659907
navbar 1 0.23572233352106994 0.23572233352106994
navbarfontsizemedia 1 0.3147107448397002 0.3147107448397002
navbarmini 1 0.23572233352106994 0.23572233352106994
navbox 1 0.1392620673335076 0.1392620673335076
navboximage 1 0.1392620673335076 0.1392620673335076
navboxsubgroup 1 0.1392620673335076 0.1392620673335076
navboxtitle 1 0.1392620673335076 0.1392620673335076
navigation 1 0.0 0.0
ncaa 1 2.5257286443082556 2.5257286443082556
nebraska 1 2.5257286443082556 2.5257286443082556
new 1 0.24846135929849972 0.24846135929849972
news 1 0.843970070294529 0.843970070294529
newsome 1 4.605170185988092 4.605170185988092
nfl 1 2.995732273553991 2.995732273553991
nflbiography 1 4.605170185988092 4.605170185988092
nflcom 1 4.605170185988092 4.605170185988092
nflcombineresultscom 1 4.605170185988092 4.605170185988092
nine 1 1.7719568419318754 1.7719568419318754
nolan 1 3.912023005428146 3.912023005428146
nonprofit 1 0.0 0.0
northern 1 1.3093333199837622 1.3093333199837622
november 1 0.3011050927839216 0.3011050927839216
nowhere 1 3.912023005428146 3.912023005428146
nunley 1 4.605170185988092 4.605170185988092
oberhelman 1 4.605170185988092 4.605170185988092
occurred 1 2.407945608651872 2.407945608651872
october 1 0.28768207245178085 0.28768207245178085
official 1 0.7550225842780328 0.7550225842780328
often 1 1.6607312068216509 1.6607312068216509
ollibeforecontent 1 0.127833371509885 0.127833371509885
one 1 0.23572233352106994 0.23572233352106994
operation 0 1.7147984280919266 0.0
opposing 1 3.2188758248682006 3.2188758248682006
organization 1 0.0 0.0
organizationname 1 0.010050335853501506 0.010050335853501506
original 1 0.4155154439616658 0.4155154439616658
overall 1 1.8325814637483102 1.8325814637483102
overtime 1 2.995732273553991 2.995732273553991
packer 1 3.912023005428146 3.912023005428146
page 1 0.0 0.0
pagetype 1 1.2729656758128876 1.2729656758128876
panther 0 3.2188758248682006 0.0
park 1 1.3093333199837622 1.3093333199837622
part 1 0.6348782724359695 0.6348782724359695
pas 1 2.5257286443082556 2.5257286443082556
pass 0 2.407945608651872 0.0
pat 1 2.5257286443082556 2.5257286443082556
paul 1 0.8675005677047231 0.8675005677047231
pdfprintable 1 0.0 0.0
pederson 1 4.605170185988092 4.605170185988092
pendry 1 4.605170185988092 4.605170185988092
people 1 0.49429632181478017 0.49429632181478017
percy 1 3.506557897319982 3.506557897319982
performance 1 1.7719568419318754 1.7719568419318754
permanent 1 0.0 0.0
personal 1 0.0 0.0
pete 1 2.8134107167600364 2.8134107167600364
peterson 1 3.506557897319982 3.506557897319982
philyaw 1 4.605170185988092 4.605170185988092
pick 1 2.407945608651872 2.407945608651872
play 1 1.2039728043259361 1.2039728043259361
played 1 1.3862943611198906 1.3862943611198906
player 1 1.6094379124341003 1.6094379124341003
plus 1 2.8134107167600364 2.8134107167600364
point 1 1.2729656758128876 1.2729656758128876
policy 1 0.0 0.0
ponx 1 4.605170185988092 4.605170185988092
poole 1 3.506557897319982 3.506557897319982
pope 1 2.8134107167600364 2.8134107167600364
portal 1 0.0 0.0
portugus 1 1.171182981502945 1.171182981502945
position 1 1.1394342831883648 1.1394342831883648
posted 1 2.995732273553991 2.995732273553991
postseason 1 3.2188758248682006 3.2188758248682006
predraft 1 4.605170185988092 4.605170185988092
prematurely 1 4.605170185988092 4.605170185988092
prep 0 3.912023005428146 0.0
present 1 0.9675840262617057 0.9675840262617057
presumably 1 3.506557897319982 3.506557897319982
prevented 1 3.912023005428146 3.912023005428146
preventing 1 3.912023005428146 3.912023005428146
previously 1 1.8971199848858813 1.8971199848858813
price 1 1.9661128563728327 1.9661128563728327
primarily 1 2.407945608651872 2.407945608651872
printbodyns 1 0.09431067947124142 0.09431067947124142
printexport 1 0.0 0.0
prior 1 1.8325814637483102 1.8325814637483102
privacy 1 0.0 0.0
pro 1 1.6607312068216509 1.6607312068216509
professional 1 1.6607312068216509 1.6607312068216509
project 1 0.0 0.0
prospect 0 2.407945608651872 0.0
pursued 1 3.506557897319982 3.506557897319982
pxpx 1 2.995732273553991 2.995732273553991
quarter 1 2.995732273553991 2.995732273553991
quarterfinal 1 2.407945608651872 2.407945608651872
ra 0 3.912023005428146 0.0
rabold 1 4.605170185988092 4.605170185988092
ram 0 2.995732273553991 0.0
ran 1 2.0402208285265546 2.0402208285265546
random 1 0.0 0.0
randy 1 2.8134107167600364 2.8134107167600364
rasby 1 4.605170185988092 4.605170185988092
rasfootball 1 4.605170185988092 4.605170185988092
ravaging 1 4.605170185988092 4.605170185988092
read 1 0.0 0.0
rec 1 4.605170185988092 4.605170185988092
receiver 1 4.605170185988092 4.605170185988092
receiving 1 1.8971199848858813 1.8971199848858813
recent 1 0.0 0.0
reception 1 1.8971199848858813 1.8971199848858813
recognition 1 2.5257286443082556 2.5257286443082556
record 1 0.7765287894989963 0.7765287894989963
recovered 1 3.506557897319982 3.506557897319982
recovery 1 3.2188758248682006 3.2188758248682006
recruiter 0 4.605170185988092 0.0
reed 1 2.659260036932778 2.659260036932778
referee 0 2.8134107167600364 0.0
reference 1 0.03045920748470844 0.03045920748470844
referencecom 1 3.912023005428146 3.912023005428146
reflist 1 0.06187540371808745 0.06187540371808745
reflistcolumns 1 0.06187540371808745 0.06187540371808745
reg 1 0.0 0.0
reggie 1 3.912023005428146 3.912023005428146
registered 1 0.0 0.0
regular 1 1.5606477482646683 1.5606477482646683
reich 1 3.912023005428146 3.912023005428146
reid 1 2.659260036932778 2.659260036932778
related 1 0.0 0.0
relentless 1 3.912023005428146 3.912023005428146
renamed 1 2.5257286443082556 2.5257286443082556
renovated 1 3.912023005428146 3.912023005428146
replacing 1 2.8134107167600364 2.8134107167600364
replay 0 3.912023005428146 0.0
report 1 1.1086626245216111 1.1086626245216111
result 0 0.9942522733438669 0.0
ret 1 4.605170185988092 4.605170185988092
retirement 1 2.207274913189721 2.207274913189721
retrieved 1 0.0 0.0
return 1 1.07880966137193 1.07880966137193
returned 1 1.4271163556401458 1.4271163556401458
review 1 1.07880966137193 1.07880966137193
reynolds 1 2.5257286443082556 2.5257286443082556
rich 1 2.207274913189721 2.207274913189721
richard 1 1.1394342831883648 1.1394342831883648
rick 1 2.207274913189721 2.207274913189721
right 1 0.9675840262617057 0.9675840262617057
ring 0 1.8971199848858813 0.0
rison 1 4.605170185988092 4.605170185988092
rivera 1 3.912023005428146 3.912023005428146
robert 1 0.8675005677047231 0.8675005677047231
robinson 1 2.120263536200091 2.120263536200091
rod 1 2.995732273553991 2.995732273553991
rodenhauser 1 4.605170185988092 4.605170185988092
roderick 1 4.605170185988092 4.605170185988092
roman 1 1.7719568419318754 1.7719568419318754
ron 1 2.5257286443082556 2.5257286443082556
roster 1 2.8134107167600364 2.8134107167600364
round 1 1.3862943611198906 1.3862943611198906
row 0 2.302585092994046 0.0
roy 1 2.120263536200091 2.120263536200091
royal 1 1.8325814637483102 1.8325814637483102
rubin 1 3.912023005428146 3.912023005428146
ruettgers 1 4.605170185988092 4.605170185988092
ruled 1 2.8134107167600364 2.8134107167600364
run 1 1.171182981502945 1.171182981502945
runnerup 1 3.506557897319982 3.506557897319982
rushed 1 3.2188758248682006 3.2188758248682006
rushing 1 4.605170185988092 4.605170185988092
sam 1 2.8134107167600364 2.8134107167600364
san 1 1.2378743560016172 1.2378743560016172
sander 0 2.995732273553991 0.0
santana 1 3.506557897319982 3.506557897319982
schoenfield 1 4.605170185988092 4.605170185988092
school 1 0.7765287894989963 0.7765287894989963
schwab 1 3.912023005428146 3.912023005428146
score 1 1.6607312068216509 1.6607312068216509
scored 1 2.302585092994046 2.302585092994046
scott 1 1.2729656758128876 1.2729656758128876
screen 1 0.010050335853501506 0.010050335853501506
sean 1 2.302585092994046 2.302585092994046
search 1 0.0 0.0
season 1 1.1394342831883648 1.1394342831883648
second 1 0.49429632181478017 0.49429632181478017
secondleading 1 4.605170185988092 4.605170185988092
seely 1 4.605170185988092 4.605170185988092
selected 1 2.207274913189721 2.207274913189721
selection 0 2.5257286443082556 0.0
selin 1 4.605170185988092 4.605170185988092
senior 1 2.0402208285265546 2.0402208285265546
set 1 0.9942522733438669 0.9942522733438669
setting 1 2.120263536200091 2.120263536200091
several 1 0.8209805520698303 0.8209805520698303
shannon 1 2.5257286443082556 2.5257286443082556
share 1 0.0 0.0
shawn 1 2.659260036932778 2.659260036932778
sherman 1 2.995732273553991 2.995732273553991
shoop 1 4.605170185988092 4.605170185988092
short 1 0.06187540371808745 0.06187540371808745
shortdescription 1 0.2613647641344075 0.2613647641344075
shortened 1 0.0 0.0
show 1 1.0498221244986776 1.0498221244986776
shurmur 1 4.605170185988092 4.605170185988092
shuttle 1 3.912023005428146 3.912023005428146
side 1 1.4271163556401458 1.4271163556401458
sidebar 1 0.0 0.0
sided 1 3.912023005428146 3.912023005428146
simmons 1 3.506557897319982 3.506557897319982
since 1 0.7985076962177716 0.7985076962177716
singleseason 1 4.605170185988092 4.605170185988092
site 1 0.0 0.0
six 1 1.3470736479666094 1.3470736479666094
smith 1 1.2039728043259361 1.2039728043259361
snell 1 4.605170185988092 4.605170185988092
sole 1 2.659260036932778 2.659260036932778
solid 1 0.09431067947124142 0.09431067947124142
son 1 1.3093333199837622 1.3093333199837622
span 1 3.2188758248682006 3.2188758248682006
spartan 0 3.2188758248682006 0.0
special 1 0.0 0.0
specializes 1 3.912023005428146 3.912023005428146
speed 1 2.302585092994046 2.302585092994046
speedcom 1 4.605170185988092 4.605170185988092
speedsports 1 4.605170185988092 4.605170185988092
split 1 2.407945608651872 2.407945608651872
sport 0 1.1394342831883648 0.0
sportsman 0 3.2188758248682006 0.0
sprintersthcentury 1 4.605170185988092 4.605170185988092
stadium 1 2.0402208285265546 2.0402208285265546
staff 1 1.6607312068216509 1.6607312068216509
standing 1 1.8971199848858813 1.8971199848858813
standout 1 3.912023005428146 3.912023005428146
state 1 0.3147107448397002 0.3147107448397002
statement 1 0.0 0.0
statistic 0 0.0 0.0
stats 1 3.2188758248682006 3.2188758248682006
steele 1 3.912023005428146 3.912023005428146
step 0 2.120263536200091 0.0
stepping 1 4.605170185988092 4.605170185988092
steve 1 1.8971199848858813 1.8971199848858813
still 1 0.9416085398584451 0.9416085398584451
stone 1 1.8971199848858813 1.8971199848858813
straight 1 2.5257286443082556 2.5257286443082556
streaked 1 3.912023005428146 3.912023005428146
stumbled 1 4.605170185988092 4.605170185988092
subsection 1 0.3424903089467759 0.3424903089467759
succeeded 1 2.120263536200091 2.120263536200091
super 1 2.302585092994046 2.302585092994046
supp 1 4.605170185988092 4.605170185988092
sydney 1 2.5257286443082556 2.5257286443082556
table 1 0.0 0.0
tablenotnotheme 1 2.302585092994046 2.302585092994046
tackle 1 3.2188758248682006 3.2188758248682006
tagged 1 3.912023005428146 3.912023005428146
talk 1 0.0 0.0
taylor 1 1.7719568419318754 1.7719568419318754
tdhlist 1 0.1392620673335076 0.1392620673335076
team 1 1.0498221244986776 1.0498221244986776
template 1 0.0 0.0
term 0 0.0 0.0
terrell 1 4.605170185988092 4.605170185988092
terry 1 2.407945608651872 2.407945608651872
texan 0 4.605170185988092 0.0
text 1 0.0 0.0
thbodyskinresponsive 1 0.3147107448397002 0.3147107448397002
third 1 0.9162907318741551 0.9162907318741551
thomas 1 1.1394342831883648 1.1394342831883648
thomason 1 4.605170185988092 4.605170185988092
three 1 0.5798184952529422 0.5798184952529422
tillman 1 4.605170185988092 4.605170185988092
tim 1 1.6607312068216509 1.6607312068216509
time 1 0.28768207245178085 0.28768207245178085
timmerman 1 3.912023005428146 3.912023005428146
title 1 0.9162907318741551 0.9162907318741551
titled 1 2.5257286443082556 2.5257286443082556
today 1 1.4696759700589417 1.4696759700589417
todd 1 2.5257286443082556 2.5257286443082556
toggle 1 0.010050335853501506 0.010050335853501506
tolono 1 4.605170185988092 4.605170185988092
tom 1 1.2378743560016172 1.2378743560016172
tommy 1 2.5257286443082556 2.5257286443082556
tool 0 0.0 0.0
top 1 0.010050335853501506 0.010050335853501506
topic 1 0.0 0.0
total 1 0.0 0.0
touchback 1 4.605170185988092 4.605170185988092
touchdown 1 4.605170185988092 4.605170185988092
toward 1 2.207274913189721 2.207274913189721
track 1 1.7719568419318754 1.7719568419318754
trademark 1 0.0 0.0
training 1 1.6094379124341003 1.6094379124341003
transferred 1 1.9661128563728327 1.9661128563728327
travis 1 2.659260036932778 2.659260036932778
tribune 1 1.9661128563728327 1.9661128563728327
trudeau 1 3.912023005428146 3.912023005428146
tst 1 4.605170185988092 4.605170185988092
turner 1 2.207274913189721 2.207274913189721
two 1 0.43078291609245434 0.43078291609245434
tyrone 1 3.912023005428146 3.912023005428146
ulpaddingem 1 0.1392620673335076 0.1392620673335076
ultimately 1 2.5257286443082556 2.5257286443082556
unity 1 2.659260036932778 2.659260036932778
university 1 0.616186139423817 0.616186139423817
unknown 1 2.207274913189721 2.207274913189721
upload 1 0.0 0.0
use 1 0.0 0.0
usheightft 1 3.912023005428146 3.912023005428146
using 1 0.0 0.0
utc 1 0.0 0.0
valesente 1 4.605170185988092 4.605170185988092
value 0 1.9661128563728327 0.0
var 1 0.0 0.0
verderame 1 4.605170185988092 4.605170185988092
verne 1 4.605170185988092 4.605170185988092
version 1 0.0 0.0
vertical 1 3.912023005428146 3.912023005428146
vic 1 3.2188758248682006 3.2188758248682006
victory 1 1.6094379124341003 1.6094379124341003
video 1 1.3862943611198906 1.3862943611198906
view 1 0.0 0.0
viking 0 2.995732273553991 0.0
vince 1 2.995732273553991 2.995732273553991
volleyball 1 3.2188758248682006 3.2188758248682006
vte 1 0.7550225842780328 0.7550225842780328
wachholtz 1 4.605170185988092 4.605170185988092
walsh 1 2.302585092994046 2.302585092994046
walter 1 1.7147984280919266 1.7147984280919266
wayne 1 2.302585092994046 2.302585092994046
website 1 1.6094379124341003 1.6094379124341003
weight 1 2.120263536200091 2.120263536200091
weightlb 1 3.506557897319982 3.506557897319982
well 1 0.7765287894989963 0.7765287894989963
went 1 1.5141277326297755 1.5141277326297755
western 1 1.2039728043259361 1.2039728043259361
white 1 1.171182981502945 1.171182981502945
whitley 1 4.605170185988092 4.605170185988092
wide 1 2.5257286443082556 2.5257286443082556
wikidata 1 0.010050335853501506 0.010050335853501506
wikimedia 1 0.0 0.0
wikipedia 1 0.0 0.0
wilkerson 1 4.605170185988092 4.605170185988092
wilkins 1 3.912023005428146 3.912023005428146
william 1 1.171182981502945 1.171182981502945
williams 1 1.8971199848858813 1.8971199848858813
williamson 1 3.912023005428146 3.912023005428146
willie 1 3.2188758248682006 3.2188758248682006
win 1 1.1086626245216111 1.1086626245216111
winning 1 1.8971199848858813 1.8971199848858813
winter 0 1.8325814637483102 0.0
without 1 1.3093333199837622 1.3093333199837622
wojciechowski 1 4.605170185988092 4.605170185988092
work 0 0.7133498878774648 0.0
workman 1 3.506557897319982 3.506557897319982
would 1 0.7550225842780328 0.7550225842780328
wrote 1 1.3470736479666094 1.3470736479666094
xxv 1 3.912023005428146 3.912023005428146
xxvi 1 4.605170185988092 4.605170185988092
xxvii 1 4.605170185988092 4.605170185988092
xxviii 1 4.605170185988092 4.605170185988092
xxxi 1 4.605170185988092 4.605170185988092
xxxii 1 4.605170185988092 4.605170185988092
yard 1 3.506557897319982 3.506557897319982
yds 1 4.605170185988092 4.605170185988092
year 1 0.3424903089467759 0.3424903089467759
young 1 1.2378743560016172 1.2378743560016172
zgonina 1 4.605170185988092 4.605170185988092
zone 1 2.407945608651872 2.407945608651872
