aabborderleftpx 1 1.6607312068216509 1.6607312068216509
account 1 0.0 0.0
accuracy 1 4.605170185988092 4.605170185988092
across 1 1.8325814637483102 1.8325814637483102
action 0 0.0 0.0
actively 1 3.506557897319982 3.506557897319982
adb 1 3.912023005428146 3.912023005428146
add 1 0.0 0.0
additional 1 0.0 0.0
affair 0 1.6094379124341003 0.0
afghan 1 4.605170185988092 4.605170185988092
afghanistan 1 2.995732273553991 2.995732273553991
africa 1 2.5257286443082556 2.5257286443082556
age 1 0.7985076962177716 0.7985076962177716
aggression 1 3.912023005428146 3.912023005428146
agree 1 0.0 0.0
agricultural 1 3.506557897319982 3.506557897319982
ahmed 1 3.2188758248682006 3.2188758248682006
aid 1 2.0402208285265546 2.0402208285265546
akhter 1 4.605170185988092 4.605170185988092
algeria 1 3.912023005428146 3.912023005428146
ali 1 2.995732273553991 2.995732273553991
aligned 1 3.506557897319982 3.506557897319982
alike 1 0.0 0.0
alliance 1 1.8971199848858813 1.8971199848858813
along 1 1.4696759700589417 1.4696759700589417
also 1 0.127833371509885 0.127833371509885
altering 1 3.912023005428146 3.912023005428146
ambox 1 1.6607312068216509 1.6607312068216509
amboxborderpx 1 1.6607312068216509 1.6607312068216509
amboxmargin 1 1.6607312068216509 1.6607312068216509
america 0 0.8675005677047231 0.0
among 1 1.2378743560016172 1.2378743560016172
amount 0 2.5257286443082556 0.0
amp 1 0.4620354595965586 0.4620354595965586
anand 1 3.912023005428146 3.912023005428146
ancestry 1 3.912023005428146 3.912023005428146
ancient 1 2.302585092994046 2.302585092994046
anglo 1 3.2188758248682006 3.2188758248682006
another 1 0.9675840262617057 0.9675840262617057
anthony 1 1.5141277326297755 1.5141277326297755
appearance 1 0.0 0.0
apply 1 0.0 0.0
april 1 0.44628710262841953 0.44628710262841953
arab 1 3.2188758248682006 3.2188758248682006
arabia 1 2.995732273553991 2.995732273553991
archived 1 0.47803580094299974 0.47803580094299974
area 0 1.2729656758128876 0.0
argentina 1 2.659260036932778 2.659260036932778
arnold 1 2.5257286443082556 2.5257286443082556
article 1 0.0 0.0
asia 1 2.407945608651872 2.407945608651872
asian 1 2.407945608651872 2.407945608651872
asiatic 1 3.506557897319982 3.506557897319982
asks 1 2.659260036932778 2.659260036932778
assimilated 1 4.605170185988092 4.605170185988092
assistance 1 2.302585092994046 2.302585092994046
association 1 1.1394342831883648 1.1394342831883648
atia 1 4.605170185988092 4.605170185988092
attribution 1 0.0 0.0
august 1 0.3424903089467759 0.3424903089467759
aulia 1 4.605170185988092 4.605170185988092
australia 1 1.4696759700589417 1.4696759700589417
austria 1 2.302585092994046 2.302585092994046
author 1 1.8971199848858813 1.8971199848858813
auto 1 0.1392620673335076 0.1392620673335076
available 1 0.0 0.0
azerbaijan 1 3.912023005428146 3.912023005428146
babur 1 4.605170185988092 4.605170185988092
bahasa 1 1.8325814637483102 1.8325814637483102
bahrain 1 3.912023005428146 3.912023005428146
bakhtiyar 1 4.605170185988092 4.605170185988092
balakot 1 4.605170185988092 4.605170185988092
balkh 1 4.605170185988092 4.605170185988092
balkhi 1 4.605170185988092 4.605170185988092
bangladesh 1 3.912023005428146 3.912023005428146
bangladeshbased 1 4.605170185988092 4.605170185988092
bangladeshi 1 4.605170185988092 4.605170185988092
banglapedia 1 4.605170185988092 4.605170185988092
bank 1 2.0402208285265546 2.0402208285265546
banking 1 2.995732273553991 2.995732273553991
baro 1 4.605170185988092 4.605170185988092
barrage 1 4.605170185988092 4.605170185988092
based 1 1.07880966137193 1.07880966137193
battle 1 1.3862943611198906 1.3862943611198906
bbin 1 4.605170185988092 4.605170185988092
bcim 1 4.605170185988092 4.605170185988092
bdnewscom 1 4.605170185988092 4.605170185988092
became 1 0.7133498878774648 0.7133498878774648
becoming 1 1.8971199848858813 1.8971199848858813
belarus 1 2.995732273553991 2.995732273553991
belgium 1 2.207274913189721 2.207274913189721
belligerent 0 3.912023005428146 0.0
belonging 1 3.506557897319982 3.506557897319982
belt 1 3.2188758248682006 3.2188758248682006
bengal 1 2.995732273553991 2.995732273553991
bengali 1 3.912023005428146 3.912023005428146
bengalilanguage 1 4.605170185988092 4.605170185988092
bhuiyan 1 4.605170185988092 4.605170185988092
bhutan 1 3.912023005428146 3.912023005428146
bibliotheca 1 3.912023005428146 3.912023005428146
bideshe 1 4.605170185988092 4.605170185988092
bilateral 1 4.605170185988092 4.605170185988092
bimstec 1 4.605170185988092 4.605170185988092
bodymediawiki 1 1.6607312068216509 1.6607312068216509
book 1 0.6348782724359695 0.6348782724359695
border 1 2.8134107167600364 2.8134107167600364
botswana 1 3.912023005428146 3.912023005428146
brac 1 4.605170185988092 4.605170185988092
brazil 1 2.120263536200091 2.120263536200091
britannica 1 2.8134107167600364 2.8134107167600364
british 1 1.5606477482646683 1.5606477482646683
brunei 1 4.605170185988092 4.605170185988092
buddhism 1 3.506557897319982 3.506557897319982
bulgaria 1 3.506557897319982 3.506557897319982
business 1 1.6094379124341003 1.6094379124341003
calcutta 1 4.605170185988092 4.605170185988092
california 1 1.4696759700589417 1.4696759700589417
called 1 0.8209805520698303 0.8209805520698303
cambodia 1 3.912023005428146 3.912023005428146
came 1 1.6094379124341003 1.6094379124341003
canada 1 1.4696759700589417 1.4696759700589417
care 1 2.120263536200091 2.120263536200091
category 0 0.0 0.0
centerpx 1 0.0408219945202552 0.0408219945202552
century 1 1.3470736479666094 1.3470736479666094
ceramic 0 3.912023005428146 0.0
certain 1 2.302585092994046 2.302585092994046
challenge 0 2.302585092994046 0.0
chandra 1 2.995732273553991 2.995732273553991
change 0 0.0 0.0
chieftain 1 3.912023005428146 3.912023005428146
chile 1 2.659260036932778 2.659260036932778
china 1 2.0402208285265546 2.0402208285265546
citation 1 0.0408219945202552 0.0408219945202552
cite 1 0.0 0.0
citebook 1 1.8971199848858813 1.8971199848858813
citenews 1 1.5606477482646683 1.5606477482646683
civil 1 1.7719568419318754 1.7719568419318754
civilian 0 2.407945608651872 0.0
clash 1 2.659260036932778 2.659260036932778
coast 1 2.207274913189721 2.207274913189721
code 1 0.0 0.0
college 1 1.1394342831883648 1.1394342831883648
colombia 1 3.506557897319982 3.506557897319982
colombo 1 3.912023005428146 3.912023005428146
colonial 1 2.5257286443082556 2.5257286443082556
combat 1 2.120263536200091 2.120263536200091
common 0 0.0 0.0
commonwealth 1 2.995732273553991 2.995732273553991
communism 1 3.2188758248682006 3.2188758248682006
compromised 1 4.605170185988092 4.605170185988092
condition 0 2.0402208285265546 0.0
conduct 1 0.0 0.0
confederacy 1 4.605170185988092 4.605170185988092
conference 1 1.3862943611198906 1.3862943611198906
conflict 1 2.0402208285265546 2.0402208285265546
connection 0 2.120263536200091 0.0
conquest 1 3.506557897319982 3.506557897319982
consensus 1 3.912023005428146 3.912023005428146
contact 1 0.0 0.0
content 1 0.0 0.0
context 1 0.010050335853501506 0.010050335853501506
continued 1 1.5141277326297755 1.5141277326297755
contribute 1 0.0 0.0
contributed 1 2.5257286443082556 2.5257286443082556
contributing 1 3.912023005428146 3.912023005428146
contribution 0 0.0 0.0
control 1 0.7765287894989963 0.7765287894989963
cookie 1 0.0 0.0
cookiematch 1 0.0 0.0
cooperation 1 2.5257286443082556 2.5257286443082556
counterlistitema 1 0.127833371509885 0.127833371509885
country 1 0.843970070294529 0.843970070294529
create 1 0.0 0.0
creating 1 2.0402208285265546 2.0402208285265546
creative 1 0.0 0.0
critical 1 2.207274913189721 2.207274913189721
crown 1 1.9661128563728327 1.9661128563728327
csmaintcolorf 1 0.06187540371808745 0.06187540371808745
csmaintcolorfmedia 1 0.0408219945202552 0.0408219945202552
cswsicon 1 0.0408219945202552 0.0408219945202552
cuba 1 3.2188758248682006 3.2188758248682006
culturally 1 4.605170185988092 4.605170185988092
culture 1 1.6094379124341003 1.6094379124341003
current 1 0.0 0.0
cyprus 1 3.506557897319982 3.506557897319982
daily 1 1.4271163556401458 1.4271163556401458
dar 1 3.912023005428146 3.912023005428146
date 0 0.3147107448397002 0.0
daughter 1 1.5141277326297755 1.5141277326297755
day 0 0.5276327420823719 0.0
death 0 1.171182981502945 0.0
declared 1 2.407945608651872 2.407945608651872
defeat 1 1.9661128563728327 1.9661128563728327
defeated 1 2.407945608651872 2.407945608651872
delegation 1 3.2188758248682006 3.2188758248682006
delhi 1 3.912023005428146 3.912023005428146
demand 0 2.407945608651872 0.0
democratic 1 2.120263536200091 2.120263536200091
denmark 1 2.659260036932778 2.659260036932778
descendant 0 2.995732273553991 0.0
description 1 0.07257069283483537 0.07257069283483537
deshe 1 4.605170185988092 4.605170185988092
developer 0 0.0 0.0
developing 1 2.995732273553991 2.995732273553991
development 1 1.3093333199837622 1.3093333199837622
dhaka 1 4.605170185988092 4.605170185988092
dialogue 1 2.8134107167600364 2.8134107167600364
diary 0 3.2188758248682006 0.0
diaspora 1 3.506557897319982 3.506557897319982
different 1 0.3424903089467759 0.3424903089467759
diffusion 1 4.605170185988092 4.605170185988092
din 1 3.912023005428146 3.912023005428146
diplomacy 1 3.912023005428146 3.912023005428146
diplomat 0 2.659260036932778 0.0
diplomatic 1 2.995732273553991 2.995732273553991
dipu 1 4.605170185988092 4.605170185988092
direct 1 2.5257286443082556 2.5257286443082556
disaster 1 2.659260036932778 2.659260036932778
disclaimer 0 0.0 0.0
discussion 1 2.8134107167600364 2.8134107167600364
disintegrated 1 4.605170185988092 4.605170185988092
dispute 1 2.5257286443082556 2.5257286443082556
district 1 1.4271163556401458 1.4271163556401458
dmy 1 1.4271163556401458 1.4271163556401458
donate 1 0.0 0.0
download 1 0.0 0.0
drug 0 2.8134107167600364 0.0
dtaftercontent 1 0.127833371509885 0.127833371509885
due 1 0.9416085398584451 0.9416085398584451
dynastics 1 4.605170185988092 4.605170185988092
dynasty 1 2.8134107167600364 2.8134107167600364
early 1 0.6348782724359695 0.6348782724359695
earthquake 1 3.506557897319982 3.506557897319982
eastward 0 4.605170185988092 0.0
eaton 1 3.2188758248682006 3.2188758248682006
eco 1 2.995732273553991 2.995732273553991
economic 1 1.7719568419318754 1.7719568419318754
ed 0 2.120263536200091 0.0
education 1 1.3470736479666094 1.3470736479666094
effort 0 1.5141277326297755 0.0
egypt 1 2.995732273553991 2.995732273553991
embassy 1 2.995732273553991 2.995732273553991
emirate 0 3.912023005428146 0.0
empire 1 1.9661128563728327 1.9661128563728327
employment 1 2.995732273553991 2.995732273553991
encyclopdia 1 2.8134107167600364 2.8134107167600364
encyclopedia 1 0.0 0.0
engagement 1 3.506557897319982 3.506557897319982
english 1 0.0 0.0
enhance 1 3.2188758248682006 3.2188758248682006
enhancing 1 4.605170185988092 4.605170185988092
envoy 1 3.2188758248682006 3.2188758248682006
escape 1 2.5257286443082556 2.5257286443082556
espaol 1 1.1394342831883648 1.1394342831883648
established 1 1.1086626245216111 1.1086626245216111
establishment 1 1.9661128563728327 1.9661128563728327
etc 1 2.659260036932778 2.659260036932778
europe 1 1.5141277326297755 1.5141277326297755
even 1 1.1394342831883648 1.1394342831883648
event 0 0.0 0.0
eventually 1 1.9661128563728327 1.9661128563728327
example 1 1.8325814637483102 1.8325814637483102
exp 1 0.0 0.0
expand 1 2.8134107167600364 2.8134107167600364
expatriate 0 3.2188758248682006 0.0
experience 1 1.8325814637483102 1.8325814637483102
express 1 1.9661128563728327 1.9661128563728327
expressed 1 2.659260036932778 2.659260036932778
factual 1 4.605170185988092 4.605170185988092
family 1 0.9162907318741551 0.9162907318741551
far 1 1.6607312068216509 1.6607312068216509
farakka 1 4.605170185988092 4.605170185988092
fariduddin 1 4.605170185988092 4.605170185988092
faroqi 1 4.605170185988092 4.605170185988092
fate 1 2.407945608651872 2.407945608651872
field 0 1.0498221244986776 0.0
fiji 1 4.605170185988092 4.605170185988092
file 1 0.0 0.0
final 1 0.9942522733438669 0.9942522733438669
finally 1 1.8971199848858813 1.8971199848858813
first 1 0.1508228897345837 0.1508228897345837
fled 1 3.912023005428146 3.912023005428146
foreign 1 1.8971199848858813 1.8971199848858813
foreignrelationsof 1 4.605170185988092 4.605170185988092
formally 1 2.8134107167600364 2.8134107167600364
formed 1 1.7719568419318754 1.7719568419318754
former 1 0.9675840262617057 0.9675840262617057
forum 1 2.8134107167600364 2.8134107167600364
foundation 1 0.0 0.0
franais 1 0.8675005677047231 0.8675005677047231
france 1 1.2039728043259361 1.2039728043259361
free 1 0.0 0.0
frontier 1 3.2188758248682006 3.2188758248682006
gain 1 2.207274913189721 2.207274913189721
garmsir 1 4.605170185988092 4.605170185988092
general 1 0.0 0.0
genocide 1 3.506557897319982 3.506557897319982
george 1 1.07880966137193 1.07880966137193
germany 1 1.4271163556401458 1.4271163556401458
get 1 0.0 0.0
ghana 1 3.912023005428146 3.912023005428146
ghur 1 4.605170185988092 4.605170185988092
gilbert 1 2.995732273553991 2.995732273553991
global 1 1.7719568419318754 1.7719568419318754
gofran 1 4.605170185988092 4.605170185988092
good 1 1.3093333199837622 1.3093333199837622
government 1 1.1086626245216111 1.1086626245216111
greece 1 2.302585092994046 2.302585092994046
group 1 0.8209805520698303 0.8209805520698303
haiti 1 2.995732273553991 2.995732273553991
hamid 1 4.605170185988092 4.605170185988092
hand 0 1.3862943611198906 0.0
har 1 3.912023005428146 3.912023005428146
hasina 1 4.605170185988092 4.605170185988092
headed 1 2.8134107167600364 2.8134107167600364
headlined 1 4.605170185988092 4.605170185988092
health 1 1.6607312068216509 1.6607312068216509
help 1 0.0 0.0
henry 1 1.5606477482646683 1.5606477482646683
hidden 1 0.010050335853501506 0.010050335853501506
hide 1 0.0 0.0
higher 1 2.0402208285265546 2.0402208285265546
hindustn 1 4.605170185988092 4.605170185988092
history 1 0.0 0.0
hlist 1 0.127833371509885 0.127833371509885
hlistinline 1 0.127833371509885 0.127833371509885
holbrooke 1 4.605170185988092 4.605170185988092
holy 1 1.8971199848858813 1.8971199848858813
home 1 0.7339691750802005 0.7339691750802005
hoover 1 2.995732273553991 2.995732273553991
house 1 1.0216512475319812 1.0216512475319812
however 1 0.6931471805599453 0.6931471805599453
humanitarian 1 3.506557897319982 3.506557897319982
hungary 1 2.995732273553991 2.995732273553991
ibrahim 1 3.506557897319982 3.506557897319982
idlockfree 1 0.0408219945202552 0.0408219945202552
idlockfreeidlockfree 1 0.0408219945202552 0.0408219945202552
idlocklimited 1 0.0408219945202552 0.0408219945202552
idlockregistration 1 0.0408219945202552 0.0408219945202552
idlocksubscription 1 0.0408219945202552 0.0408219945202552
import 1 2.8134107167600364 2.8134107167600364
inc 1 0.0 0.0
incident 0 2.8134107167600364 0.0
including 1 0.7133498878774648 0.7133498878774648
india 1 1.7147984280919266 1.7147984280919266
indian 1 1.9661128563728327 1.9661128563728327
indica 1 4.605170185988092 4.605170185988092
indirectly 1 3.912023005428146 3.912023005428146
indonesia 1 1.7719568419318754 1.7719568419318754
infidel 1 4.605170185988092 4.605170185988092
influx 1 4.605170185988092 4.605170185988092
infobox 1 0.3011050927839216 0.3011050927839216
infoboxtable 1 0.3147107448397002 0.3147107448397002
information 1 0.0 0.0
infrastructure 1 2.659260036932778 2.659260036932778
initiative 0 2.8134107167600364 0.0
inqilab 1 4.605170185988092 4.605170185988092
intellectual 0 2.8134107167600364 0.0
intelligence 1 2.407945608651872 2.407945608651872
intensified 1 4.605170185988092 4.605170185988092
interest 1 1.6607312068216509 1.6607312068216509
interested 1 2.995732273553991 2.995732273553991
intermarried 1 4.605170185988092 4.605170185988092
international 1 0.5978370007556204 0.5978370007556204
introduced 1 1.5606477482646683 1.5606477482646683
invasion 1 2.407945608651872 2.407945608651872
investment 1 2.5257286443082556 2.5257286443082556
iran 1 3.506557897319982 3.506557897319982
iraq 1 2.8134107167600364 2.8134107167600364
ireland 1 2.302585092994046 2.302585092994046
irruption 1 4.605170185988092 4.605170185988092
isa 1 4.605170185988092 4.605170185988092
isbn 1 0.9942522733438669 0.9942522733438669
islam 1 2.995732273553991 2.995732273553991
islamic 1 2.995732273553991 2.995732273553991
islm 1 4.605170185988092 4.605170185988092
israel 1 1.7147984280919266 1.7147984280919266
issn 1 1.8971199848858813 1.8971199848858813
italy 1 2.120263536200091 2.120263536200091
item 1 0.010050335853501506 0.010050335853501506
ivory 1 3.912023005428146 3.912023005428146
january 1 0.3424903089467759 0.3424903089467759
japan 1 1.7719568419318754 1.7719568419318754
jordan 1 1.7147984280919266 1.7147984280919266
july 1 0.43078291609245434 0.43078291609245434
jump 1 0.0 0.0
june 1 0.40047756659712536 0.40047756659712536
jute 1 4.605170185988092 4.605170185988092
kabul 1 3.912023005428146 3.912023005428146
karatia 1 4.605170185988092 4.605170185988092
karrani 1 4.605170185988092 4.605170185988092
karranis 1 4.605170185988092 4.605170185988092
karzai 1 4.605170185988092 4.605170185988092
kawsar 1 4.605170185988092 4.605170185988092
kazakhstan 1 3.912023005428146 3.912023005428146
keen 1 4.605170185988092 4.605170185988092
kenya 1 3.912023005428146 3.912023005428146
khalaj 1 4.605170185988092 4.605170185988092
khalji 1 4.605170185988092 4.605170185988092
khaljis 1 4.605170185988092 4.605170185988092
khalq 1 4.605170185988092 4.605170185988092
khan 1 3.2188758248682006 3.2188758248682006
khanam 1 4.605170185988092 4.605170185988092
khilj 1 4.605170185988092 4.605170185988092
kill 1 1.7719568419318754 1.7719568419318754
killing 1 2.5257286443082556 2.5257286443082556
kingdom 1 1.5141277326297755 1.5141277326297755
known 1 0.7985076962177716 0.7985076962177716
korea 1 2.5257286443082556 2.5257286443082556
kosovo 1 3.912023005428146 3.912023005428146
kuwait 1 3.912023005428146 3.912023005428146
kyrgyzstan 1 4.605170185988092 4.605170185988092
land 1 1.5141277326297755 1.5141277326297755
landlord 1 3.912023005428146 3.912023005428146
language 0 0.0 0.0
lanka 1 2.8134107167600364 2.8134107167600364
lao 0 3.912023005428146 0.0
large 1 1.4696759700589417 1.4696759700589417
last 1 0.0 0.0
later 1 0.5621189181535412 0.5621189181535412
latvia 1 2.995732273553991 2.995732273553991
launched 1 1.9661128563728327 1.9661128563728327
lay 1 2.8134107167600364 2.8134107167600364
leader 1 1.3862943611198906 1.3862943611198906
learn 1 0.0 0.0
lebanon 1 3.506557897319982 3.506557897319982
led 1 1.07880966137193 1.07880966137193
leone 1 4.605170185988092 4.605170185988092
liaftercontent 1 0.127833371509885 0.127833371509885
liberation 1 2.407945608651872 2.407945608651872
liberia 1 4.605170185988092 4.605170185988092
libya 1 3.506557897319982 3.506557897319982
license 1 0.0 0.0
like 1 1.2039728043259361 1.2039728043259361
link 1 0.0 0.0
lodi 1 4.605170185988092 4.605170185988092
log 1 0.0 0.0
logged 1 0.0 0.0
lohani 1 4.605170185988092 4.605170185988092
long 1 1.1086626245216111 1.1086626245216111
look 0 2.0402208285265546 0.0
luxembourg 1 3.506557897319982 3.506557897319982
mahfuza 1 4.605170185988092 4.605170185988092
mahmud 1 4.605170185988092 4.605170185988092
main 1 0.0 0.0
mainother 1 1.5141277326297755 1.5141277326297755
malawi 1 4.605170185988092 4.605170185988092
malaysia 1 3.2188758248682006 3.2188758248682006
maldives 1 3.912023005428146 3.912023005428146
mali 1 3.506557897319982 3.506557897319982
management 1 1.7719568419318754 1.7719568419318754
mandate 1 3.912023005428146 3.912023005428146
manpower 1 3.912023005428146 3.912023005428146
march 1 0.3147107448397002 0.3147107448397002
market 1 2.120263536200091 2.120263536200091
married 1 1.5141277326297755 1.5141277326297755
mass 1 1.9661128563728327 1.9661128563728327
mauritius 1 3.912023005428146 3.912023005428146
maurya 1 3.912023005428146 3.912023005428146
may 1 0.0 0.0
medieval 1 3.506557897319982 3.506557897319982
medium 0 0.49429632181478017 0.0
meena 1 4.605170185988092 4.605170185988092
meet 0 1.6607312068216509 0.0
meeting 1 1.8971199848858813 1.8971199848858813
melayu 1 3.2188758248682006 3.2188758248682006
member 1 0.6733445532637655 0.6733445532637655
memoir 1 3.2188758248682006 3.2188758248682006
mentioned 1 2.659260036932778 2.659260036932778
menu 1 0.0 0.0
mexico 1 1.5606477482646683 1.5606477482646683
miah 1 4.605170185988092 4.605170185988092
migratory 1 4.605170185988092 4.605170185988092
millennium 0 4.605170185988092 0.0
million 1 1.6094379124341003 1.6094379124341003
minhjus 1 4.605170185988092 4.605170185988092
minister 1 1.5606477482646683 1.5606477482646683
ministry 1 2.120263536200091 2.120263536200091
mission 1 2.302585092994046 2.302585092994046
missionary 1 2.995732273553991 2.995732273553991
mobile 1 0.0 0.0
modern 1 1.5606477482646683 1.5606477482646683
mongolia 1 4.605170185988092 4.605170185988092
moni 1 4.605170185988092 4.605170185988092
moor 1 4.605170185988092 4.605170185988092
morocco 1 3.912023005428146 3.912023005428146
mosque 1 3.2188758248682006 3.2188758248682006
move 1 0.0 0.0
movement 1 1.6607312068216509 1.6607312068216509
mughal 1 4.605170185988092 4.605170185988092
mughals 1 4.605170185988092 4.605170185988092
muhammad 1 3.2188758248682006 3.2188758248682006
muhammadan 1 4.605170185988092 4.605170185988092
muhy 1 4.605170185988092 4.605170185988092
mujtaba 1 4.605170185988092 4.605170185988092
multilateral 1 4.605170185988092 4.605170185988092
muslim 1 2.5257286443082556 2.5257286443082556
myanmar 1 3.2188758248682006 3.2188758248682006
naf 1 4.605170185988092 4.605170185988092
nasiruddin 1 4.605170185988092 4.605170185988092
nasrat 1 4.605170185988092 4.605170185988092
nation 0 1.2729656758128876 0.0
national 1 0.5108256237659907 0.5108256237659907
navbar 1 0.23572233352106994 0.23572233352106994
navbarfontsizemedia 1 0.3147107448397002 0.3147107448397002
navbarmini 1 0.23572233352106994 0.23572233352106994
navbox 1 0.1392620673335076 0.1392620673335076
navboximage 1 0.1392620673335076 0.1392620673335076
navboxsubgroup 1 0.1392620673335076 0.1392620673335076
navboxtitle 1 0.1392620673335076 0.1392620673335076
navigation 1 0.0 0.0
need 1 1.2039728043259361 1.2039728043259361
nepal 1 3.912023005428146 3.912023005428146
netherlands 1 1.7719568419318754 1.7719568419318754
nevertheless 1 2.5257286443082556 2.5257286443082556
new 1 0.24846135929849972 0.24846135929849972
newly 1 2.5257286443082556 2.5257286443082556
news 1 0.843970070294529 0.843970070294529
ngo 0 4.605170185988092 0.0
nigeria 1 3.912023005428146 3.912023005428146
noble 0 2.659260036932778 0.0
non 1 2.302585092994046 2.302585092994046
nonprofit 1 0.0 0.0
north 1 0.8209805520698303 0.8209805520698303
northern 1 1.3093333199837622 1.3093333199837622
norway 1 2.120263536200091 2.120263536200091
number 0 0.7550225842780328 0.0
numerous 1 1.9661128563728327 1.9661128563728327
obsolete 1 4.605170185988092 4.605170185988092
ocean 1 2.407945608651872 2.407945608651872
oceania 1 3.506557897319982 3.506557897319982
oclc 1 2.5257286443082556 2.5257286443082556
offered 1 2.659260036932778 2.659260036932778
office 0 1.1086626245216111 0.0
official 1 0.7550225842780328 0.7550225842780328
oic 1 4.605170185988092 4.605170185988092
ollibeforecontent 1 0.127833371509885 0.127833371509885
olm 1 3.912023005428146 3.912023005428146
oman 1 3.912023005428146 3.912023005428146
one 1 0.23572233352106994 0.23572233352106994
onlineed 1 3.912023005428146 3.912023005428146
operating 1 2.5257286443082556 2.5257286443082556
order 1 1.171182981502945 1.171182981502945
organization 1 0.0 0.0
organizationname 1 0.010050335853501506 0.010050335853501506
original 1 0.4155154439616658 0.4155154439616658
ousted 1 4.605170185988092 4.605170185988092
outofdate 1 4.605170185988092 4.605170185988092
overcome 1 4.605170185988092 4.605170185988092
overseas 1 2.995732273553991 2.995732273553991
page 1 0.0 0.0
pajhwok 1 4.605170185988092 4.605170185988092
pakistan 1 2.995732273553991 2.995732273553991
pakistani 0 3.2188758248682006 0.0
palestine 1 3.912023005428146 3.912023005428146
panama 1 3.2188758248682006 3.2188758248682006
panni 1 4.605170185988092 4.605170185988092
parcham 1 4.605170185988092 4.605170185988092
part 1 0.6348782724359695 0.6348782724359695
participating 1 2.995732273553991 2.995732273553991
particularly 1 2.120263536200091 2.120263536200091
party 1 1.2378743560016172 1.2378743560016172
pashtun 1 4.605170185988092 4.605170185988092
passage 1 2.659260036932778 2.659260036932778
pdfprintable 1 0.0 0.0
peace 1 2.0402208285265546 2.0402208285265546
peacekeeping 1 3.912023005428146 3.912023005428146
people 1 0.49429632181478017 0.49429632181478017
period 1 1.4271163556401458 1.4271163556401458
permanent 1 0.0 0.0
personal 1 0.0 0.0
personnel 1 2.207274913189721 2.207274913189721
pharmaceutical 1 3.506557897319982 3.506557897319982
philippine 0 2.302585092994046 0.0
place 1 0.653926467406664 0.653926467406664
plan 1 1.4696759700589417 1.4696759700589417
played 1 1.3862943611198906 1.3862943611198906
please 1 1.7719568419318754 1.7719568419318754
poland 1 2.302585092994046 2.302585092994046
police 1 1.7719568419318754 1.7719568419318754
policy 1 0.0 0.0
politician 0 1.8971199848858813 0.0
portal 1 0.0 0.0
portion 1 2.8134107167600364 2.8134107167600364
portugal 1 2.302585092994046 2.302585092994046
praise 0 2.659260036932778 0.0
praised 1 2.5257286443082556 2.5257286443082556
presentday 1 2.8134107167600364 2.8134107167600364
president 1 1.3470736479666094 1.3470736479666094
press 1 0.7550225842780328 0.7550225842780328
primary 1 2.0402208285265546 2.0402208285265546
primus 1 4.605170185988092 4.605170185988092
prince 1 2.207274913189721 2.207274913189721
printbodyns 1 0.09431067947124142 0.09431067947124142
printed 1 2.659260036932778 2.659260036932778
printexport 1 0.0 0.0
privacy 1 0.0 0.0
process 1 1.5141277326297755 1.5141277326297755
product 0 2.302585092994046 0.0
professor 1 2.207274913189721 2.207274913189721
project 0 0.0 0.0
proposed 1 2.5257286443082556 2.5257286443082556
provided 1 1.8971199848858813 1.8971199848858813
providing 1 2.8134107167600364 2.8134107167600364
published 1 1.3862943611198906 1.3862943611198906
qatar 1 3.506557897319982 3.506557897319982
rajmahal 1 4.605170185988092 4.605170185988092
random 1 0.0 0.0
ranjit 1 3.912023005428146 3.912023005428146
rape 1 3.506557897319982 3.506557897319982
raverty 1 4.605170185988092 4.605170185988092
reacts 1 4.605170185988092 4.605170185988092
read 1 0.0 0.0
rebellion 1 2.659260036932778 2.659260036932778
rebuild 1 3.912023005428146 3.912023005428146
rebuilding 1 4.605170185988092 4.605170185988092
recent 1 0.0 0.0
recognition 1 2.5257286443082556 2.5257286443082556
reconstruction 1 4.605170185988092 4.605170185988092
recruit 1 3.2188758248682006 3.2188758248682006
recruiting 1 3.2188758248682006 3.2188758248682006
refer 1 3.2188758248682006 3.2188758248682006
reference 0 0.03045920748470844 0.0
reflect 1 2.5257286443082556 2.5257286443082556
reflist 1 0.06187540371808745 0.06187540371808745
reflistcolumns 1 0.06187540371808745 0.06187540371808745
refuge 1 3.912023005428146 3.912023005428146
reg 1 0.0 0.0
region 1 1.6607312068216509 1.6607312068216509
regional 1 2.407945608651872 2.407945608651872
registered 1 0.0 0.0
rehabilitation 1 3.506557897319982 3.506557897319982
reign 1 2.995732273553991 2.995732273553991
rejecting 1 3.912023005428146 3.912023005428146
related 1 0.0 0.0
relation 1 1.7719568419318754 1.7719568419318754
remained 1 1.7719568419318754 1.7719568419318754
renowned 1 3.506557897319982 3.506557897319982
reopen 1 4.605170185988092 4.605170185988092
report 1 1.1086626245216111 1.1086626245216111
republic 1 1.5141277326297755 1.5141277326297755
request 1 2.0402208285265546 2.0402208285265546
requested 1 2.659260036932778 2.659260036932778
requesting 1 4.605170185988092 4.605170185988092
restated 1 4.605170185988092 4.605170185988092
retrieved 1 0.0 0.0
richard 1 1.1394342831883648 1.1394342831883648
rim 1 4.605170185988092 4.605170185988092
rise 1 1.8325814637483102 1.8325814637483102
river 1 1.4271163556401458 1.4271163556401458
rivington 1 4.605170185988092 4.605170185988092
road 1 1.3862943611198906 1.3862943611198906
rohingya 1 4.605170185988092 4.605170185988092
role 1 1.3470736479666094 1.3470736479666094
royal 1 1.8325814637483102 1.8325814637483102
rule 1 1.4696759700589417 1.4696759700589417
russia 1 2.0402208285265546 2.0402208285265546
rwanda 1 3.912023005428146 3.912023005428146
saarc 1 4.605170185988092 4.605170185988092
sabbir 1 4.605170185988092 4.605170185988092
safe 1 2.995732273553991 2.995732273553991
sailendra 1 4.605170185988092 4.605170185988092
sajahan 1 4.605170185988092 4.605170185988092
sangbad 1 4.605170185988092 4.605170185988092
sangstha 1 4.605170185988092 4.605170185988092
sasec 1 4.605170185988092 4.605170185988092
satish 1 3.912023005428146 3.912023005428146
saudi 1 3.506557897319982 3.506557897319982
saying 1 1.8325814637483102 1.8325814637483102
screen 1 0.010050335853501506 0.010050335853501506
search 1 0.0 0.0
see 1 0.40047756659712536 0.40047756659712536
sen 1 2.659260036932778 2.659260036932778
send 1 2.995732273553991 2.995732273553991
sent 1 1.8971199848858813 1.8971199848858813
september 1 0.43078291609245434 0.43078291609245434
serbia 1 3.2188758248682006 3.2188758248682006
servant 0 2.995732273553991 0.0
served 1 1.4696759700589417 1.4696759700589417
serving 1 2.120263536200091 2.120263536200091
settled 1 2.995732273553991 2.995732273553991
several 1 0.8209805520698303 0.8209805520698303
shah 1 2.8134107167600364 2.8134107167600364
share 1 0.0 0.0
sharif 1 4.605170185988092 4.605170185988092
short 1 0.06187540371808745 0.06187540371808745
shortened 1 0.0 0.0
sidebar 1 0.0 0.0
sierra 1 3.912023005428146 3.912023005428146
significant 1 2.407945608651872 2.407945608651872
sikh 1 4.605170185988092 4.605170185988092
since 1 0.7985076962177716 0.7985076962177716
singapore 1 3.2188758248682006 3.2188758248682006
singh 1 2.8134107167600364 2.8134107167600364
sirajul 1 4.605170185988092 4.605170185988092
sirj 1 4.605170185988092 4.605170185988092
site 1 0.0 0.0
skilled 1 3.506557897319982 3.506557897319982
slovakia 1 3.2188758248682006 3.2188758248682006
social 1 1.3093333199837622 1.3093333199837622
society 1 1.4271163556401458 1.4271163556401458
socioeconomic 1 4.605170185988092 4.605170185988092
solid 1 0.09431067947124142 0.09431067947124142
somalia 1 3.912023005428146 3.912023005428146
soon 1 1.8325814637483102 1.8325814637483102
sought 1 2.5257286443082556 2.5257286443082556
source 0 0.5798184952529422 0.0
south 1 0.9162907318741551 0.9162907318741551
southwest 1 2.407945608651872 2.407945608651872
spain 1 1.6607312068216509 1.6607312068216509
sparked 1 3.506557897319982 3.506557897319982
special 1 0.0 0.0
spread 1 2.302585092994046 2.302585092994046
sri 1 2.8134107167600364 2.8134107167600364
stability 1 3.506557897319982 3.506557897319982
star 1 0.9675840262617057 0.9675840262617057
state 1 0.3147107448397002 0.3147107448397002
statement 1 0.0 0.0
statistic 0 0.0 0.0
stranded 1 3.506557897319982 3.506557897319982
structure 1 1.8325814637483102 1.8325814637483102
student 0 1.3862943611198906 0.0
studying 1 3.912023005428146 3.912023005428146
subsection 1 0.3424903089467759 0.3424903089467759
sudan 1 3.506557897319982 3.506557897319982
sultan 1 3.912023005428146 3.912023005428146
sultanat 1 4.605170185988092 4.605170185988092
sun 1 1.6607312068216509 1.6607312068216509
sur 1 3.2188758248682006 3.2188758248682006
swift 1 2.8134107167600364 2.8134107167600364
switzerland 1 2.407945608651872 2.407945608651872
syed 1 3.912023005428146 3.912023005428146
syria 1 3.2188758248682006 3.2188758248682006
system 1 0.9162907318741551 0.9162907318741551
tabatinsiri 1 4.605170185988092 4.605170185988092
table 1 0.0 0.0
taiwan 1 2.8134107167600364 2.8134107167600364
tajikistan 1 4.605170185988092 4.605170185988092
take 1 0.9675840262617057 0.9675840262617057
taliban 1 3.912023005428146 3.912023005428146
talk 1 0.0 0.0
tangail 1 4.605170185988092 4.605170185988092
tashkent 1 4.605170185988092 4.605170185988092
tazkeratul 1 4.605170185988092 4.605170185988092
tdhlist 1 0.1392620673335076 0.1392620673335076
teacher 0 1.9661128563728327 0.0
technical 1 2.5257286443082556 2.5257286443082556
teesta 1 4.605170185988092 4.605170185988092
template 1 0.0 0.0
term 0 0.0 0.0
text 1 0.0 0.0
textbook 1 3.912023005428146 3.912023005428146
thailand 1 3.506557897319982 3.506557897319982
thbodyskinresponsive 1 0.3147107448397002 0.3147107448397002
threatened 1 2.8134107167600364 2.8134107167600364
tie 0 2.659260036932778 0.0
time 0 0.28768207245178085 0.0
tobago 1 3.912023005428146 3.912023005428146
toggle 1 0.010050335853501506 0.010050335853501506
tool 0 0.0 0.0
top 1 0.010050335853501506 0.010050335853501506
topic 1 0.0 0.0
total 1 0.0 0.0
trade 1 1.7147984280919266 1.7147984280919266
trademark 1 0.0 0.0
train 1 2.8134107167600364 2.8134107167600364
training 1 1.6094379124341003 1.6094379124341003
translated 1 3.506557897319982 3.506557897319982
tribe 1 2.8134107167600364 2.8134107167600364
tribesman 0 4.605170185988092 0.0
tribune 1 1.9661128563728327 1.9661128563728327
trinidad 1 3.2188758248682006 3.2188758248682006
troop 0 2.5257286443082556 0.0
trust 1 2.995732273553991 2.995732273553991
tryst 1 4.605170185988092 4.605170185988092
turkey 1 2.302585092994046 2.302585092994046
turkish 1 2.5257286443082556 2.5257286443082556
turkmenistan 1 4.605170185988092 4.605170185988092
two 1 0.43078291609245434 0.43078291609245434
uganda 1 4.605170185988092 4.605170185988092
ukraine 1 2.8134107167600364 2.8134107167600364
ulpaddingem 1 0.1392620673335076 0.1392620673335076
ultimate 1 2.302585092994046 2.302585092994046
underway 1 2.995732273553991 2.995732273553991
ungainly 1 4.605170185988092 4.605170185988092
united 1 0.4155154439616658 0.4155154439616658
university 1 0.616186139423817 0.616186139423817
update 1 2.659260036932778 2.659260036932778
updating 1 3.506557897319982 3.506557897319982
upload 1 0.0 0.0
use 1 0.0 0.0
using 1 0.0 0.0
usman 1 3.912023005428146 3.912023005428146
utc 1 0.0 0.0
uzbekistan 1 4.605170185988092 4.605170185988092
var 1 0.0 0.0
venezuela 1 2.995732273553991 2.995732273553991
version 1 0.0 0.0
vietnam 1 2.659260036932778 2.659260036932778
view 1 0.0 0.0
visited 1 2.302585092994046 2.302585092994046
vocational 1 4.605170185988092 4.605170185988092
vol 1 1.5606477482646683 1.5606477482646683
voyager 1 3.912023005428146 3.912023005428146
vte 1 0.7550225842780328 0.7550225842780328
wake 1 2.407945608651872 2.407945608651872
war 1 0.7985076962177716 0.7985076962177716
warn 1 3.2188758248682006 3.2188758248682006
warravaged 1 4.605170185988092 4.605170185988092
welfare 1 2.8134107167600364 2.8134107167600364
well 1 0.7765287894989963 0.7765287894989963
west 1 1.171182981502945 1.171182981502945
whose 1 1.7147984280919266 1.7147984280919266
wikidata 1 0.010050335853501506 0.010050335853501506
wikimedia 1 0.0 0.0
wikipedia 1 0.0 0.0
without 1 1.3093333199837622 1.3093333199837622
workforce 1 4.605170185988092 4.605170185988092
working 1 1.8971199848858813 1.8971199848858813
world 1 0.5108256237659907 0.5108256237659907
would 1 0.7550225842780328 0.7550225842780328
wrote 1 1.3470736479666094 1.3470736479666094
yearold 1 2.5257286443082556 2.5257286443082556
yemen 1 3.912023005428146 3.912023005428146
yugoslavia 1 3.506557897319982 3.506557897319982
zamindar 1 3.912023005428146 3.912023005428146
zealand 1 2.120263536200091 2.120263536200091
