abbaye 1 4.605170185988092 4.605170185988092
abbayemontdescats 1 4.605170185988092 4.605170185988092
abramowitz 1 4.605170185988092 4.605170185988092
academiaedu 1 4.605170185988092 4.605170185988092
according 1 1.3093333199837622 1.3093333199837622
account 1 0.0 0.0
ach 1 4.605170185988092 4.605170185988092
achish 1 4.605170185988092 4.605170185988092
action 0 0.0 0.0
add 1 0.0 0.0
additional 1 0.0 0.0
adornment 1 4.605170185988092 4.605170185988092
age 0 0.7985076962177716 0.0
agpeya 1 4.605170185988092 4.605170185988092
agpeyaorg 1 4.605170185988092 4.605170185988092
agree 1 0.0 0.0
ahab 1 4.605170185988092 4.605170185988092
alef 1 4.605170185988092 4.605170185988092
alejandra 1 4.605170185988092 4.605170185988092
alexander 1 1.5141277326297755 1.5141277326297755
alike 1 0.0 0.0
alle 1 4.605170185988092 4.605170185988092
allusion 0 3.912023005428146 0.0
aloe 0 4.605170185988092 0.0
alongside 1 1.9661128563728327 1.9661128563728327
also 1 0.127833371509885 0.127833371509885
although 1 1.4696759700589417 1.4696759700589417
ambrosiano 1 4.605170185988092 4.605170185988092
among 1 1.2378743560016172 1.2378743560016172
amor 1 4.605170185988092 4.605170185988092
amp 1 0.4620354595965586 0.4620354595965586
analysis 1 2.120263536200091 2.120263536200091
anchor 1 2.995732273553991 2.995732273553991
ancient 1 2.302585092994046 2.302585092994046
anger 1 2.8134107167600364 2.8134107167600364
anglican 1 3.506557897319982 3.506557897319982
anointed 1 3.912023005428146 3.912023005428146
antiquity 1 3.2188758248682006 3.2188758248682006
apndice 1 4.605170185988092 4.605170185988092
apocrypha 1 4.605170185988092 4.605170185988092
appearance 1 0.0 0.0
apply 1 0.0 0.0
appointed 1 1.9661128563728327 1.9661128563728327
april 1 0.44628710262841953 0.44628710262841953
aram 1 4.605170185988092 4.605170185988092
archive 1 1.6094379124341003 1.6094379124341003
archived 1 0.47803580094299974 0.47803580094299974
argued 1 2.8134107167600364 2.8134107167600364
arial 1 4.605170185988092 4.605170185988092
arnold 1 2.5257286443082556 2.5257286443082556
arrow 0 2.659260036932778 0.0
art 1 1.2039728043259361 1.2039728043259361
article 1 0.0 0.0
asaph 1 4.605170185988092 4.605170185988092
ascent 0 3.912023005428146 0.0
ascription 1 4.605170185988092 4.605170185988092
ashkenaz 1 4.605170185988092 4.605170185988092
asserts 1 3.912023005428146 3.912023005428146
assumption 1 3.2188758248682006 3.2188758248682006
atanasio 1 4.605170185988092 4.605170185988092
athaliah 1 4.605170185988092 4.605170185988092
attitude 0 2.995732273553991 0.0
attributed 1 3.912023005428146 3.912023005428146
attribution 1 0.0 0.0
au 0 3.912023005428146 0.0
auto 1 0.1392620673335076 0.1392620673335076
available 1 0.0 0.0
avodas 1 4.605170185988092 4.605170185988092
babylon 1 3.912023005428146 3.912023005428146
background 1 1.7147984280919266 1.7147984280919266
backgroundcolor 1 4.605170185988092 4.605170185988092
bahasa 1 1.8325814637483102 1.8325814637483102
ballad 1 3.2188758248682006 3.2188758248682006
based 1 1.07880966137193 1.07880966137193
baskerville 1 3.912023005428146 3.912023005428146
beatus 1 4.605170185988092 4.605170185988092
beauty 1 2.207274913189721 2.207274913189721
becker 1 3.2188758248682006 3.2188758248682006
begin 0 1.7147984280919266 0.0
beginning 1 1.6607312068216509 1.6607312068216509
behold 1 3.912023005428146 3.912023005428146
bei 1 3.912023005428146 3.912023005428146
benedict 1 3.2188758248682006 3.2188758248682006
benot 1 3.912023005428146 3.912023005428146
berlin 1 3.2188758248682006 3.2188758248682006
bestow 1 4.605170185988092 4.605170185988092
bib 1 4.605170185988092 4.605170185988092
bibel 1 4.605170185988092 4.605170185988092
bibelgesellschaft 1 4.605170185988092 4.605170185988092
bible 1 3.2188758248682006 3.2188758248682006
biblegatewaycom 1 4.605170185988092 4.605170185988092
biblestudytoolscom 1 4.605170185988092 4.605170185988092
biblical 1 2.995732273553991 2.995732273553991
bibliotheca 1 3.912023005428146 3.912023005428146
bishop 0 2.407945608651872 0.0
blazhen 1 4.605170185988092 4.605170185988092
blessed 1 3.506557897319982 3.506557897319982
bnlmgetina 1 4.605170185988092 4.605170185988092
book 1 0.6348782724359695 0.6348782724359695
bowen 1 4.605170185988092 4.605170185988092
bracket 0 3.2188758248682006 0.0
brauner 1 4.605170185988092 4.605170185988092
brent 1 3.2188758248682006 3.2188758248682006
brenton 1 3.912023005428146 3.912023005428146
brentons 1 4.605170185988092 4.605170185988092
bride 0 2.8134107167600364 0.0
bridegroom 1 4.605170185988092 4.605170185988092
brooke 1 2.995732273553991 2.995732273553991
brought 1 1.5606477482646683 1.5606477482646683
brviaire 1 4.605170185988092 4.605170185988092
burg 1 4.605170185988092 4.605170185988092
calvin 1 3.912023005428146 3.912023005428146
cambridge 1 2.120263536200091 2.120263536200091
canto 1 4.605170185988092 4.605170185988092
cardo 1 4.605170185988092 4.605170185988092
carlson 1 3.2188758248682006 3.2188758248682006
carta 1 3.912023005428146 3.912023005428146
cassia 1 4.605170185988092 4.605170185988092
category 1 0.0 0.0
cathedral 1 2.995732273553991 2.995732273553991
catholic 1 2.207274913189721 2.207274913189721
celebration 1 3.506557897319982 3.506557897319982
centerpx 1 0.0408219945202552 0.0408219945202552
century 1 1.3470736479666094 1.3470736479666094
ceremonial 1 2.995732273553991 2.995732273553991
certain 1 2.302585092994046 2.302585092994046
chabadorg 1 4.605170185988092 4.605170185988092
change 0 0.0 0.0
chapter 1 1.9661128563728327 1.9661128563728327
charles 1 1.171182981502945 1.171182981502945
chayei 1 4.605170185988092 4.605170185988092
chief 1 1.3862943611198906 1.3862943611198906
child 0 1.07880966137193 0.0
choral 1 4.605170185988092 4.605170185988092
christ 1 2.8134107167600364 2.8134107167600364
christian 1 1.4696759700589417 1.4696759700589417
christianitycom 1 4.605170185988092 4.605170185988092
christmas 1 2.302585092994046 2.302585092994046
christopher 1 1.9661128563728327 1.9661128563728327
church 1 1.6607312068216509 1.6607312068216509
citation 1 0.0408219945202552 0.0408219945202552
cite 1 0.0 0.0
citerefabramowitz 1 4.605170185988092 4.605170185988092
citerefbowen 1 4.605170185988092 4.605170185988092
citerefbrauner 1 4.605170185988092 4.605170185988092
citerefbrooke 1 4.605170185988092 4.605170185988092
citerefcarlson 1 4.605170185988092 4.605170185988092
citerefdahood 1 4.605170185988092 4.605170185988092
citereffalk 1 4.605170185988092 4.605170185988092
citerefguranger 1 4.605170185988092 4.605170185988092
citerefhenry 1 4.605170185988092 4.605170185988092
citerefkirkpatrick 1 4.605170185988092 4.605170185988092
citerefpentiuc 1 4.605170185988092 4.605170185988092
citerefpostell 1 4.605170185988092 4.605170185988092
citerefrhodes 1 4.605170185988092 4.605170185988092
citerefspurgeon 1 4.605170185988092 4.605170185988092
citerefsteyn 1 4.605170185988092 4.605170185988092
citeweb 1 0.5447271754416719 0.5447271754416719
city 1 0.6348782724359695 0.6348782724359695
clmhadasim 1 4.605170185988092 4.605170185988092
clmketer 1 4.605170185988092 4.605170185988092
clmnachlieli 1 4.605170185988092 4.605170185988092
clmsbl 1 4.605170185988092 4.605170185988092
clmsimple 1 4.605170185988092 4.605170185988092
clothes 1 3.506557897319982 3.506557897319982
clothing 1 3.912023005428146 3.912023005428146
coast 1 2.207274913189721 2.207274913189721
code 1 0.0 0.0
coffmans 1 4.605170185988092 4.605170185988092
college 0 1.1394342831883648 0.0
columbus 1 2.995732273553991 2.995732273553991
come 1 1.3470736479666094 1.3470736479666094
coming 1 1.7719568419318754 1.7719568419318754
commentary 1 2.995732273553991 2.995732273553991
common 1 0.0 0.0
commonscat 1 3.506557897319982 3.506557897319982
communal 1 4.605170185988092 4.605170185988092
companion 0 2.407945608651872 0.0
composed 1 1.8971199848858813 1.8971199848858813
composition 1 2.407945608651872 2.407945608651872
compositional 1 4.605170185988092 4.605170185988092
comprehensive 1 2.8134107167600364 2.8134107167600364
concerning 1 3.912023005428146 3.912023005428146
conduct 1 0.0 0.0
conference 1 1.3862943611198906 1.3862943611198906
confess 1 4.605170185988092 4.605170185988092
confessor 1 3.912023005428146 3.912023005428146
consider 1 2.407945608651872 2.407945608651872
contact 1 0.0 0.0
containing 1 1.4271163556401458 1.4271163556401458
content 1 0.0 0.0
context 1 0.010050335853501506 0.010050335853501506
contribute 1 0.0 0.0
contribution 0 0.0 0.0
cookie 1 0.0 0.0
cookiematch 1 0.0 0.0
coptic 1 4.605170185988092 4.605170185988092
cor 1 3.2188758248682006 3.2188758248682006
cord 1 3.506557897319982 3.506557897319982
coro 1 4.605170185988092 4.605170185988092
count 1 2.407945608651872 2.407945608651872
counterlistitema 1 0.127833371509885 0.127833371509885
cpdl 1 4.605170185988092 4.605170185988092
create 1 0.0 0.0
creative 1 0.0 0.0
criticism 1 2.8134107167600364 2.8134107167600364
cry 1 2.302585092994046 2.302585092994046
csmaintcolorf 1 0.06187540371808745 0.06187540371808745
csmaintcolorfmedia 1 0.0408219945202552 0.0408219945202552
cswsicon 1 0.0408219945202552 0.0408219945202552
cult 1 2.8134107167600364 2.8134107167600364
cup 1 1.7719568419318754 1.7719568419318754
current 1 0.0 0.0
cycle 1 2.5257286443082556 2.5257286443082556
dahood 1 4.605170185988092 4.605170185988092
daily 1 1.4271163556401458 1.4271163556401458
darein 1 4.605170185988092 4.605170185988092
daughter 1 1.5141277326297755 1.5141277326297755
david 1 0.9942522733438669 0.9942522733438669
day 1 0.5276327420823719 0.5276327420823719
deal 1 1.8325814637483102 1.8325814637483102
december 1 0.37106368139083196 0.37106368139083196
defender 1 3.2188758248682006 3.2188758248682006
dein 1 4.605170185988092 4.605170185988092
deine 1 3.912023005428146 3.912023005428146
deinem 1 4.605170185988092 4.605170185988092
del 1 2.302585092994046 2.302585092994046
delitzsch 1 4.605170185988092 4.605170185988092
dem 1 3.912023005428146 3.912023005428146
depiction 1 3.912023005428146 3.912023005428146
depth 0 2.8134107167600364 0.0
der 1 2.302585092994046 2.302585092994046
description 1 0.07257069283483537 0.07257069283483537
desire 1 3.2188758248682006 3.2188758248682006
deuterocanonical 1 4.605170185988092 4.605170185988092
deutsch 1 0.9416085398584451 0.9416085398584451
developer 0 0.0 0.0
dich 1 4.605170185988092 4.605170185988092
dichtet 1 4.605170185988092 4.605170185988092
didactic 1 4.605170185988092 4.605170185988092
die 1 2.407945608651872 2.407945608651872
diese 1 4.605170185988092 4.605170185988092
differ 1 3.2188758248682006 3.2188758248682006
different 1 0.3424903089467759 0.3424903089467759
differs 1 4.605170185988092 4.605170185988092
dir 1 3.912023005428146 3.912023005428146
directly 1 2.659260036932778 2.659260036932778
disclaimer 0 0.0 0.0
divine 1 3.2188758248682006 3.2188758248682006
doctrinal 1 4.605170185988092 4.605170185988092
domain 1 2.5257286443082556 2.5257286443082556
donate 1 0.0 0.0
dormition 1 4.605170185988092 4.605170185988092
doth 1 4.605170185988092 4.605170185988092
doubleday 1 4.605170185988092 4.605170185988092
download 1 0.0 0.0
dress 1 3.2188758248682006 3.2188758248682006
dtaftercontent 1 0.127833371509885 0.127833371509885
dwell 1 4.605170185988092 4.605170185988092
ear 1 3.506557897319982 3.506557897319982
early 1 0.6348782724359695 0.6348782724359695
earth 1 2.407945608651872 2.407945608651872
earthly 1 4.605170185988092 4.605170185988092
eastern 1 1.5606477482646683 1.5606477482646683
ed 0 2.120263536200091 0.0
effort 0 1.5141277326297755 0.0
efn 1 3.2188758248682006 3.2188758248682006
egyptian 1 2.8134107167600364 2.8134107167600364
ein 1 3.506557897319982 3.506557897319982
eisenbrauns 1 4.605170185988092 4.605170185988092
either 1 1.9661128563728327 1.9661128563728327
elect 1 2.659260036932778 2.659260036932778
eliyahu 1 4.605170185988092 4.605170185988092
ellopos 1 4.605170185988092 4.605170185988092
encapsulates 1 4.605170185988092 4.605170185988092
encyclopedia 1 0.0 0.0
end 1 0.7985076962177716 0.7985076962177716
enduringwordcom 1 4.605170185988092 4.605170185988092
enemy 0 2.8134107167600364 0.0
england 1 1.6607312068216509 1.6607312068216509
english 1 0.0 0.0
enter 1 2.995732273553991 2.995732273553991
epistle 1 3.912023005428146 3.912023005428146
epithalamium 1 4.605170185988092 4.605170185988092
erhebet 1 4.605170185988092 4.605170185988092
erklrungen 1 4.605170185988092 4.605170185988092
eructavit 1 4.605170185988092 4.605170185988092
espaol 1 1.1394342831883648 1.1394342831883648
essay 0 2.5257286443082556 0.0
ethan 1 3.2188758248682006 3.2188758248682006
eugen 1 3.912023005428146 3.912023005428146
evangelische 1 4.605170185988092 4.605170185988092
even 1 1.1394342831883648 1.1394342831883648
event 0 0.0 0.0
ever 1 1.7147984280919266 1.7147984280919266
example 1 1.8325814637483102 1.8325814637483102
exclusive 1 2.302585092994046 2.302585092994046
exile 1 2.8134107167600364 2.8134107167600364
exp 1 0.0 0.0
expected 1 2.659260036932778 2.659260036932778
explains 1 2.302585092994046 2.302585092994046
explicitly 1 3.912023005428146 3.912023005428146
external 1 0.44628710262841953 0.44628710262841953
ezra 1 4.605170185988092 4.605170185988092
ezrahite 1 4.605170185988092 4.605170185988092
face 1 1.9661128563728327 1.9661128563728327
fairer 1 4.605170185988092 4.605170185988092
fairy 1 3.912023005428146 3.912023005428146
fairytale 1 4.605170185988092 4.605170185988092
faithful 1 3.506557897319982 3.506557897319982
falk 1 3.912023005428146 3.912023005428146
fall 1 1.07880966137193 1.07880966137193
father 0 1.3093333199837622 0.0
favour 1 2.995732273553991 2.995732273553991
feast 1 3.2188758248682006 3.2188758248682006
february 1 0.27443684570176036 0.27443684570176036
feldheim 1 4.605170185988092 4.605170185988092
fellow 0 2.120263536200091 0.0
feminist 1 3.912023005428146 3.912023005428146
feste 1 4.605170185988092 4.605170185988092
file 1 0.0 0.0
fine 1 2.5257286443082556 2.5257286443082556
first 1 0.1508228897345837 0.1508228897345837
fit 1 3.2188758248682006 3.2188758248682006
flei 1 4.605170185988092 4.605170185988092
follow 1 2.5257286443082556 2.5257286443082556
following 1 0.7133498878774648 0.7133498878774648
fool 0 3.912023005428146 0.0
foot 0 2.407945608651872 0.0
footnote 0 2.5257286443082556 0.0
foreign 1 1.8971199848858813 1.8971199848858813
forget 1 2.995732273553991 2.995732273553991
form 0 1.3470736479666094 0.0
fortress 1 3.506557897319982 3.506557897319982
found 1 1.2039728043259361 1.2039728043259361
foundation 1 0.0 0.0
fourth 1 1.4696759700589417 1.4696759700589417
fourweekly 1 4.605170185988092 4.605170185988092
franais 1 0.8675005677047231 0.8675005677047231
frank 1 1.7147984280919266 1.7147984280919266
franz 1 2.8134107167600364 2.8134107167600364
free 1 0.0 0.0
french 1 1.3862943611198906 1.3862943611198906
frenchlanguage 1 2.407945608651872 2.407945608651872
frequently 1 2.659260036932778 2.659260036932778
full 1 1.1086626245216111 1.1086626245216111
future 1 1.6607312068216509 1.6607312068216509
gaelic 1 4.605170185988092 4.605170185988092
ganzes 1 4.605170185988092 4.605170185988092
garden 1 2.407945608651872 2.407945608651872
garment 0 4.605170185988092 0.0
gedolim 1 4.605170185988092 4.605170185988092
gehoffet 1 4.605170185988092 4.605170185988092
gelineau 1 4.605170185988092 4.605170185988092
gendig 1 4.605170185988092 4.605170185988092
general 1 0.0 0.0
generation 0 1.9661128563728327 0.0
genevan 1 3.912023005428146 3.912023005428146
george 1 1.07880966137193 1.07880966137193
german 1 1.7147984280919266 1.7147984280919266
germanlanguage 1 2.995732273553991 2.995732273553991
gert 1 4.605170185988092 4.605170185988092
get 1 0.0 0.0
getreuer 1 4.605170185988092 4.605170185988092
gidhlig 1 4.605170185988092 4.605170185988092
gift 1 2.8134107167600364 2.8134107167600364
gird 1 4.605170185988092 4.605170185988092
gisha 1 4.605170185988092 4.605170185988092
given 1 1.2378743560016172 1.2378743560016172
glad 1 4.605170185988092 4.605170185988092
gladness 1 3.912023005428146 3.912023005428146
gladsome 1 4.605170185988092 4.605170185988092
glorious 1 4.605170185988092 4.605170185988092
glory 1 2.995732273553991 2.995732273553991
god 1 2.207274913189721 2.207274913189721
gold 1 1.6094379124341003 1.6094379124341003
golden 1 1.9661128563728327 1.9661128563728327
good 1 1.3093333199837622 1.3093333199837622
gott 1 4.605170185988092 4.605170185988092
grace 1 2.407945608651872 2.407945608651872
grammar 1 4.605170185988092 4.605170185988092
great 1 0.9675840262617057 0.9675840262617057
greatly 1 3.2188758248682006 3.2188758248682006
greek 1 2.407945608651872 2.407945608651872
guranger 1 4.605170185988092 4.605170185988092
hab 1 4.605170185988092 4.605170185988092
halachos 1 4.605170185988092 4.605170185988092
hallel 1 4.605170185988092 4.605170185988092
hallelujah 1 4.605170185988092 4.605170185988092
hand 1 1.3862943611198906 1.3862943611198906
handsome 1 3.506557897319982 3.506557897319982
harvnb 1 4.605170185988092 4.605170185988092
hatest 1 4.605170185988092 4.605170185988092
hath 1 3.912023005428146 3.912023005428146
hatnote 1 0.843970070294529 0.843970070294529
haupt 1 4.605170185988092 4.605170185988092
hearken 1 4.605170185988092 4.605170185988092
heart 1 1.4696759700589417 1.4696759700589417
heaven 1 2.659260036932778 2.659260036932778
heavenly 1 3.912023005428146 3.912023005428146
hebrew 1 3.506557897319982 3.506557897319982
hebrfontfamily 1 4.605170185988092 4.605170185988092
heinrich 1 2.995732273553991 2.995732273553991
help 1 0.0 0.0
heman 1 4.605170185988092 4.605170185988092
henry 1 1.5606477482646683 1.5606477482646683
herr 1 4.605170185988092 4.605170185988092
herrn 1 4.605170185988092 4.605170185988092
herz 1 4.605170185988092 4.605170185988092
hidden 1 0.010050335853501506 0.010050335853501506
hide 1 0.0 0.0
hijos 1 4.605170185988092 4.605170185988092
himmel 1 4.605170185988092 4.605170185988092
hine 1 4.605170185988092 4.605170185988092
hirt 1 4.605170185988092 4.605170185988092
hispaniola 1 4.605170185988092 4.605170185988092
historical 1 1.8325814637483102 1.8325814637483102
history 1 0.0 0.0
hlist 1 0.127833371509885 0.127833371509885
hlistinline 1 0.127833371509885 0.127833371509885
hlt 1 4.605170185988092 4.605170185988092
holy 1 1.8971199848858813 1.8971199848858813
home 1 0.7339691750802005 0.7339691750802005
honor 1 1.8325814637483102 1.8325814637483102
honourable 1 3.912023005428146 3.912023005428146
hour 0 1.7719568419318754 0.0
house 1 1.0216512475319812 1.0216512475319812
however 1 0.6931471805599453 0.6931471805599453
hts 1 4.605170185988092 4.605170185988092
husband 1 1.9661128563728327 1.9661128563728327
hymn 0 2.995732273553991 0.0
hymnaryorg 1 4.605170185988092 4.605170185988092
hymnsandsongsbasedon 1 4.605170185988092 4.605170185988092
ich 1 3.912023005428146 3.912023005428146
icon 1 3.506557897319982 3.506557897319982
idle 1 4.605170185988092 4.605170185988092
idlockfree 1 0.0408219945202552 0.0408219945202552
idlockfreeidlockfree 1 0.0408219945202552 0.0408219945202552
idlocklimited 1 0.0408219945202552 0.0408219945202552
idlockregistration 1 0.0408219945202552 0.0408219945202552
idlocksubscription 1 0.0408219945202552 0.0408219945202552
illustrating 1 3.912023005428146 3.912023005428146
imgsrc 1 1.3862943611198906 1.3862943611198906
import 1 2.8134107167600364 2.8134107167600364
imprecatory 1 4.605170185988092 4.605170185988092
imslp 1 4.605170185988092 4.605170185988092
inc 1 0.0 0.0
incline 1 3.912023005428146 3.912023005428146
incorrectly 1 2.995732273553991 2.995732273553991
index 1 1.9661128563728327 1.9661128563728327
inditing 1 4.605170185988092 4.605170185988092
indonesia 1 1.7719568419318754 1.7719568419318754
infobox 1 0.3011050927839216 0.3011050927839216
infoboxtable 1 0.3147107448397002 0.3147107448397002
information 1 0.0 0.0
instead 1 1.6607312068216509 1.6607312068216509
instrument 1 2.995732273553991 2.995732273553991
international 1 0.5978370007556204 0.5978370007556204
interpret 1 4.605170185988092 4.605170185988092
interpretation 1 3.2188758248682006 3.2188758248682006
interpreted 1 3.912023005428146 3.912023005428146
interprets 1 4.605170185988092 4.605170185988092
intertextual 1 4.605170185988092 4.605170185988092
intreat 1 4.605170185988092 4.605170185988092
introduction 1 2.207274913189721 2.207274913189721
invitatory 1 4.605170185988092 4.605170185988092
isbn 1 0.9942522733438669 0.9942522733438669
israel 1 1.7147984280919266 1.7147984280919266
ist 1 4.605170185988092 4.605170185988092
italiano 1 1.07880966137193 1.07880966137193
item 1 0.010050335853501506 0.010050335853501506
ivory 1 3.912023005428146 3.912023005428146
jack 1 1.4696759700589417 1.4696759700589417
james 1 1.0498221244986776 1.0498221244986776
january 1 0.3424903089467759 0.3424903089467759
jauchzt 1 4.605170185988092 4.605170185988092
jehoram 1 4.605170185988092 4.605170185988092
jesuit 1 3.912023005428146 3.912023005428146
jesus 1 2.659260036932778 2.659260036932778
jewish 1 2.207274913189721 2.207274913189721
jezebel 1 3.912023005428146 3.912023005428146
john 1 0.49429632181478017 0.49429632181478017
journal 1 1.3093333199837622 1.3093333199837622
jps 1 4.605170185988092 4.605170185988092
judah 0 3.912023005428146 0.0
judaism 1 4.605170185988092 4.605170185988092
jump 1 0.0 0.0
june 1 0.40047756659712536 0.40047756659712536
kathisma 1 4.605170185988092 4.605170185988092
king 1 1.3093333199837622 1.3093333199837622
kingdom 1 1.5141277326297755 1.5141277326297755
kirkpatrick 1 3.912023005428146 3.912023005428146
klali 1 4.605170185988092 4.605170185988092
know 1 1.7147984280919266 1.7147984280919266
known 1 0.7985076962177716 0.7985076962177716
knox 1 3.2188758248682006 3.2188758248682006
kohanim 1 4.605170185988092 4.605170185988092
koine 1 4.605170185988092 4.605170185988092
korach 1 4.605170185988092 4.605170185988092
korah 1 4.605170185988092 4.605170185988092
korahites 1 4.605170185988092 4.605170185988092
krahmalkov 1 4.605170185988092 4.605170185988092
kristofer 1 4.605170185988092 4.605170185988092
lament 1 3.912023005428146 3.912023005428146
lang 1 1.9661128563728327 1.9661128563728327
language 1 0.0 0.0
last 1 0.0 0.0
latin 1 2.5257286443082556 2.5257286443082556
latina 1 3.506557897319982 3.506557897319982
latinfranais 1 4.605170185988092 4.605170185988092
laudate 1 4.605170185988092 4.605170185988092
lay 1 2.8134107167600364 2.8134107167600364
layman 0 4.605170185988092 0.0
leader 1 1.3862943611198906 1.3862943611198906
learn 1 0.0 0.0
lemmon 0 4.605170185988092 0.0
let 1 1.8325814637483102 1.8325814637483102
leuchtet 1 4.605170185988092 4.605170185988092
leviathan 1 3.912023005428146 3.912023005428146
liaftercontent 1 0.127833371509885 0.127833371509885
library 1 1.6094379124341003 1.6094379124341003
libre 1 4.605170185988092 4.605170185988092
license 1 0.0 0.0
lied 1 3.912023005428146 3.912023005428146
life 1 0.5447271754416719 0.5447271754416719
lightorg 1 4.605170185988092 4.605170185988092
like 1 1.2039728043259361 1.2039728043259361
likely 1 2.5257286443082556 2.5257286443082556
lily 1 3.506557897319982 3.506557897319982
limarginbottom 1 0.9675840262617057 0.9675840262617057
link 1 0.0 0.0
lip 0 3.912023005428146 0.0
lirios 1 4.605170185988092 4.605170185988092
lit 1 3.2188758248682006 3.2188758248682006
literary 1 2.5257286443082556 2.5257286443082556
literature 1 1.9661128563728327 1.9661128563728327
liturgical 1 3.506557897319982 3.506557897319982
liturgiescitation 1 4.605170185988092 4.605170185988092
liturgy 1 3.506557897319982 3.506557897319982
lob 1 4.605170185988092 4.605170185988092
location 1 1.171182981502945 1.171182981502945
log 1 0.0 0.0
logged 1 0.0 0.0
lond 1 4.605170185988092 4.605170185988092
look 1 2.0402208285265546 2.0402208285265546
lord 1 2.0402208285265546 2.0402208285265546
los 1 1.5141277326297755 1.5141277326297755
love 1 1.4271163556401458 1.4271163556401458
lovely 1 4.605170185988092 4.605170185988092
lovest 1 4.605170185988092 4.605170185988092
lulucom 1 4.605170185988092 4.605170185988092
lutheran 1 3.2188758248682006 3.2188758248682006
machine 1 1.4696759700589417 1.4696759700589417
made 1 0.653926467406664 0.653926467406664
maestro 1 4.605170185988092 4.605170185988092
main 1 0.0 0.0
mainother 1 1.5141277326297755 1.5141277326297755
maintained 1 2.995732273553991 2.995732273553991
majesty 1 3.506557897319982 3.506557897319982
make 1 1.0498221244986776 1.0498221244986776
making 1 1.6607312068216509 1.6607312068216509
mamre 1 4.605170185988092 4.605170185988092
manuscript 0 2.8134107167600364 0.0
march 1 0.3147107448397002 0.3147107448397002
marking 1 2.995732273553991 2.995732273553991
marriage 1 2.120263536200091 2.120263536200091
mary 1 1.7719568419318754 1.7719568419318754
maschil 1 4.605170185988092 4.605170185988092
mashiach 1 4.605170185988092 4.605170185988092
maskil 1 4.605170185988092 4.605170185988092
masoretic 1 4.605170185988092 4.605170185988092
mass 1 1.9661128563728327 1.9661128563728327
matins 1 4.605170185988092 4.605170185988092
matter 1 2.0402208285265546 2.0402208285265546
matthew 1 1.8325814637483102 1.8325814637483102
mattins 1 4.605170185988092 4.605170185988092
maximus 1 3.506557897319982 3.506557897319982
may 1 0.0 0.0
mayest 1 4.605170185988092 4.605170185988092
mean 1 1.7719568419318754 1.7719568419318754
meaning 1 2.5257286443082556 2.5257286443082556
mechon 1 4.605170185988092 4.605170185988092
mechonmamreorg 1 4.605170185988092 4.605170185988092
medium 0 0.49429632181478017 0.0
meekness 1 4.605170185988092 4.605170185988092
mein 1 4.605170185988092 4.605170185988092
meine 1 4.605170185988092 4.605170185988092
meloda 1 4.605170185988092 4.605170185988092
men 1 1.2039728043259361 1.2039728043259361
mentioned 1 2.659260036932778 2.659260036932778
menu 1 0.0 0.0
messiah 1 4.605170185988092 4.605170185988092
messianic 1 4.605170185988092 4.605170185988092
metzudot 1 4.605170185988092 4.605170185988092
meum 1 4.605170185988092 4.605170185988092
mich 1 4.605170185988092 4.605170185988092
midday 1 3.912023005428146 3.912023005428146
middle 1 2.0402208285265546 2.0402208285265546
midrash 1 4.605170185988092 4.605170185988092
mighty 1 3.506557897319982 3.506557897319982
miktam 1 4.605170185988092 4.605170185988092
miller 1 1.6094379124341003 1.6094379124341003
mind 1 2.302585092994046 2.302585092994046
mine 1 2.407945608651872 2.407945608651872
minstrel 1 3.912023005428146 3.912023005428146
mit 1 3.506557897319982 3.506557897319982
mitchell 1 2.302585092994046 2.302585092994046
mobile 1 0.0 0.0
modern 1 1.5606477482646683 1.5606477482646683
modestly 1 3.912023005428146 3.912023005428146
modesty 1 4.605170185988092 4.605170185988092
monastery 0 3.912023005428146 0.0
monastique 1 4.605170185988092 4.605170185988092
monday 1 2.8134107167600364 2.8134107167600364
month 1 0.8915981192837835 0.8915981192837835
morgenstern 1 4.605170185988092 4.605170185988092
morning 1 1.8325814637483102 1.8325814637483102
moscow 1 2.659260036932778 2.659260036932778
mother 1 1.5141277326297755 1.5141277326297755
mouth 1 2.8134107167600364 2.8134107167600364
move 1 0.0 0.0
mund 1 4.605170185988092 4.605170185988092
music 1 1.3862943611198906 1.3862943611198906
musical 1 1.8971199848858813 1.8971199848858813
musician 1 2.5257286443082556 2.5257286443082556
muzh 1 4.605170185988092 4.605170185988092
myrrh 1 4.605170185988092 4.605170185988092
name 1 0.5276327420823719 0.5276327420823719
nancy 1 2.302585092994046 2.302585092994046
navbar 1 0.23572233352106994 0.23572233352106994
navbarfontsizemedia 1 0.3147107448397002 0.3147107448397002
navbarmini 1 0.23572233352106994 0.23572233352106994
navbox 1 0.1392620673335076 0.1392620673335076
navboximage 1 0.1392620673335076 0.1392620673335076
navboxsubgroup 1 0.1392620673335076 0.1392620673335076
navboxtitle 1 0.1392620673335076 0.1392620673335076
navigation 1 0.0 0.0
nded 1 4.605170185988092 4.605170185988092
near 1 1.8325814637483102 1.8325814637483102
needed 1 1.3862943611198906 1.3862943611198906
needlework 1 4.605170185988092 4.605170185988092
neues 1 4.605170185988092 4.605170185988092
new 1 0.24846135929849972 0.24846135929849972
nicht 1 4.605170185988092 4.605170185988092
nichts 1 4.605170185988092 4.605170185988092
ninth 1 2.659260036932778 2.659260036932778
nnarticlewhitelist 1 2.407945608651872 2.407945608651872
nnciterefpatterns 1 2.407945608651872 2.407945608651872
nntemplatelist 1 2.407945608651872 2.407945608651872
noble 1 2.659260036932778 2.659260036932778
nonprofit 1 0.0 0.0
noster 1 3.912023005428146 3.912023005428146
note 1 0.8209805520698303 0.8209805520698303
notelist 1 3.506557897319982 3.506557897319982
noto 1 3.912023005428146 3.912023005428146
november 1 0.3011050927839216 0.3011050927839216
number 1 0.7550225842780328 0.7550225842780328
numbered 1 3.2188758248682006 3.2188758248682006
numbering 1 3.506557897319982 3.506557897319982
nun 1 2.995732273553991 2.995732273553991
nuptials 1 4.605170185988092 4.605170185988092
occasion 1 2.659260036932778 2.659260036932778
october 1 0.28768207245178085 0.28768207245178085
ode 1 4.605170185988092 4.605170185988092
office 1 1.1086626245216111 1.1086626245216111
oil 1 2.5257286443082556 2.5257286443082556
old 1 1.07880966137193 1.07880966137193
ollibeforecontent 1 0.127833371509885 0.127833371509885
one 1 0.23572233352106994 0.23572233352106994
ophir 1 4.605170185988092 4.605170185988092
organization 1 0.0 0.0
organizationname 1 0.010050335853501506 0.010050335853501506
original 1 0.4155154439616658 0.4155154439616658
originally 1 1.9661128563728327 1.9661128563728327
orthodox 1 2.995732273553991 2.995732273553991
oup 1 3.506557897319982 3.506557897319982
oxyrhynchus 1 4.605170185988092 4.605170185988092
page 1 0.0 0.0
palace 1 2.995732273553991 2.995732273553991
papyrus 1 4.605170185988092 4.605170185988092
parallel 1 3.2188758248682006 3.2188758248682006
paraphrase 1 4.605170185988092 4.605170185988092
part 1 0.6348782724359695 0.6348782724359695
passage 0 2.659260036932778 0.0
past 1 1.7719568419318754 1.7719568419318754
pater 1 3.912023005428146 3.912023005428146
patrick 1 1.8971199848858813 1.8971199848858813
paul 1 0.8675005677047231 0.8675005677047231
pdf 1 1.0498221244986776 1.0498221244986776
pdfprintable 1 0.0 0.0
pekudei 1 4.605170185988092 4.605170185988092
pen 1 2.207274913189721 2.207274913189721
penitential 1 4.605170185988092 4.605170185988092
pentiuc 1 4.605170185988092 4.605170185988092
people 1 0.49429632181478017 0.49429632181478017
perek 1 4.605170185988092 4.605170185988092
performed 1 2.120263536200091 2.120263536200091
permanent 1 0.0 0.0
personal 1 0.0 0.0
pesach 1 4.605170185988092 4.605170185988092
pesukim 1 4.605170185988092 4.605170185988092
phoenician 1 4.605170185988092 4.605170185988092
phrase 0 2.995732273553991 0.0
piece 0 2.5257286443082556 0.0
pierced 1 4.605170185988092 4.605170185988092
pierre 1 2.302585092994046 2.302585092994046
plainlist 1 0.7339691750802005 0.7339691750802005
pnnma 1 4.605170185988092 4.605170185988092
poem 1 3.506557897319982 3.506557897319982
poema 1 4.605170185988092 4.605170185988092
poetry 1 3.2188758248682006 3.2188758248682006
policy 1 0.0 0.0
polski 1 1.3470736479666094 1.3470736479666094
portal 1 0.0 0.0
portion 1 2.8134107167600364 2.8134107167600364
posit 0 4.605170185988092 0.0
possibly 1 2.659260036932778 2.659260036932778
postell 1 4.605170185988092 4.605170185988092
poured 1 3.912023005428146 3.912023005428146
powerful 1 2.5257286443082556 2.5257286443082556
praise 1 2.659260036932778 2.659260036932778
prayed 1 3.912023005428146 3.912023005428146
prayer 1 2.8134107167600364 2.8134107167600364
presence 1 2.207274913189721 2.207274913189721
press 1 0.7550225842780328 0.7550225842780328
prince 0 2.207274913189721 0.0
princess 1 2.995732273553991 2.995732273553991
printbodyns 1 0.09431067947124142 0.09431067947124142
printed 1 2.659260036932778 2.659260036932778
printexport 1 0.0 0.0
privacy 1 0.0 0.0
prof 0 2.995732273553991 0.0
profane 1 4.605170185988092 4.605170185988092
project 1 0.0 0.0
proper 1 2.8134107167600364 2.8134107167600364
prophecy 1 3.506557897319982 3.506557897319982
prophet 0 3.506557897319982 0.0
proposes 1 3.912023005428146 3.912023005428146
prosper 1 3.912023005428146 3.912023005428146
prosperously 1 4.605170185988092 4.605170185988092
protestant 1 2.995732273553991 2.995732273553991
psalm 1 3.506557897319982 3.506557897319982
psalmody 1 4.605170185988092 4.605170185988092
psalmus 1 4.605170185988092 4.605170185988092
psalter 1 3.912023005428146 3.912023005428146
psautier 1 4.605170185988092 4.605170185988092
public 1 0.9675840262617057 0.9675840262617057
publication 1 1.3862943611198906 1.3862943611198906
published 1 1.3862943611198906 1.3862943611198906
publisher 0 1.8325814637483102 0.0
punic 1 4.605170185988092 4.605170185988092
purely 1 3.912023005428146 3.912023005428146
queen 1 2.407945608651872 2.407945608651872
queenship 1 4.605170185988092 4.605170185988092
quoted 1 3.506557897319982 3.506557897319982
quoting 1 4.605170185988092 4.605170185988092
rabbi 1 4.605170185988092 4.605170185988092
rahab 1 4.605170185988092 4.605170185988092
raiment 1 4.605170185988092 4.605170185988092
random 1 0.0 0.0
rashi 1 4.605170185988092 4.605170185988092
rather 1 2.120263536200091 2.120263536200091
read 1 0.0 0.0
reading 1 1.5606477482646683 1.5606477482646683
ready 1 2.302585092994046 2.302585092994046
received 1 1.1394342831883648 1.1394342831883648
recent 1 0.0 0.0
recently 1 2.302585092994046 2.302585092994046
recited 1 4.605170185988092 4.605170185988092
refer 1 3.2188758248682006 3.2188758248682006
reference 0 0.03045920748470844 0.0
referred 1 2.302585092994046 2.302585092994046
referring 1 3.506557897319982 3.506557897319982
refers 1 3.2188758248682006 3.2188758248682006
reflist 1 0.06187540371808745 0.06187540371808745
reflistcolumns 1 0.06187540371808745 0.06187540371808745
refrain 1 3.506557897319982 3.506557897319982
reg 1 0.0 0.0
registered 1 0.0 0.0
regular 1 1.5606477482646683 1.5606477482646683
reject 0 2.5257286443082556 0.0
rejoicing 1 4.605170185988092 4.605170185988092
related 1 0.0 0.0
remains 1 2.0402208285265546 2.0402208285265546
remembered 1 3.2188758248682006 3.2188758248682006
responsorial 1 4.605170185988092 4.605170185988092
rest 1 2.0402208285265546 2.0402208285265546
retrieved 1 0.0 0.0
reuven 1 4.605170185988092 4.605170185988092
revised 1 2.407945608651872 2.407945608651872
reward 1 4.605170185988092 4.605170185988092
rgle 1 4.605170185988092 4.605170185988092
rhodes 1 3.506557897319982 3.506557897319982
rich 1 2.207274913189721 2.207274913189721
richmond 1 2.8134107167600364 2.8134107167600364
ride 1 3.2188758248682006 3.2188758248682006
right 1 0.9675840262617057 0.9675840262617057
righteousness 1 4.605170185988092 4.605170185988092
rimpressioned 1 4.605170185988092 4.605170185988092
river 0 1.4271163556401458 0.0
roman 1 1.7719568419318754 1.7719568419318754
romancing 1 4.605170185988092 4.605170185988092
royal 1 1.8325814637483102 1.8325814637483102
rsv 1 4.605170185988092 4.605170185988092
ruehl 1 4.605170185988092 4.605170185988092
ruft 1 4.605170185988092 4.605170185988092
rule 1 1.4696759700589417 1.4696759700589417
runneth 1 4.605170185988092 4.605170185988092
russian 1 2.120263536200091 2.120263536200091
sacredtextscom 1 4.605170185988092 4.605170185988092
sacrum 0 4.605170185988092 0.0
said 1 1.5606477482646683 1.5606477482646683
saint 1 1.6607312068216509 1.6607312068216509
salmo 0 3.912023005428146 0.0
sans 1 3.912023005428146 3.912023005428146
sarah 1 2.302585092994046 2.302585092994046
saturday 1 2.407945608651872 2.407945608651872
sceptre 1 3.912023005428146 3.912023005428146
schechter 1 4.605170185988092 4.605170185988092
schn 1 4.605170185988092 4.605170185988092
scholar 1 1.7147984280919266 1.7147984280919266
school 0 0.7765287894989963 0.0
schrei 1 4.605170185988092 4.605170185988092
schtz 1 4.605170185988092 4.605170185988092
score 1 1.6607312068216509 1.6607312068216509
screen 1 0.010050335853501506 0.010050335853501506
script 1 2.5257286443082556 2.5257286443082556
scroll 1 3.912023005428146 3.912023005428146
search 1 0.0 0.0
second 1 0.49429632181478017 0.49429632181478017
see 1 0.40047756659712536 0.40047756659712536
seele 1 4.605170185988092 4.605170185988092
sefariaorg 1 4.605170185988092 4.605170185988092
segn 1 4.605170185988092 4.605170185988092
sein 1 3.912023005428146 3.912023005428146
selah 1 4.605170185988092 4.605170185988092
separate 1 2.659260036932778 2.659260036932778
septuagint 1 4.605170185988092 4.605170185988092
series 1 0.8675005677047231 0.8675005677047231
serif 1 4.605170185988092 4.605170185988092
set 1 0.9942522733438669 0.9942522733438669
seth 1 2.8134107167600364 2.8134107167600364
setting 1 2.120263536200091 2.120263536200091
sfn 1 2.5257286443082556 2.5257286443082556
shabbat 1 4.605170185988092 4.605170185988092
shall 1 2.8134107167600364 2.8134107167600364
shaped 1 3.912023005428146 3.912023005428146
share 1 0.0 0.0
sharp 1 3.912023005428146 3.912023005428146
shepherd 1 2.995732273553991 2.995732273553991
shimush 1 4.605170185988092 4.605170185988092
shine 0 3.506557897319982 0.0
shirah 1 4.605170185988092 4.605170185988092
short 1 0.06187540371808745 0.06187540371808745
shortdescription 1 0.2613647641344075 0.2613647641344075
shortened 1 0.0 0.0
shoshana 1 4.605170185988092 4.605170185988092
shoshanim 1 4.605170185988092 4.605170185988092
shoshanimeither 1 4.605170185988092 4.605170185988092
shoshannim 1 4.605170185988092 4.605170185988092
show 0 1.0498221244986776 0.0
siddur 1 4.605170185988092 4.605170185988092
side 1 1.4271163556401458 1.4271163556401458
sidebar 1 0.0 0.0
sideboxmarginpx 1 1.3862943611198906 1.3862943611198906
sideboxtextpaddingem 1 1.3862943611198906 1.3862943611198906
sieh 1 4.605170185988092 4.605170185988092
sil 1 3.912023005428146 3.912023005428146
silsbl 1 4.605170185988092 4.605170185988092
since 1 0.7985076962177716 0.7985076962177716
singe 1 4.605170185988092 4.605170185988092
singt 1 4.605170185988092 4.605170185988092
sistersitebox 1 1.3862943611198906 1.3862943611198906
site 1 0.0 0.0
slightly 1 2.659260036932778 2.659260036932778
smell 1 3.506557897319982 3.506557897319982
sobre 1 4.605170185988092 4.605170185988092
society 1 1.4271163556401458 1.4271163556401458
solesmes 1 3.912023005428146 3.912023005428146
solid 1 0.09431067947124142 0.09431067947124142
solomon 1 2.995732273553991 2.995732273553991
son 0 1.3093333199837622 0.0
song 1 1.3470736479666094 1.3470736479666094
soul 1 2.8134107167600364 2.8134107167600364
source 0 0.5798184952529422 0.0
spanish 1 1.7719568419318754 1.7719568419318754
spanishlanguage 1 2.5257286443082556 2.5257286443082556
speak 1 3.2188758248682006 3.2188758248682006
special 1 0.0 0.0
spiritual 1 2.120263536200091 2.120263536200091
spiritually 1 4.605170185988092 4.605170185988092
spouse 1 2.8134107167600364 2.8134107167600364
spricht 1 4.605170185988092 4.605170185988092
spurgeon 1 4.605170185988092 4.605170185988092
spurgeons 1 4.605170185988092 4.605170185988092
srezra 1 4.605170185988092 4.605170185988092
stand 1 2.120263536200091 2.120263536200091
standard 1 1.6607312068216509 1.6607312068216509
star 1 0.9675840262617057 0.9675840262617057
state 0 0.3147107448397002 0.0
statement 1 0.0 0.0
stating 1 2.120263536200091 2.120263536200091
statistic 0 0.0 0.0
steyn 1 4.605170185988092 4.605170185988092
stirred 1 4.605170185988092 4.605170185988092
straf 1 3.912023005428146 3.912023005428146
strawn 1 4.605170185988092 4.605170185988092
study 1 1.2729656758128876 1.2729656758128876
subsection 1 0.3424903089467759 0.3424903089467759
subservience 1 4.605170185988092 4.605170185988092
suggestion 0 2.995732273553991 0.0
sung 1 2.995732273553991 2.995732273553991
sup 1 3.506557897319982 3.506557897319982
sustained 1 3.506557897319982 3.506557897319982
sword 1 2.302585092994046 2.302585092994046
swv 1 4.605170185988092 4.605170185988092
syriac 1 4.605170185988092 4.605170185988092
system 1 0.9162907318741551 0.9162907318741551
taamey 1 4.605170185988092 4.605170185988092
table 1 0.0 0.0
tale 1 3.2188758248682006 3.2188758248682006
talk 1 0.0 0.0
tanhuma 1 4.605170185988092 4.605170185988092
taylor 1 1.7719568419318754 1.7719568419318754
tdhlist 1 0.1392620673335076 0.1392620673335076
teach 1 3.506557897319982 3.506557897319982
teaching 1 2.302585092994046 2.302585092994046
tehillim 1 4.605170185988092 4.605170185988092
template 1 0.0 0.0
terce 1 4.605170185988092 4.605170185988092
term 1 0.0 0.0
terminology 1 3.2188758248682006 3.2188758248682006
terrible 1 2.995732273553991 2.995732273553991
testament 1 3.2188758248682006 3.2188758248682006
text 1 0.0 0.0
textual 1 3.912023005428146 3.912023005428146
thbodyskinresponsive 1 0.3147107448397002 0.3147107448397002
thee 1 4.605170185988092 4.605170185988092
theme 1 2.302585092994046 2.302585092994046
theology 1 2.995732273553991 2.995732273553991
therefore 1 2.207274913189721 2.207274913189721
thigh 1 3.912023005428146 3.912023005428146
thine 1 3.912023005428146 3.912023005428146
thing 0 1.5606477482646683 0.0
thou 1 3.912023005428146 3.912023005428146
throne 1 2.995732273553991 2.995732273553991
thy 1 3.912023005428146 3.912023005428146
tiefer 1 4.605170185988092 4.605170185988092
tikkun 1 4.605170185988092 4.605170185988092
time 1 0.28768207245178085 0.28768207245178085
toggle 1 0.010050335853501506 0.010050335853501506
tongue 1 3.2188758248682006 3.2188758248682006
tool 0 0.0 0.0
top 1 0.010050335853501506 0.010050335853501506
topic 1 0.0 0.0
torah 1 4.605170185988092 4.605170185988092
total 1 0.0 0.0
touching 1 4.605170185988092 4.605170185988092
tov 1 4.605170185988092 4.605170185988092
trademark 1 0.0 0.0
tradition 1 2.207274913189721 2.207274913189721
traditionally 1 3.2188758248682006 3.2188758248682006
traditionsnote 1 4.605170185988092 4.605170185988092
translation 1 2.302585092994046 2.302585092994046
treasury 1 3.912023005428146 3.912023005428146
truth 1 2.407945608651872 2.407945608651872
tsova 1 4.605170185988092 4.605170185988092
tune 1 2.8134107167600364 2.8134107167600364
two 1 0.43078291609245434 0.43078291609245434
type 0 1.2729656758128876 0.0
tyre 1 3.912023005428146 3.912023005428146
tznius 1 4.605170185988092 4.605170185988092
tzniut 1 4.605170185988092 4.605170185988092
ulpaddingem 1 0.1392620673335076 0.1392620673335076
un 0 3.506557897319982 0.0
unbegrenzt 1 4.605170185988092 4.605170185988092
understood 1 3.2188758248682006 3.2188758248682006
union 1 1.07880966137193 1.07880966137193
united 1 0.4155154439616658 0.4155154439616658
university 1 0.616186139423817 0.616186139423817
unser 1 4.605170185988092 4.605170185988092
unsourced 1 1.3862943611198906 1.3862943611198906
unto 1 3.2188758248682006 3.2188758248682006
unweisen 1 4.605170185988092 4.605170185988092
upload 1 0.0 0.0
upon 1 1.2729656758128876 1.2729656758128876
us 0 1.6094379124341003 0.0
usa 1 1.9661128563728327 1.9661128563728327
usccborg 1 4.605170185988092 4.605170185988092
use 1 0.0 0.0
used 1 0.8675005677047231 0.8675005677047231
using 1 0.0 0.0
utc 1 0.0 0.0
var 1 0.0 0.0
variously 1 4.605170185988092 4.605170185988092
verborgen 1 4.605170185988092 4.605170185988092
verse 1 2.5257286443082556 2.5257286443082556
version 1 0.0 0.0
vesper 0 3.912023005428146 0.0
view 1 0.0 0.0
vindobonensis 1 4.605170185988092 4.605170185988092
vir 1 3.506557897319982 3.506557897319982
virgin 1 3.2188758248682006 3.2188758248682006
vom 1 4.605170185988092 4.605170185988092
vorlage 1 4.605170185988092 4.605170185988092
vowel 0 4.605170185988092 0.0
vte 1 0.7550225842780328 0.7550225842780328
vulgate 1 3.912023005428146 3.912023005428146
wasserflssen 1 4.605170185988092 4.605170185988092
wayback 1 1.8971199848858813 1.8971199848858813
wear 1 2.302585092994046 2.302585092994046
web 1 1.4696759700589417 1.4696759700589417
webarchive 1 2.0402208285265546 2.0402208285265546
wedding 1 3.2188758248682006 3.2188758248682006
week 1 1.2729656758128876 1.2729656758128876
well 1 0.7765287894989963 0.7765287894989963
welt 1 3.912023005428146 3.912023005428146
west 1 1.171182981502945 1.171182981502945
whence 1 3.912023005428146 3.912023005428146
whereby 1 3.912023005428146 3.912023005428146
wickedness 1 4.605170185988092 4.605170185988092
wie 1 3.506557897319982 3.506557897319982
wiki 1 2.120263536200091 2.120263536200091
wikidata 1 0.010050335853501506 0.010050335853501506
wikimedia 1 0.0 0.0
wikipedia 1 0.0 0.0
wikisource 1 2.8134107167600364 2.8134107167600364
window 1 2.995732273553991 2.995732273553991
within 1 1.3862943611198906 1.3862943611198906
wohl 1 4.605170185988092 4.605170185988092
woll 1 4.605170185988092 4.605170185988092
woman 1 1.171182981502945 1.171182981502945
work 1 0.7133498878774648 0.7133498878774648
worship 1 2.995732273553991 2.995732273553991
worthy 1 3.912023005428146 3.912023005428146
writer 1 1.5141277326297755 1.5141277326297755
written 1 0.9416085398584451 0.9416085398584451
wrote 1 1.3470736479666094 1.3470736479666094
wrought 1 3.912023005428146 3.912023005428146
wwwvaticanva 1 4.605170185988092 4.605170185988092
ygshofar 1 4.605170185988092 4.605170185988092
yisrael 1 4.605170185988092 4.605170185988092
zabur 1 4.605170185988092 4.605170185988092
zeit 1 3.912023005428146 3.912023005428146
zorn 1 4.605170185988092 4.605170185988092
