abstract 1 3.2188758248682006 3.2188758248682006
acclaimed 1 3.2188758248682006 3.2188758248682006
account 1 0.0 0.0
across 1 1.8325814637483102 1.8325814637483102
action 0 0.0 0.0
add 1 0.0 0.0
additional 1 0.0 0.0
adventure 1 2.407945608651872 2.407945608651872
advertising 1 2.8134107167600364 2.8134107167600364
afak 1 4.605170185988092 4.605170185988092
affair 1 1.6094379124341003 1.6094379124341003
affecting 1 4.605170185988092 4.605170185988092
afghanistan 1 2.995732273553991 2.995732273553991
agapi 1 4.605170185988092 4.605170185988092
agree 1 0.0 0.0
agreed 1 2.659260036932778 2.659260036932778
akrita 1 4.605170185988092 4.605170185988092
akritas 1 4.605170185988092 4.605170185988092
akritic 1 4.605170185988092 4.605170185988092
akritis 1 4.605170185988092 4.605170185988092
alexandros 1 3.912023005428146 3.912023005428146
alike 1 0.0 0.0
alliance 1 1.8971199848858813 1.8971199848858813
allorrore 1 4.605170185988092 4.605170185988092
allusion 0 3.912023005428146 0.0
ally 0 2.995732273553991 0.0
along 1 1.4696759700589417 1.4696759700589417
already 1 2.0402208285265546 2.0402208285265546
also 1 0.127833371509885 0.127833371509885
amidst 1 3.2188758248682006 3.2188758248682006
amp 1 0.4620354595965586 0.4620354595965586
anniversary 1 2.659260036932778 2.659260036932778
another 1 0.9675840262617057 0.9675840262617057
anthony 1 1.5141277326297755 1.5141277326297755
antonis 1 4.605170185988092 4.605170185988092
anyone 1 2.659260036932778 2.659260036932778
appearance 1 0.0 0.0
appeared 1 1.8971199848858813 1.8971199848858813
appearing 1 2.5257286443082556 2.5257286443082556
apply 1 0.0 0.0
approved 1 2.659260036932778 2.659260036932778
approximately 1 2.407945608651872 2.407945608651872
apresentada 1 4.605170185988092 4.605170185988092
april 1 0.44628710262841953 0.44628710262841953
archibald 1 4.605170185988092 4.605170185988092
archived 1 0.47803580094299974 0.47803580094299974
aria 1 3.506557897319982 3.506557897319982
armored 1 4.605170185988092 4.605170185988092
arnold 1 2.5257286443082556 2.5257286443082556
arrangement 0 2.8134107167600364 0.0
art 1 1.2039728043259361 1.2039728043259361
article 1 0.0 0.0
ashgate 1 4.605170185988092 4.605170185988092
ask 1 2.8134107167600364 2.8134107167600364
asking 1 3.2188758248682006 3.2188758248682006
asks 1 2.659260036932778 2.659260036932778
asma 1 4.605170185988092 4.605170185988092
asmaton 1 4.605170185988092 4.605170185988092
aspect 0 2.302585092994046 0.0
assassination 1 3.506557897319982 3.506557897319982
assim 1 4.605170185988092 4.605170185988092
asteris 1 4.605170185988092 4.605170185988092
athens 1 3.2188758248682006 3.2188758248682006
atrocity 0 3.506557897319982 0.0
attended 1 2.120263536200091 2.120263536200091
attending 1 2.8134107167600364 2.8134107167600364
attention 1 2.302585092994046 2.302585092994046
attitude 1 2.995732273553991 2.995732273553991
attribute 0 4.605170185988092 0.0
attribution 1 0.0 0.0
audience 1 2.659260036932778 2.659260036932778
auschwitz 1 4.605170185988092 4.605170185988092
austria 1 2.302585092994046 2.302585092994046
austrian 1 2.8134107167600364 2.8134107167600364
author 1 1.8971199848858813 1.8971199848858813
authority 1 0.8915981192837835 0.8915981192837835
authoritycontrol 1 2.5257286443082556 2.5257286443082556
auto 1 0.1392620673335076 0.1392620673335076
available 1 0.0 0.0
aviv 1 4.605170185988092 4.605170185988092
award 1 1.171182981502945 1.171182981502945
background 1 1.7147984280919266 1.7147984280919266
badminton 1 3.912023005428146 3.912023005428146
bafta 1 4.605170185988092 4.605170185988092
ballad 1 3.2188758248682006 3.2188758248682006
baltimore 1 2.302585092994046 2.302585092994046
banned 1 2.995732273553991 2.995732273553991
based 1 1.07880966137193 1.07880966137193
bearing 1 2.659260036932778 2.659260036932778
beautiful 1 2.120263536200091 2.120263536200091
became 1 0.7133498878774648 0.7133498878774648
beloved 1 3.506557897319982 3.506557897319982
belsen 1 4.605170185988092 4.605170185988092
ben 1 2.207274913189721 2.207274913189721
ber 1 4.605170185988092 4.605170185988092
berliner 1 3.912023005428146 3.912023005428146
best 1 1.0216512475319812 1.0216512475319812
beyond 1 2.407945608651872 2.407945608651872
biblical 1 2.995732273553991 2.995732273553991
biografie 1 4.605170185988092 4.605170185988092
blindenmarkt 1 4.605170185988092 4.605170185988092
book 1 0.6348782724359695 0.6348782724359695
boulder 1 3.2188758248682006 3.2188758248682006
bulletin 1 2.5257286443082556 2.5257286443082556
call 0 1.7719568419318754 0.0
cambridge 1 2.120263536200091 2.120263536200091
camera 1 2.995732273553991 2.995732273553991
camp 1 2.120263536200091 2.120263536200091
cantada 1 4.605170185988092 4.605170185988092
cantata 1 3.912023005428146 3.912023005428146
capacity 1 2.659260036932778 2.659260036932778
carabott 1 4.605170185988092 4.605170185988092
carnegie 1 3.506557897319982 3.506557897319982
carry 1 2.5257286443082556 2.5257286443082556
case 1 1.3862943611198906 1.3862943611198906
category 0 0.0 0.0
caused 1 2.407945608651872 2.407945608651872
celebration 1 3.506557897319982 3.506557897319982
centerpx 1 0.0408219945202552 0.0408219945202552
ceremony 1 2.302585092994046 2.302585092994046
certain 1 2.302585092994046 2.302585092994046
challenge 0 2.302585092994046 0.0
challenging 1 3.506557897319982 3.506557897319982
chancellor 1 3.2188758248682006 3.2188758248682006
change 0 0.0 0.0
chapter 0 1.9661128563728327 0.0
charos 1 4.605170185988092 4.605170185988092
che 1 4.605170185988092 4.605170185988092
choir 1 2.995732273553991 2.995732273553991
chooses 1 3.506557897319982 3.506557897319982
chord 0 3.506557897319982 0.0
chose 1 3.2188758248682006 3.2188758248682006
chosen 1 2.995732273553991 2.995732273553991
church 1 1.6607312068216509 1.6607312068216509
circle 1 3.506557897319982 3.506557897319982
citation 1 0.0408219945202552 0.0408219945202552
cite 1 0.0 0.0
citebook 1 1.8971199848858813 1.8971199848858813
citenews 1 1.5606477482646683 1.5606477482646683
city 1 0.6348782724359695 0.6348782724359695
civil 1 1.7719568419318754 1.7719568419318754
code 1 0.0 0.0
coincide 1 4.605170185988092 4.605170185988092
comb 1 3.506557897319982 3.506557897319982
come 1 1.3470736479666094 1.3470736479666094
commemorating 1 4.605170185988092 4.605170185988092
comment 0 2.659260036932778 0.0
common 1 0.0 0.0
compassion 1 3.912023005428146 3.912023005428146
composed 1 1.8971199848858813 1.8971199848858813
composer 1 2.8134107167600364 2.8134107167600364
composing 1 4.605170185988092 4.605170185988092
composition 1 2.407945608651872 2.407945608651872
concentration 1 3.506557897319982 3.506557897319982
concert 1 2.995732273553991 2.995732273553991
concludes 1 2.995732273553991 2.995732273553991
conduct 1 0.0 0.0
conducted 1 2.5257286443082556 2.5257286443082556
conducting 1 2.995732273553991 2.995732273553991
conductor 1 3.506557897319982 3.506557897319982
consciousness 1 3.912023005428146 3.912023005428146
considered 1 1.3862943611198906 1.3862943611198906
contact 1 0.0 0.0
contained 1 2.8134107167600364 2.8134107167600364
content 1 0.0 0.0
context 1 0.010050335853501506 0.010050335853501506
contrappone 1 4.605170185988092 4.605170185988092
contrast 0 2.995732273553991 0.0
contribute 1 0.0 0.0
contribution 0 0.0 0.0
control 1 0.7765287894989963 0.7765287894989963
cookie 1 0.0 0.0
cookiematch 1 0.0 0.0
cooperation 1 2.5257286443082556 2.5257286443082556
costa 1 2.995732273553991 2.995732273553991
counterlistitema 1 0.127833371509885 0.127833371509885
country 1 0.843970070294529 0.843970070294529
cover 1 1.6094379124341003 1.6094379124341003
create 1 0.0 0.0
created 1 1.5606477482646683 1.5606477482646683
creating 1 2.0402208285265546 2.0402208285265546
creative 1 0.0 0.0
critic 1 1.9661128563728327 1.9661128563728327
criticised 1 2.659260036932778 2.659260036932778
csmaintcolorf 1 0.06187540371808745 0.06187540371808745
csmaintcolorfmedia 1 0.0408219945202552 0.0408219945202552
cswsicon 1 0.0408219945202552 0.0408219945202552
current 1 0.0 0.0
curriculum 1 3.912023005428146 3.912023005428146
curse 1 3.2188758248682006 3.2188758248682006
cycle 1 2.5257286443082556 2.5257286443082556
dachau 1 4.605170185988092 4.605170185988092
data 1 1.3862943611198906 1.3862943611198906
database 0 0.9675840262617057 0.0
date 1 0.3147107448397002 0.3147107448397002
death 1 1.171182981502945 1.171182981502945
december 1 0.37106368139083196 0.37106368139083196
dedication 1 3.506557897319982 3.506557897319982
degree 1 1.7719568419318754 1.7719568419318754
delegation 0 3.2188758248682006 0.0
delicate 1 3.912023005428146 3.912023005428146
della 1 4.605170185988092 4.605170185988092
demis 1 4.605170185988092 4.605170185988092
democracy 1 2.302585092994046 2.302585092994046
dennis 1 2.120263536200091 2.120263536200091
depict 1 3.506557897319982 3.506557897319982
depicted 1 2.995732273553991 2.995732273553991
der 1 2.302585092994046 2.302585092994046
deriving 1 4.605170185988092 4.605170185988092
described 1 1.5141277326297755 1.5141277326297755
description 1 0.07257069283483537 0.07257069283483537
despotides 1 4.605170185988092 4.605170185988092
detail 0 1.6094379124341003 0.0
deutsch 1 0.9416085398584451 0.9416085398584451
developer 0 0.0 0.0
dezembro 1 4.605170185988092 4.605170185988092
die 1 2.407945608651872 2.407945608651872
died 1 1.3093333199837622 1.3093333199837622
different 1 0.3424903089467759 0.3424903089467759
digenis 1 4.605170185988092 4.605170185988092
digital 1 1.9661128563728327 1.9661128563728327
disappears 1 3.912023005428146 3.912023005428146
disc 1 2.407945608651872 2.407945608651872
disclaimer 0 0.0 0.0
division 1 1.2729656758128876 1.2729656758128876
donate 1 0.0 0.0
dowdall 1 4.605170185988092 4.605170185988092
download 1 0.0 0.0
drapetis 1 4.605170185988092 4.605170185988092
drawn 1 3.2188758248682006 3.2188758248682006
dress 1 3.2188758248682006 3.2188758248682006
dtaftercontent 1 0.127833371509885 0.127833371509885
dutch 1 2.407945608651872 2.407945608651872
dutchlanguage 1 3.912023005428146 3.912023005428146
east 1 1.0498221244986776 1.0498221244986776
eastern 1 1.5606477482646683 1.5606477482646683
education 1 1.3470736479666094 1.3470736479666094
einai 1 4.605170185988092 4.605170185988092
eleftheria 1 4.605170185988092 4.605170185988092
eleftheriagr 1 4.605170185988092 4.605170185988092
element 0 1.9661128563728327 0.0
elena 1 3.2188758248682006 3.2188758248682006
eleni 1 4.605170185988092 4.605170185988092
elinoar 1 4.605170185988092 4.605170185988092
elinor 1 4.605170185988092 4.605170185988092
elizabeth 1 1.9661128563728327 1.9661128563728327
encyclopedia 1 0.0 0.0
end 0 0.7985076962177716 0.0
englisch 1 4.605170185988092 4.605170185988092
english 1 0.0 0.0
entered 1 1.9661128563728327 1.9661128563728327
entering 1 3.2188758248682006 3.2188758248682006
enthralled 1 4.605170185988092 4.605170185988092
enthusiastic 1 4.605170185988092 4.605170185988092
epikairagr 1 4.605170185988092 4.605170185988092
episode 0 1.6094379124341003 0.0
eponymous 1 4.605170185988092 4.605170185988092
erasing 1 4.605170185988092 4.605170185988092
erotic 1 3.506557897319982 3.506557897319982
escapee 1 4.605170185988092 4.605170185988092
escorial 1 4.605170185988092 4.605170185988092
ethnosgr 1 4.605170185988092 4.605170185988092
europe 1 1.5141277326297755 1.5141277326297755
european 1 1.3093333199837622 1.3093333199837622
even 1 1.1394342831883648 1.1394342831883648
event 1 0.0 0.0
eventually 1 1.9661128563728327 1.9661128563728327
ever 1 1.7147984280919266 1.7147984280919266
everywhere 1 3.912023005428146 3.912023005428146
evokes 1 3.506557897319982 3.506557897319982
exp 1 0.0 0.0
expect 1 3.912023005428146 3.912023005428146
expelling 1 3.912023005428146 3.912023005428146
experience 1 1.8325814637483102 1.8325814637483102
exquisite 1 4.605170185988092 4.605170185988092
extended 1 2.207274913189721 2.207274913189721
extensive 1 2.995732273553991 2.995732273553991
extraordinarily 1 4.605170185988092 4.605170185988092
eye 0 1.6607312068216509 0.0
fact 1 1.5141277326297755 1.5141277326297755
fantasy 1 2.8134107167600364 2.8134107167600364
farandouri 1 4.605170185988092 4.605170185988092
farantouri 1 4.605170185988092 4.605170185988092
fascist 0 3.506557897319982 0.0
fate 1 2.407945608651872 2.407945608651872
fearful 1 3.912023005428146 3.912023005428146
featuring 1 2.659260036932778 2.659260036932778
february 1 0.27443684570176036 0.27443684570176036
festival 1 2.207274913189721 2.207274913189721
fig 1 3.506557897319982 3.506557897319982
fight 1 1.8325814637483102 1.8325814637483102
fighting 1 2.207274913189721 2.207274913189721
figure 1 1.3470736479666094 1.3470736479666094
file 1 0.0 0.0
filled 1 2.995732273553991 2.995732273553991
film 1 1.4696759700589417 1.4696759700589417
finale 1 2.8134107167600364 2.8134107167600364
finest 1 3.506557897319982 3.506557897319982
first 1 0.1508228897345837 0.1508228897345837
fiveday 1 4.605170185988092 4.605170185988092
flame 1 3.506557897319982 3.506557897319982
floor 1 2.207274913189721 2.207274913189721
folk 1 2.8134107167600364 2.8134107167600364
followed 1 1.3093333199837622 1.3093333199837622
forced 1 2.207274913189721 2.207274913189721
form 1 1.3470736479666094 1.3470736479666094
foundation 1 0.0 0.0
four 1 0.7985076962177716 0.7985076962177716
fra 1 3.2188758248682006 3.2188758248682006
france 1 1.2039728043259361 1.2039728043259361
francis 1 1.6607312068216509 1.6607312068216509
frankfurt 1 3.912023005428146 3.912023005428146
franz 1 2.8134107167600364 2.8134107167600364
free 1 0.0 0.0
friend 1 1.3470736479666094 1.3470736479666094
frozen 1 3.912023005428146 3.912023005428146
full 1 1.1086626245216111 1.1086626245216111
gail 1 3.912023005428146 3.912023005428146
gave 1 1.5606477482646683 1.5606477482646683
gavrass 1 4.605170185988092 4.605170185988092
gedenkfeier 1 4.605170185988092 4.605170185988092
general 1 0.0 0.0
generalization 0 4.605170185988092 0.0
genius 1 3.2188758248682006 3.2188758248682006
genocide 1 3.506557897319982 3.506557897319982
gerhard 1 3.506557897319982 3.506557897319982
german 1 1.7147984280919266 1.7147984280919266
germany 1 1.4271163556401458 1.4271163556401458
get 1 0.0 0.0
gioia 1 4.605170185988092 4.605170185988092
girl 1 1.7719568419318754 1.7719568419318754
gisela 1 4.605170185988092 4.605170185988092
go 0 2.120263536200091 0.0
google 1 2.995732273553991 2.995732273553991
grade 1 3.506557897319982 3.506557897319982
graeca 1 4.605170185988092 4.605170185988092
granted 1 2.8134107167600364 2.8134107167600364
greater 1 2.302585092994046 2.302585092994046
greatest 1 2.8134107167600364 2.8134107167600364
greece 1 2.302585092994046 2.302585092994046
greek 1 2.407945608651872 2.407945608651872
greeted 1 3.506557897319982 3.506557897319982
grottaferrata 1 3.912023005428146 3.912023005428146
guard 1 2.0402208285265546 2.0402208285265546
guardian 1 2.302585092994046 2.302585092994046
guitar 1 2.8134107167600364 2.8134107167600364
gustav 1 3.506557897319982 3.506557897319982
haag 1 4.605170185988092 4.605170185988092
hair 1 2.5257286443082556 2.5257286443082556
hakkert 1 4.605170185988092 4.605170185988092
hall 1 1.3470736479666094 1.3470736479666094
hamilakis 1 4.605170185988092 4.605170185988092
hand 1 1.3862943611198906 1.3862943611198906
handbook 1 3.912023005428146 3.912023005428146
hanno 1 4.605170185988092 4.605170185988092
happened 1 2.5257286443082556 2.5257286443082556
hard 1 2.302585092994046 2.302585092994046
harmony 0 3.912023005428146 0.0
haunting 1 3.2188758248682006 3.2188758248682006
hayes 1 2.5257286443082556 2.5257286443082556
haynes 1 3.912023005428146 3.912023005428146
heart 1 1.4696759700589417 1.4696759700589417
heavier 1 3.506557897319982 3.506557897319982
heavy 1 2.407945608651872 2.407945608651872
hebrew 1 3.506557897319982 3.506557897319982
held 1 1.171182981502945 1.171182981502945
hellenic 1 3.912023005428146 3.912023005428146
help 1 0.0 0.0
helping 1 2.995732273553991 2.995732273553991
herbsttage 1 4.605170185988092 4.605170185988092
hero 1 2.207274913189721 2.207274913189721
heroic 1 3.912023005428146 3.912023005428146
hesitation 1 3.912023005428146 3.912023005428146
hftlings 1 4.605170185988092 4.605170185988092
hidden 1 0.010050335853501506 0.010050335853501506
hide 1 0.0 0.0
higher 1 2.0402208285265546 2.0402208285265546
hippocrates 1 4.605170185988092 4.605170185988092
historical 1 1.8325814637483102 1.8325814637483102
history 1 0.0 0.0
hlist 1 0.127833371509885 0.127833371509885
hlistinline 1 0.127833371509885 0.127833371509885
holocaust 1 3.912023005428146 3.912023005428146
holocaustmusicortorg 1 4.605170185988092 4.605170185988092
holst 1 4.605170185988092 4.605170185988092
home 1 0.7339691750802005 0.7339691750802005
honouring 1 3.912023005428146 3.912023005428146
hopelessly 1 4.605170185988092 4.605170185988092
horror 1 2.659260036932778 2.659260036932778
however 1 0.6931471805599453 0.6931471805599453
hymn 1 2.995732273553991 2.995732273553991
iakovos 1 4.605170185988092 4.605170185988092
idea 1 1.8325814637483102 1.8325814637483102
identification 1 3.506557897319982 3.506557897319982
idlockfree 1 0.0408219945202552 0.0408219945202552
idlockfreeidlockfree 1 0.0408219945202552 0.0408219945202552
idlocklimited 1 0.0408219945202552 0.0408219945202552
idlockregistration 1 0.0408219945202552 0.0408219945202552
idlocksubscription 1 0.0408219945202552 0.0408219945202552
illustration 0 3.912023005428146 0.0
image 1 2.120263536200091 2.120263536200091
imerisiagr 1 4.605170185988092 4.605170185988092
impact 1 2.302585092994046 2.302585092994046
implying 1 4.605170185988092 4.605170185988092
imprisoned 1 2.5257286443082556 2.5257286443082556
inc 1 0.0 0.0
incarceration 1 3.912023005428146 3.912023005428146
inception 1 3.912023005428146 3.912023005428146
incline 1 3.912023005428146 3.912023005428146
included 1 1.3093333199837622 1.3093333199837622
includes 1 1.9661128563728327 1.9661128563728327
including 1 0.7133498878774648 0.7133498878774648
indicating 1 2.8134107167600364 2.8134107167600364
individual 1 1.5606477482646683 1.5606477482646683
infobox 1 0.3011050927839216 0.3011050927839216
infoboxtable 1 0.3147107448397002 0.3147107448397002
information 1 0.0 0.0
inmate 1 3.506557897319982 3.506557897319982
inside 1 2.0402208285265546 2.0402208285265546
inspired 1 2.8134107167600364 2.8134107167600364
installed 1 2.995732273553991 2.995732273553991
instead 1 1.6607312068216509 1.6607312068216509
instructs 1 4.605170185988092 4.605170185988092
instrumentalisten 1 4.605170185988092 4.605170185988092
insult 1 4.605170185988092 4.605170185988092
interested 1 2.995732273553991 2.995732273553991
international 1 0.5978370007556204 0.5978370007556204
intervenes 1 3.912023005428146 3.912023005428146
isbn 1 0.9942522733438669 0.9942522733438669
israel 1 1.7147984280919266 1.7147984280919266
issue 0 1.1086626245216111 0.0
italian 1 2.302585092994046 2.302585092994046
item 1 0.010050335853501506 0.010050335853501506
january 1 0.3424903089467759 0.3424903089467759
jeffreys 1 3.912023005428146 3.912023005428146
jerry 1 2.659260036932778 2.659260036932778
jew 0 3.506557897319982 0.0
jewish 1 2.207274913189721 2.207274913189721
john 1 0.49429632181478017 0.49429632181478017
joined 1 1.6607312068216509 1.6607312068216509
journey 1 2.995732273553991 2.995732273553991
jouth 1 4.605170185988092 4.605170185988092
joy 1 2.659260036932778 2.659260036932778
julie 1 2.5257286443082556 2.5257286443082556
july 1 0.43078291609245434 0.43078291609245434
jump 1 0.0 0.0
junta 1 3.912023005428146 3.912023005428146
kabul 1 3.912023005428146 3.912023005428146
kambanellis 1 4.605170185988092 4.605170185988092
kambanelliss 1 4.605170185988092 4.605170185988092
karozas 1 4.605170185988092 4.605170185988092
kathimerini 1 4.605170185988092 4.605170185988092
kennedy 1 2.407945608651872 2.407945608651872
kind 1 2.5257286443082556 2.5257286443082556
knowledge 1 2.302585092994046 2.302585092994046
known 1 0.7985076962177716 0.7985076962177716
koban 1 4.605170185988092 4.605170185988092
kofler 1 4.605170185988092 4.605170185988092
konstantopoulou 1 4.605170185988092 4.605170185988092
koutoulas 1 4.605170185988092 4.605170185988092
kurd 0 3.912023005428146 0.0
kurdish 1 3.912023005428146 3.912023005428146
kzl 1 4.605170185988092 4.605170185988092
labour 1 2.8134107167600364 2.8134107167600364
lacovos 1 4.605170185988092 4.605170185988092
lament 1 3.912023005428146 3.912023005428146
landmark 1 2.995732273553991 2.995732273553991
language 1 0.0 0.0
larissa 1 4.605170185988092 4.605170185988092
last 1 0.0 0.0
lead 0 1.6607312068216509 0.0
leader 1 1.3862943611198906 1.3862943611198906
learn 1 0.0 0.0
level 1 1.9661128563728327 1.9661128563728327
liaftercontent 1 0.127833371509885 0.127833371509885
liberation 1 2.407945608651872 2.407945608651872
license 1 0.0 0.0
liesbeth 1 4.605170185988092 4.605170185988092
life 0 0.5447271754416719 0.0
lifogr 1 4.605170185988092 4.605170185988092
line 0 1.4696759700589417 0.0
link 1 0.0 0.0
list 1 0.6348782724359695 0.6348782724359695
listener 0 4.605170185988092 0.0
literature 1 1.9661128563728327 1.9661128563728327
lithuanian 1 3.506557897319982 3.506557897319982
little 1 1.4696759700589417 1.4696759700589417
live 1 1.2378743560016172 1.2378743560016172
locate 1 4.605170185988092 4.605170185988092
location 1 1.171182981502945 1.171182981502945
log 1 0.0 0.0
logged 1 0.0 0.0
london 1 1.5141277326297755 1.5141277326297755
long 1 1.1086626245216111 1.1086626245216111
longer 1 2.207274913189721 2.207274913189721
love 1 1.4271163556401458 1.4271163556401458
lover 0 3.506557897319982 0.0
lovingly 1 4.605170185988092 4.605170185988092
ltd 1 2.407945608651872 2.407945608651872
lunica 1 4.605170185988092 4.605170185988092
lyric 0 2.8134107167600364 0.0
made 1 0.653926467406664 0.653926467406664
mahler 1 3.912023005428146 3.912023005428146
main 1 0.0 0.0
make 1 1.0498221244986776 1.0498221244986776
male 1 1.6607312068216509 1.6607312068216509
man 1 1.0498221244986776 1.0498221244986776
mankind 0 3.506557897319982 0.0
manuscript 1 2.8134107167600364 2.8134107167600364
marble 1 3.506557897319982 3.506557897319982
march 1 0.3147107448397002 0.3147107448397002
marguerite 1 4.605170185988092 4.605170185988092
maria 1 1.9661128563728327 1.9661128563728327
mark 1 1.1394342831883648 1.1394342831883648
materiality 0 4.605170185988092 0.0
mauthausen 1 4.605170185988092 4.605170185988092
may 1 0.0 0.0
mean 0 1.7719568419318754 0.0
mehta 1 3.912023005428146 3.912023005428146
melodic 1 3.506557897319982 3.506557897319982
melody 1 2.659260036932778 2.659260036932778
memorial 1 2.0402208285265546 2.0402208285265546
memoriam 1 3.912023005428146 3.912023005428146
memory 1 2.207274913189721 2.207274913189721
men 1 1.2039728043259361 1.2039728043259361
mended 1 4.605170185988092 4.605170185988092
mention 0 2.995732273553991 0.0
menu 1 0.0 0.0
metadata 1 4.605170185988092 4.605170185988092
midday 1 3.912023005428146 3.912023005428146
middle 1 2.0402208285265546 2.0402208285265546
mikis 1 4.605170185988092 4.605170185988092
military 1 1.4696759700589417 1.4696759700589417
mimis 1 4.605170185988092 4.605170185988092
mixed 1 2.5257286443082556 2.5257286443082556
moav 1 4.605170185988092 4.605170185988092
mobile 1 0.0 0.0
modern 1 1.5606477482646683 1.5606477482646683
mood 1 2.995732273553991 2.995732273553991
mou 1 4.605170185988092 4.605170185988092
mouse 1 3.506557897319982 3.506557897319982
move 1 0.0 0.0
moving 1 2.407945608651872 2.407945608651872
municipality 1 3.912023005428146 3.912023005428146
mura 1 4.605170185988092 4.605170185988092
muse 1 3.912023005428146 3.912023005428146
music 1 1.3862943611198906 1.3862943611198906
musical 1 1.8971199848858813 1.8971199848858813
myth 1 2.995732273553991 2.995732273553991
nadia 1 3.912023005428146 3.912023005428146
nadja 1 4.605170185988092 4.605170185988092
name 1 0.5276327420823719 0.5276327420823719
narrated 1 3.2188758248682006 3.2188758248682006
narrative 0 3.2188758248682006 0.0
nasceu 1 4.605170185988092 4.605170185988092
navbarfontsizemedia 1 0.3147107448397002 0.3147107448397002
navbox 1 0.1392620673335076 0.1392620673335076
navboximage 1 0.1392620673335076 0.1392620673335076
navboxsubgroup 1 0.1392620673335076 0.1392620673335076
navboxtitle 1 0.1392620673335076 0.1392620673335076
navigation 1 0.0 0.0
nazi 1 2.995732273553991 2.995732273553991
nazista 1 4.605170185988092 4.605170185988092
nemmeno 1 4.605170185988092 4.605170185988092
new 1 0.24846135929849972 0.24846135929849972
newspaper 1 1.5141277326297755 1.5141277326297755
non 1 2.302585092994046 2.302585092994046
nonprofit 1 0.0 0.0
north 1 0.8209805520698303 0.8209805520698303
northern 1 1.3093333199837622 1.3093333199837622
northwestern 1 3.2188758248682006 3.2188758248682006
note 0 0.8209805520698303 0.0
notizbuch 1 4.605170185988092 4.605170185988092
november 1 0.3011050927839216 0.3011050927839216
number 1 0.7550225842780328 0.7550225842780328
nun 1 2.995732273553991 2.995732273553991
obituary 1 3.506557897319982 3.506557897319982
occasion 1 2.659260036932778 2.659260036932778
occasionth 1 4.605170185988092 4.605170185988092
occupation 1 1.8971199848858813 1.8971199848858813
october 1 0.28768207245178085 0.28768207245178085
ollibeforecontent 1 0.127833371509885 0.127833371509885
one 1 0.23572233352106994 0.23572233352106994
open 0 1.4696759700589417 0.0
operria 1 4.605170185988092 4.605170185988092
oraia 1 4.605170185988092 4.605170185988092
orchestra 1 3.506557897319982 3.506557897319982
organization 1 0.0 0.0
organizationname 1 0.010050335853501506 0.010050335853501506
original 1 0.4155154439616658 0.4155154439616658
oron 1 4.605170185988092 4.605170185988092
orthodox 1 2.995732273553991 2.995732273553991
otan 1 4.605170185988092 4.605170185988092
oup 1 3.506557897319982 3.506557897319982
owner 1 1.7147984280919266 1.7147984280919266
oxford 1 2.5257286443082556 2.5257286443082556
page 1 0.0 0.0
pagetype 1 1.2729656758128876 1.2729656758128876
pain 1 3.506557897319982 3.506557897319982
palm 1 2.995732273553991 2.995732273553991
pantheon 1 4.605170185988092 4.605170185988092
papargyriou 1 4.605170185988092 4.605170185988092
parliament 1 2.407945608651872 2.407945608651872
part 1 0.6348782724359695 0.6348782724359695
passing 1 2.407945608651872 2.407945608651872
passionate 1 3.506557897319982 3.506557897319982
pave 1 4.605170185988092 4.605170185988092
pay 1 2.120263536200091 2.120263536200091
pdfprintable 1 0.0 0.0
peace 1 2.0402208285265546 2.0402208285265546
people 1 0.49429632181478017 0.49429632181478017
performance 1 1.7719568419318754 1.7719568419318754
performed 1 2.120263536200091 2.120263536200091
performer 1 3.2188758248682006 3.2188758248682006
permanent 1 0.0 0.0
permission 1 2.659260036932778 2.659260036932778
personal 1 0.0 0.0
peter 1 1.3093333199837622 1.3093333199837622
philharmonic 1 4.605170185988092 4.605170185988092
philip 1 1.7147984280919266 1.7147984280919266
photograph 0 3.2188758248682006 0.0
phrasing 1 4.605170185988092 4.605170185988092
piano 1 2.995732273553991 2.995732273553991
piece 1 2.5257286443082556 2.5257286443082556
place 1 0.653926467406664 0.653926467406664
platinum 1 3.912023005428146 3.912023005428146
play 1 1.2039728043259361 1.2039728043259361
played 1 1.3862943611198906 1.3862943611198906
plne 1 4.605170185988092 4.605170185988092
poem 1 3.506557897319982 3.506557897319982
poet 1 2.995732273553991 2.995732273553991
poetical 1 4.605170185988092 4.605170185988092
polemos 1 4.605170185988092 4.605170185988092
policy 1 0.0 0.0
politics 1 1.9661128563728327 1.9661128563728327
poltica 1 4.605170185988092 4.605170185988092
pontiki 1 4.605170185988092 4.605170185988092
popular 1 1.4696759700589417 1.4696759700589417
por 1 3.506557897319982 3.506557897319982
portal 1 0.0 0.0
possibile 1 4.605170185988092 4.605170185988092
possible 1 1.8971199848858813 1.8971199848858813
possibly 1 2.659260036932778 2.659260036932778
postgr 1 4.605170185988092 4.605170185988092
pou 1 4.605170185988092 4.605170185988092
preelection 1 4.605170185988092 4.605170185988092
premiere 1 3.506557897319982 3.506557897319982
premiered 1 3.2188758248682006 3.2188758248682006
prepared 1 2.8134107167600364 2.8134107167600364
present 1 0.9675840262617057 0.9675840262617057
president 1 1.3470736479666094 1.3470736479666094
press 1 0.7550225842780328 0.7550225842780328
previous 1 1.6607312068216509 1.6607312068216509
printbodyns 1 0.09431067947124142 0.09431067947124142
printexport 1 0.0 0.0
prisoner 1 2.407945608651872 2.407945608651872
privacy 1 0.0 0.0
producer 0 2.0402208285265546 0.0
professor 1 2.207274913189721 2.207274913189721
project 0 0.0 0.0
promote 1 2.659260036932778 2.659260036932778
protagonist 1 3.912023005428146 3.912023005428146
publicamente 1 4.605170185988092 4.605170185988092
publication 1 1.3862943611198906 1.3862943611198906
published 1 1.3862943611198906 1.3862943611198906
publisher 0 1.8325814637483102 0.0
publishing 1 1.7719568419318754 1.7719568419318754
punish 1 4.605170185988092 4.605170185988092
punished 1 3.912023005428146 3.912023005428146
pupil 1 4.605170185988092 4.605170185988092
pxv 1 4.605170185988092 4.605170185988092
quarry 1 4.605170185988092 4.605170185988092
quella 1 4.605170185988092 4.605170185988092
questa 1 4.605170185988092 4.605170185988092
question 1 1.7719568419318754 1.7719568419318754
quite 1 2.8134107167600364 2.8134107167600364
raised 1 2.8134107167600364 2.8134107167600364
random 1 0.0 0.0
rather 1 2.120263536200091 2.120263536200091
read 1 0.0 0.0
reader 1 2.8134107167600364 2.8134107167600364
real 1 1.4271163556401458 1.4271163556401458
recapture 1 3.912023005428146 3.912023005428146
recent 1 0.0 0.0
recently 1 2.302585092994046 2.302585092994046
reception 1 1.8971199848858813 1.8971199848858813
receptive 1 4.605170185988092 4.605170185988092
record 0 0.7765287894989963 0.0
recorded 1 1.6607312068216509 1.6607312068216509
recording 1 2.5257286443082556 2.5257286443082556
recount 0 4.605170185988092 0.0
recounted 1 3.912023005428146 3.912023005428146
reexamine 1 4.605170185988092 4.605170185988092
reference 0 0.03045920748470844 0.0
reflects 1 3.912023005428146 3.912023005428146
reflist 1 0.06187540371808745 0.06187540371808745
reflistcolumns 1 0.06187540371808745 0.06187540371808745
refrain 1 3.506557897319982 3.506557897319982
reg 1 0.0 0.0
registered 1 0.0 0.0
related 1 0.0 0.0
release 1 1.3093333199837622 1.3093333199837622
released 1 1.2729656758128876 1.2729656758128876
remained 1 1.7719568419318754 1.7719568419318754
remastered 1 3.912023005428146 3.912023005428146
rendition 0 4.605170185988092 0.0
repeat 1 2.995732273553991 2.995732273553991
reply 1 3.506557897319982 3.506557897319982
representative 1 1.7147984280919266 1.7147984280919266
request 1 2.0402208285265546 2.0402208285265546
requiem 1 3.506557897319982 3.506557897319982
resident 0 2.995732273553991 0.0
resistance 1 2.995732273553991 2.995732273553991
resistenza 1 4.605170185988092 4.605170185988092
retrieved 1 0.0 0.0
reunion 1 3.2188758248682006 3.2188758248682006
revolutionary 1 2.207274913189721 2.207274913189721
rhythm 0 2.995732273553991 0.0
richman 1 4.605170185988092 4.605170185988092
riesce 1 4.605170185988092 4.605170185988092
roth 1 2.995732273553991 2.995732273553991
roussos 1 4.605170185988092 4.605170185988092
routledge 1 2.659260036932778 2.659260036932778
runaway 1 3.506557897319982 3.506557897319982
samara 0 4.605170185988092 0.0
sang 1 3.506557897319982 3.506557897319982
saw 1 2.0402208285265546 2.0402208285265546
schneider 1 4.605170185988092 4.605170185988092
school 0 0.7765287894989963 0.0
screen 1 0.010050335853501506 0.010050335853501506
search 1 0.0 0.0
second 1 0.49429632181478017 0.49429632181478017
seeking 1 2.8134107167600364 2.8134107167600364
seemingly 1 3.506557897319982 3.506557897319982
seen 1 1.8971199848858813 1.8971199848858813
selection 1 2.5257286443082556 2.5257286443082556
sensation 1 4.605170185988092 4.605170185988092
september 1 0.43078291609245434 0.43078291609245434
series 1 0.8675005677047231 0.8675005677047231
set 1 0.9942522733438669 0.9942522733438669
several 1 0.8209805520698303 0.8209805520698303
severely 1 3.912023005428146 3.912023005428146
shadow 1 2.995732273553991 2.995732273553991
share 1 0.0 0.0
short 1 0.06187540371808745 0.06187540371808745
shortdescription 1 0.2613647641344075 0.2613647641344075
shortened 1 0.0 0.0
show 0 1.0498221244986776 0.0
showed 1 2.995732273553991 2.995732273553991
showing 1 2.659260036932778 2.659260036932778
sidebar 1 0.0 0.0
silverman 1 4.605170185988092 4.605170185988092
similarly 1 3.912023005428146 3.912023005428146
simon 1 2.0402208285265546 2.0402208285265546
since 1 0.7985076962177716 0.7985076962177716
singable 1 4.605170185988092 4.605170185988092
singer 1 2.5257286443082556 2.5257286443082556
singing 1 2.5257286443082556 2.5257286443082556
site 1 0.0 0.0
solid 1 0.09431067947124142 0.09431067947124142
solomon 1 2.995732273553991 2.995732273553991
song 1 1.3470736479666094 1.3470736479666094
sophia 1 3.912023005428146 3.912023005428146
soundtrack 1 2.659260036932778 2.659260036932778
source 0 0.5798184952529422 0.0
sowie 1 4.605170185988092 4.605170185988092
speaker 1 2.407945608651872 2.407945608651872
special 1 0.0 0.0
specific 1 2.8134107167600364 2.8134107167600364
speech 1 2.5257286443082556 2.5257286443082556
spot 1 2.659260036932778 2.659260036932778
square 1 2.120263536200091 2.120263536200091
star 1 0.9675840262617057 0.9675840262617057
started 1 1.6094379124341003 1.6094379124341003
state 1 0.3147107448397002 0.3147107448397002
statement 1 0.0 0.0
statistic 0 0.0 0.0
step 0 2.120263536200091 0.0
stephen 1 1.8971199848858813 1.8971199848858813
street 1 1.4271163556401458 1.4271163556401458
striar 1 4.605170185988092 4.605170185988092
structure 1 1.8325814637483102 1.8325814637483102
struggle 1 2.659260036932778 2.659260036932778
studio 1 1.8971199848858813 1.8971199848858813
study 0 1.2729656758128876 0.0
sublime 1 4.605170185988092 4.605170185988092
subsequent 1 2.5257286443082556 2.5257286443082556
subversive 1 3.912023005428146 3.912023005428146
suffering 1 2.659260036932778 2.659260036932778
suggested 1 2.659260036932778 2.659260036932778
sun 1 1.6607312068216509 1.6607312068216509
sunday 1 1.9661128563728327 1.9661128563728327
sung 1 2.995732273553991 2.995732273553991
suomi 1 1.7719568419318754 1.7719568419318754
suonato 1 4.605170185988092 4.605170185988092
surrounding 1 3.506557897319982 3.506557897319982
survived 1 2.8134107167600364 2.8134107167600364
survivor 1 2.8134107167600364 2.8134107167600364
syracuse 1 3.912023005428146 3.912023005428146
syrian 1 3.506557897319982 3.506557897319982
syriza 1 4.605170185988092 4.605170185988092
syrizas 1 4.605170185988092 4.605170185988092
table 1 0.0 0.0
tacere 1 4.605170185988092 4.605170185988092
taliban 1 3.912023005428146 3.912023005428146
talk 1 0.0 0.0
tank 0 2.5257286443082556 0.0
taylor 1 1.7719568419318754 1.7719568419318754
tdhlist 1 0.1392620673335076 0.1392620673335076
tel 1 3.912023005428146 3.912023005428146
teleiosi 1 4.605170185988092 4.605170185988092
template 1 0.0 0.0
ten 0 1.5141277326297755 0.0
term 0 0.0 0.0
text 1 0.0 0.0
thbodyskinresponsive 1 0.3147107448397002 0.3147107448397002
theater 1 3.506557897319982 3.506557897319982
theatre 1 2.659260036932778 2.659260036932778
theatrical 1 3.2188758248682006 3.2188758248682006
theme 1 2.302585092994046 2.302585092994046
themelio 1 4.605170185988092 4.605170185988092
theodorakis 1 4.605170185988092 4.605170185988092
theodorakisnl 1 4.605170185988092 4.605170185988092
theodorakiss 1 4.605170185988092 4.605170185988092
thousand 0 1.9661128563728327 0.0
threshing 1 4.605170185988092 4.605170185988092
threshingfloor 1 4.605170185988092 4.605170185988092
tim 1 1.6607312068216509 1.6607312068216509
time 1 0.28768207245178085 0.28768207245178085
timeline 1 2.207274913189721 2.207274913189721
title 1 0.9162907318741551 0.9162907318741551
toggle 1 0.010050335853501506 0.010050335853501506
told 1 2.302585092994046 2.302585092994046
took 1 1.171182981502945 1.171182981502945
tool 0 0.0 0.0
top 1 0.010050335853501506 0.010050335853501506
topic 1 0.0 0.0
topnewsgr 1 4.605170185988092 4.605170185988092
total 1 0.0 0.0
touch 0 3.2188758248682006 0.0
trademark 1 0.0 0.0
tragic 1 2.8134107167600364 2.8134107167600364
transaction 1 2.8134107167600364 2.8134107167600364
transformation 0 2.8134107167600364 0.0
translates 1 3.912023005428146 3.912023005428146
translation 1 2.302585092994046 2.302585092994046
trauma 1 3.506557897319982 3.506557897319982
tree 1 2.5257286443082556 2.5257286443082556
tribute 1 2.995732273553991 2.995732273553991
trilogy 1 3.506557897319982 3.506557897319982
trivial 1 4.605170185988092 4.605170185988092
troop 0 2.5257286443082556 0.0
try 0 2.5257286443082556 0.0
trying 1 2.659260036932778 2.659260036932778
twice 1 2.120263536200091 2.120263536200091
two 1 0.43078291609245434 0.43078291609245434
ulpaddingem 1 0.1392620673335076 0.1392620673335076
una 1 4.605170185988092 4.605170185988092
und 1 3.506557897319982 3.506557897319982
undying 1 4.605170185988092 4.605170185988092
unfortunate 1 4.605170185988092 4.605170185988092
unique 1 2.207274913189721 2.207274913189721
united 1 0.4155154439616658 0.4155154439616658
university 1 0.616186139423817 0.616186139423817
unlike 1 2.995732273553991 2.995732273553991
update 1 2.659260036932778 2.659260036932778
upload 1 0.0 0.0
us 0 1.6094379124341003 0.0
use 1 0.0 0.0
used 1 0.8675005677047231 0.8675005677047231
using 1 0.0 0.0
utc 1 0.0 0.0
var 1 0.0 0.0
veniadi 1 4.605170185988092 4.605170185988092
veniadis 1 4.605170185988092 4.605170185988092
verse 0 2.5257286443082556 0.0
version 1 0.0 0.0
versionen 1 4.605170185988092 4.605170185988092
vertonte 1 4.605170185988092 4.605170185988092
viafnational 1 3.2188758248682006 3.2188758248682006
victim 0 2.407945608651872 0.0
video 1 1.3862943611198906 1.3862943611198906
vienna 1 3.506557897319982 3.506557897319982
view 1 0.0 0.0
vima 1 4.605170185988092 4.605170185988092
vocal 1 2.8134107167600364 2.8134107167600364
vol 1 1.5606477482646683 1.5606477482646683
von 1 2.120263536200091 2.120263536200091
vranitzky 1 4.605170185988092 4.605170185988092
war 1 0.7985076962177716 0.7985076962177716
warhaft 1 4.605170185988092 4.605170185988092
wasserrosen 1 4.605170185988092 4.605170185988092
way 1 1.1086626245216111 1.1086626245216111
weinberg 1 4.605170185988092 4.605170185988092
well 1 0.7765287894989963 0.7765287894989963
white 1 1.171182981502945 1.171182981502945
whose 1 1.7147984280919266 1.7147984280919266
wider 1 2.659260036932778 2.659260036932778
wiesenthal 1 4.605170185988092 4.605170185988092
wieser 1 4.605170185988092 4.605170185988092
wigler 1 4.605170185988092 4.605170185988092
wikidata 1 0.010050335853501506 0.010050335853501506
wikimedia 1 0.0 0.0
wikipedia 1 0.0 0.0
without 1 1.3093333199837622 1.3093333199837622
witness 1 2.407945608651872 2.407945608651872
witnessed 1 3.506557897319982 3.506557897319982
woman 1 1.171182981502945 1.171182981502945
word 0 1.6094379124341003 0.0
work 1 0.7133498878774648 0.7133498878774648
world 1 0.5108256237659907 0.5108256237659907
worldwide 1 2.407945608651872 2.407945608651872
writes 1 3.506557897319982 3.506557897319982
writing 1 1.8325814637483102 1.8325814637483102
written 1 0.9416085398584451 0.9416085398584451
wrote 1 1.3470736479666094 1.3470736479666094
yair 1 4.605170185988092 4.605170185988092
yannis 1 4.605170185988092 4.605170185988092
yannos 1 4.605170185988092 4.605170185988092
year 1 0.3424903089467759 0.3424903089467759
yellow 1 1.9661128563728327 1.9661128563728327
yossi 1 4.605170185988092 4.605170185988092
young 1 1.2378743560016172 1.2378743560016172
zable 1 4.605170185988092 4.605170185988092
zas 1 4.605170185988092 4.605170185988092
zingt 1 4.605170185988092 4.605170185988092
zoe 1 3.506557897319982 3.506557897319982
zubin 1 4.605170185988092 4.605170185988092
zur 1 3.2188758248682006 3.2188758248682006
