account 1 0.0 0.0
accrued 1 3.912023005428146 3.912023005428146
acted 1 3.506557897319982 3.506557897319982
acting 1 1.8971199848858813 1.8971199848858813
action 0 0.0 0.0
actor 1 2.207274913189721 2.207274913189721
actorsheavies 1 4.605170185988092 4.605170185988092
actress 1 2.8134107167600364 2.8134107167600364
actual 1 2.8134107167600364 2.8134107167600364
actually 1 2.8134107167600364 2.8134107167600364
adaptation 1 3.2188758248682006 3.2188758248682006
add 1 0.0 0.0
additional 1 0.0 0.0
adventure 0 2.407945608651872 0.0
advice 1 3.506557897319982 3.506557897319982
afi 1 4.605170185988092 4.605170185988092
afrikaans 1 2.995732273553991 2.995732273553991
age 1 0.7985076962177716 0.7985076962177716
aged 1 2.120263536200091 2.120263536200091
ago 1 1.9661128563728327 1.9661128563728327
agree 1 0.0 0.0
alberta 1 3.2188758248682006 3.2188758248682006
alike 1 0.0 0.0
allstar 1 3.912023005428146 3.912023005428146
alludes 1 4.605170185988092 4.605170185988092
along 1 1.4696759700589417 1.4696759700589417
also 1 0.127833371509885 0.127833371509885
alternately 1 3.912023005428146 3.912023005428146
amazon 1 4.605170185988092 4.605170185988092
american 1 0.5276327420823719 0.5276327420823719
amid 1 2.995732273553991 2.995732273553991
among 1 1.2378743560016172 1.2378743560016172
amonth 1 4.605170185988092 4.605170185988092
angeles 1 1.6607312068216509 1.6607312068216509
apartment 1 3.912023005428146 3.912023005428146
appearance 1 0.0 0.0
appeared 1 1.8971199848858813 1.8971199848858813
application 1 2.0402208285265546 2.0402208285265546
apply 1 0.0 0.0
april 1 0.44628710262841953 0.44628710262841953
archive 1 1.6094379124341003 1.6094379124341003
around 1 1.0216512475319812 1.0216512475319812
arrangement 0 2.8134107167600364 0.0
article 1 0.0 0.0
asks 1 2.659260036932778 2.659260036932778
attests 1 4.605170185988092 4.605170185988092
attribution 1 0.0 0.0
audience 0 2.659260036932778 0.0
august 1 0.3424903089467759 0.3424903089467759
austin 1 2.659260036932778 2.659260036932778
authority 1 0.8915981192837835 0.8915981192837835
authoritycontrol 1 2.5257286443082556 2.5257286443082556
auto 1 0.1392620673335076 0.1392620673335076
available 1 0.0 0.0
avenue 1 2.659260036932778 2.659260036932778
back 1 1.0216512475319812 1.0216512475319812
bad 1 2.0402208285265546 2.0402208285265546
bahasa 1 1.8325814637483102 1.8325814637483102
bandit 0 3.506557897319982 0.0
bantam 1 3.912023005428146 3.912023005428146
barrier 1 3.506557897319982 3.506557897319982
basic 1 2.302585092994046 2.302585092994046
bay 1 1.6094379124341003 1.6094379124341003
beau 1 3.912023005428146 3.912023005428146
began 1 0.8675005677047231 0.8675005677047231
begin 1 1.7147984280919266 1.7147984280919266
beguile 1 4.605170185988092 4.605170185988092
bend 1 3.912023005428146 3.912023005428146
birth 1 1.1394342831883648 1.1394342831883648
blvd 1 4.605170185988092 4.605170185988092
boardman 1 4.605170185988092 4.605170185988092
bond 1 2.659260036932778 2.659260036932778
boone 1 3.506557897319982 3.506557897319982
border 1 2.8134107167600364 2.8134107167600364
born 1 1.1394342831883648 1.1394342831883648
boston 1 1.7719568419318754 1.7719568419318754
breeze 1 3.912023005428146 3.912023005428146
brisk 1 4.605170185988092 4.605170185988092
broadway 1 3.912023005428146 3.912023005428146
bros 1 3.912023005428146 3.912023005428146
brown 1 1.6607312068216509 1.6607312068216509
brseparatedentries 1 2.995732273553991 2.995732273553991
brummel 1 4.605170185988092 4.605170185988092
brunette 1 4.605170185988092 4.605170185988092
budget 1 2.407945608651872 2.407945608651872
buffalo 1 2.8134107167600364 2.8134107167600364
bureau 1 2.659260036932778 2.659260036932778
burned 1 3.912023005428146 3.912023005428146
bushranger 1 4.605170185988092 4.605170185988092
buy 1 2.5257286443082556 2.5257286443082556
california 1 1.4696759700589417 1.4696759700589417
called 1 0.8209805520698303 0.8209805520698303
came 1 1.6094379124341003 1.6094379124341003
camera 1 2.995732273553991 2.995732273553991
card 0 1.7147984280919266 0.0
career 1 1.2729656758128876 1.2729656758128876
cast 1 1.8971199848858813 1.8971199848858813
casting 1 2.8134107167600364 2.8134107167600364
cat 1 1.5606477482646683 1.5606477482646683
catalog 1 3.2188758248682006 3.2188758248682006
category 1 0.0 0.0
census 1 2.995732273553991 2.995732273553991
center 1 1.171182981502945 1.171182981502945
change 0 0.0 0.0
chapel 1 2.995732273553991 2.995732273553991
character 1 1.7147984280919266 1.7147984280919266
chief 1 1.3862943611198906 1.3862943611198906
christ 1 2.8134107167600364 2.8134107167600364
church 1 1.6607312068216509 1.6607312068216509
cite 1 0.0 0.0
cited 1 3.2188758248682006 3.2188758248682006
city 1 0.6348782724359695 0.6348782724359695
claw 0 4.605170185988092 0.0
clay 1 2.8134107167600364 2.8134107167600364
code 1 0.0 0.0
collection 1 1.8971199848858813 1.8971199848858813
columbus 1 2.995732273553991 2.995732273553991
columnist 1 3.912023005428146 3.912023005428146
common 0 0.0 0.0
commonscategory 1 3.2188758248682006 3.2188758248682006
community 1 1.6094379124341003 1.6094379124341003
company 1 1.2729656758128876 1.2729656758128876
competent 1 4.605170185988092 4.605170185988092
complexion 1 4.605170185988092 4.605170185988092
complimentary 1 4.605170185988092 4.605170185988092
conduct 1 0.0 0.0
conducted 1 2.5257286443082556 2.5257286443082556
confirmed 1 2.207274913189721 2.207274913189721
confirms 1 3.2188758248682006 3.2188758248682006
consistently 1 3.912023005428146 3.912023005428146
contact 1 0.0 0.0
content 1 0.0 0.0
context 1 0.010050335853501506 0.010050335853501506
continued 1 1.5141277326297755 1.5141277326297755
contribute 1 0.0 0.0
contribution 0 0.0 0.0
control 1 0.7765287894989963 0.7765287894989963
cookie 1 0.0 0.0
cookiematch 1 0.0 0.0
copy 1 1.9661128563728327 1.9661128563728327
cord 1 3.506557897319982 3.506557897319982
corporation 1 1.8971199848858813 1.8971199848858813
corral 1 4.605170185988092 4.605170185988092
couldnt 1 3.2188758248682006 3.2188758248682006
counterlistitema 1 0.127833371509885 0.127833371509885
country 1 0.843970070294529 0.843970070294529
county 1 1.6607312068216509 1.6607312068216509
couple 0 2.659260036932778 0.0
courage 1 2.8134107167600364 2.8134107167600364
cowboy 1 2.8134107167600364 2.8134107167600364
create 1 0.0 0.0
creative 1 0.0 0.0
crew 1 2.207274913189721 2.207274913189721
crime 1 1.9661128563728327 1.9661128563728327
cristo 1 3.506557897319982 3.506557897319982
critic 1 1.9661128563728327 1.9661128563728327
crow 0 3.912023005428146 0.0
cumberland 0 3.912023005428146 0.0
current 1 0.0 0.0
cut 1 1.9661128563728327 1.9661128563728327
dagger 1 3.912023005428146 3.912023005428146
daily 1 1.4271163556401458 1.4271163556401458
daniel 1 1.3862943611198906 1.3862943611198906
dapper 1 4.605170185988092 4.605170185988092
daring 1 4.605170185988092 4.605170185988092
dark 1 2.207274913189721 2.207274913189721
database 1 0.9675840262617057 0.9675840262617057
date 0 0.3147107448397002 0.0
dated 1 2.995732273553991 2.995732273553991
davis 1 1.6607312068216509 1.6607312068216509
day 1 0.5276327420823719 0.5276327420823719
dazzle 0 4.605170185988092 0.0
death 1 1.171182981502945 1.171182981502945
deathsthcentury 1 3.912023005428146 3.912023005428146
decade 1 2.659260036932778 2.659260036932778
december 1 0.37106368139083196 0.37106368139083196
deed 0 4.605170185988092 0.0
dehli 1 4.605170185988092 4.605170185988092
description 1 0.07257069283483537 0.07257069283483537
desert 1 2.8134107167600364 2.8134107167600364
developer 0 0.0 0.0
devoted 1 3.2188758248682006 3.2188758248682006
diamond 1 2.8134107167600364 2.8134107167600364
died 1 1.3093333199837622 1.3093333199837622
different 1 0.3424903089467759 0.3424903089467759
digital 1 1.9661128563728327 1.9661128563728327
director 0 1.4271163556401458 0.0
directory 1 3.506557897319982 3.506557897319982
disclaimer 0 0.0 0.0
discovered 1 2.995732273553991 2.995732273553991
divcol 1 2.302585092994046 2.302585092994046
divorced 1 3.506557897319982 3.506557897319982
document 0 2.120263536200091 0.0
donate 1 0.0 0.0
download 1 0.0 0.0
drama 1 2.407945608651872 2.407945608651872
dream 1 2.0402208285265546 2.0402208285265546
dresser 1 4.605170185988092 4.605170185988092
driven 1 3.506557897319982 3.506557897319982
dtaftercontent 1 0.127833371509885 0.127833371509885
earlier 1 1.8971199848858813 1.8971199848858813
early 1 0.6348782724359695 0.6348782724359695
east 1 1.0498221244986776 1.0498221244986776
eater 1 3.912023005428146 3.912023005428146
either 1 1.9661128563728327 1.9661128563728327
employee 0 2.0402208285265546 0.0
employment 1 2.995732273553991 2.995732273553991
encyclopedia 1 0.0 0.0
end 1 0.7985076962177716 0.7985076962177716
ended 1 2.0402208285265546 2.0402208285265546
english 1 0.0 0.0
entertainment 1 1.8325814637483102 1.8325814637483102
entry 1 1.5606477482646683 1.5606477482646683
enumeration 1 3.912023005428146 3.912023005428146
episode 1 1.6094379124341003 1.6094379124341003
era 1 2.120263536200091 2.120263536200091
established 1 1.1086626245216111 1.1086626245216111
esty 1 4.605170185988092 4.605170185988092
eternal 1 2.995732273553991 2.995732273553991
even 1 1.1394342831883648 1.1394342831883648
event 0 0.0 0.0
exciting 1 3.506557897319982 3.506557897319982
exp 1 0.0 0.0
expanding 1 2.407945608651872 2.407945608651872
experience 1 1.8325814637483102 1.8325814637483102
express 1 1.9661128563728327 1.9661128563728327
external 1 0.44628710262841953 0.44628710262841953
eye 0 1.6607312068216509 0.0
fact 1 1.5141277326297755 1.5141277326297755
family 1 0.9162907318741551 0.9162907318741551
fang 0 3.506557897319982 0.0
fatal 1 3.2188758248682006 3.2188758248682006
father 1 1.3093333199837622 1.3093333199837622
favorite 1 3.2188758248682006 3.2188758248682006
feature 0 1.4696759700589417 0.0
featured 1 2.120263536200091 2.120263536200091
february 1 0.27443684570176036 0.27443684570176036
federal 1 1.8971199848858813 1.8971199848858813
fight 1 1.8325814637483102 1.8325814637483102
file 1 0.0 0.0
film 1 1.4696759700589417 1.4696759700589417
filmindustry 1 4.605170185988092 4.605170185988092
filming 1 2.8134107167600364 2.8134107167600364
filmographies 1 4.605170185988092 4.605170185988092
filmography 1 2.995732273553991 2.995732273553991
final 1 0.9942522733438669 0.9942522733438669
financial 1 1.8325814637483102 1.8325814637483102
fire 1 1.7147984280919266 1.7147984280919266
firebrand 1 4.605170185988092 4.605170185988092
first 1 0.1508228897345837 0.1508228897345837
five 1 1.0216512475319812 1.0216512475319812
fivereeler 1 4.605170185988092 4.605170185988092
fletcher 1 3.2188758248682006 3.2188758248682006
flix 1 3.506557897319982 3.506557897319982
floor 1 2.207274913189721 2.207274913189721
followed 1 1.3093333199837622 1.3093333199837622
follows 1 2.302585092994046 2.302585092994046
forbidden 1 2.8134107167600364 2.8134107167600364
former 1 0.9675840262617057 0.9675840262617057
found 1 1.2039728043259361 1.2039728043259361
foundation 1 0.0 0.0
fountain 1 3.2188758248682006 3.2188758248682006
four 1 0.7985076962177716 0.7985076962177716
francisco 1 1.7719568419318754 1.7719568419318754
freckled 1 4.605170185988092 4.605170185988092
free 1 0.0 0.0
friend 0 1.3470736479666094 0.0
full 1 1.1086626245216111 1.1086626245216111
fully 1 2.5257286443082556 2.5257286443082556
funeral 1 2.5257286443082556 2.5257286443082556
gang 1 2.5257286443082556 2.5257286443082556
general 1 0.0 0.0
get 1 0.0 0.0
give 0 1.5141277326297755 0.0
glessing 1 4.605170185988092 4.605170185988092
glove 1 3.912023005428146 3.912023005428146
going 1 1.8325814637483102 1.8325814637483102
golden 1 1.9661128563728327 1.9661128563728327
good 1 1.3093333199837622 1.3093333199837622
goodrich 1 4.605170185988092 4.605170185988092
goodrichm 1 4.605170185988092 4.605170185988092
goodwich 1 4.605170185988092 4.605170185988092
green 1 1.171182981502945 1.171182981502945
ground 1 1.8325814637483102 1.8325814637483102
guilt 1 4.605170185988092 4.605170185988092
hair 1 2.5257286443082556 2.5257286443082556
hardcopy 1 4.605170185988092 4.605170185988092
hawaii 1 2.302585092994046 2.302585092994046
heartless 1 4.605170185988092 4.605170185988092
heavy 1 2.407945608651872 2.407945608651872
help 1 0.0 0.0
hght 1 4.605170185988092 4.605170185988092
hidden 1 0.010050335853501506 0.010050335853501506
hide 1 0.0 0.0
high 1 0.9416085398584451 0.9416085398584451
hill 0 1.2039728043259361 0.0
hilo 1 4.605170185988092 4.605170185988092
hint 0 4.605170185988092 0.0
historical 1 1.8325814637483102 1.8325814637483102
history 1 0.0 0.0
hlist 1 0.127833371509885 0.127833371509885
hlistinline 1 0.127833371509885 0.127833371509885
hollywood 1 2.8134107167600364 2.8134107167600364
holstead 1 4.605170185988092 4.605170185988092
home 1 0.7339691750802005 0.7339691750802005
honolulu 1 2.995732273553991 2.995732273553991
honor 1 1.8325814637483102 1.8325814637483102
house 1 1.0216512475319812 1.0216512475319812
however 1 0.6931471805599453 0.6931471805599453
hunted 1 4.605170185988092 4.605170185988092
hurst 1 3.912023005428146 3.912023005428146
husband 1 1.9661128563728327 1.9661128563728327
ibdb 1 3.912023005428146 3.912023005428146
ice 1 2.659260036932778 2.659260036932778
idea 0 1.8325814637483102 0.0
identified 1 2.659260036932778 2.659260036932778
identifying 1 3.912023005428146 3.912023005428146
ignorance 1 4.605170185988092 4.605170185988092
imdb 1 2.302585092994046 2.302585092994046
imgsrc 1 1.3862943611198906 1.3862943611198906
inc 1 0.0 0.0
include 1 1.3093333199837622 1.3093333199837622
includes 1 1.9661128563728327 1.9661128563728327
including 1 0.7133498878774648 0.7133498878774648
income 1 2.659260036932778 2.659260036932778
incorrectly 1 2.995732273553991 2.995732273553991
india 1 1.7147984280919266 1.7147984280919266
indiana 1 2.302585092994046 2.302585092994046
indianapolis 1 2.659260036932778 2.659260036932778
indicates 1 2.995732273553991 2.995732273553991
indonesia 1 1.7719568419318754 1.7719568419318754
industry 1 1.8325814637483102 1.8325814637483102
infobox 1 0.3011050927839216 0.3011050927839216
infoboxperson 1 2.8134107167600364 2.8134107167600364
infoboxtable 1 0.3147107448397002 0.3147107448397002
information 1 0.0 0.0
initially 1 2.207274913189721 2.207274913189721
injured 1 2.407945608651872 2.407945608651872
institute 1 1.5141277326297755 1.5141277326297755
interment 1 4.605170185988092 4.605170185988092
international 1 0.5978370007556204 0.5978370007556204
internet 1 2.302585092994046 2.302585092994046
interval 0 3.506557897319982 0.0
invader 0 4.605170185988092 0.0
investment 0 2.5257286443082556 0.0
issue 1 1.1086626245216111 1.1086626245216111
itching 1 4.605170185988092 4.605170185988092
item 1 0.010050335853501506 0.010050335853501506
james 1 1.0498221244986776 1.0498221244986776
january 1 0.3424903089467759 0.3424903089467759
jesus 1 2.659260036932778 2.659260036932778
john 1 0.49429632181478017 0.49429632181478017
joined 1 1.6607312068216509 1.6607312068216509
jordan 1 1.7147984280919266 1.7147984280919266
judith 1 3.912023005428146 3.912023005428146
july 1 0.43078291609245434 0.43078291609245434
jump 1 0.0 0.0
june 1 0.40047756659712536 0.40047756659712536
kalem 1 4.605170185988092 4.605170185988092
katherine 1 3.2188758248682006 3.2188758248682006
kid 1 1.8971199848858813 1.8971199848858813
killed 1 1.9661128563728327 1.9661128563728327
king 1 1.3093333199837622 1.3093333199837622
known 1 0.7985076962177716 0.7985076962177716
lady 1 2.302585092994046 2.302585092994046
lake 1 1.8325814637483102 1.8325814637483102
language 0 0.0 0.0
lass 1 4.605170185988092 4.605170185988092
lassie 1 4.605170185988092 4.605170185988092
last 1 0.0 0.0
lat 1 4.605170185988092 4.605170185988092
late 1 1.3093333199837622 1.3093333199837622
latter 1 1.6607312068216509 1.6607312068216509
latterday 1 3.506557897319982 3.506557897319982
law 1 1.4271163556401458 1.4271163556401458
leading 1 1.3093333199837622 1.3093333199837622
leaf 0 2.302585092994046 0.0
league 1 1.3470736479666094 1.3470736479666094
learn 1 0.0 0.0
least 1 1.8971199848858813 1.8971199848858813
liaftercontent 1 0.127833371509885 0.127833371509885
license 1 0.0 0.0
life 1 0.5447271754416719 0.5447271754416719
light 0 1.3862943611198906 0.0
lightning 1 3.2188758248682006 3.2188758248682006
limarginbottom 1 0.9675840262617057 0.9675840262617057
lingham 1 4.605170185988092 4.605170185988092
linghams 1 4.605170185988092 4.605170185988092
link 1 0.0 0.0
lion 0 2.659260036932778 0.0
list 0 0.6348782724359695 0.0
listed 1 2.302585092994046 2.302585092994046
little 1 1.4696759700589417 1.4696759700589417
lived 1 2.207274913189721 2.207274913189721
living 1 1.07880966137193 1.07880966137193
location 1 1.171182981502945 1.171182981502945
log 1 0.0 0.0
logged 1 0.0 0.0
lone 1 2.995732273553991 2.995732273553991
long 1 1.1086626245216111 1.1086626245216111
longer 1 2.207274913189721 2.207274913189721
los 1 1.5141277326297755 1.5141277326297755
lost 1 1.171182981502945 1.171182981502945
louisville 1 3.506557897319982 3.506557897319982
lumberlands 1 4.605170185988092 4.605170185988092
maiden 1 4.605170185988092 4.605170185988092
main 1 0.0 0.0
make 0 1.0498221244986776 0.0
male 1 1.6607312068216509 1.6607312068216509
man 1 1.0498221244986776 1.0498221244986776
manager 1 2.120263536200091 2.120263536200091
many 1 0.7550225842780328 0.7550225842780328
march 1 0.3147107448397002 0.3147107448397002
marriage 1 2.120263536200091 2.120263536200091
married 1 1.5141277326297755 1.5141277326297755
marrying 1 3.506557897319982 3.506557897319982
mary 1 1.7719568419318754 1.7719568419318754
mascot 1 3.912023005428146 3.912023005428146
master 1 1.3093333199837622 1.3093333199837622
matheis 1 4.605170185988092 4.605170185988092
matt 1 1.8325814637483102 1.8325814637483102
may 1 0.0 0.0
mdy 1 1.3862943611198906 1.3862943611198906
medical 1 2.5257286443082556 2.5257286443082556
medicine 1 2.8134107167600364 2.8134107167600364
medium 0 0.49429632181478017 0.0
men 1 1.2039728043259361 1.2039728043259361
menu 1 0.0 0.0
minute 1 1.6607312068216509 1.6607312068216509
mobile 1 0.0 0.0
modestly 1 3.912023005428146 3.912023005428146
monte 1 3.2188758248682006 3.2188758248682006
mother 1 1.5141277326297755 1.5141277326297755
motion 1 2.8134107167600364 2.8134107167600364
motography 1 4.605170185988092 4.605170185988092
move 1 0.0 0.0
moved 1 1.7719568419318754 1.7719568419318754
movie 1 1.7719568419318754 1.7719568419318754
moviegoer 0 4.605170185988092 0.0
mpn 1 4.605170185988092 4.605170185988092
much 1 1.171182981502945 1.171182981502945
multiple 1 1.6607312068216509 1.6607312068216509
mumbai 1 3.912023005428146 3.912023005428146
musketeer 0 4.605170185988092 0.0
must 1 2.0402208285265546 2.0402208285265546
mutual 1 3.2188758248682006 3.2188758248682006
mystery 1 2.407945608651872 2.407945608651872
name 1 0.5276327420823719 0.5276327420823719
nation 0 1.2729656758128876 0.0
national 1 0.5108256237659907 0.5108256237659907
navbarfontsizemedia 1 0.3147107448397002 0.3147107448397002
navbox 1 0.1392620673335076 0.1392620673335076
navboximage 1 0.1392620673335076 0.1392620673335076
navboxsubgroup 1 0.1392620673335076 0.1392620673335076
navboxtitle 1 0.1392620673335076 0.1392620673335076
navigation 1 0.0 0.0
nearby 1 3.2188758248682006 3.2188758248682006
nearly 1 2.8134107167600364 2.8134107167600364
necktie 1 4.605170185988092 4.605170185988092
neill 1 3.912023005428146 3.912023005428146
nest 1 3.912023005428146 3.912023005428146
new 1 0.24846135929849972 0.24846135929849972
news 1 0.843970070294529 0.843970070294529
newspaper 1 1.5141277326297755 1.5141277326297755
next 1 1.1086626245216111 1.1086626245216111
nifty 1 4.605170185988092 4.605170185988092
night 1 1.7719568419318754 1.7719568419318754
nonprofit 1 0.0 0.0
note 0 0.8209805520698303 0.0
noted 1 2.120263536200091 2.120263536200091
numerous 1 1.9661128563728327 1.9661128563728327
oater 1 4.605170185988092 4.605170185988092
obituary 1 3.506557897319982 3.506557897319982
october 1 0.28768207245178085 0.28768207245178085
office 1 1.1086626245216111 1.1086626245216111
often 1 1.6607312068216509 1.6607312068216509
ohio 1 2.207274913189721 2.207274913189721
oklahoma 1 2.5257286443082556 2.5257286443082556
ollibeforecontent 1 0.127833371509885 0.127833371509885
one 1 0.23572233352106994 0.23572233352106994
operatic 1 3.912023005428146 3.912023005428146
organization 1 0.0 0.0
organizationname 1 0.010050335853501506 0.010050335853501506
original 1 0.4155154439616658 0.4155154439616658
originally 1 1.9661128563728327 1.9661128563728327
orphan 1 3.912023005428146 3.912023005428146
outlaw 1 3.912023005428146 3.912023005428146
packer 1 3.912023005428146 3.912023005428146
padding 1 2.659260036932778 2.659260036932778
page 1 0.0 0.0
pagetype 1 1.2729656758128876 1.2729656758128876
pair 0 2.407945608651872 0.0
pal 0 3.506557897319982 0.0
palm 0 2.995732273553991 0.0
paper 1 1.6607312068216509 1.6607312068216509
part 1 0.6348782724359695 0.6348782724359695
partial 1 3.2188758248682006 3.2188758248682006
particularly 1 2.120263536200091 2.120263536200091
path 1 2.302585092994046 2.302585092994046
pathe 1 4.605170185988092 4.605170185988092
paul 1 0.8675005677047231 0.8675005677047231
pdfprintable 1 0.0 0.0
perform 1 2.302585092994046 2.302585092994046
performer 1 3.2188758248682006 3.2188758248682006
performing 1 2.995732273553991 2.995732273553991
period 1 1.4271163556401458 1.4271163556401458
perkins 1 2.8134107167600364 2.8134107167600364
permanent 1 0.0 0.0
person 1 1.5606477482646683 1.5606477482646683
personal 1 0.0 0.0
photoplay 1 4.605170185988092 4.605170185988092
picture 1 2.5257286443082556 2.5257286443082556
pictured 1 3.506557897319982 3.506557897319982
pierce 1 3.506557897319982 3.506557897319982
pine 0 3.506557897319982 0.0
pirate 1 2.5257286443082556 2.5257286443082556
pitfall 1 4.605170185988092 4.605170185988092
pizza 1 3.506557897319982 3.506557897319982
plainlist 1 0.7339691750802005 0.7339691750802005
play 0 1.2039728043259361 0.0
player 1 1.6094379124341003 1.6094379124341003
policy 1 0.0 0.0
polly 1 4.605170185988092 4.605170185988092
popular 1 1.4696759700589417 1.4696759700589417
population 1 2.207274913189721 2.207274913189721
portal 1 0.0 0.0
portrayal 1 2.995732273553991 2.995732273553991
portrayed 1 2.5257286443082556 2.5257286443082556
portraying 1 3.912023005428146 3.912023005428146
portrays 1 4.605170185988092 4.605170185988092
portugus 1 1.171182981502945 1.171182981502945
posted 1 2.995732273553991 2.995732273553991
potter 1 3.912023005428146 3.912023005428146
prairie 1 4.605170185988092 4.605170185988092
preceding 1 3.912023005428146 3.912023005428146
presented 1 1.9661128563728327 1.9661128563728327
preserve 1 3.506557897319982 3.506557897319982
printbodyns 1 0.09431067947124142 0.09431067947124142
printexport 1 0.0 0.0
printing 1 2.995732273553991 2.995732273553991
privacy 1 0.0 0.0
pro 1 1.6607312068216509 1.6607312068216509
production 1 1.6607312068216509 1.6607312068216509
profiling 1 4.605170185988092 4.605170185988092
project 0 0.0 0.0
publication 1 1.3862943611198906 1.3862943611198906
published 1 1.3862943611198906 1.3862943611198906
quest 1 2.5257286443082556 2.5257286443082556
raider 0 3.2188758248682006 0.0
railroad 1 3.2188758248682006 3.2188758248682006
rameriz 1 4.605170185988092 4.605170185988092
random 1 0.0 0.0
rapidly 1 3.912023005428146 3.912023005428146
rascal 1 4.605170185988092 4.605170185988092
rawhide 1 3.912023005428146 3.912023005428146
read 1 0.0 0.0
reader 0 2.8134107167600364 0.0
reason 0 1.9661128563728327 0.0
received 1 1.1394342831883648 1.1394342831883648
recent 1 0.0 0.0
recognizes 1 3.912023005428146 3.912023005428146
reconfirming 1 4.605170185988092 4.605170185988092
record 0 0.7765287894989963 0.0
red 1 1.07880966137193 1.07880966137193
reel 0 3.912023005428146 0.0
reference 0 0.03045920748470844 0.0
reflist 1 0.06187540371808745 0.06187540371808745
reflistcolumns 1 0.06187540371808745 0.06187540371808745
reg 1 0.0 0.0
registered 1 0.0 0.0
regularly 1 3.2188758248682006 3.2188758248682006
related 1 0.0 0.0
release 1 1.3093333199837622 1.3093333199837622
reliable 1 1.9661128563728327 1.9661128563728327
relocated 1 3.912023005428146 3.912023005428146
remained 1 1.7719568419318754 1.7719568419318754
remaining 1 2.302585092994046 2.302585092994046
report 0 1.1086626245216111 0.0
reporting 1 2.8134107167600364 2.8134107167600364
represents 1 2.5257286443082556 2.5257286443082556
reputation 1 3.2188758248682006 3.2188758248682006
residing 1 4.605170185988092 4.605170185988092
rest 1 2.0402208285265546 2.0402208285265546
retired 1 1.7719568419318754 1.7719568419318754
retirement 1 2.207274913189721 2.207274913189721
retrieved 1 0.0 0.0
review 1 1.07880966137193 1.07880966137193
rider 1 2.8134107167600364 2.8134107167600364
rockies 1 3.2188758248682006 3.2188758248682006
role 1 1.3470736479666094 1.3470736479666094
rough 1 3.506557897319982 3.506557897319982
runner 0 2.995732273553991 0.0
running 1 1.6607312068216509 1.6607312068216509
ruth 1 2.8134107167600364 2.8134107167600364
sage 1 3.506557897319982 3.506557897319982
saint 0 1.6607312068216509 0.0
salt 1 2.8134107167600364 2.8134107167600364
san 1 1.2378743560016172 1.2378743560016172
say 0 1.7719568419318754 0.0
scalp 1 4.605170185988092 4.605170185988092
scene 1 2.0402208285265546 2.0402208285265546
screen 1 0.010050335853501506 0.010050335853501506
search 1 0.0 0.0
seattle 1 2.5257286443082556 2.5257286443082556
second 1 0.49429632181478017 0.49429632181478017
section 1 1.8325814637483102 1.8325814637483102
see 1 0.40047756659712536 0.40047756659712536
seeker 0 3.912023005428146 0.0
seeking 1 2.8134107167600364 2.8134107167600364
september 1 0.43078291609245434 0.43078291609245434
sequel 1 3.506557897319982 3.506557897319982
serial 1 2.5257286443082556 2.5257286443082556
service 0 1.2378743560016172 0.0
serving 1 2.120263536200091 2.120263536200091
set 1 0.9942522733438669 0.9942522733438669
several 1 0.8209805520698303 0.8209805520698303
shadow 1 2.995732273553991 2.995732273553991
shah 1 2.8134107167600364 2.8134107167600364
shannon 1 2.5257286443082556 2.5257286443082556
share 1 0.0 0.0
sheriff 1 3.912023005428146 3.912023005428146
shoe 0 3.2188758248682006 0.0
short 1 0.06187540371808745 0.06187540371808745
shortdescription 1 0.2613647641344075 0.2613647641344075
shortened 1 0.0 0.0
shortlived 1 3.912023005428146 3.912023005428146
shot 1 2.207274913189721 2.207274913189721
side 1 1.4271163556401458 1.4271163556401458
sidebar 1 0.0 0.0
sidebox 1 3.912023005428146 3.912023005428146
sideboxmarginpx 1 1.3862943611198906 1.3862943611198906
sideboxtextpaddingem 1 1.3862943611198906 1.3862943611198906
signal 1 3.2188758248682006 3.2188758248682006
silent 1 2.659260036932778 2.659260036932778
simply 1 2.5257286443082556 2.5257286443082556
singer 1 2.5257286443082556 2.5257286443082556
singing 1 2.5257286443082556 2.5257286443082556
sir 1 2.5257286443082556 2.5257286443082556
sister 0 1.8325814637483102 0.0
sisterproject 1 3.912023005428146 3.912023005428146
sistersitebox 1 1.3862943611198906 1.3862943611198906
site 1 0.0 0.0
sixteenth 1 3.506557897319982 3.506557897319982
sixth 1 1.9661128563728327 1.9661128563728327
skater 1 4.605170185988092 4.605170185988092
skilled 1 3.506557897319982 3.506557897319982
sky 1 2.5257286443082556 2.5257286443082556
slicker 1 4.605170185988092 4.605170185988092
small 1 1.4271163556401458 1.4271163556401458
smith 1 1.2039728043259361 1.2039728043259361
social 1 1.3093333199837622 1.3093333199837622
solid 1 0.09431067947124142 0.09431067947124142
sometime 1 3.506557897319982 3.506557897319982
son 1 1.3093333199837622 1.3093333199837622
soon 1 1.8325814637483102 1.8325814637483102
sound 1 1.7719568419318754 1.7719568419318754
source 0 0.5798184952529422 0.0
southern 1 1.6607312068216509 1.6607312068216509
speaking 1 2.8134107167600364 2.8134107167600364
special 1 0.0 0.0
specialize 1 3.912023005428146 3.912023005428146
spirit 1 1.7147984280919266 1.7147984280919266
splitting 1 3.912023005428146 3.912023005428146
spouse 0 2.8134107167600364 0.0
stage 1 1.9661128563728327 1.9661128563728327
star 1 0.9675840262617057 0.9675840262617057
starring 1 2.995732273553991 2.995732273553991
state 0 0.3147107448397002 0.0
statement 1 0.0 0.0
statistic 0 0.0 0.0
still 1 0.9416085398584451 0.9416085398584451
stingaree 1 4.605170185988092 4.605170185988092
stock 1 2.302585092994046 2.302585092994046
stopped 1 2.995732273553991 2.995732273553991
strangler 0 4.605170185988092 0.0
studio 1 1.8971199848858813 1.8971199848858813
subsidiary 1 3.912023005428146 3.912023005428146
successful 1 2.0402208285265546 2.0402208285265546
suggest 1 3.506557897319982 3.506557897319982
suggestion 0 2.995732273553991 0.0
suit 0 2.995732273553991 0.0
sunday 1 1.9661128563728327 1.9661128563728327
supporting 1 2.407945608651872 2.407945608651872
supposed 1 3.506557897319982 3.506557897319982
surname 1 2.995732273553991 2.995732273553991
survey 1 2.5257286443082556 2.5257286443082556
surviving 1 3.912023005428146 3.912023005428146
swindler 0 4.605170185988092 0.0
table 1 0.0 0.0
taking 1 1.6607312068216509 1.6607312068216509
talk 1 0.0 0.0
tdhlist 1 0.1392620673335076 0.1392620673335076
template 1 0.0 0.0
ten 1 1.5141277326297755 1.5141277326297755
term 0 0.0 0.0
texas 1 1.8971199848858813 1.8971199848858813
text 1 0.0 0.0
thbodyskinresponsive 1 0.3147107448397002 0.3147107448397002
theatrical 1 3.2188758248682006 3.2188758248682006
thing 1 1.5606477482646683 1.5606477482646683
thisin 1 4.605170185988092 4.605170185988092
thomas 1 1.1394342831883648 1.1394342831883648
though 1 1.6607312068216509 1.6607312068216509
three 1 0.5798184952529422 0.5798184952529422
throughout 1 1.171182981502945 1.171182981502945
thrown 1 2.8134107167600364 2.8134107167600364
thru 1 3.506557897319982 3.506557897319982
tight 1 3.912023005428146 3.912023005428146
time 1 0.28768207245178085 0.28768207245178085
together 1 1.5141277326297755 1.5141277326297755
toggle 1 0.010050335853501506 0.010050335853501506
tom 1 1.2378743560016172 1.2378743560016172
tool 0 0.0 0.0
top 1 0.010050335853501506 0.010050335853501506
topic 1 0.0 0.0
total 1 0.0 0.0
track 0 1.7719568419318754 0.0
trade 1 1.7147984280919266 1.7147984280919266
trademark 1 0.0 0.0
trail 1 3.912023005428146 3.912023005428146
traveling 1 2.995732273553991 2.995732273553991
tube 1 1.8971199848858813 1.8971199848858813
two 1 0.43078291609245434 0.43078291609245434
tworeeler 1 4.605170185988092 4.605170185988092
ulpaddingem 1 0.1392620673335076 0.1392620673335076
unconscious 1 3.912023005428146 3.912023005428146
united 1 0.4155154439616658 0.4155154439616658
universal 1 2.407945608651872 2.407945608651872
unless 1 2.8134107167600364 2.8134107167600364
upload 1 0.0 0.0
usdied 1 3.912023005428146 3.912023005428146
use 1 0.0 0.0
used 1 0.8675005677047231 0.8675005677047231
using 1 0.0 0.0
usoccupations 1 4.605170185988092 4.605170185988092
utah 1 2.302585092994046 2.302585092994046
utc 1 0.0 0.0
vanishing 1 4.605170185988092 4.605170185988092
var 1 0.0 0.0
variety 1 2.5257286443082556 2.5257286443082556
various 1 1.5141277326297755 1.5141277326297755
ventura 1 3.912023005428146 3.912023005428146
verify 1 3.2188758248682006 3.2188758248682006
version 1 0.0 0.0
viaffastworld 1 3.912023005428146 3.912023005428146
view 1 0.0 0.0
villain 1 3.506557897319982 3.506557897319982
violently 1 4.605170185988092 4.605170185988092
wage 0 3.2188758248682006 0.0
wanted 1 2.207274913189721 2.207274913189721
wardrobe 1 3.506557897319982 3.506557897319982
warning 1 2.5257286443082556 2.5257286443082556
washington 1 1.2378743560016172 1.2378743560016172
wayne 1 2.302585092994046 2.302585092994046
wear 1 2.302585092994046 2.302585092994046
webbased 1 3.912023005428146 3.912023005428146
well 1 0.7765287894989963 0.7765287894989963
west 1 1.171182981502945 1.171182981502945
western 1 1.2039728043259361 1.2039728043259361
whirlwind 1 3.912023005428146 3.912023005428146
whispering 1 4.605170185988092 4.605170185988092
whose 1 1.7147984280919266 1.7147984280919266
widely 1 2.995732273553991 2.995732273553991
widow 1 2.407945608651872 2.407945608651872
wids 1 4.605170185988092 4.605170185988092
wife 1 1.7719568419318754 1.7719568419318754
wikidata 1 0.010050335853501506 0.010050335853501506
wikimedia 1 0.0 0.0
wikipedia 1 0.0 0.0
wild 1 2.302585092994046 2.302585092994046
wilderness 1 3.912023005428146 3.912023005428146
william 1 1.171182981502945 1.171182981502945
wolf 1 2.207274913189721 2.207274913189721
woodland 1 3.506557897319982 3.506557897319982
work 1 0.7133498878774648 0.7133498878774648
worked 1 1.6607312068216509 1.6607312068216509
working 1 1.8971199848858813 1.8971199848858813
wound 1 3.912023005428146 3.912023005428146
year 1 0.3424903089467759 0.3424903089467759
yearsactive 1 4.605170185988092 4.605170185988092
york 1 0.8209805520698303 0.8209805520698303
young 1 1.2378743560016172 1.2378743560016172
younger 1 2.120263536200091 2.120263536200091
