aaaborderbottompx 1 2.302585092994046 2.302585092994046
aabborderleftpx 1 1.6607312068216509 1.6607312068216509
abdicated 1 4.605170185988092 4.605170185988092
able 1 1.7719568419318754 1.7719568419318754
absolute 1 2.5257286443082556 2.5257286443082556
academic 1 1.8971199848858813 1.8971199848858813
account 1 0.0 0.0
ace 1 2.995732273553991 2.995732273553991
action 0 0.0 0.0
activity 0 1.8325814637483102 0.0
actual 1 2.8134107167600364 2.8134107167600364
add 1 0.0 0.0
adding 1 2.0402208285265546 2.0402208285265546
additional 1 0.0 0.0
advisor 1 2.8134107167600364 2.8134107167600364
age 1 0.7985076962177716 0.7985076962177716
agree 1 0.0 0.0
agrippa 1 4.605170185988092 4.605170185988092
ahathoor 1 4.605170185988092 4.605170185988092
alchemy 1 3.912023005428146 3.912023005428146
aleister 1 4.605170185988092 4.605170185988092
alexander 1 1.5141277326297755 1.5141277326297755
alexandra 1 4.605170185988092 4.605170185988092
alexandre 1 3.506557897319982 3.506557897319982
alike 1 0.0 0.0
alive 1 2.407945608651872 2.407945608651872
allegation 1 3.2188758248682006 3.2188758248682006
allege 1 4.605170185988092 4.605170185988092
alliance 1 1.8971199848858813 1.8971199848858813
also 1 0.127833371509885 0.127833371509885
although 1 1.4696759700589417 1.4696759700589417
alveydre 1 4.605170185988092 4.605170185988092
ambelain 1 4.605170185988092 4.605170185988092
ambox 1 1.6607312068216509 1.6607312068216509
amboxborderpx 1 1.6607312068216509 1.6607312068216509
amboxmargin 1 1.6607312068216509 1.6607312068216509
anaclet 1 4.605170185988092 4.605170185988092
anarchie 1 4.605170185988092 4.605170185988092
anatomy 1 3.912023005428146 3.912023005428146
ancient 1 2.302585092994046 2.302585092994046
andreae 1 4.605170185988092 4.605170185988092
angelology 1 4.605170185988092 4.605170185988092
announced 1 1.2039728043259361 1.2039728043259361
anthelme 1 4.605170185988092 4.605170185988092
anti 1 2.207274913189721 2.207274913189721
antient 1 3.912023005428146 3.912023005428146
antoine 1 2.995732273553991 2.995732273553991
apiryon 1 4.605170185988092 4.605170185988092
apollonius 1 4.605170185988092 4.605170185988092
apparently 1 3.2188758248682006 3.2188758248682006
appearance 1 0.0 0.0
apply 1 0.0 0.0
arcananumbered 1 4.605170185988092 4.605170185988092
arcanasuit 1 4.605170185988092 4.605170185988092
arcanum 1 4.605170185988092 4.605170185988092
archive 1 1.6094379124341003 1.6094379124341003
army 1 1.6094379124341003 1.6094379124341003
art 0 1.2039728043259361 0.0
arthur 1 1.7147984280919266 1.7147984280919266
article 1 0.0 0.0
aspect 0 2.302585092994046 0.0
assist 1 2.5257286443082556 2.5257286443082556
assisted 1 2.995732273553991 2.995732273553991
associated 1 1.4696759700589417 1.4696759700589417
astrology 1 4.605170185988092 4.605170185988092
attacked 1 2.995732273553991 2.995732273553991
attempt 1 1.6607312068216509 1.6607312068216509
attempted 1 2.407945608651872 2.407945608651872
attribution 1 0.0 0.0
aujourdhui 1 4.605170185988092 4.605170185988092
australia 1 1.4696759700589417 1.4696759700589417
author 1 1.8971199848858813 1.8971199848858813
authority 1 0.8915981192837835 0.8915981192837835
auto 1 0.1392620673335076 0.1392620673335076
available 1 0.0 0.0
avert 1 4.605170185988092 4.605170185988092
bahasa 1 1.8325814637483102 1.8325814637483102
basic 1 2.302585092994046 2.302585092994046
bcklin 1 4.605170185988092 4.605170185988092
became 1 0.7133498878774648 0.7133498878774648
become 1 1.2378743560016172 1.2378743560016172
being 0 3.2188758248682006 0.0
beneficent 1 4.605170185988092 4.605170185988092
bhme 1 4.605170185988092 4.605170185988092
bibliography 1 2.207274913189721 2.207274913189721
bibliothque 1 3.912023005428146 3.912023005428146
biographie 1 2.995732273553991 2.995732273553991
birth 0 1.1394342831883648 0.0
bishop 1 2.407945608651872 2.407945608651872
blade 0 2.8134107167600364 0.0
blavatsky 1 4.605170185988092 4.605170185988092
bodymediawiki 1 1.6607312068216509 1.6607312068216509
bohemian 0 3.912023005428146 0.0
bohmiens 1 4.605170185988092 4.605170185988092
bokml 1 2.120263536200091 2.120263536200091
book 1 0.6348782724359695 0.6348782724359695
born 1 1.1394342831883648 1.1394342831883648
bota 1 4.605170185988092 4.605170185988092
brahe 1 4.605170185988092 4.605170185988092
bricaud 1 4.605170185988092 4.605170185988092
broke 1 2.8134107167600364 2.8134107167600364
brotherhood 1 2.8134107167600364 2.8134107167600364
burial 0 3.506557897319982 0.0
busca 1 4.605170185988092 4.605170185988092
called 1 0.8209805520698303 0.8209805520698303
capacity 1 2.659260036932778 2.659260036932778
card 1 1.7147984280919266 1.7147984280919266
career 1 1.2729656758128876 1.2729656758128876
carrre 1 4.605170185988092 4.605170185988092
cartomancy 1 4.605170185988092 4.605170185988092
case 1 1.3862943611198906 1.3862943611198906
cat 1 1.5606477482646683 1.5606477482646683
catalonia 1 3.506557897319982 3.506557897319982
category 1 0.0 0.0
cathar 1 4.605170185988092 4.605170185988092
catholica 1 4.605170185988092 4.605170185988092
cazotte 1 4.605170185988092 4.605170185988092
cemeterythcentury 1 4.605170185988092 4.605170185988092
centerpx 1 0.0408219945202552 0.0408219945202552
ceremonial 1 2.995732273553991 2.995732273553991
chaboseau 1 4.605170185988092 4.605170185988092
challenged 1 2.207274913189721 2.207274913189721
chamuel 1 4.605170185988092 4.605170185988092
change 0 0.0 0.0
chaptal 1 4.605170185988092 4.605170185988092
chariot 1 4.605170185988092 4.605170185988092
chemist 1 4.605170185988092 4.605170185988092
child 1 1.07880966137193 1.07880966137193
cho 1 3.2188758248682006 3.2188758248682006
christian 1 1.4696759700589417 1.4696759700589417
christianity 1 2.659260036932778 2.659260036932778
church 1 1.6607312068216509 1.6607312068216509
citation 1 0.0408219945202552 0.0408219945202552
cite 1 0.0 0.0
citebook 1 1.8971199848858813 1.8971199848858813
city 1 0.6348782724359695 0.6348782724359695
claimed 1 2.207274913189721 2.207274913189721
clinic 1 3.2188758248682006 3.2188758248682006
code 1 0.0 0.0
cofounded 1 4.605170185988092 4.605170185988092
coin 0 4.605170185988092 0.0
collaborated 1 3.912023005428146 3.912023005428146
colman 1 3.912023005428146 3.912023005428146
come 1 1.3470736479666094 1.3470736479666094
common 0 0.0 0.0
complete 1 1.8325814637483102 1.8325814637483102
compounded 1 4.605170185988092 4.605170185988092
concept 0 2.120263536200091 0.0
concerned 1 2.995732273553991 2.995732273553991
conduct 1 0.0 0.0
conference 1 1.3862943611198906 1.3862943611198906
conjured 1 4.605170185988092 4.605170185988092
connection 1 2.120263536200091 2.120263536200091
consecrated 1 3.912023005428146 3.912023005428146
conspiracy 1 2.8134107167600364 2.8134107167600364
consultant 1 4.605170185988092 4.605170185988092
contact 1 0.0 0.0
containing 1 1.4271163556401458 1.4271163556401458
contemporain 1 4.605170185988092 4.605170185988092
content 1 0.0 0.0
context 1 0.010050335853501506 0.010050335853501506
continues 1 2.302585092994046 2.302585092994046
contracted 1 4.605170185988092 4.605170185988092
contribute 1 0.0 0.0
contributed 1 2.5257286443082556 2.5257286443082556
contribution 0 0.0 0.0
control 1 0.7765287894989963 0.7765287894989963
conventional 1 3.2188758248682006 3.2188758248682006
cookie 1 0.0 0.0
cookiematch 1 0.0 0.0
corp 0 2.302585092994046 0.0
correspondence 1 2.995732273553991 2.995732273553991
corua 1 4.605170185988092 4.605170185988092
council 1 1.4696759700589417 1.4696759700589417
counterlistitema 1 0.127833371509885 0.127833371509885
court 1 1.5141277326297755 1.5141277326297755
create 1 0.0 0.0
creative 1 0.0 0.0
croix 1 3.506557897319982 3.506557897319982
cross 1 1.8325814637483102 1.8325814637483102
crowley 1 4.605170185988092 4.605170185988092
csmaintcolorf 1 0.06187540371808745 0.06187540371808745
csmaintcolorfmedia 1 0.0408219945202552 0.0408219945202552
cswsicon 1 0.0408219945202552 0.0408219945202552
cup 0 1.7719568419318754 0.0
curiously 1 4.605170185988092 4.605170185988092
current 1 0.0 0.0
czech 1 2.207274913189721 2.207274913189721
dali 0 4.605170185988092 0.0
dannunzio 1 4.605170185988092 4.605170185988092
data 1 1.3862943611198906 1.3862943611198906
database 0 0.9675840262617057 0.0
dawn 1 2.659260036932778 2.659260036932778
day 0 0.5276327420823719 0.0
ddbother 1 2.995732273553991 2.995732273553991
de 0 2.407945608651872 0.0
deal 1 1.8325814637483102 1.8325814637483102
death 1 1.171182981502945 1.171182981502945
debussy 1 4.605170185988092 4.605170185988092
deciding 1 2.995732273553991 2.995732273553991
deck 0 3.912023005428146 0.0
dee 1 3.2188758248682006 3.2188758248682006
degree 1 1.7719568419318754 1.7719568419318754
delville 1 3.912023005428146 3.912023005428146
dependency 0 3.912023005428146 0.0
description 1 0.07257069283483537 0.07257069283483537
desire 1 3.2188758248682006 3.2188758248682006
despite 1 1.1394342831883648 1.1394342831883648
deutsch 1 0.9416085398584451 0.9416085398584451
deutsche 1 2.5257286443082556 2.5257286443082556
developer 0 0.0 0.0
devil 1 2.207274913189721 2.207274913189721
diable 1 4.605170185988092 4.605170185988092
died 1 1.3093333199837622 1.3093333199837622
different 1 0.3424903089467759 0.3424903089467759
disambiguation 1 2.995732273553991 2.995732273553991
disclaimer 0 0.0 0.0
disk 0 4.605170185988092 0.0
disliked 1 3.912023005428146 3.912023005428146
disrupt 1 4.605170185988092 4.605170185988092
dissertation 1 3.506557897319982 3.506557897319982
divinatoire 1 4.605170185988092 4.605170185988092
divinatory 1 4.605170185988092 4.605170185988092
docteur 1 4.605170185988092 4.605170185988092
doctor 1 1.6607312068216509 1.6607312068216509
doctrine 1 2.8134107167600364 2.8134107167600364
dogme 1 3.912023005428146 3.912023005428146
doinel 1 4.605170185988092 4.605170185988092
donate 1 0.0 0.0
dottedcursorhelp 1 2.120263536200091 2.120263536200091
downfall 1 4.605170185988092 4.605170185988092
download 1 0.0 0.0
dtaftercontent 1 0.127833371509885 0.127833371509885
early 1 0.6348782724359695 0.6348782724359695
eastern 1 1.5606477482646683 1.5606477482646683
ecclesia 1 3.912023005428146 3.912023005428146
education 1 1.3470736479666094 1.3470736479666094
edward 1 1.5606477482646683 1.5606477482646683
egc 1 4.605170185988092 4.605170185988092
eight 1 1.8971199848858813 1.8971199848858813
elder 0 2.8134107167600364 0.0
elect 1 2.659260036932778 2.659260036932778
elected 1 1.9661128563728327 1.9661128563728327
elevated 1 3.912023005428146 3.912023005428146
eliphas 1 4.605170185988092 4.605170185988092
emigrant 0 2.8134107167600364 0.0
emperor 1 3.2188758248682006 3.2188758248682006
emphasis 1 3.506557897319982 3.506557897319982
empress 1 3.2188758248682006 3.2188758248682006
encausse 1 4.605170185988092 4.605170185988092
encaussenews 1 4.605170185988092 4.605170185988092
encausses 1 4.605170185988092 4.605170185988092
encyclopedia 1 0.0 0.0
enduring 1 4.605170185988092 4.605170185988092
english 1 0.0 0.0
error 0 2.407945608651872 0.0
esoteric 1 3.912023005428146 3.912023005428146
espaol 1 1.1394342831883648 1.1394342831883648
esperanto 1 2.5257286443082556 2.5257286443082556
essentially 1 4.605170185988092 4.605170185988092
establish 1 2.8134107167600364 2.8134107167600364
etina 1 2.995732273553991 2.995732273553991
etteilla 1 4.605170185988092 4.605170185988092
event 0 0.0 0.0
exchanged 1 3.912023005428146 3.912023005428146
exp 1 0.0 0.0
external 1 0.44628710262841953 0.44628710262841953
fabre 1 4.605170185988092 4.605170185988092
family 1 0.9162907318741551 0.9162907318741551
fasting 1 4.605170185988092 4.605170185988092
father 1 1.3093333199837622 1.3093333199837622
february 1 0.27443684570176036 0.27443684570176036
file 1 0.0 0.0
financial 1 1.8325814637483102 1.8325814637483102
find 1 1.3093333199837622 1.3093333199837622
first 1 0.1508228897345837 0.1508228897345837
five 1 1.0216512475319812 1.0216512475319812
fludd 1 4.605170185988092 4.605170185988092
focus 1 2.0402208285265546 2.0402208285265546
follower 0 3.2188758248682006 0.0
fool 1 3.912023005428146 3.912023005428146
forged 1 3.506557897319982 3.506557897319982
formation 1 2.407945608651872 2.407945608651872
former 1 0.9675840262617057 0.9675840262617057
forming 1 2.8134107167600364 2.8134107167600364
fortune 1 2.302585092994046 2.302585092994046
foster 1 2.207274913189721 2.207274913189721
found 1 1.2039728043259361 1.2039728043259361
foundation 1 0.0 0.0
founded 1 1.7147984280919266 1.7147984280919266
founder 0 1.8971199848858813 0.0
four 1 0.7985076962177716 0.7985076962177716
franais 1 0.8675005677047231 0.8675005677047231
france 1 1.2039728043259361 1.2039728043259361
franco 1 2.120263536200091 2.120263536200091
free 1 0.0 0.0
freemason 1 3.912023005428146 3.912023005428146
freemasonry 1 3.912023005428146 3.912023005428146
french 1 1.3862943611198906 1.3862943611198906
frenchlanguage 1 2.407945608651872 2.407945608651872
frieda 1 4.605170185988092 4.605170185988092
friend 1 1.3470736479666094 1.3470736479666094
galego 1 2.995732273553991 2.995732273553991
galicia 1 4.605170185988092 4.605170185988092
gallica 1 4.605170185988092 4.605170185988092
game 0 1.2378743560016172 0.0
garden 1 2.407945608651872 2.407945608651872
gbelin 1 4.605170185988092 4.605170185988092
general 1 0.0 0.0
genius 1 3.2188758248682006 3.2188758248682006
george 1 1.07880966137193 1.07880966137193
gerard 1 3.2188758248682006 3.2188758248682006
germany 1 1.4271163556401458 1.4271163556401458
gertrude 1 4.605170185988092 4.605170185988092
get 1 0.0 0.0
given 1 1.2378743560016172 1.2378743560016172
giving 1 2.207274913189721 2.207274913189721
gnostic 1 4.605170185988092 4.605170185988092
gnostica 1 4.605170185988092 4.605170185988092
gnosticism 1 4.605170185988092 4.605170185988092
gnostique 1 4.605170185988092 4.605170185988092
goblet 0 4.605170185988092 0.0
golden 1 1.9661128563728327 1.9661128563728327
google 1 2.995732273553991 2.995732273553991
government 1 1.1086626245216111 1.1086626245216111
grand 1 1.7719568419318754 1.7719568419318754
grandfather 1 2.659260036932778 2.659260036932778
grard 1 4.605170185988092 4.605170185988092
great 1 0.9675840262617057 0.9675840262617057
greece 1 2.302585092994046 2.302585092994046
grimoire 0 4.605170185988092 0.0
group 1 0.8209805520698303 0.8209805520698303
guaita 1 4.605170185988092 4.605170185988092
gunon 1 4.605170185988092 4.605170185988092
hall 1 1.3470736479666094 1.3470736479666094
hand 0 1.3862943611198906 0.0
hanged 1 4.605170185988092 4.605170185988092
harris 1 2.302585092994046 2.302585092994046
harvey 1 2.995732273553991 2.995732273553991
hatnote 1 0.843970070294529 0.843970070294529
haute 1 3.912023005428146 3.912023005428146
head 1 1.1086626245216111 1.1086626245216111
healer 1 4.605170185988092 4.605170185988092
heavy 1 2.407945608651872 2.407945608651872
help 1 0.0 0.0
henri 1 3.2188758248682006 3.2188758248682006
hermetic 1 4.605170185988092 4.605170185988092
hermeticism 1 4.605170185988092 4.605170185988092
hermit 1 4.605170185988092 4.605170185988092
hidden 1 0.010050335853501506 0.010050335853501506
hide 1 0.0 0.0
hierophant 1 4.605170185988092 4.605170185988092
high 1 0.9416085398584451 0.9416085398584451
history 1 0.0 0.0
hlist 1 0.127833371509885 0.127833371509885
hlistinline 1 0.127833371509885 0.127833371509885
hold 1 1.3470736479666094 1.3470736479666094
holy 1 1.8971199848858813 1.8971199848858813
hospital 1 1.9661128563728327 1.9661128563728327
hour 1 1.7719568419318754 1.7719568419318754
hrvatski 1 2.995732273553991 2.995732273553991
hypnotist 1 4.605170185988092 4.605170185988092
idlockfree 1 0.0408219945202552 0.0408219945202552
idlockfreeidlockfree 1 0.0408219945202552 0.0408219945202552
idlocklimited 1 0.0408219945202552 0.0408219945202552
idlockregistration 1 0.0408219945202552 0.0408219945202552
idlocksubscription 1 0.0408219945202552 0.0408219945202552
ieschouah 1 4.605170185988092 4.605170185988092
iii 1 1.7147984280919266 1.7147984280919266
iiithe 1 4.605170185988092 4.605170185988092
iithe 1 4.605170185988092 4.605170185988092
improve 1 1.8325814637483102 1.8325814637483102
inauguration 1 3.912023005428146 3.912023005428146
inc 1 0.0 0.0
include 1 1.3093333199837622 1.3093333199837622
inconnus 1 4.605170185988092 4.605170185988092
incorrectly 1 2.995732273553991 2.995732273553991
indolence 1 4.605170185988092 4.605170185988092
indonesia 1 1.7719568419318754 1.7719568419318754
influence 1 2.0402208285265546 2.0402208285265546
influenced 1 3.2188758248682006 3.2188758248682006
information 1 0.0 0.0
informed 1 2.659260036932778 2.659260036932778
inherited 1 3.2188758248682006 3.2188758248682006
initiated 1 3.2188758248682006 3.2188758248682006
inspired 1 2.8134107167600364 2.8134107167600364
intellectual 1 2.8134107167600364 2.8134107167600364
interlingua 1 3.912023005428146 3.912023005428146
international 1 0.5978370007556204 0.5978370007556204
internet 1 2.302585092994046 2.302585092994046
introduced 1 1.5606477482646683 1.5606477482646683
introduction 1 2.207274913189721 2.207274913189721
involvement 1 2.995732273553991 2.995732273553991
isniviaffastworld 1 2.407945608651872 2.407945608651872
israel 1 1.7147984280919266 1.7147984280919266
italiano 1 1.07880966137193 1.07880966137193
italy 1 2.120263536200091 2.120263536200091
item 1 0.010050335853501506 0.010050335853501506
ithe 1 4.605170185988092 4.605170185988092
ivthe 1 4.605170185988092 4.605170185988092
ixthe 1 4.605170185988092 4.605170185988092
jean 1 1.7719568419318754 1.7719568419318754
jewish 1 2.207274913189721 2.207274913189721
john 1 0.49429632181478017 0.49429632181478017
joined 1 1.6607312068216509 1.6607312068216509
joining 1 2.659260036932778 2.659260036932778
joseph 1 1.5141277326297755 1.5141277326297755
josphin 1 4.605170185988092 4.605170185988092
jstor 1 1.5141277326297755 1.5141277326297755
jules 1 3.506557897319982 3.506557897319982
july 1 0.43078291609245434 0.43078291609245434
jump 1 0.0 0.0
june 1 0.40047756659712536 0.40047756659712536
kabbalah 1 4.605170185988092 4.605170185988092
kabbale 1 4.605170185988092 4.605170185988092
kabbalistic 1 4.605170185988092 4.605170185988092
kept 1 2.407945608651872 2.407945608651872
key 1 1.6094379124341003 1.6094379124341003
kheraskov 1 3.912023005428146 3.912023005428146
khunrath 1 4.605170185988092 4.605170185988092
king 1 1.3093333199837622 1.3093333199837622
knight 1 2.0402208285265546 2.0402208285265546
known 1 0.7985076962177716 0.7985076962177716
kremmerz 1 4.605170185988092 4.605170185988092
laage 1 4.605170185988092 4.605170185988092
lachaise 1 4.605170185988092 4.605170185988092
lady 1 2.302585092994046 2.302585092994046
lang 1 1.9661128563728327 1.9661128563728327
language 0 0.0 0.0
last 1 0.0 0.0
later 1 0.5621189181535412 0.5621189181535412
latvia 1 2.995732273553991 2.995732273553991
learn 1 0.0 0.0
leaving 1 1.7147984280919266 1.7147984280919266
lebano 1 4.605170185988092 4.605170185988092
legacy 0 2.0402208285265546 0.0
lewis 1 1.8325814637483102 1.8325814637483102
lglise 1 4.605170185988092 4.605170185988092
liaftercontent 1 0.127833371509885 0.127833371509885
librarie 1 4.605170185988092 4.605170185988092
license 1 0.0 0.0
life 1 0.5447271754416719 0.5447271754416719
light 1 1.3862943611198906 1.3862943611198906
linitiation 1 4.605170185988092 4.605170185988092
link 1 0.0 0.0
liphas 1 4.605170185988092 4.605170185988092
list 1 0.6348782724359695 0.6348782724359695
loccultisme 1 4.605170185988092 4.605170185988092
lodge 1 3.506557897319982 3.506557897319982
log 1 0.0 0.0
logged 1 0.0 0.0
london 1 1.5141277326297755 1.5141277326297755
long 1 1.1086626245216111 1.1086626245216111
lopukhin 1 4.605170185988092 4.605170185988092
lore 1 2.659260036932778 2.659260036932778
louis 1 1.5141277326297755 1.5141277326297755
lover 0 3.506557897319982 0.0
lucien 1 3.506557897319982 3.506557897319982
luminary 0 4.605170185988092 0.0
lvi 1 3.912023005428146 3.912023005428146
lyon 1 2.8134107167600364 2.8134107167600364
madame 1 2.995732273553991 2.995732273553991
mages 1 4.605170185988092 4.605170185988092
magic 1 2.659260036932778 2.659260036932778
magically 1 3.912023005428146 3.912023005428146
magician 1 3.912023005428146 3.912023005428146
magie 1 4.605170185988092 4.605170185988092
magyar 1 2.0402208285265546 2.0402208285265546
main 1 0.0 0.0
maistre 1 4.605170185988092 4.605170185988092
maitre 1 4.605170185988092 4.605170185988092
major 1 1.1086626245216111 1.1086626245216111
man 1 1.0498221244986776 1.0498221244986776
managed 1 2.995732273553991 2.995732273553991
manly 1 4.605170185988092 4.605170185988092
march 1 0.3147107448397002 0.3147107448397002
marquis 1 2.995732273553991 2.995732273553991
marseille 0 3.912023005428146 0.0
martin 1 1.3470736479666094 1.3470736479666094
martinez 1 3.506557897319982 3.506557897319982
martinism 1 4.605170185988092 4.605170185988092
martinist 1 4.605170185988092 4.605170185988092
martiniste 1 4.605170185988092 4.605170185988092
martinists 1 4.605170185988092 4.605170185988092
mason 0 2.207274913189721 0.0
masonic 1 3.912023005428146 3.912023005428146
masonry 1 4.605170185988092 4.605170185988092
master 1 1.3093333199837622 1.3093333199837622
material 1 1.3093333199837622 1.3093333199837622
maternal 1 3.2188758248682006 3.2188758248682006
matre 1 4.605170185988092 4.605170185988092
may 1 0.0 0.0
mebes 1 4.605170185988092 4.605170185988092
medical 1 2.5257286443082556 2.5257286443082556
medicine 1 2.8134107167600364 2.8134107167600364
medium 0 0.49429632181478017 0.0
mediumistic 1 4.605170185988092 4.605170185988092
meet 1 1.6607312068216509 1.6607312068216509
member 1 0.6733445532637655 0.6733445532637655
memphis 1 3.2188758248682006 3.2188758248682006
men 1 1.2039728043259361 1.2039728043259361
menu 1 0.0 0.0
merveilleux 1 4.605170185988092 4.605170185988092
message 1 1.5606477482646683 1.5606477482646683
met 1 1.8325814637483102 1.8325814637483102
military 1 1.4696759700589417 1.4696759700589417
minor 1 2.207274913189721 2.207274913189721
misraim 1 4.605170185988092 4.605170185988092
mizraim 1 4.605170185988092 4.605170185988092
moakley 1 4.605170185988092 4.605170185988092
mobile 1 0.0 0.0
modern 1 1.5606477482646683 1.5606477482646683
monthly 1 2.8134107167600364 2.8134107167600364
moon 1 2.407945608651872 2.407945608651872
morecitationsneeded 1 2.995732273553991 2.995732273553991
morton 1 2.659260036932778 2.659260036932778
mother 1 1.5141277326297755 1.5141277326297755
motherpeace 1 4.605170185988092 4.605170185988092
mouni 1 4.605170185988092 4.605170185988092
move 1 0.0 0.0
moved 1 1.7719568419318754 1.7719568419318754
mthodique 1 4.605170185988092 4.605170185988092
mysterious 1 2.5257286443082556 2.5257286443082556
mystery 0 2.407945608651872 0.0
mystic 1 4.605170185988092 4.605170185988092
mysticism 1 3.912023005428146 3.912023005428146
name 1 0.5276327420823719 0.5276327420823719
national 1 0.5108256237659907 0.5108256237659907
nationale 1 3.2188758248682006 3.2188758248682006
nature 1 2.0402208285265546 2.0402208285265546
navbar 1 0.23572233352106994 0.23572233352106994
navbarmini 1 0.23572233352106994 0.23572233352106994
navbox 1 0.1392620673335076 0.1392620673335076
navboximage 1 0.1392620673335076 0.1392620673335076
navboxsubgroup 1 0.1392620673335076 0.1392620673335076
navboxtitle 1 0.1392620673335076 0.1392620673335076
navigation 1 0.0 0.0
nederland 0 1.7147984280919266 0.0
need 0 1.2039728043259361 0.0
needed 1 1.3862943611198906 1.3862943611198906
needing 1 1.8971199848858813 1.8971199848858813
neognosticism 1 4.605170185988092 4.605170185988092
netherlands 1 1.7719568419318754 1.7719568419318754
never 1 1.4696759700589417 1.4696759700589417
newspaper 0 1.5141277326297755 0.0
nicholas 1 2.302585092994046 2.302585092994046
niet 1 4.605170185988092 4.605170185988092
nine 1 1.7719568419318754 1.7719568419318754
nizier 1 4.605170185988092 4.605170185988092
nonprofit 1 0.0 0.0
norsk 1 1.9661128563728327 1.9661128563728327
notebook 0 4.605170185988092 0.0
novikov 1 3.912023005428146 3.912023005428146
nuctemeron 1 4.605170185988092 4.605170185988092
number 1 0.7550225842780328 0.7550225842780328
occult 1 3.912023005428146 3.912023005428146
occulte 1 4.605170185988092 4.605170185988092
occultism 1 4.605170185988092 4.605170185988092
occultisme 1 4.605170185988092 4.605170185988092
occultist 1 4.605170185988092 4.605170185988092
occultiststhcentury 1 4.605170185988092 4.605170185988092
occulttarot 1 4.605170185988092 4.605170185988092
october 1 0.28768207245178085 0.28768207245178085
office 1 1.1086626245216111 1.1086626245216111
old 1 1.07880966137193 1.07880966137193
olivet 1 4.605170185988092 4.605170185988092
ollibeforecontent 1 0.127833371509885 0.127833371509885
one 1 0.23572233352106994 0.23572233352106994
opened 1 2.407945608651872 2.407945608651872
order 1 1.171182981502945 1.171182981502945
ordo 1 3.912023005428146 3.912023005428146
ordre 1 4.605170185988092 4.605170185988092
organisation 0 2.302585092994046 0.0
organization 1 0.0 0.0
organizationname 1 0.010050335853501506 0.010050335853501506
organized 1 2.302585092994046 2.302585092994046
orient 1 3.2188758248682006 3.2188758248682006
orientis 1 4.605170185988092 4.605170185988092
original 1 0.4155154439616658 0.4155154439616658
oswald 1 3.2188758248682006 3.2188758248682006
othe 1 4.605170185988092 4.605170185988092
outside 1 1.7147984280919266 1.7147984280919266
overview 1 2.0402208285265546 2.0402208285265546
page 1 0.0 0.0
pamela 1 3.912023005428146 3.912023005428146
paper 0 1.6607312068216509 0.0
papus 1 4.605170185988092 4.605170185988092
paracelsus 1 4.605170185988092 4.605170185988092
paramasonic 1 4.605170185988092 4.605170185988092
paramasonry 1 4.605170185988092 4.605170185988092
paris 1 2.0402208285265546 2.0402208285265546
part 1 0.6348782724359695 0.6348782724359695
partial 1 3.2188758248682006 3.2188758248682006
paschalis 1 4.605170185988092 4.605170185988092
pasqually 1 4.605170185988092 4.605170185988092
patent 0 2.995732273553991 0.0
paul 1 0.8675005677047231 0.8675005677047231
pdf 1 1.0498221244986776 1.0498221244986776
pdfprintable 1 0.0 0.0
pen 1 2.207274913189721 2.207274913189721
pentacle 0 4.605170185988092 0.0
people 1 0.49429632181478017 0.49429632181478017
permanent 1 0.0 0.0
personal 1 0.0 0.0
philippe 1 3.2188758248682006 3.2188758248682006
philosophical 1 3.506557897319982 3.506557897319982
philosophy 1 2.407945608651872 2.407945608651872
physician 1 2.8134107167600364 2.8134107167600364
pico 1 4.605170185988092 4.605170185988092
pictorial 1 3.2188758248682006 3.2188758248682006
pladan 1 4.605170185988092 4.605170185988092
please 1 1.7719568419318754 1.7719568419318754
poland 1 2.302585092994046 2.302585092994046
policy 1 0.0 0.0
polski 1 1.3470736479666094 1.3470736479666094
popularizer 1 4.605170185988092 4.605170185988092
portal 1 0.0 0.0
portugal 1 2.302585092994046 2.302585092994046
portugus 1 1.171182981502945 1.171182981502945
possession 1 2.995732273553991 2.995732273553991
practice 0 2.0402208285265546 0.0
pratique 1 4.605170185988092 4.605170185988092
prayer 1 2.8134107167600364 2.8134107167600364
pre 1 2.5257286443082556 2.5257286443082556
predicted 1 3.506557897319982 3.506557897319982
priest 0 2.207274913189721 0.0
priestess 1 3.506557897319982 3.506557897319982
primary 1 2.0402208285265546 2.0402208285265546
primate 1 4.605170185988092 4.605170185988092
primitive 1 4.605170185988092 4.605170185988092
printbodyns 1 0.09431067947124142 0.09431067947124142
printed 1 2.659260036932778 2.659260036932778
printexport 1 0.0 0.0
privacy 1 0.0 0.0
probably 1 3.2188758248682006 3.2188758248682006
producing 1 2.995732273553991 2.995732273553991
project 1 0.0 0.0
prophesied 1 3.506557897319982 3.506557897319982
prophesy 1 4.605170185988092 4.605170185988092
protocol 0 2.995732273553991 0.0
provided 1 1.8971199848858813 1.8971199848858813
pseudonym 1 3.912023005428146 3.912023005428146
publication 1 1.3862943611198906 1.3862943611198906
pursue 1 2.995732273553991 2.995732273553991
pyotr 1 3.912023005428146 3.912023005428146
pythagoreanism 1 4.605170185988092 4.605170185988092
qabalah 1 4.605170185988092 4.605170185988092
queen 1 2.407945608651872 2.407945608651872
question 0 1.7719568419318754 0.0
quite 1 2.8134107167600364 2.8134107167600364
rachkovsky 1 4.605170185988092 4.605170185988092
ralph 1 2.120263536200091 2.120263536200091
random 1 0.0 0.0
rasputin 1 4.605170185988092 4.605170185988092
read 1 0.0 0.0
reading 0 1.5606477482646683 0.0
reaux 1 4.605170185988092 4.605170185988092
received 1 1.1394342831883648 1.1394342831883648
recent 1 0.0 0.0
rectified 1 4.605170185988092 4.605170185988092
redirects 1 3.506557897319982 3.506557897319982
redway 1 4.605170185988092 4.605170185988092
ref 1 1.8971199848858813 1.8971199848858813
reference 0 0.03045920748470844 0.0
reflist 1 0.06187540371808745 0.06187540371808745
reflistcolumns 1 0.06187540371808745 0.06187540371808745
reg 1 0.0 0.0
registered 1 0.0 0.0
regular 1 1.5606477482646683 1.5606477482646683
reintegration 1 4.605170185988092 4.605170185988092
related 1 0.0 0.0
reliable 1 1.9661128563728327 1.9661128563728327
reliance 1 3.912023005428146 3.912023005428146
religion 1 2.207274913189721 2.207274913189721
religionportal 1 4.605170185988092 4.605170185988092
remained 1 1.7719568419318754 1.7719568419318754
remove 1 1.6607312068216509 1.6607312068216509
removed 1 1.6094379124341003 1.6094379124341003
republic 1 1.5141277326297755 1.5141277326297755
resigned 1 2.995732273553991 2.995732273553991
retrieved 1 0.0 0.0
reuss 1 4.605170185988092 4.605170185988092
revive 1 4.605170185988092 4.605170185988092
revolutionary 0 2.207274913189721 0.0
revue 1 4.605170185988092 4.605170185988092
rider 1 2.8134107167600364 2.8134107167600364
rite 1 2.995732273553991 2.995732273553991
rituel 1 4.605170185988092 4.605170185988092
rod 0 2.995732273553991 0.0
rodin 1 4.605170185988092 4.605170185988092
romn 1 2.5257286443082556 2.5257286443082556
rose 1 1.8325814637483102 1.8325814637483102
rosicrucian 1 4.605170185988092 4.605170185988092
rosicrucianism 1 4.605170185988092 4.605170185988092
rue 1 4.605170185988092 4.605170185988092
russia 1 2.0402208285265546 2.0402208285265546
russian 1 2.120263536200091 2.120263536200091
russie 1 4.605170185988092 4.605170185988092
sadhu 1 4.605170185988092 4.605170185988092
saint 1 1.6607312068216509 1.6607312068216509
salvador 1 3.506557897319982 3.506557897319982
scan 0 3.912023005428146 0.0
scholar 1 1.7147984280919266 1.7147984280919266
science 1 1.171182981502945 1.171182981502945
scottish 1 3.2188758248682006 3.2188758248682006
screen 1 0.010050335853501506 0.010050335853501506
sdir 1 3.912023005428146 3.912023005428146
seal 1 2.8134107167600364 2.8134107167600364
search 1 0.0 0.0
see 1 0.40047756659712536 0.40047756659712536
seems 1 2.5257286443082556 2.5257286443082556
semitic 1 3.912023005428146 3.912023005428146
sergei 1 4.605170185988092 4.605170185988092
series 1 0.8675005677047231 0.8675005677047231
served 1 1.4696759700589417 1.4696759700589417
serving 1 2.120263536200091 2.120263536200091
seven 1 1.6094379124341003 1.6094379124341003
several 1 0.8209805520698303 0.8209805520698303
share 1 0.0 0.0
short 1 0.06187540371808745 0.06187540371808745
shortdescription 1 0.2613647641344075 0.2613647641344075
shortened 1 0.0 0.0
shortly 1 2.207274913189721 2.207274913189721
sidebar 1 0.0 0.0
sidebarcollapse 1 2.302585092994046 2.302585092994046
sidebarnotnotheme 1 2.302585092994046 2.302585092994046
sinister 1 3.2188758248682006 3.2188758248682006
site 1 0.0 0.0
six 1 1.3470736479666094 1.3470736479666094
slovenina 1 2.5257286443082556 2.5257286443082556
smith 1 1.2039728043259361 1.2039728043259361
smlas 1 4.605170185988092 4.605170185988092
snac 1 3.2188758248682006 3.2188758248682006
society 1 1.4271163556401458 1.4271163556401458
sola 1 4.605170185988092 4.605170185988092
solid 1 0.09431067947124142 0.09431067947124142
soon 1 1.8325814637483102 1.8325814637483102
source 0 0.5798184952529422 0.0
spain 1 1.6607312068216509 1.6607312068216509
spanish 1 1.7719568419318754 1.7719568419318754
special 1 0.0 0.0
spent 1 2.407945608651872 2.407945608651872
spirit 1 1.7147984280919266 1.7147984280919266
spiritual 1 2.120263536200091 2.120263536200091
spiritualist 1 4.605170185988092 4.605170185988092
staff 0 1.6607312068216509 0.0
stanislas 1 4.605170185988092 4.605170185988092
star 1 0.9675840262617057 0.9675840262617057
state 0 0.3147107448397002 0.0
statement 1 0.0 0.0
statistic 0 0.0 0.0
stave 0 4.605170185988092 0.0
story 1 1.5606477482646683 1.5606477482646683
student 1 1.3862943611198906 1.3862943611198906
study 0 1.2729656758128876 0.0
studying 1 3.912023005428146 3.912023005428146
submitting 1 4.605170185988092 4.605170185988092
subsection 1 0.3424903089467759 0.3424903089467759
successful 1 2.0402208285265546 2.0402208285265546
successor 1 2.207274913189721 2.207274913189721
suggested 1 2.659260036932778 2.659260036932778
sun 1 1.6607312068216509 1.6607312068216509
supplement 1 3.506557897319982 3.506557897319982
supreme 1 2.120263536200091 2.120263536200091
suprieurs 1 4.605170185988092 4.605170185988092
sweden 1 2.207274913189721 2.207274913189721
swedenborg 1 4.605170185988092 4.605170185988092
swiss 1 2.995732273553991 2.995732273553991
sword 0 2.302585092994046 0.0
symbol 0 2.0402208285265546 0.0
synarchie 1 4.605170185988092 4.605170185988092
syndicate 1 3.912023005428146 3.912023005428146
synod 1 3.912023005428146 3.912023005428146
table 1 0.0 0.0
talk 1 0.0 0.0
tarot 1 4.605170185988092 4.605170185988092
tarotology 1 4.605170185988092 4.605170185988092
tau 1 3.506557897319982 3.506557897319982
tdhlist 1 0.1392620673335076 0.1392620673335076
teacher 1 1.9661128563728327 1.9661128563728327
template 1 0.0 0.0
temple 1 2.5257286443082556 2.5257286443082556
templi 1 4.605170185988092 4.605170185988092
ten 1 1.5141277326297755 1.5141277326297755
term 0 0.0 0.0
tetragrammaton 1 4.605170185988092 4.605170185988092
text 1 0.0 0.0
theodor 1 4.605170185988092 4.605170185988092
theosophical 1 4.605170185988092 4.605170185988092
theosophy 1 4.605170185988092 4.605170185988092
therewith 1 4.605170185988092 4.605170185988092
thoth 1 4.605170185988092 4.605170185988092
three 1 0.5798184952529422 0.5798184952529422
throne 1 2.995732273553991 2.995732273553991
thus 1 1.7147984280919266 1.7147984280919266
time 1 0.28768207245178085 0.28768207245178085
today 1 1.4696759700589417 1.4696759700589417
toggle 1 0.010050335853501506 0.010050335853501506
tomberg 1 4.605170185988092 4.605170185988092
tool 0 0.0 0.0
top 1 0.010050335853501506 0.010050335853501506
topic 1 0.0 0.0
total 1 0.0 0.0
tower 1 2.5257286443082556 2.5257286443082556
trademark 1 0.0 0.0
tradition 1 2.207274913189721 2.207274913189721
trait 1 4.605170185988092 4.605170185988092
translated 1 3.506557897319982 3.506557897319982
translation 1 2.302585092994046 2.302585092994046
treatise 1 3.912023005428146 3.912023005428146
trithemius 1 4.605170185988092 4.605170185988092
trove 1 2.995732273553991 2.995732273553991
truth 1 2.407945608651872 2.407945608651872
trying 1 2.659260036932778 2.659260036932778
tsar 1 3.912023005428146 3.912023005428146
tsarina 1 4.605170185988092 4.605170185988092
tuberculosis 1 3.2188758248682006 3.2188758248682006
two 1 0.43078291609245434 0.43078291609245434
tyana 1 4.605170185988092 4.605170185988092
ulpaddingem 1 0.1392620673335076 0.1392620673335076
unified 1 4.605170185988092 4.605170185988092
united 1 0.4155154439616658 0.4155154439616658
universe 1 2.8134107167600364 2.8134107167600364
university 1 0.616186139423817 0.616186139423817
unsourced 1 1.3862943611198906 1.3862943611198906
upload 1 0.0 0.0
upon 1 1.2729656758128876 1.2729656758128876
us 0 1.6094379124341003 0.0
use 1 0.0 0.0
using 1 0.0 0.0
utc 1 0.0 0.0
valentin 1 3.912023005428146 3.912023005428146
var 1 0.0 0.0
vatican 1 3.506557897319982 3.506557897319982
vellda 1 4.605170185988092 4.605170185988092
verification 1 2.120263536200091 2.120263536200091
version 1 0.0 0.0
vessel 0 2.659260036932778 0.0
vicomte 1 4.605170185988092 4.605170185988092
view 1 0.0 0.0
viii 1 3.912023005428146 3.912023005428146
viiistrength 1 4.605170185988092 4.605170185988092
viithe 1 4.605170185988092 4.605170185988092
vincent 1 2.659260036932778 2.659260036932778
visited 1 2.302585092994046 2.302585092994046
vithe 1 4.605170185988092 4.605170185988092
vthe 1 4.605170185988092 4.605170185988092
waite 1 3.506557897319982 3.506557897319982
wand 0 4.605170185988092 0.0
war 1 0.7985076962177716 0.7985076962177716
warned 1 4.605170185988092 4.605170185988092
well 1 0.7765287894989963 0.7765287894989963
whose 1 1.7147984280919266 1.7147984280919266
wiki 1 2.120263536200091 2.120263536200091
wikidata 1 0.010050335853501506 0.010050335853501506
wikimedia 1 0.0 0.0
wikipedia 1 0.0 0.0
willermoz 1 4.605170185988092 4.605170185988092
wirth 1 4.605170185988092 4.605170185988092
within 1 1.3862943611198906 1.3862943611198906
witte 1 4.605170185988092 4.605170185988092
work 0 0.7133498878774648 0.0
working 1 1.8971199848858813 1.8971199848858813
world 1 0.5108256237659907 0.5108256237659907
would 1 0.7550225842780328 0.7550225842780328
writer 0 1.5141277326297755 0.0
writing 0 1.8325814637483102 0.0
written 1 0.9416085398584451 0.9416085398584451
xiiideath 1 4.605170185988092 4.605170185988092
xiithe 1 4.605170185988092 4.605170185988092
xijustice 1 4.605170185988092 4.605170185988092
xivtemperance 1 4.605170185988092 4.605170185988092
xixthe 1 4.605170185988092 4.605170185988092
xviiithe 1 4.605170185988092 4.605170185988092
xviithe 1 4.605170185988092 4.605170185988092
xvithe 1 4.605170185988092 4.605170185988092
xvthe 1 4.605170185988092 4.605170185988092
xwheel 1 4.605170185988092 4.605170185988092
xxithe 1 4.605170185988092 4.605170185988092
xxjudgement 1 4.605170185988092 4.605170185988092
yarker 1 4.605170185988092 4.605170185988092
year 1 0.3424903089467759 0.3424903089467759
young 1 1.2378743560016172 1.2378743560016172
yves 1 3.912023005428146 3.912023005428146
zioncitation 1 4.605170185988092 4.605170185988092
