aalesund 1 4.605170185988092 4.605170185988092
abdellaoue 1 4.605170185988092 4.605170185988092
abdul 1 3.912023005428146 3.912023005428146
account 1 0.0 0.0
acosta 1 3.912023005428146 3.912023005428146
action 0 0.0 0.0
add 1 0.0 0.0
additional 1 0.0 0.0
adis 1 4.605170185988092 4.605170185988092
afeez 1 4.605170185988092 4.605170185988092
agouda 1 4.605170185988092 4.605170185988092
agree 1 0.0 0.0
ahlander 1 4.605170185988092 4.605170185988092
aker 1 4.605170185988092 4.605170185988092
alaget 1 4.605170185988092 4.605170185988092
alfheim 1 4.605170185988092 4.605170185988092
alike 1 0.0 0.0
amahl 1 4.605170185988092 4.605170185988092
andersen 1 3.912023005428146 3.912023005428146
andr 1 2.8134107167600364 2.8134107167600364
andreas 1 3.506557897319982 3.506557897319982
antonsen 1 4.605170185988092 4.605170185988092
appearance 1 0.0 0.0
apply 1 0.0 0.0
apps 1 3.2188758248682006 3.2188758248682006
april 1 0.44628710262841953 0.44628710262841953
archived 1 0.47803580094299974 0.47803580094299974
arena 1 2.995732273553991 2.995732273553991
arnar 1 4.605170185988092 4.605170185988092
article 1 0.0 0.0
askar 1 4.605170185988092 4.605170185988092
asker 1 4.605170185988092 4.605170185988092
aslam 1 4.605170185988092 4.605170185988092
aspmyra 1 4.605170185988092 4.605170185988092
association 1 1.1394342831883648 1.1394342831883648
atorgersen 1 4.605170185988092 4.605170185988092
attendance 1 2.659260036932778 2.659260036932778
attribution 1 0.0 0.0
august 1 0.3424903089467759 0.3424903089467759
auto 1 0.1392620673335076 0.1392620673335076
available 1 0.0 0.0
away 1 1.5606477482646683 1.5606477482646683
back 1 1.0216512475319812 1.0216512475319812
baoding 1 4.605170185988092 4.605170185988092
baranov 1 4.605170185988092 4.605170185988092
barman 0 4.605170185988092 0.0
basit 1 4.605170185988092 4.605170185988092
bassel 1 4.605170185988092 4.605170185988092
bekkaoui 1 4.605170185988092 4.605170185988092
bendtner 1 4.605170185988092 4.605170185988092
bergen 1 4.605170185988092 4.605170185988092
berntsen 1 4.605170185988092 4.605170185988092
bih 1 4.605170185988092 4.605170185988092
bjrnbak 1 4.605170185988092 4.605170185988092
blbrmyra 1 4.605170185988092 4.605170185988092
bod 1 4.605170185988092 4.605170185988092
boli 1 4.605170185988092 4.605170185988092
brann 1 4.605170185988092 4.605170185988092
bredeli 1 4.605170185988092 4.605170185988092
brenden 1 4.605170185988092 4.605170185988092
brufsen 1 4.605170185988092 4.605170185988092
brum 1 4.605170185988092 4.605170185988092
brven 1 4.605170185988092 4.605170185988092
bugge 1 4.605170185988092 4.605170185988092
bye 1 3.912023005428146 3.912023005428146
card 1 1.7147984280919266 1.7147984280919266
catania 1 4.605170185988092 4.605170185988092
category 0 0.0 0.0
centerpx 1 0.0408219945202552 0.0408219945202552
cest 1 4.605170185988092 4.605170185988092
cet 1 4.605170185988092 4.605170185988092
champion 0 1.3862943611198906 0.0
change 0 0.0 0.0
christian 1 1.4696759700589417 1.4696759700589417
christoffer 1 4.605170185988092 4.605170185988092
christopher 1 1.9661128563728327 1.9661128563728327
citation 1 0.0408219945202552 0.0408219945202552
cite 1 0.0 0.0
club 1 1.4271163556401458 1.4271163556401458
code 1 0.0 0.0
colour 0 2.5257286443082556 0.0
coly 1 4.605170185988092 4.605170185988092
common 0 0.0 0.0
competition 0 1.8971199848858813 0.0
conduct 1 0.0 0.0
contact 1 0.0 0.0
content 1 0.0 0.0
context 1 0.010050335853501506 0.010050335853501506
contribute 1 0.0 0.0
contribution 0 0.0 0.0
cookie 1 0.0 0.0
cookiematch 1 0.0 0.0
counterlistitema 1 0.127833371509885 0.127833371509885
countrydata 1 3.506557897319982 3.506557897319982
create 1 0.0 0.0
creative 1 0.0 0.0
croatian 1 3.2188758248682006 3.2188758248682006
croatianlanguage 1 3.912023005428146 3.912023005428146
csmaintcolorf 1 0.06187540371808745 0.06187540371808745
csmaintcolorfmedia 1 0.0408219945202552 0.0408219945202552
cswsicon 1 0.0408219945202552 0.0408219945202552
cup 1 1.7719568419318754 1.7719568419318754
current 1 0.0 0.0
dag 1 4.605170185988092 4.605170185988092
dahlby 1 4.605170185988092 4.605170185988092
december 1 0.37106368139083196 0.37106368139083196
decide 1 2.995732273553991 2.995732273553991
defined 1 2.207274913189721 2.207274913189721
dermott 1 4.605170185988092 4.605170185988092
description 1 0.07257069283483537 0.07257069283483537
deumeland 1 4.605170185988092 4.605170185988092
developer 0 0.0 0.0
difference 1 2.302585092994046 2.302585092994046
different 1 0.3424903089467759 0.3424903089467759
disciplinary 1 3.912023005428146 3.912023005428146
disclaimer 0 0.0 0.0
division 1 1.2729656758128876 1.2729656758128876
donate 1 0.0 0.0
download 1 0.0 0.0
drammen 1 4.605170185988092 4.605170185988092
draw 1 2.302585092994046 2.302585092994046
dtaftercontent 1 0.127833371509885 0.127833371509885
dulvestad 1 4.605170185988092 4.605170185988092
duman 1 4.605170185988092 4.605170185988092
dundalk 1 4.605170185988092 4.605170185988092
dvle 1 4.605170185988092 4.605170185988092
eirik 1 4.605170185988092 4.605170185988092
ejuke 1 4.605170185988092 4.605170185988092
eligibility 1 2.995732273553991 2.995732273553991
eliteserien 1 4.605170185988092 4.605170185988092
eliteserienth 1 4.605170185988092 4.605170185988092
elverum 1 4.605170185988092 4.605170185988092
encyclopedia 1 0.0 0.0
engblom 1 4.605170185988092 4.605170185988092
english 1 0.0 0.0
erik 1 2.5257286443082556 2.5257286443082556
esaiassen 1 4.605170185988092 4.605170185988092
esks 1 4.605170185988092 4.605170185988092
espejord 1 4.605170185988092 4.605170185988092
espen 1 4.605170185988092 4.605170185988092
europa 1 3.912023005428146 3.912023005428146
european 1 1.3093333199837622 1.3093333199837622
event 0 0.0 0.0
exception 0 2.8134107167600364 0.0
exp 1 0.0 0.0
extra 1 2.8134107167600364 2.8134107167600364
fagernes 1 4.605170185988092 4.605170185988092
falch 1 4.605170185988092 4.605170185988092
fbacore 1 3.506557897319982 3.506557897319982
fbgoalspan 1 3.2188758248682006 3.2188758248682006
february 1 0.27443684570176036 0.27443684570176036
fifa 1 2.8134107167600364 2.8134107167600364
file 1 0.0 0.0
final 1 0.9942522733438669 0.9942522733438669
finnestrand 1 4.605170185988092 4.605170185988092
first 1 0.1508228897345837 0.1508228897345837
flag 0 1.7147984280919266 0.0
flger 1 4.605170185988092 4.605170185988092
flor 1 4.605170185988092 4.605170185988092
football 1 1.8325814637483102 1.8325814637483102
forblir 1 4.605170185988092 4.605170185988092
fortsetter 1 4.605170185988092 4.605170185988092
fotball 1 4.605170185988092 4.605170185988092
fotsporene 1 4.605170185988092 4.605170185988092
foundation 1 0.0 0.0
fourth 1 1.4696759700589417 1.4696759700589417
fra 1 3.2188758248682006 3.2188758248682006
fram 1 4.605170185988092 4.605170185988092
francisco 1 1.7719568419318754 1.7719568419318754
fredrikstad 1 4.605170185988092 4.605170185988092
free 1 0.0 0.0
fsplayer 1 3.506557897319982 3.506557897319982
fwf 1 4.605170185988092 4.605170185988092
gabrielsen 1 4.605170185988092 4.605170185988092
general 1 0.0 0.0
get 1 0.0 0.0
gif 1 4.605170185988092 4.605170185988092
gjerstrm 1 4.605170185988092 4.605170185988092
glesnes 1 4.605170185988092 4.605170185988092
glimt 1 4.605170185988092 4.605170185988092
gnb 1 4.605170185988092 4.605170185988092
goal 1 1.8971199848858813 1.8971199848858813
goalscorer 1 3.506557897319982 3.506557897319982
godset 1 4.605170185988092 4.605170185988092
godsetno 1 4.605170185988092 4.605170185988092
grdem 1 4.605170185988092 4.605170185988092
grorud 1 4.605170185988092 4.605170185988092
ground 0 1.8325814637483102 0.0
gudjonsson 1 4.605170185988092 4.605170185988092
gundersen 1 4.605170185988092 4.605170185988092
haaland 1 4.605170185988092 4.605170185988092
hafss 1 4.605170185988092 4.605170185988092
hagen 1 4.605170185988092 4.605170185988092
hagenes 1 4.605170185988092 4.605170185988092
hajduk 1 4.605170185988092 4.605170185988092
hajduka 1 4.605170185988092 4.605170185988092
hajdukhr 1 4.605170185988092 4.605170185988092
halvorsen 1 4.605170185988092 4.605170185988092
ham 1 3.506557897319982 3.506557897319982
hamoud 1 4.605170185988092 4.605170185988092
hansen 1 3.912023005428146 3.912023005428146
har 1 3.912023005428146 3.912023005428146
harald 1 3.912023005428146 3.912023005428146
hasan 1 3.506557897319982 3.506557897319982
hatnote 1 0.843970070294529 0.843970070294529
hauge 1 4.605170185988092 4.605170185988092
haugen 1 4.605170185988092 4.605170185988092
hauger 1 4.605170185988092 4.605170185988092
haugesund 1 4.605170185988092 4.605170185988092
headtohead 1 3.912023005428146 3.912023005428146
hedenstad 1 4.605170185988092 4.605170185988092
heigre 1 4.605170185988092 4.605170185988092
helland 1 4.605170185988092 4.605170185988092
helmersen 1 4.605170185988092 4.605170185988092
help 1 0.0 0.0
henning 1 4.605170185988092 4.605170185988092
henrik 1 3.912023005428146 3.912023005428146
henter 1 4.605170185988092 4.605170185988092
herman 1 3.2188758248682006 3.2188758248682006
hestad 1 4.605170185988092 4.605170185988092
hibrten 1 4.605170185988092 4.605170185988092
hichem 1 4.605170185988092 4.605170185988092
hidden 1 0.010050335853501506 0.010050335853501506
hide 1 0.0 0.0
history 1 0.0 0.0
hjem 1 4.605170185988092 4.605170185988092
hlist 1 0.127833371509885 0.127833371509885
hlistinline 1 0.127833371509885 0.127833371509885
hnk 1 4.605170185988092 4.605170185988092
hobber 1 4.605170185988092 4.605170185988092
hoff 1 4.605170185988092 4.605170185988092
hold 1 1.3470736479666094 1.3470736479666094
home 1 0.7339691750802005 0.7339691750802005
hove 1 4.605170185988092 4.605170185988092
hoven 1 4.605170185988092 4.605170185988092
idlockfree 1 0.0408219945202552 0.0408219945202552
idlockfreeidlockfree 1 0.0408219945202552 0.0408219945202552
idlocklimited 1 0.0408219945202552 0.0408219945202552
idlockregistration 1 0.0408219945202552 0.0408219945202552
idlocksubscription 1 0.0408219945202552 0.0408219945202552
igra 1 4.605170185988092 4.605170185988092
inc 1 0.0 0.0
indicate 1 2.302585092994046 2.302585092994046
infobox 1 0.3011050927839216 0.3011050927839216
infoboxtable 1 0.3147107448397002 0.3147107448397002
information 1 0.0 0.0
ingebrigtsen 1 4.605170185988092 4.605170185988092
intility 1 4.605170185988092 4.605170185988092
isl 1 4.605170185988092 4.605170185988092
italiano 1 1.07880966137193 1.07880966137193
item 1 0.010050335853501506 0.010050335853501506
ivar 1 4.605170185988092 4.605170185988092
jakob 1 3.912023005428146 3.912023005428146
january 1 0.3424903089467759 0.3424903089467759
jebali 1 4.605170185988092 4.605170185988092
jensen 1 3.912023005428146 3.912023005428146
jerv 1 4.605170185988092 4.605170185988092
jnior 1 4.605170185988092 4.605170185988092
johan 1 3.2188758248682006 3.2188758248682006
johansen 1 4.605170185988092 4.605170185988092
jonathan 1 2.302585092994046 2.302585092994046
jradi 1 4.605170185988092 4.605170185988092
july 1 0.43078291609245434 0.43078291609245434
jump 1 0.0 0.0
june 1 0.40047756659712536 0.40047756659712536
kabran 1 4.605170185988092 4.605170185988092
kadettangen 1 4.605170185988092 4.605170185988092
kai 1 4.605170185988092 4.605170185988092
kallevg 1 4.605170185988092 4.605170185988092
kalludra 1 4.605170185988092 4.605170185988092
kam 1 4.605170185988092 4.605170185988092
keeper 1 2.995732273553991 2.995732273553991
keita 1 4.605170185988092 4.605170185988092
kim 1 2.407945608651872 2.407945608651872
kippe 1 4.605170185988092 4.605170185988092
kisa 1 4.605170185988092 4.605170185988092
kjensli 1 4.605170185988092 4.605170185988092
klar 1 4.605170185988092 4.605170185988092
knudtzon 1 4.605170185988092 4.605170185988092
knut 1 4.605170185988092 4.605170185988092
komplett 1 4.605170185988092 4.605170185988092
kongsvinger 1 4.605170185988092 4.605170185988092
konradsen 1 4.605170185988092 4.605170185988092
kontrakt 1 4.605170185988092 4.605170185988092
koomson 1 4.605170185988092 4.605170185988092
kringstad 1 4.605170185988092 4.605170185988092
kristiansand 1 4.605170185988092 4.605170185988092
kristiansund 1 4.605170185988092 4.605170185988092
kristoffer 1 4.605170185988092 4.605170185988092
kunstgress 1 4.605170185988092 4.605170185988092
kwarasey 1 4.605170185988092 4.605170185988092
language 1 0.0 0.0
lankhof 1 4.605170185988092 4.605170185988092
lars 1 4.605170185988092 4.605170185988092
larvik 1 4.605170185988092 4.605170185988092
last 1 0.0 0.0
lbn 1 4.605170185988092 4.605170185988092
league 1 1.3470736479666094 1.3470736479666094
learn 1 0.0 0.0
left 1 1.171182981502945 1.171182981502945
leite 1 4.605170185988092 4.605170185988092
lepistu 1 4.605170185988092 4.605170185988092
lerkendal 1 4.605170185988092 4.605170185988092
levanger 1 4.605170185988092 4.605170185988092
liaftercontent 1 0.127833371509885 0.127833371509885
license 1 0.0 0.0
lillestrm 1 4.605170185988092 4.605170185988092
limited 1 2.0402208285265546 2.0402208285265546
lindquist 1 4.605170185988092 4.605170185988092
link 1 0.0 0.0
list 1 0.6348782724359695 0.6348782724359695
lner 1 4.605170185988092 4.605170185988092
lnes 1 4.605170185988092 4.605170185988092
loan 1 2.5257286443082556 2.5257286443082556
log 1 0.0 0.0
logged 1 0.0 0.0
loss 1 1.7147984280919266 1.7147984280919266
madsen 1 4.605170185988092 4.605170185988092
magnus 1 4.605170185988092 4.605170185988092
main 1 0.0 0.0
mainother 1 1.5141277326297755 1.5141277326297755
manager 1 2.120263536200091 2.120263536200091
march 1 0.3147107448397002 0.3147107448397002
marco 1 2.5257286443082556 2.5257286443082556
marcus 1 3.2188758248682006 3.2188758248682006
marienlyst 1 4.605170185988092 4.605170185988092
marius 1 3.912023005428146 3.912023005428146
martin 1 1.3470736479666094 1.3470736479666094
match 1 0.8675005677047231 0.8675005677047231
mathias 1 3.912023005428146 3.912023005428146
matias 1 3.912023005428146 3.912023005428146
may 1 0.0 0.0
meling 1 4.605170185988092 4.605170185988092
men 1 1.2039728043259361 1.2039728043259361
menu 1 0.0 0.0
mesterfinalen 1 4.605170185988092 4.605170185988092
mjndalen 1 4.605170185988092 4.605170185988092
mlyngen 1 4.605170185988092 4.605170185988092
mo 0 4.605170185988092 0.0
mobile 1 0.0 0.0
moen 1 4.605170185988092 4.605170185988092
mohammad 1 3.912023005428146 3.912023005428146
molde 1 4.605170185988092 4.605170185988092
morten 1 4.605170185988092 4.605170185988092
mostrm 1 4.605170185988092 4.605170185988092
mounir 1 4.605170185988092 4.605170185988092
move 1 0.0 0.0
muhammed 1 3.912023005428146 3.912023005428146
mujki 1 4.605170185988092 4.605170185988092
mustafa 1 4.605170185988092 4.605170185988092
mustang 0 3.912023005428146 0.0
nadderud 1 4.605170185988092 4.605170185988092
name 1 0.5276327420823719 0.5276327420823719
nat 1 4.605170185988092 4.605170185988092
nation 1 1.2729656758128876 1.2729656758128876
national 1 0.5108256237659907 0.5108256237659907
nationality 1 2.302585092994046 2.302585092994046
navbar 1 0.23572233352106994 0.23572233352106994
navbarfontsizemedia 1 0.3147107448397002 0.3147107448397002
navbarmini 1 0.23572233352106994 0.23572233352106994
navbox 1 0.1392620673335076 0.1392620673335076
navboximage 1 0.1392620673335076 0.1392620673335076
navboxsubgroup 1 0.1392620673335076 0.1392620673335076
navboxtitle 1 0.1392620673335076 0.1392620673335076
navigation 1 0.0 0.0
nest 1 3.912023005428146 3.912023005428146
nga 1 4.605170185988092 4.605170185988092
nguen 1 4.605170185988092 4.605170185988092
nilsen 1 4.605170185988092 4.605170185988092
nogrid 1 3.2188758248682006 3.2188758248682006
non 1 2.302585092994046 2.302585092994046
nonprofit 1 0.0 0.0
norway 1 2.120263536200091 2.120263536200091
norwegian 1 2.659260036932778 2.659260036932778
norwegianlanguage 1 4.605170185988092 4.605170185988092
note 1 0.8209805520698303 0.8209805520698303
notodden 1 4.605170185988092 4.605170185988092
november 1 0.3011050927839216 0.3011050927839216
novi 1 3.912023005428146 3.912023005428146
nsberg 1 4.605170185988092 4.605170185988092
number 1 0.7550225842780328 0.7550225842780328
nybergsund 1 4.605170185988092 4.605170185988092
october 1 0.28768207245178085 0.28768207245178085
odd 1 3.506557897319982 3.506557897319982
oddvar 1 4.605170185988092 4.605170185988092
ofkir 1 4.605170185988092 4.605170185988092
ola 1 4.605170185988092 4.605170185988092
ole 1 3.912023005428146 3.912023005428146
ollibeforecontent 1 0.127833371509885 0.127833371509885
olsen 1 3.506557897319982 3.506557897319982
omoijuanfo 1 4.605170185988092 4.605170185988092
one 1 0.23572233352106994 0.23572233352106994
opseth 1 4.605170185988092 4.605170185988092
organization 1 0.0 0.0
organizationname 1 0.010050335853501506 0.010050335853501506
original 1 0.4155154439616658 0.4155154439616658
oslo 1 3.912023005428146 3.912023005428146
ovenstad 1 4.605170185988092 4.605170185988092
overall 1 1.8325814637483102 1.8325814637483102
page 1 0.0 0.0
parameter 1 2.120263536200091 2.120263536200091
parr 1 3.912023005428146 3.912023005428146
pdfprintable 1 0.0 0.0
pedersen 1 3.912023005428146 3.912023005428146
pellegrino 1 4.605170185988092 4.605170185988092
pen 1 2.207274913189721 2.207274913189721
permanent 1 0.0 0.0
personal 1 0.0 0.0
pettersen 1 4.605170185988092 4.605170185988092
place 1 0.653926467406664 0.653926467406664
plass 1 4.605170185988092 4.605170185988092
played 1 1.3862943611198906 1.3862943611198906
player 1 1.6094379124341003 1.6094379124341003
playoff 1 2.5257286443082556 2.5257286443082556
pld 1 3.506557897319982 3.506557897319982
po 0 2.407945608651872 0.0
point 0 1.2729656758128876 0.0
policy 1 0.0 0.0
pontus 1 3.912023005428146 3.912023005428146
portal 1 0.0 0.0
position 1 1.1394342831883648 1.1394342831883648
president 1 1.3470736479666094 1.3470736479666094
previously 1 1.8971199848858813 1.8971199848858813
printbodyns 1 0.09431067947124142 0.09431067947124142
printexport 1 0.0 0.0
privacy 1 0.0 0.0
project 0 0.0 0.0
promotion 1 2.8134107167600364 2.8134107167600364
pt 0 2.659260036932778 0.0
qualification 1 2.995732273553991 2.995732273553991
quarterfinal 1 2.407945608651872 2.407945608651872
random 1 0.0 0.0
ranheim 1 4.605170185988092 4.605170185988092
rashani 1 4.605170185988092 4.605170185988092
read 1 0.0 0.0
recent 1 0.0 0.0
record 1 0.7765287894989963 0.7765287894989963
refbegincolumns 1 2.659260036932778 2.659260036932778
refbeginfontsize 1 2.659260036932778 2.659260036932778
referee 1 2.8134107167600364 2.8134107167600364
reference 0 0.03045920748470844 0.0
reflist 1 0.06187540371808745 0.06187540371808745
reflistcolumns 1 0.06187540371808745 0.06187540371808745
reg 1 0.0 0.0
registered 1 0.0 0.0
related 1 0.0 0.0
relegated 1 3.912023005428146 3.912023005428146
relegation 1 3.506557897319982 3.506557897319982
report 1 1.1086626245216111 1.1086626245216111
result 0 0.9942522733438669 0.0
retrieved 1 0.0 0.0
return 1 1.07880966137193 1.07880966137193
returnerer 1 4.605170185988092 4.605170185988092
ringstad 1 4.605170185988092 4.605170185988092
risa 1 4.605170185988092 4.605170185988092
rismark 1 4.605170185988092 4.605170185988092
rlantsson 1 4.605170185988092 4.605170185988092
rnning 1 4.605170185988092 4.605170185988092
rongda 1 4.605170185988092 4.605170185988092
rosenborg 1 4.605170185988092 4.605170185988092
round 1 1.3862943611198906 1.3862943611198906
rsen 1 4.605170185988092 4.605170185988092
rubio 1 3.912023005428146 3.912023005428146
rufo 1 4.605170185988092 4.605170185988092
rule 0 1.4696759700589417 0.0
runnersup 1 3.912023005428146 3.912023005428146
ruud 1 3.912023005428146 3.912023005428146
rvig 1 4.605170185988092 4.605170185988092
samuelsen 1 4.605170185988092 4.605170185988092
sandefjord 1 4.605170185988092 4.605170185988092
sandnes 1 4.605170185988092 4.605170185988092
sandvika 1 4.605170185988092 4.605170185988092
sane 1 4.605170185988092 4.605170185988092
sarpsborg 1 4.605170185988092 4.605170185988092
sarr 1 4.605170185988092 4.605170185988092
schwartz 1 3.912023005428146 3.912023005428146
scored 1 2.302585092994046 2.302585092994046
scorer 0 2.995732273553991 0.0
scoresway 1 4.605170185988092 4.605170185988092
screen 1 0.010050335853501506 0.010050335853501506
sderlund 1 4.605170185988092 4.605170185988092
search 1 0.0 0.0
season 1 1.1394342831883648 1.1394342831883648
sebastian 1 2.5257286443082556 2.5257286443082556
second 1 0.49429632181478017 0.49429632181478017
see 1 0.40047756659712536 0.40047756659712536
semifinal 1 2.407945608651872 2.407945608651872
sen 1 2.659260036932778 2.659260036932778
september 1 0.43078291609245434 0.43078291609245434
share 1 0.0 0.0
shglien 1 4.605170185988092 4.605170185988092
short 1 0.06187540371808745 0.06187540371808745
shortdescription 1 0.2613647641344075 0.2613647641344075
shortened 1 0.0 0.0
sidebar 1 0.0 0.0
sign 0 1.8971199848858813 0.0
signert 1 4.605170185988092 4.605170185988092
signerte 1 4.605170185988092 4.605170185988092
sigurarson 1 4.605170185988092 4.605170185988092
sigurd 1 4.605170185988092 4.605170185988092
since 1 0.7985076962177716 0.7985076962177716
site 1 0.0 0.0
sivodedov 1 4.605170185988092 4.605170185988092
skagerak 1 4.605170185988092 4.605170185988092
skien 1 4.605170185988092 4.605170185988092
skjerven 1 4.605170185988092 4.605170185988092
skullerud 1 4.605170185988092 4.605170185988092
sletner 1 4.605170185988092 4.605170185988092
smehus 1 4.605170185988092 4.605170185988092
smu 1 4.605170185988092 4.605170185988092
soccerway 1 3.912023005428146 3.912023005428146
sogndal 1 4.605170185988092 4.605170185988092
solid 1 0.09431067947124142 0.09431067947124142
sotra 1 4.605170185988092 4.605170185988092
source 1 0.5798184952529422 0.5798184952529422
special 1 0.0 0.0
spillere 1 4.605170185988092 4.605170185988092
split 1 2.407945608651872 2.407945608651872
sportsrbrtable 1 3.912023005428146 3.912023005428146
squad 1 2.659260036932778 2.659260036932778
srmo 1 4.605170185988092 4.605170185988092
stabk 1 4.605170185988092 4.605170185988092
stadion 1 3.912023005428146 3.912023005428146
stadium 1 2.0402208285265546 2.0402208285265546
start 1 1.4271163556401458 1.4271163556401458
statement 1 0.0 0.0
statistic 0 0.0 0.0
steen 1 4.605170185988092 4.605170185988092
steenmedia 1 4.605170185988092 4.605170185988092
steinar 1 4.605170185988092 4.605170185988092
stengel 1 4.605170185988092 4.605170185988092
ster 1 4.605170185988092 4.605170185988092
stian 1 4.605170185988092 4.605170185988092
stls 1 4.605170185988092 4.605170185988092
storebror 1 4.605170185988092 4.605170185988092
stra 1 4.605170185988092 4.605170185988092
strandajordet 1 4.605170185988092 4.605170185988092
strmmen 1 4.605170185988092 4.605170185988092
strmsgodset 1 4.605170185988092 4.605170185988092
strmsgodsets 1 4.605170185988092 4.605170185988092
strufmsgodset 1 4.605170185988092 4.605170185988092
subsection 1 0.3424903089467759 0.3424903089467759
summary 1 2.407945608651872 2.407945608651872
summer 1 1.5141277326297755 1.5141277326297755
sundsvall 1 4.605170185988092 4.605170185988092
svein 1 4.605170185988092 4.605170185988092
swe 1 3.912023005428146 3.912023005428146
table 1 0.0 0.0
tagbajumi 1 4.605170185988092 4.605170185988092
talk 1 0.0 0.0
taylor 1 1.7719568419318754 1.7719568419318754
tdhlist 1 0.1392620673335076 0.1392620673335076
team 1 1.0498221244986776 1.0498221244986776
template 1 0.0 0.0
term 0 0.0 0.0
text 1 0.0 0.0
thbodyskinresponsive 1 0.3147107448397002 0.3147107448397002
thborder 1 3.2188758248682006 3.2188758248682006
third 1 0.9162907318741551 0.9162907318741551
thor 1 3.2188758248682006 3.2188758248682006
til 1 4.605170185988092 4.605170185988092
tilbake 1 4.605170185988092 4.605170185988092
toggle 1 0.010050335853501506 0.010050335853501506
tokmac 1 4.605170185988092 4.605170185988092
tokstad 1 4.605170185988092 4.605170185988092
toll 0 3.506557897319982 0.0
tom 1 1.2378743560016172 1.2378743560016172
tommy 1 2.5257286443082556 2.5257286443082556
tool 0 0.0 0.0
top 1 0.010050335853501506 0.010050335853501506
topic 1 0.0 0.0
toppfotball 1 4.605170185988092 4.605170185988092
toppserien 1 4.605170185988092 4.605170185988092
tor 1 3.506557897319982 3.506557897319982
tore 1 4.605170185988092 4.605170185988092
total 1 0.0 0.0
trademark 1 0.0 0.0
transfer 0 2.659260036932778 0.0
troms 1 4.605170185988092 4.605170185988092
tromsdalen 1 4.605170185988092 4.605170185988092
trond 1 4.605170185988092 4.605170185988092
trondheim 1 4.605170185988092 4.605170185988092
tronstad 1 4.605170185988092 4.605170185988092
trygve 1 4.605170185988092 4.605170185988092
trysil 1 4.605170185988092 4.605170185988092
twelfth 1 3.912023005428146 3.912023005428146
two 1 0.43078291609245434 0.43078291609245434
ulf 1 4.605170185988092 4.605170185988092
ulland 1 4.605170185988092 4.605170185988092
ullensaker 1 4.605170185988092 4.605170185988092
ullevaal 1 4.605170185988092 4.605170185988092
ulpaddingem 1 0.1392620673335076 0.1392620673335076
updated 1 2.302585092994046 2.302585092994046
upload 1 0.0 0.0
usa 1 1.9661128563728327 1.9661128563728327
use 1 0.0 0.0
used 1 0.8675005677047231 0.8675005677047231
using 1 0.0 0.0
usman 1 3.912023005428146 3.912023005428146
utc 1 0.0 0.0
utln 1 4.605170185988092 4.605170185988092
valakari 1 4.605170185988092 4.605170185988092
valdres 1 4.605170185988092 4.605170185988092
var 1 0.0 0.0
vender 1 4.605170185988092 4.605170185988092
version 1 0.0 0.0
vestfossen 1 4.605170185988092 4.605170185988092
vestly 1 4.605170185988092 4.605170185988092
vetlesen 1 4.605170185988092 4.605170185988092
vidar 1 4.605170185988092 4.605170185988092
view 1 0.0 0.0
viking 1 2.995732273553991 2.995732273553991
vilsvik 1 4.605170185988092 4.605170185988092
vlerenga 1 4.605170185988092 4.605170185988092
vte 1 0.7550225842780328 0.7550225842780328
wadji 1 4.605170185988092 4.605170185988092
wikidata 1 0.010050335853501506 0.010050335853501506
wikimedia 1 0.0 0.0
wikipedia 1 0.0 0.0
win 1 1.1086626245216111 1.1086626245216111
winner 0 1.5141277326297755 0.0
winter 1 1.8325814637483102 1.8325814637483102
woman 0 1.171182981502945 0.0
womens 1 2.0402208285265546 2.0402208285265546
wwwdundalkfccom 1 4.605170185988092 4.605170185988092
wwwelverumfotballno 1 4.605170185988092 4.605170185988092
wwwsogndalfotballno 1 4.605170185988092 4.605170185988092
wwwstabakno 1 4.605170185988092 4.605170185988092
yellow 1 1.9661128563728327 1.9661128563728327
