aamp 1 2.8134107167600364 2.8134107167600364
academica 1 4.605170185988092 4.605170185988092
academy 1 1.8325814637483102 1.8325814637483102
account 1 0.0 0.0
action 0 0.0 0.0
add 1 0.0 0.0
addie 1 3.912023005428146 3.912023005428146
additional 1 0.0 0.0
additionally 1 2.8134107167600364 2.8134107167600364
afc 1 3.912023005428146 3.912023005428146
aggies 1 3.912023005428146 3.912023005428146
ago 1 1.9661128563728327 1.9661128563728327
agree 1 0.0 0.0
ahfc 1 4.605170185988092 4.605170185988092
ahl 1 3.912023005428146 3.912023005428146
aidan 1 3.2188758248682006 3.2188758248682006
akron 1 3.912023005428146 3.912023005428146
albany 1 3.2188758248682006 3.2188758248682006
albion 1 3.912023005428146 3.912023005428146
alike 1 0.0 0.0
allen 1 2.207274913189721 2.207274913189721
alluding 1 3.912023005428146 3.912023005428146
almaden 1 4.605170185988092 4.605170185988092
alpb 1 4.605170185988092 4.605170185988092
also 1 0.127833371509885 0.127833371509885
amateur 1 3.506557897319982 3.506557897319982
ambush 1 3.912023005428146 3.912023005428146
ameri 1 4.605170185988092 4.605170185988092
american 1 0.5276327420823719 0.5276327420823719
amiche 1 4.605170185988092 4.605170185988092
amp 1 0.4620354595965586 0.4620354595965586
amsg 1 4.605170185988092 4.605170185988092
andrew 1 1.5141277326297755 1.5141277326297755
anger 1 2.8134107167600364 2.8134107167600364
ann 1 3.2188758248682006 3.2188758248682006
anna 1 2.302585092994046 2.302585092994046
annapolis 1 3.2188758248682006 3.2188758248682006
announced 1 1.2039728043259361 1.2039728043259361
announcement 1 2.302585092994046 2.302585092994046
anthem 1 3.506557897319982 3.506557897319982
apotheos 1 4.605170185988092 4.605170185988092
appalachian 1 3.506557897319982 3.506557897319982
appearance 1 0.0 0.0
apply 1 0.0 0.0
arbor 1 4.605170185988092 4.605170185988092
archived 1 0.47803580094299974 0.47803580094299974
arg 1 3.506557897319982 3.506557897319982
arthur 1 1.7147984280919266 1.7147984280919266
article 1 0.0 0.0
asa 1 3.912023005428146 3.912023005428146
ascent 1 3.912023005428146 3.912023005428146
asheboro 1 4.605170185988092 4.605170185988092
asheville 1 3.912023005428146 3.912023005428146
ashley 1 3.2188758248682006 3.2188758248682006
ashville 1 4.605170185988092 4.605170185988092
assistant 1 1.7147984280919266 1.7147984280919266
association 1 1.1394342831883648 1.1394342831883648
athens 1 3.2188758248682006 3.2188758248682006
athletic 1 2.5257286443082556 2.5257286443082556
athletics 1 2.8134107167600364 2.8134107167600364
atlanta 1 2.207274913189721 2.207274913189721
atlantic 1 2.207274913189721 2.207274913189721
attribution 1 0.0 0.0
au 0 3.912023005428146 0.0
australian 1 1.9661128563728327 1.9661128563728327
auto 1 0.1392620673335076 0.1392620673335076
ava 1 4.605170185988092 4.605170185988092
available 1 0.0 0.0
away 1 1.5606477482646683 1.5606477482646683
azalea 1 4.605170185988092 4.605170185988092
bachir 1 4.605170185988092 4.605170185988092
badge 1 3.506557897319982 3.506557897319982
baer 1 3.506557897319982 3.506557897319982
ball 1 1.8971199848858813 1.8971199848858813
ballard 1 4.605170185988092 4.605170185988092
ballers 1 4.605170185988092 4.605170185988092
banger 0 4.605170185988092 0.0
bank 0 2.0402208285265546 0.0
bantam 0 3.912023005428146 0.0
barber 1 3.912023005428146 3.912023005428146
barrett 1 2.995732273553991 2.995732273553991
barry 1 2.8134107167600364 2.8134107167600364
baseball 1 2.5257286443082556 2.5257286443082556
based 1 1.07880966137193 1.07880966137193
basketball 1 2.659260036932778 2.659260036932778
bay 1 1.6094379124341003 1.6094379124341003
beach 1 2.407945608651872 2.407945608651872
beard 1 3.506557897319982 3.506557897319982
beaver 0 4.605170185988092 0.0
benz 1 3.506557897319982 3.506557897319982
bigfoot 1 4.605170185988092 4.605170185988092
bilichuk 1 4.605170185988092 4.605170185988092
bird 1 2.659260036932778 2.659260036932778
birmingham 1 3.506557897319982 3.506557897319982
bissafi 1 4.605170185988092 4.605170185988092
bjorkman 1 4.605170185988092 4.605170185988092
black 1 0.8915981192837835 0.8915981192837835
blake 1 2.995732273553991 2.995732273553991
blanton 1 4.605170185988092 4.605170185988092
blekicki 1 4.605170185988092 4.605170185988092
blue 1 1.4696759700589417 1.4696759700589417
bolt 0 3.506557897319982 0.0
boone 1 3.506557897319982 3.506557897319982
boston 1 1.7719568419318754 1.7719568419318754
boyd 1 2.407945608651872 2.407945608651872
bradley 1 2.407945608651872 2.407945608651872
branch 1 2.207274913189721 2.207274913189721
brave 1 3.2188758248682006 3.2188758248682006
brevard 1 3.506557897319982 3.506557897319982
bride 1 2.8134107167600364 2.8134107167600364
brief 1 2.407945608651872 2.407945608651872
brilla 1 4.605170185988092 4.605170185988092
brooke 1 2.995732273553991 2.995732273553991
brother 0 1.6607312068216509 0.0
buck 0 3.506557897319982 0.0
buffalo 1 2.8134107167600364 2.8134107167600364
bull 0 2.5257286443082556 0.0
bulldog 0 3.912023005428146 0.0
caden 1 4.605170185988092 4.605170185988092
cadillac 1 4.605170185988092 4.605170185988092
cal 1 3.2188758248682006 3.2188758248682006
california 1 1.4696759700589417 1.4696759700589417
camel 0 3.506557897319982 0.0
campbell 1 2.207274913189721 2.207274913189721
campus 1 2.302585092994046 2.302585092994046
cancelled 1 2.8134107167600364 2.8134107167600364
cannon 1 2.8134107167600364 2.8134107167600364
capacity 1 2.659260036932778 2.659260036932778
cape 1 3.2188758248682006 3.2188758248682006
capo 1 3.912023005428146 3.912023005428146
carolina 1 1.7147984280919266 1.7147984280919266
catamount 0 4.605170185988092 0.0
category 1 0.0 0.0
cdl 1 4.605170185988092 4.605170185988092
cedar 1 4.605170185988092 4.605170185988092
center 1 1.171182981502945 1.171182981502945
centerpx 1 0.0408219945202552 0.0408219945202552
central 1 1.07880966137193 1.07880966137193
century 1 1.3470736479666094 1.3470736479666094
cerezo 1 4.605170185988092 4.605170185988092
cfo 1 3.912023005428146 3.912023005428146
cgu 1 4.605170185988092 4.605170185988092
chairman 1 1.8325814637483102 1.8325814637483102
championship 1 1.5606477482646683 1.5606477482646683
chaney 1 4.605170185988092 4.605170185988092
change 0 0.0 0.0
charlotesville 1 4.605170185988092 4.605170185988092
charlotte 1 2.5257286443082556 2.5257286443082556
chattanooga 1 3.912023005428146 3.912023005428146
checker 0 4.605170185988092 0.0
chesapeake 1 3.506557897319982 3.506557897319982
chester 1 3.912023005428146 3.912023005428146
chicago 1 1.8971199848858813 1.8971199848858813
childress 1 3.912023005428146 3.912023005428146
christi 1 3.506557897319982 3.506557897319982
christos 1 4.605170185988092 4.605170185988092
chupacabras 1 4.605170185988092 4.605170185988092
cisa 1 4.605170185988092 4.605170185988092
citation 1 0.0408219945202552 0.0408219945202552
cite 1 0.0 0.0
citeweb 1 0.5447271754416719 0.5447271754416719
city 1 0.6348782724359695 0.6348782724359695
clasico 1 4.605170185988092 4.605170185988092
clay 1 2.8134107167600364 2.8134107167600364
cleveland 1 2.0402208285265546 2.0402208285265546
club 1 1.4271163556401458 1.4271163556401458
coach 1 1.7719568419318754 1.7719568419318754
coachella 1 4.605170185988092 4.605170185988092
coaching 1 2.995732273553991 2.995732273553991
coast 1 2.207274913189721 2.207274913189721
cobra 0 3.2188758248682006 0.0
code 1 0.0 0.0
college 1 1.1394342831883648 1.1394342831883648
color 1 2.0402208285265546 2.0402208285265546
colorado 1 1.8971199848858813 1.8971199848858813
columbus 1 2.995732273553991 2.995732273553991
common 0 0.0 0.0
communication 0 2.207274913189721 0.0
community 1 1.6094379124341003 1.6094379124341003
compete 1 2.5257286443082556 2.5257286443082556
competes 1 3.2188758248682006 3.2188758248682006
conduct 1 0.0 0.0
conference 1 1.3862943611198906 1.3862943611198906
connecticut 1 2.207274913189721 2.207274913189721
contact 1 0.0 0.0
content 1 0.0 0.0
context 1 0.010050335853501506 0.010050335853501506
contribute 1 0.0 0.0
contribution 0 0.0 0.0
cookie 1 0.0 0.0
cookiematch 1 0.0 0.0
cookus 1 4.605170185988092 4.605170185988092
cooper 1 2.120263536200091 2.120263536200091
copa 1 3.2188758248682006 3.2188758248682006
core 1 2.659260036932778 2.659260036932778
corpus 1 3.506557897319982 3.506557897319982
counterlistitema 1 0.127833371509885 0.127833371509885
country 1 0.843970070294529 0.843970070294529
countrydata 1 3.506557897319982 3.506557897319982
county 1 1.6607312068216509 1.6607312068216509
courage 1 2.8134107167600364 2.8134107167600364
covid 1 3.2188758248682006 3.2188758248682006
cpl 1 4.605170185988092 4.605170185988092
crawdad 0 4.605170185988092 0.0
create 1 0.0 0.0
creative 1 0.0 0.0
crest 1 3.2188758248682006 3.2188758248682006
croix 1 3.506557897319982 3.506557897319982
crown 1 1.9661128563728327 1.9661128563728327
csmaintcolorf 1 0.06187540371808745 0.06187540371808745
csmaintcolorfmedia 1 0.0408219945202552 0.0408219945202552
cswsicon 1 0.0408219945202552 0.0408219945202552
cta 1 4.605170185988092 4.605170185988092
cup 1 1.7719568419318754 1.7719568419318754
current 1 0.0 0.0
currently 1 2.207274913189721 2.207274913189721
daniel 1 1.3862943611198906 1.3862943611198906
dash 1 3.2188758248682006 3.2188758248682006
date 1 0.3147107448397002 0.3147107448397002
daugherty 1 3.912023005428146 3.912023005428146
dave 1 2.302585092994046 2.302585092994046
davidson 1 3.2188758248682006 3.2188758248682006
davis 1 1.6607312068216509 1.6607312068216509
day 1 0.5276327420823719 0.5276327420823719
daysha 1 4.605170185988092 4.605170185988092
dayton 1 4.605170185988092 4.605170185988092
de 0 2.407945608651872 0.0
deacon 0 3.506557897319982 0.0
december 1 0.37106368139083196 0.37106368139083196
deep 1 2.407945608651872 2.407945608651872
defined 1 2.207274913189721 2.207274913189721
delaware 1 2.8134107167600364 2.8134107167600364
demon 1 3.2188758248682006 3.2188758248682006
denton 1 3.912023005428146 3.912023005428146
derby 1 2.995732273553991 2.995732273553991
description 1 0.07257069283483537 0.07257069283483537
designed 1 2.5257286443082556 2.5257286443082556
detail 0 1.6094379124341003 0.0
developer 0 0.0 0.0
devil 0 2.207274913189721 0.0
diablos 1 4.605170185988092 4.605170185988092
dianne 1 3.912023005428146 3.912023005428146
different 1 0.3424903089467759 0.3424903089467759
director 1 1.4271163556401458 1.4271163556401458
disclaimer 0 0.0 0.0
division 1 1.2729656758128876 1.2729656758128876
doane 1 4.605170185988092 4.605170185988092
donate 1 0.0 0.0
dooley 1 4.605170185988092 4.605170185988092
dothan 1 4.605170185988092 4.605170185988092
dotte 1 4.605170185988092 4.605170185988092
download 1 0.0 0.0
downtown 1 3.506557897319982 3.506557897319982
dtaftercontent 1 0.127833371509885 0.127833371509885
due 1 0.9416085398584451 0.9416085398584451
duke 1 2.120263536200091 2.120263536200091
durham 1 2.995732273553991 2.995732273553991
dutch 1 2.407945608651872 2.407945608651872
eagle 0 1.9661128563728327 0.0
east 1 1.0498221244986776 1.0498221244986776
eastern 1 1.5606477482646683 1.5606477482646683
echl 1 3.912023005428146 3.912023005428146
eclipse 1 3.912023005428146 3.912023005428146
edenton 1 4.605170185988092 4.605170185988092
eidson 1 4.605170185988092 4.605170185988092
element 0 1.9661128563728327 0.0
eligibility 1 2.995732273553991 2.995732273553991
elite 1 3.506557897319982 3.506557897319982
elon 1 4.605170185988092 4.605170185988092
emblem 0 2.995732273553991 0.0
emilee 1 4.605170185988092 4.605170185988092
encyclopedia 1 0.0 0.0
england 1 1.6607312068216509 1.6607312068216509
english 1 0.0 0.0
er 0 3.506557897319982 0.0
erhardt 1 4.605170185988092 4.605170185988092
erie 1 3.506557897319982 3.506557897319982
esp 1 3.506557897319982 3.506557897319982
espaol 1 1.1394342831883648 1.1394342831883648
esports 1 4.605170185988092 4.605170185988092
established 1 1.1086626245216111 1.1086626245216111
establishment 0 1.9661128563728327 0.0
estella 1 4.605170185988092 4.605170185988092
event 0 0.0 0.0
ever 1 1.7147984280919266 1.7147984280919266
exception 0 2.8134107167600364 0.0
exp 1 0.0 0.0
expansion 1 2.0402208285265546 2.0402208285265546
extreme 1 2.8134107167600364 2.8134107167600364
fast 1 2.5257286443082556 2.5257286443082556
fayetteville 1 3.2188758248682006 3.2188758248682006
fbacore 1 3.506557897319982 3.506557897319982
fbs 1 3.912023005428146 3.912023005428146
fcs 1 3.912023005428146 3.912023005428146
fear 1 2.659260036932778 2.659260036932778
feb 1 2.659260036932778 2.659260036932778
february 1 0.27443684570176036 0.27443684570176036
field 1 1.0498221244986776 1.0498221244986776
fierce 1 3.912023005428146 3.912023005428146
fifa 1 2.8134107167600364 2.8134107167600364
file 1 0.0 0.0
final 1 0.9942522733438669 0.9942522733438669
finn 1 4.605170185988092 4.605170185988092
first 1 0.1508228897345837 0.1508228897345837
flag 0 1.7147984280919266 0.0
flame 0 3.506557897319982 0.0
flatiron 0 4.605170185988092 0.0
flint 1 3.912023005428146 3.912023005428146
florida 1 1.9661128563728327 1.9661128563728327
flyer 0 3.912023005428146 0.0
foe 1 2.995732273553991 2.995732273553991
football 1 1.8325814637483102 1.8325814637483102
force 1 1.2378743560016172 1.2378743560016172
forest 1 2.302585092994046 2.302585092994046
formed 1 1.7719568419318754 1.7719568419318754
former 1 0.9675840262617057 0.9675840262617057
formula 1 2.407945608651872 2.407945608651872
fort 1 2.120263536200091 2.120263536200091
foundation 1 0.0 0.0
founded 1 1.7147984280919266 1.7147984280919266
four 1 0.7985076962177716 0.7985076962177716
fourth 1 1.4696759700589417 1.4696759700589417
fphl 1 4.605170185988092 4.605170185988092
fra 1 3.2188758248682006 3.2188758248682006
francisco 1 1.7719568419318754 1.7719568419318754
free 1 0.0 0.0
front 1 1.7147984280919266 1.7147984280919266
fsplayer 1 3.506557897319982 3.506557897319982
fusion 1 3.912023005428146 3.912023005428146
gainesville 1 3.912023005428146 3.912023005428146
gajarsky 1 4.605170185988092 4.605170185988092
game 1 1.2378743560016172 1.2378743560016172
gardner 1 3.2188758248682006 3.2188758248682006
gargoyle 0 3.912023005428146 0.0
gary 1 2.120263536200091 2.120263536200091
gastonia 1 4.605170185988092 4.605170185988092
general 1 0.0 0.0
ger 1 3.912023005428146 3.912023005428146
get 1 0.0 0.0
gfi 1 4.605170185988092 4.605170185988092
ghost 1 2.302585092994046 2.302585092994046
gibbs 1 3.2188758248682006 3.2188758248682006
girl 0 1.7719568419318754 0.0
glen 0 2.8134107167600364 0.0
gnome 0 4.605170185988092 0.0
goal 1 1.8971199848858813 1.8971199848858813
going 1 1.8325814637483102 1.8325814637483102
gonzalez 1 4.605170185988092 4.605170185988092
gracie 1 3.912023005428146 3.912023005428146
grasshopper 0 3.506557897319982 0.0
great 1 0.9675840262617057 0.9675840262617057
green 1 1.171182981502945 1.171182981502945
greensboro 1 4.605170185988092 4.605170185988092
greenville 1 3.2188758248682006 3.2188758248682006
greenwood 1 3.506557897319982 3.506557897319982
group 1 0.8209805520698303 0.8209805520698303
gun 1 2.207274913189721 2.207274913189721
guy 1 2.407945608651872 2.407945608651872
haas 1 3.912023005428146 3.912023005428146
hall 1 1.3470736479666094 1.3470736479666094
hamel 1 4.605170185988092 4.605170185988092
hammer 1 2.995732273553991 2.995732273553991
hassig 1 4.605170185988092 4.605170185988092
hata 1 4.605170185988092 4.605170185988092
hatnote 1 0.843970070294529 0.843970070294529
hattiesburg 1 4.605170185988092 4.605170185988092
hayuki 1 4.605170185988092 4.605170185988092
haze 1 4.605170185988092 4.605170185988092
hazy 1 4.605170185988092 4.605170185988092
head 1 1.1086626245216111 1.1086626245216111
heartland 1 3.912023005428146 3.912023005428146
heat 1 2.5257286443082556 2.5257286443082556
heel 0 4.605170185988092 0.0
hefner 1 4.605170185988092 4.605170185988092
help 1 0.0 0.0
hendrick 1 4.605170185988092 4.605170185988092
hickory 1 3.912023005428146 3.912023005428146
hidden 1 0.010050335853501506 0.010050335853501506
hide 1 0.0 0.0
high 1 0.9416085398584451 0.9416085398584451
hill 1 1.2039728043259361 1.2039728043259361
history 1 0.0 0.0
hlist 1 0.127833371509885 0.127833371509885
hlistinline 1 0.127833371509885 0.127833371509885
hockey 1 2.995732273553991 2.995732273553991
hold 1 1.3470736479666094 1.3470736479666094
holly 1 3.506557897319982 3.506557897319982
homage 1 4.605170185988092 4.605170185988092
home 1 0.7339691750802005 0.7339691750802005
hoover 1 2.995732273553991 2.995732273553991
hornet 0 4.605170185988092 0.0
house 1 1.0216512475319812 1.0216512475319812
houston 1 1.9661128563728327 1.9661128563728327
hsch 1 4.605170185988092 4.605170185988092
hudson 1 2.207274913189721 2.207274913189721
huerman 1 4.605170185988092 4.605170185988092
hunter 1 2.0402208285265546 2.0402208285265546
hurricane 0 3.2188758248682006 0.0
idlockfree 1 0.0408219945202552 0.0408219945202552
idlockfreeidlockfree 1 0.0408219945202552 0.0408219945202552
idlocklimited 1 0.0408219945202552 0.0408219945202552
idlockregistration 1 0.0408219945202552 0.0408219945202552
idlocksubscription 1 0.0408219945202552 0.0408219945202552
inaugural 1 2.995732273553991 2.995732273553991
inc 1 0.0 0.0
inclusion 1 3.2188758248682006 3.2188758248682006
independence 1 2.302585092994046 2.302585092994046
indiana 1 2.302585092994046 2.302585092994046
indicate 1 2.302585092994046 2.302585092994046
ineligible 1 3.2188758248682006 3.2188758248682006
infobox 1 0.3011050927839216 0.3011050927839216
infoboxfootballclub 1 3.912023005428146 3.912023005428146
infoboxtable 1 0.3147107448397002 0.3147107448397002
information 1 0.0 0.0
inter 1 2.659260036932778 2.659260036932778
ironbound 1 4.605170185988092 4.605170185988092
island 1 1.5141277326297755 1.5141277326297755
item 1 0.010050335853501506 0.010050335853501506
james 1 1.0498221244986776 1.0498221244986776
jasmine 1 3.912023005428146 3.912023005428146
jason 1 1.6607312068216509 1.6607312068216509
jax 1 4.605170185988092 4.605170185988092
jersey 1 2.120263536200091 2.120263536200091
jimmy 1 2.302585092994046 2.302585092994046
joe 1 1.5141277326297755 1.5141277326297755
join 1 1.6607312068216509 1.6607312068216509
joining 1 2.659260036932778 2.659260036932778
jordan 1 1.7147984280919266 1.7147984280919266
josh 1 2.120263536200091 2.120263536200091
josiah 1 3.912023005428146 3.912023005428146
jpn 1 3.912023005428146 3.912023005428146
jtg 1 4.605170185988092 4.605170185988092
juan 1 2.302585092994046 2.302585092994046
julia 1 2.995732273553991 2.995732273553991
july 1 0.43078291609245434 0.43078291609245434
jump 1 0.0 0.0
junction 1 3.2188758248682006 3.2188758248682006
kaiya 1 4.605170185988092 4.605170185988092
kalamazoo 1 4.605170185988092 4.605170185988092
kannapolis 1 4.605170185988092 4.605170185988092
karlee 1 4.605170185988092 4.605170185988092
kaulig 1 3.912023005428146 3.912023005428146
kawasaki 1 4.605170185988092 4.605170185988092
keeper 0 2.995732273553991 0.0
kelley 1 2.8134107167600364 2.8134107167600364
kemy 1 4.605170185988092 4.605170185988092
kendall 1 3.912023005428146 3.912023005428146
kepley 1 4.605170185988092 4.605170185988092
king 0 1.3093333199837622 0.0
kinney 1 3.912023005428146 3.912023005428146
knight 0 2.0402208285265546 0.0
knoxville 1 3.912023005428146 3.912023005428146
krewe 1 4.605170185988092 4.605170185988092
kristy 1 4.605170185988092 4.605170185988092
kroese 1 4.605170185988092 4.605170185988092
kylie 1 4.605170185988092 4.605170185988092
kyoji 1 4.605170185988092 4.605170185988092
lady 1 2.302585092994046 2.302585092994046
lake 1 1.8325814637483102 1.8325814637483102
lane 1 2.120263536200091 2.120263536200091
language 0 0.0 0.0
lansing 1 4.605170185988092 4.605170185988092
laredo 1 3.912023005428146 3.912023005428146
last 1 0.0 0.0
latest 1 2.8134107167600364 2.8134107167600364
lauderdale 1 3.912023005428146 3.912023005428146
lawrence 1 2.302585092994046 2.302585092994046
league 1 1.3470736479666094 1.3470736479666094
leaguend 1 4.605170185988092 4.605170185988092
learn 1 0.0 0.0
legacy 1 2.0402208285265546 2.0402208285265546
legend 0 1.8325814637483102 0.0
legion 1 2.995732273553991 2.995732273553991
lehigh 1 3.912023005428146 3.912023005428146
lenz 1 4.605170185988092 4.605170185988092
lexi 1 4.605170185988092 4.605170185988092
lexington 1 4.605170185988092 4.605170185988092
liaftercontent 1 0.127833371509885 0.127833371509885
license 1 0.0 0.0
lillian 1 3.912023005428146 3.912023005428146
limited 1 2.0402208285265546 2.0402208285265546
link 1 0.0 0.0
lion 0 2.659260036932778 0.0
lionsbridge 1 4.605170185988092 4.605170185988092
list 1 0.6348782724359695 0.6348782724359695
little 1 1.4696759700589417 1.4696759700589417
live 1 1.2378743560016172 1.2378743560016172
lizzie 1 4.605170185988092 4.605170185988092
lobos 1 4.605170185988092 4.605170185988092
location 1 1.171182981502945 1.171182981502945
log 1 0.0 0.0
logged 1 0.0 0.0
logo 1 2.302585092994046 2.302585092994046
lone 1 2.995732273553991 2.995732273553991
lonestar 1 4.605170185988092 4.605170185988092
long 1 1.1086626245216111 1.1086626245216111
lorenz 1 4.605170185988092 4.605170185988092
lost 1 1.171182981502945 1.171182981502945
louis 1 1.5141277326297755 1.5141277326297755
love 1 1.4271163556401458 1.4271163556401458
luca 1 3.912023005428146 3.912023005428146
lucas 1 2.995732273553991 2.995732273553991
macfarlane 1 3.912023005428146 3.912023005428146
macomb 1 4.605170185988092 4.605170185988092
main 1 0.0 0.0
makel 1 4.605170185988092 4.605170185988092
malcolm 1 2.659260036932778 2.659260036932778
management 1 1.7719568419318754 1.7719568419318754
manager 1 2.120263536200091 2.120263536200091
manhattan 1 3.506557897319982 3.506557897319982
mar 0 2.0402208285265546 0.0
marauder 0 3.912023005428146 0.0
marin 1 3.912023005428146 3.912023005428146
marksman 0 4.605170185988092 0.0
marlin 0 3.506557897319982 0.0
mason 1 2.207274913189721 2.207274913189721
mass 1 1.9661128563728327 1.9661128563728327
match 1 0.8675005677047231 0.8675005677047231
matthew 1 1.8325814637483102 1.8325814637483102
maxi 1 3.506557897319982 3.506557897319982
may 1 0.0 0.0
member 0 0.6733445532637655 0.0
memorial 1 2.0402208285265546 2.0402208285265546
men 1 1.2039728043259361 1.2039728043259361
menace 1 3.2188758248682006 3.2188758248682006
menu 1 0.0 0.0
metropolitan 1 3.2188758248682006 3.2188758248682006
mexico 1 1.5606477482646683 1.5606477482646683
mhu 1 4.605170185988092 4.605170185988092
miami 1 2.5257286443082556 2.5257286443082556
mid 1 2.407945608651872 2.407945608651872
midlakes 1 4.605170185988092 4.605170185988092
midwest 1 3.2188758248682006 3.2188758248682006
mihailovich 1 4.605170185988092 4.605170185988092
mind 0 2.302585092994046 0.0
minneapolis 1 2.995732273553991 2.995732273553991
miscellaneous 1 2.995732273553991 2.995732273553991
mississippi 1 2.407945608651872 2.407945608651872
ml 0 3.506557897319982 0.0
mlr 1 4.605170185988092 4.605170185988092
mlsnp 1 4.605170185988092 4.605170185988092
mobile 1 0.0 0.0
moines 1 3.506557897319982 3.506557897319982
monogram 1 4.605170185988092 4.605170185988092
monterey 1 4.605170185988092 4.605170185988092
montgomery 1 2.5257286443082556 2.5257286443082556
morehead 1 4.605170185988092 4.605170185988092
morris 1 2.659260036932778 2.659260036932778
morrison 1 2.995732273553991 2.995732273553991
moto 1 4.605170185988092 4.605170185988092
motorsport 1 3.2188758248682006 3.2188758248682006
motown 1 4.605170185988092 4.605170185988092
mountain 1 1.8971199848858813 1.8971199848858813
mountaineer 0 3.912023005428146 0.0
move 1 0.0 0.0
mudcat 0 4.605170185988092 0.0
murray 1 2.302585092994046 2.302585092994046
nal 1 4.605170185988092 4.605170185988092
name 1 0.5276327420823719 0.5276327420823719
nao 1 4.605170185988092 4.605170185988092
nascar 1 3.912023005428146 3.912023005428146
nation 1 1.2729656758128876 1.2729656758128876
national 1 0.5108256237659907 0.5108256237659907
nationality 1 2.302585092994046 2.302585092994046
native 0 2.407945608651872 0.0
navbar 1 0.23572233352106994 0.23572233352106994
navbarfontsizemedia 1 0.3147107448397002 0.3147107448397002
navbarmini 1 0.23572233352106994 0.23572233352106994
navbox 1 0.1392620673335076 0.1392620673335076
navboximage 1 0.1392620673335076 0.1392620673335076
navboxsubgroup 1 0.1392620673335076 0.1392620673335076
navboxtitle 1 0.1392620673335076 0.1392620673335076
navigation 1 0.0 0.0
nba 1 3.506557897319982 3.506557897319982
ncaa 1 2.5257286443082556 2.5257286443082556
ndiaye 1 4.605170185988092 4.605170185988092
nearby 1 3.2188758248682006 3.2188758248682006
ned 1 2.995732273553991 2.995732273553991
neijenhuis 1 4.605170185988092 4.605170185988092
new 1 0.24846135929849972 0.24846135929849972
newly 1 2.5257286443082556 2.5257286443082556
nfl 1 2.995732273553991 2.995732273553991
nhl 1 3.912023005428146 3.912023005428146
nogrid 1 3.2188758248682006 3.2188758248682006
non 1 2.302585092994046 2.302585092994046
nona 1 4.605170185988092 4.605170185988092
nonfootball 1 4.605170185988092 4.605170185988092
nonprofit 1 0.0 0.0
nooney 1 4.605170185988092 4.605170185988092
noreaster 0 4.605170185988092 0.0
norman 1 2.302585092994046 2.302585092994046
north 1 0.8209805520698303 0.8209805520698303
northeast 1 2.8134107167600364 2.8134107167600364
northern 1 1.3093333199837622 1.3093333199837622
northwest 1 2.8134107167600364 2.8134107167600364
note 1 0.8209805520698303 0.8209805520698303
november 1 0.3011050927839216 0.3011050927839216
npsl 1 3.912023005428146 3.912023005428146
npslcom 1 4.605170185988092 4.605170185988092
nwsl 1 4.605170185988092 4.605170185988092
oak 1 3.2188758248682006 3.2188758248682006
oakland 1 2.995732273553991 2.995732273553991
obara 1 4.605170185988092 4.605170185988092
obrien 1 2.8134107167600364 2.8134107167600364
ocean 1 2.407945608651872 2.407945608651872
october 1 0.28768207245178085 0.28768207245178085
ollibeforecontent 1 0.127833371509885 0.127833371509885
olympia 1 3.506557897319982 3.506557897319982
one 1 0.23572233352106994 0.23572233352106994
open 1 1.4696759700589417 1.4696759700589417
order 1 1.171182981502945 1.171182981502945
oregon 1 2.407945608651872 2.407945608651872
organization 1 0.0 0.0
organizationname 1 0.010050335853501506 0.010050335853501506
original 1 0.4155154439616658 0.4155154439616658
oskar 1 4.605170185988092 4.605170185988092
outer 1 3.2188758248682006 3.2188758248682006
outreach 1 4.605170185988092 4.605170185988092
owl 0 3.912023005428146 0.0
ownership 1 3.506557897319982 3.506557897319982
page 1 0.0 0.0
pandemic 1 3.2188758248682006 3.2188758248682006
panther 0 3.2188758248682006 0.0
paradise 1 3.2188758248682006 3.2188758248682006
parameter 1 2.120263536200091 2.120263536200091
patuxent 1 4.605170185988092 4.605170185988092
pdfprintable 1 0.0 0.0
pdl 1 4.605170185988092 4.605170185988092
pdsl 1 4.605170185988092 4.605170185988092
penske 1 3.506557897319982 3.506557897319982
peoria 1 4.605170185988092 4.605170185988092
pepper 0 3.506557897319982 0.0
permanent 1 0.0 0.0
personal 1 0.0 0.0
petersburg 1 3.506557897319982 3.506557897319982
phantom 0 3.506557897319982 0.0
phoenix 1 2.8134107167600364 2.8134107167600364
pioneer 0 2.659260036932778 0.0
pirate 0 2.5257286443082556 0.0
plain 0 2.659260036932778 0.0
play 1 1.2039728043259361 1.2039728043259361
played 1 1.3862943611198906 1.3862943611198906
player 1 1.6094379124341003 1.6094379124341003
playoff 0 2.5257286443082556 0.0
po 0 2.407945608651872 0.0
point 1 1.2729656758128876 1.2729656758128876
policy 1 0.0 0.0
portal 1 0.0 0.0
portland 1 2.8134107167600364 2.8134107167600364
portugus 1 1.171182981502945 1.171182981502945
position 1 1.1394342831883648 1.1394342831883648
powell 1 2.8134107167600364 2.8134107167600364
prado 1 4.605170185988092 4.605170185988092
prem 1 4.605170185988092 4.605170185988092
premier 1 2.5257286443082556 2.5257286443082556
president 1 1.3470736479666094 1.3470736479666094
previous 1 1.6607312068216509 1.6607312068216509
printbodyns 1 0.09431067947124142 0.09431067947124142
printexport 1 0.0 0.0
privacy 1 0.0 0.0
program 1 1.7719568419318754 1.7719568419318754
project 1 0.0 0.0
pt 0 2.659260036932778 0.0
puppet 0 3.912023005428146 0.0
pyramid 1 3.506557897319982 3.506557897319982
qualify 1 2.659260036932778 2.659260036932778
quarterfinal 0 2.407945608651872 0.0
queen 0 2.407945608651872 0.0
quentin 1 3.912023005428146 3.912023005428146
random 1 0.0 0.0
ranger 0 3.2188758248682006 0.0
rapid 0 2.8134107167600364 0.0
rasheed 1 4.605170185988092 4.605170185988092
raven 0 3.2188758248682006 0.0
read 1 0.0 0.0
reading 1 1.5606477482646683 1.5606477482646683
real 1 1.4271163556401458 1.4271163556401458
recent 1 0.0 0.0
recognize 1 2.995732273553991 2.995732273553991
red 1 1.07880966137193 1.07880966137193
redlands 1 4.605170185988092 4.605170185988092
refbegincolumns 1 2.659260036932778 2.659260036932778
refbeginfontsize 1 2.659260036932778 2.659260036932778
reference 1 0.03045920748470844 0.03045920748470844
reflist 1 0.06187540371808745 0.06187540371808745
reflistcolumns 1 0.06187540371808745 0.06187540371808745
reg 1 0.0 0.0
registered 1 0.0 0.0
regular 1 1.5606477482646683 1.5606477482646683
related 1 0.0 0.0
report 1 1.1086626245216111 1.1086626245216111
represent 1 2.8134107167600364 2.8134107167600364
represents 1 2.5257286443082556 2.5257286443082556
retrieved 1 0.0 0.0
revenue 1 2.8134107167600364 2.8134107167600364
rfk 1 4.605170185988092 4.605170185988092
richard 1 1.1394342831883648 1.1394342831883648
rick 1 2.207274913189721 2.207274913189721
rider 0 2.8134107167600364 0.0
ridge 1 3.506557897319982 3.506557897319982
rivalry 1 2.659260036932778 2.659260036932778
river 1 1.4271163556401458 1.4271163556401458
rkc 1 4.605170185988092 4.605170185988092
road 1 1.3862943611198906 1.3862943611198906
rochester 1 2.995732273553991 2.995732273553991
rock 1 1.6094379124341003 1.6094379124341003
rocker 0 4.605170185988092 0.0
roller 1 3.2188758248682006 3.2188758248682006
rollergirls 1 4.605170185988092 4.605170185988092
roster 1 2.8134107167600364 2.8134107167600364
rough 1 3.506557897319982 3.506557897319982
round 1 1.3862943611198906 1.3862943611198906
row 1 2.302585092994046 2.302585092994046
royal 1 1.8325814637483102 1.8325814637483102
rugby 1 2.995732273553991 2.995732273553991
rule 0 1.4696759700589417 0.0
rush 1 3.506557897319982 3.506557897319982
ryan 1 1.8325814637483102 1.8325814637483102
sage 1 3.506557897319982 3.506557897319982
sal 1 3.912023005428146 3.912023005428146
salamander 0 4.605170185988092 0.0
salem 1 3.2188758248682006 3.2188758248682006
salt 1 2.8134107167600364 2.8134107167600364
san 1 1.2378743560016172 1.2378743560016172
santaf 1 4.605170185988092 4.605170185988092
sarasota 1 3.506557897319982 3.506557897319982
scallywag 0 4.605170185988092 0.0
scavuzzo 1 4.605170185988092 4.605170185988092
scfull 1 4.605170185988092 4.605170185988092
schaetzly 1 4.605170185988092 4.605170185988092
scott 1 1.2729656758128876 1.2729656758128876
screen 1 0.010050335853501506 0.010050335853501506
seacoast 1 4.605170185988092 4.605170185988092
seahawks 1 4.605170185988092 4.605170185988092
sean 1 2.302585092994046 2.302585092994046
search 1 0.0 0.0
season 1 1.1394342831883648 1.1394342831883648
seasonsas 1 4.605170185988092 4.605170185988092
seattle 1 2.5257286443082556 2.5257286443082556
see 1 0.40047756659712536 0.40047756659712536
seen 1 1.8971199848858813 1.8971199848858813
semifinal 0 2.407945608651872 0.0
sen 1 2.659260036932778 2.659260036932778
serf 0 2.995732273553991 0.0
serve 1 2.207274913189721 2.207274913189721
served 1 1.4696759700589417 1.4696759700589417
shae 1 4.605170185988092 4.605170185988092
share 1 0.0 0.0
shark 0 3.912023005428146 0.0
short 1 0.06187540371808745 0.06187540371808745
shortened 1 0.0 0.0
sidebar 1 0.0 0.0
silhouette 1 4.605170185988092 4.605170185988092
sina 1 4.605170185988092 4.605170185988092
site 1 0.0 0.0
smoky 1 4.605170185988092 4.605170185988092
snohomish 1 4.605170185988092 4.605170185988092
soccer 1 2.659260036932778 2.659260036932778
sock 1 3.912023005428146 3.912023005428146
solid 1 0.09431067947124142 0.09431067947124142
sophie 1 3.912023005428146 3.912023005428146
source 1 0.5798184952529422 0.5798184952529422
south 1 0.9162907318741551 0.9162907318741551
southeast 1 3.2188758248682006 3.2188758248682006
southern 1 1.6607312068216509 1.6607312068216509
southwest 1 2.407945608651872 2.407945608651872
spartan 0 3.2188758248682006 0.0
special 1 0.0 0.0
sphl 1 4.605170185988092 4.605170185988092
spire 1 3.912023005428146 3.912023005428146
spirit 1 1.7147984280919266 1.7147984280919266
sport 1 1.1394342831883648 1.1394342831883648
sporting 1 2.8134107167600364 2.8134107167600364
spring 0 1.5606477482646683 0.0
springfield 1 4.605170185988092 4.605170185988092
sta 1 4.605170185988092 4.605170185988092
stadium 1 2.0402208285265546 2.0402208285265546
staff 1 1.6607312068216509 1.6607312068216509
stand 0 2.120263536200091 0.0
star 1 0.9675840262617057 0.9675840262617057
state 1 0.3147107448397002 0.3147107448397002
statement 1 0.0 0.0
staten 1 4.605170185988092 4.605170185988092
statistic 0 0.0 0.0
steamer 0 4.605170185988092 0.0
steel 1 2.207274913189721 2.207274913189721
steven 1 2.207274913189721 2.207274913189721
steward 1 3.506557897319982 3.506557897319982
stewart 1 2.207274913189721 2.207274913189721
subsection 1 0.3424903089467759 0.3424903089467759
sueno 1 4.605170185988092 4.605170185988092
sun 1 1.6607312068216509 1.6607312068216509
sunflower 1 3.912023005428146 3.912023005428146
sur 1 3.2188758248682006 3.2188758248682006
swarm 1 4.605170185988092 4.605170185988092
table 1 0.0 0.0
tacoma 1 3.912023005428146 3.912023005428146
talk 1 0.0 0.0
tar 1 4.605170185988092 4.605170185988092
taylor 1 1.7719568419318754 1.7719568419318754
tdhlist 1 0.1392620673335076 0.1392620673335076
team 1 1.0498221244986776 1.0498221244986776
template 1 0.0 0.0
tennessee 1 2.120263536200091 2.120263536200091
term 0 0.0 0.0
text 1 0.0 0.0
thbodyskinresponsive 1 0.3147107448397002 0.3147107448397002
thborder 1 3.2188758248682006 3.2188758248682006
third 1 0.9162907318741551 0.9162907318741551
thomasville 1 4.605170185988092 4.605170185988092
three 1 0.5798184952529422 0.5798184952529422
thunderbird 0 3.912023005428146 0.0
tier 1 3.912023005428146 3.912023005428146
tiger 0 3.2188758248682006 0.0
tim 1 1.6607312068216509 1.6607312068216509
tobacco 1 3.912023005428146 3.912023005428146
tobs 1 4.605170185988092 4.605170185988092
toggle 1 0.010050335853501506 0.010050335853501506
toledo 1 2.995732273553991 2.995732273553991
tom 0 1.2378743560016172 0.0
tool 0 0.0 0.0
top 1 0.010050335853501506 0.010050335853501506
topic 1 0.0 0.0
total 1 0.0 0.0
toucan 0 4.605170185988092 0.0
tourist 0 2.995732273553991 0.0
trackhouse 1 3.912023005428146 3.912023005428146
tracy 1 2.995732273553991 2.995732273553991
trademark 1 0.0 0.0
tradition 1 2.207274913189721 2.207274913189721
tsl 1 4.605170185988092 4.605170185988092
tucson 1 3.912023005428146 3.912023005428146
twin 1 2.407945608651872 2.407945608651872
two 1 0.43078291609245434 0.43078291609245434
twost 1 4.605170185988092 4.605170185988092
ufa 1 4.605170185988092 4.605170185988092
ulpaddingem 1 0.1392620673335076 0.1392620673335076
ultimate 1 2.302585092994046 2.302585092994046
unc 1 3.506557897319982 3.506557897319982
unca 1 4.605170185988092 4.605170185988092
uncabulldogscom 1 4.605170185988092 4.605170185988092
uncasheville 1 4.605170185988092 4.605170185988092
union 1 1.07880966137193 1.07880966137193
united 1 0.4155154439616658 0.4155154439616658
university 0 0.616186139423817 0.0
updated 1 2.302585092994046 2.302585092994046
upload 1 0.0 0.0
usa 1 1.9661128563728327 1.9661128563728327
usafleafl 1 4.605170185988092 4.605170185988092
use 1 0.0 0.0
used 1 0.8675005677047231 0.8675005677047231
using 1 0.0 0.0
usisl 1 4.605170185988092 4.605170185988092
usl 1 4.605170185988092 4.605170185988092
uslc 1 4.605170185988092 4.605170185988092
uslleague 1 4.605170185988092 4.605170185988092
usls 1 4.605170185988092 4.605170185988092
uslw 1 4.605170185988092 4.605170185988092
uswfl 1 4.605170185988092 4.605170185988092
utah 1 2.302585092994046 2.302585092994046
utc 1 0.0 0.0
valley 1 2.120263536200091 2.120263536200091
vance 1 3.506557897319982 3.506557897319982
var 1 0.0 0.0
ventura 1 3.912023005428146 3.912023005428146
venue 0 2.407945608651872 0.0
vermont 1 2.8134107167600364 2.8134107167600364
version 1 0.0 0.0
vet 1 3.912023005428146 3.912023005428146
viera 1 4.605170185988092 4.605170185988092
view 1 0.0 0.0
villa 1 2.995732273553991 2.995732273553991
virginia 1 1.8971199848858813 1.8971199848858813
vte 1 0.7550225842780328 0.7550225842780328
wake 1 2.407945608651872 2.407945608651872
wanderer 0 3.912023005428146 0.0
ward 1 2.302585092994046 2.302585092994046
ware 1 3.506557897319982 3.506557897319982
watson 1 2.659260036932778 2.659260036932778
wayne 1 2.302585092994046 2.302585092994046
web 1 1.4696759700589417 1.4696759700589417
webb 1 3.912023005428146 3.912023005428146
website 1 1.6094379124341003 1.6094379124341003
welcome 0 2.995732273553991 0.0
well 1 0.7765287894989963 0.7765287894989963
west 1 1.171182981502945 1.171182981502945
westchester 1 4.605170185988092 4.605170185988092
western 1 1.2039728043259361 1.2039728043259361
weston 1 3.506557897319982 3.506557897319982
wfa 1 4.605170185988092 4.605170185988092
wftda 1 4.605170185988092 4.605170185988092
wheeler 1 2.995732273553991 2.995732273553991
white 1 1.171182981502945 1.171182981502945
wikidata 1 0.010050335853501506 0.010050335853501506
wikimedia 1 0.0 0.0
wikipedia 1 0.0 0.0
wildcat 0 4.605170185988092 0.0
wilmington 1 3.912023005428146 3.912023005428146
wilson 1 1.7719568419318754 1.7719568419318754
winston 1 3.506557897319982 3.506557897319982
wolfpack 1 4.605170185988092 4.605170185988092
woman 0 1.171182981502945 0.0
womens 1 2.0402208285265546 2.0402208285265546
wood 1 1.7147984280919266 1.7147984280919266
woodland 0 3.506557897319982 0.0
woodpecker 0 3.912023005428146 0.0
would 1 0.7550225842780328 0.7550225842780328
wpsl 1 4.605170185988092 4.605170185988092
yamazaki 1 4.605170185988092 4.605170185988092
yard 1 3.506557897319982 3.506557897319982
year 1 0.3424903089467759 0.3424903089467759
yearbyyear 1 4.605170185988092 4.605170185988092
yoakum 1 4.605170185988092 4.605170185988092
zoo 1 3.912023005428146 3.912023005428146
