ab 0 3.506557897319982 0.0
account 1 0.0 0.0
action 0 0.0 0.0
add 1 0.0 0.0
additional 1 0.0 0.0
aesthetic 0 3.912023005428146 0.0
agree 1 0.0 0.0
aircrew 1 4.605170185988092 4.605170185988092
aitor 1 4.605170185988092 4.605170185988092
alike 1 0.0 0.0
allied 1 3.506557897319982 3.506557897319982
allowed 1 1.7719568419318754 1.7719568419318754
america 1 0.8675005677047231 0.8675005677047231
american 1 0.5276327420823719 0.5276327420823719
amp 1 0.4620354595965586 0.4620354595965586
anelace 1 4.605170185988092 4.605170185988092
annual 1 1.6607312068216509 1.6607312068216509
anvil 0 4.605170185988092 0.0
appearance 1 0.0 0.0
applegate 1 4.605170185988092 4.605170185988092
applicant 1 3.912023005428146 3.912023005428146
apply 1 0.0 0.0
apprentice 1 3.912023005428146 3.912023005428146
archived 1 0.47803580094299974 0.47803580094299974
aritsugu 1 4.605170185988092 4.605170185988092
arkansas 1 2.5257286443082556 2.5257286443082556
arm 1 2.0402208285265546 2.0402208285265546
army 1 1.6094379124341003 1.6094379124341003
art 1 1.2039728043259361 1.2039728043259361
article 1 0.0 0.0
assisting 1 3.912023005428146 3.912023005428146
associated 1 1.4696759700589417 1.4696759700589417
association 1 1.1394342831883648 1.1394342831883648
athame 1 4.605170185988092 4.605170185988092
attain 1 3.912023005428146 3.912023005428146
attained 1 3.912023005428146 3.912023005428146
attendance 1 2.659260036932778 2.659260036932778
attribution 1 0.0 0.0
audra 1 4.605170185988092 4.605170185988092
auto 1 0.1392620673335076 0.1392620673335076
available 1 0.0 0.0
awarded 1 2.207274913189721 2.207274913189721
back 1 1.0216512475319812 1.0216512475319812
bagh 1 3.912023005428146 3.912023005428146
bagwell 1 3.912023005428146 3.912023005428146
balance 1 2.5257286443082556 2.5257286443082556
balarao 1 4.605170185988092 4.605170185988092
balisong 1 4.605170185988092 4.605170185988092
ballistic 1 4.605170185988092 4.605170185988092
ballpoint 1 4.605170185988092 4.605170185988092
bar 1 2.5257286443082556 2.5257286443082556
based 1 1.07880966137193 1.07880966137193
baselard 1 4.605170185988092 4.605170185988092
basic 1 2.302585092994046 2.302585092994046
bayonet 1 4.605170185988092 4.605170185988092
bch 1 4.605170185988092 4.605170185988092
beauty 1 2.207274913189721 2.207274913189721
became 1 0.7133498878774648 0.7133498878774648
begin 0 1.7147984280919266 0.0
begun 1 2.8134107167600364 2.8134107167600364
believed 1 2.120263536200091 2.120263536200091
benchmade 1 4.605170185988092 4.605170185988092
bichuwa 1 3.912023005428146 3.912023005428146
bill 1 1.171182981502945 1.171182981502945
birt 1 4.605170185988092 4.605170185988092
bker 1 4.605170185988092 4.605170185988092
black 1 0.8915981192837835 0.8915981192837835
blackie 1 4.605170185988092 4.605170185988092
blacksmith 1 3.912023005428146 3.912023005428146
blade 1 2.8134107167600364 2.8134107167600364
bladesmith 1 4.605170185988092 4.605170185988092
bladesmithing 1 4.605170185988092 4.605170185988092
bladesmiths 1 4.605170185988092 4.605170185988092
board 1 1.5606477482646683 1.5606477482646683
bob 1 1.8971199848858813 1.8971199848858813
boline 1 4.605170185988092 4.605170185988092
bollock 1 4.605170185988092 4.605170185988092
bolo 1 4.605170185988092 4.605170185988092
boning 1 4.605170185988092 4.605170185988092
book 1 0.6348782724359695 0.6348782724359695
booklet 1 3.506557897319982 3.506557897319982
boot 1 3.506557897319982 3.506557897319982
boti 1 4.605170185988092 4.605170185988092
bowie 1 3.2188758248682006 3.2188758248682006
bread 1 3.2188758248682006 3.2188758248682006
breaking 1 2.659260036932778 2.659260036932778
brown 1 1.6607312068216509 1.6607312068216509
buck 1 3.506557897319982 3.506557897319982
buster 1 3.912023005428146 3.912023005428146
butcher 1 3.506557897319982 3.506557897319982
butter 1 3.912023005428146 3.912023005428146
butterfly 1 3.2188758248682006 3.2188758248682006
bylaw 0 4.605170185988092 0.0
caidao 1 4.605170185988092 4.605170185988092
came 1 1.6094379124341003 1.6094379124341003
camillus 1 4.605170185988092 4.605170185988092
campus 1 2.302585092994046 2.302585092994046
cane 1 3.912023005428146 3.912023005428146
capable 1 2.995732273553991 2.995732273553991
carbon 1 3.506557897319982 3.506557897319982
carl 1 2.407945608651872 2.407945608651872
carolina 1 1.7147984280919266 1.7147984280919266
case 1 1.3862943611198906 1.3862943611198906
category 1 0.0 0.0
cattaraugus 1 3.912023005428146 3.912023005428146
centerpx 1 0.0408219945202552 0.0408219945202552
ceramic 1 3.912023005428146 3.912023005428146
chairman 1 1.8325814637483102 1.8325814637483102
change 0 0.0 0.0
cheese 1 3.506557897319982 3.506557897319982
chef 0 4.605170185988092 0.0
chop 1 3.912023005428146 3.912023005428146
chris 1 1.6607312068216509 1.6607312068216509
chroma 1 4.605170185988092 4.605170185988092
cinquedea 1 4.605170185988092 4.605170185988092
citation 1 0.0408219945202552 0.0408219945202552
cite 1 0.0 0.0
citebook 1 1.8971199848858813 1.8971199848858813
citeweb 1 0.5447271754416719 0.5447271754416719
clauss 1 4.605170185988092 4.605170185988092
cleaver 1 3.912023005428146 3.912023005428146
clip 1 2.659260036932778 2.659260036932778
cnife 1 4.605170185988092 4.605170185988092
cobray 1 4.605170185988092 4.605170185988092
code 1 0.0 0.0
cold 1 2.207274913189721 2.207274913189721
collaboration 1 2.8134107167600364 2.8134107167600364
college 1 1.1394342831883648 1.1394342831883648
collins 1 2.0402208285265546 2.0402208285265546
columbia 1 2.207274913189721 2.207274913189721
comb 0 3.506557897319982 0.0
combat 1 2.120263536200091 2.120263536200091
commander 1 2.120263536200091 2.120263536200091
commando 1 3.506557897319982 3.506557897319982
common 0 0.0 0.0
community 1 1.6094379124341003 1.6094379124341003
company 1 1.2729656758128876 1.2729656758128876
composed 1 1.8971199848858813 1.8971199848858813
concept 1 2.120263536200091 2.120263536200091
conduct 1 0.0 0.0
conjunction 1 3.912023005428146 3.912023005428146
connor 1 2.995732273553991 2.995732273553991
construction 1 1.8325814637483102 1.8325814637483102
contact 1 0.0 0.0
content 1 0.0 0.0
context 1 0.010050335853501506 0.010050335853501506
contribute 1 0.0 0.0
contribution 0 0.0 0.0
convert 1 2.8134107167600364 2.8134107167600364
cookie 1 0.0 0.0
cookiematch 1 0.0 0.0
cooper 1 2.120263536200091 2.120263536200091
corvo 1 4.605170185988092 4.605170185988092
counterlistitema 1 0.127833371509885 0.127833371509885
county 1 1.6607312068216509 1.6607312068216509
course 1 2.0402208285265546 2.0402208285265546
cqc 1 4.605170185988092 4.605170185988092
crain 1 3.506557897319982 3.506557897319982
create 1 0.0 0.0
creative 1 0.0 0.0
criterion 0 3.2188758248682006 0.0
csmaintcolorf 1 0.06187540371808745 0.06187540371808745
csmaintcolorfmedia 1 0.0408219945202552 0.0408219945202552
cswsicon 1 0.0408219945202552 0.0408219945202552
cuchillos 1 4.605170185988092 4.605170185988092
cuisinart 1 4.605170185988092 4.605170185988092
current 1 0.0 0.0
cut 1 1.9661128563728327 1.9661128563728327
cutco 1 4.605170185988092 4.605170185988092
cutlery 1 4.605170185988092 4.605170185988092
cutter 1 3.506557897319982 3.506557897319982
dagger 1 3.912023005428146 3.912023005428146
dalian 1 4.605170185988092 4.605170185988092
damascus 1 4.605170185988092 4.605170185988092
daniel 1 1.3862943611198906 1.3862943611198906
dbi 1 4.605170185988092 4.605170185988092
deba 1 4.605170185988092 4.605170185988092
december 1 0.37106368139083196 0.37106368139083196
decreasing 1 3.912023005428146 3.912023005428146
degree 0 1.7719568419318754 0.0
description 1 0.07257069283483537 0.07257069283483537
designating 1 3.912023005428146 3.912023005428146
developed 1 1.7147984280919266 1.7147984280919266
developer 0 0.0 0.0
dexter 1 3.2188758248682006 3.2188758248682006
dha 1 4.605170185988092 4.605170185988092
dick 1 2.120263536200091 2.120263536200091
different 1 0.3424903089467759 0.3424903089467759
digest 1 3.912023005428146 3.912023005428146
director 0 1.4271163556401458 0.0
dirk 1 3.912023005428146 3.912023005428146
disclaimer 0 0.0 0.0
diving 1 3.506557897319982 3.506557897319982
dog 1 2.995732273553991 2.995732273553991
donate 1 0.0 0.0
done 1 2.302585092994046 2.302585092994046
download 1 0.0 0.0
dozen 1 3.506557897319982 3.506557897319982
draper 1 3.912023005428146 3.912023005428146
drop 1 2.8134107167600364 2.8134107167600364
dtaftercontent 1 0.127833371509885 0.127833371509885
dubbing 1 4.605170185988092 4.605170185988092
dubh 1 4.605170185988092 4.605170185988092
dubois 1 4.605170185988092 4.605170185988092
dunkerly 1 4.605170185988092 4.605170185988092
dunn 1 2.659260036932778 2.659260036932778
ear 1 3.506557897319982 3.506557897319982
edge 1 2.120263536200091 2.120263536200091
educational 1 2.5257286443082556 2.5257286443082556
egress 1 4.605170185988092 4.605170185988092
either 1 1.9661128563728327 1.9661128563728327
eka 1 4.605170185988092 4.605170185988092
elected 1 1.9661128563728327 1.9661128563728327
electric 1 2.995732273553991 2.995732273553991
eligible 1 2.302585092994046 2.302585092994046
emeici 1 4.605170185988092 4.605170185988092
emeritus 1 4.605170185988092 4.605170185988092
emerson 1 3.2188758248682006 3.2188758248682006
encyclopedia 1 0.0 0.0
england 1 1.6607312068216509 1.6607312068216509
english 1 0.0 0.0
ernest 1 3.2188758248682006 3.2188758248682006
established 1 1.1086626245216111 1.1086626245216111
european 1 1.3093333199837622 1.3093333199837622
even 1 1.1394342831883648 1.1394342831883648
event 0 0.0 0.0
exp 1 0.0 0.0
experienced 1 2.659260036932778 2.659260036932778
external 1 0.44628710262841953 0.44628710262841953
facn 1 4.605170185988092 4.605170185988092
fairbairn 1 4.605170185988092 4.605170185988092
famae 1 4.605170185988092 4.605170185988092
fame 1 2.207274913189721 2.207274913189721
faq 1 4.605170185988092 4.605170185988092
fashioned 1 3.506557897319982 3.506557897319982
february 1 0.27443684570176036 0.27443684570176036
fewer 1 3.912023005428146 3.912023005428146
fighting 1 2.207274913189721 2.207274913189721
fikes 1 4.605170185988092 4.605170185988092
file 1 0.0 0.0
fillet 1 4.605170185988092 4.605170185988092
first 1 0.1508228897345837 0.1508228897345837
fisk 1 3.2188758248682006 3.2188758248682006
fiskars 1 4.605170185988092 4.605170185988092
flexed 1 4.605170185988092 4.605170185988092
fllkniven 1 4.605170185988092 4.605170185988092
fogg 1 4.605170185988092 4.605170185988092
following 1 0.7133498878774648 0.7133498878774648
forge 1 4.605170185988092 4.605170185988092
forged 1 3.506557897319982 3.506557897319982
forging 1 3.912023005428146 3.912023005428146
foundation 1 0.0 0.0
founded 1 1.7147984280919266 1.7147984280919266
frederick 1 2.302585092994046 2.302585092994046
free 1 0.0 0.0
freehanging 1 4.605170185988092 4.605170185988092
french 1 1.3862943611198906 1.3862943611198906
frequently 1 2.659260036932778 2.659260036932778
fritechnics 1 4.605170185988092 4.605170185988092
frontiersman 1 4.605170185988092 4.605170185988092
fulltang 1 4.605170185988092 4.605170185988092
function 1 2.207274913189721 2.207274913189721
functional 1 3.2188758248682006 3.2188758248682006
gallery 1 2.659260036932778 2.659260036932778
general 1 0.0 0.0
gerber 1 3.912023005428146 3.912023005428146
gesmb 1 4.605170185988092 4.605170185988092
get 1 0.0 0.0
gil 1 3.506557897319982 3.506557897319982
ginsu 1 4.605170185988092 4.605170185988092
global 1 1.7719568419318754 1.7719568419318754
glock 1 3.912023005428146 3.912023005428146
gmb 1 4.605170185988092 4.605170185988092
goddard 1 4.605170185988092 4.605170185988092
golok 1 4.605170185988092 4.605170185988092
grapefruit 1 4.605170185988092 4.605170185988092
gravity 1 3.912023005428146 3.912023005428146
ground 0 1.8325814637483102 0.0
guideline 0 2.8134107167600364 0.0
guild 1 3.2188758248682006 3.2188758248682006
gun 1 2.207274913189721 2.207274913189721
guna 1 4.605170185988092 4.605170185988092
gunong 1 4.605170185988092 4.605170185988092
hacking 1 4.605170185988092 4.605170185988092
hair 1 2.5257286443082556 2.5257286443082556
hall 1 1.3470736479666094 1.3470736479666094
hammer 1 2.995732273553991 2.995732273553991
hammerin 1 4.605170185988092 4.605170185988092
handed 1 3.2188758248682006 3.2188758248682006
handful 1 4.605170185988092 4.605170185988092
handle 1 3.2188758248682006 3.2188758248682006
hanging 1 3.506557897319982 3.506557897319982
hanwei 1 4.605170185988092 4.605170185988092
harsey 1 4.605170185988092 4.605170185988092
hartsfield 1 4.605170185988092 4.605170185988092
hastings 1 2.995732273553991 2.995732273553991
haywood 1 3.912023005428146 3.912023005428146
hch 1 4.605170185988092 4.605170185988092
heattreating 1 4.605170185988092 4.605170185988092
held 1 1.171182981502945 1.171182981502945
help 1 0.0 0.0
hempstead 1 4.605170185988092 4.605170185988092
henckels 1 4.605170185988092 4.605170185988092
hibben 1 4.605170185988092 4.605170185988092
hidden 1 0.010050335853501506 0.010050335853501506
hide 1 0.0 0.0
higonokami 1 4.605170185988092 4.605170185988092
historian 0 2.8134107167600364 0.0
historic 1 2.659260036932778 2.659260036932778
history 1 0.0 0.0
hlist 1 0.127833371509885 0.127833371509885
hlistinline 1 0.127833371509885 0.127833371509885
hold 1 1.3470736479666094 1.3470736479666094
hughes 1 3.2188758248682006 3.2188758248682006
hunting 1 4.605170185988092 4.605170185988092
husa 1 4.605170185988092 4.605170185988092
idlockfree 1 0.0408219945202552 0.0408219945202552
idlockfreeidlockfree 1 0.0408219945202552 0.0408219945202552
idlocklimited 1 0.0408219945202552 0.0408219945202552
idlockregistration 1 0.0408219945202552 0.0408219945202552
idlocksubscription 1 0.0408219945202552 0.0408219945202552
imperial 1 2.5257286443082556 2.5257286443082556
inc 1 0.0 0.0
inch 0 2.5257286443082556 0.0
include 1 1.3093333199837622 1.3093333199837622
incorporated 1 2.120263536200091 2.120263536200091
increasing 1 3.2188758248682006 3.2188758248682006
induction 0 4.605170185988092 0.0
industry 1 1.8325814637483102 1.8325814637483102
information 1 0.0 0.0
informing 1 4.605170185988092 4.605170185988092
introduced 1 1.5606477482646683 1.5606477482646683
introduction 1 2.207274913189721 2.207274913189721
isbn 1 0.9942522733438669 0.9942522733438669
issard 1 4.605170185988092 4.605170185988092
item 1 0.010050335853501506 0.010050335853501506
ivans 1 4.605170185988092 4.605170185988092
jack 1 1.4696759700589417 1.4696759700589417
jacob 0 2.120263536200091 0.0
jagdkommando 1 4.605170185988092 4.605170185988092
jambiya 1 4.605170185988092 4.605170185988092
james 1 1.0498221244986776 1.0498221244986776
japanese 1 2.0402208285265546 2.0402208285265546
jerry 1 2.659260036932778 2.659260036932778
jile 1 4.605170185988092 4.605170185988092
jimmy 1 2.302585092994046 2.302585092994046
jody 1 3.912023005428146 3.912023005428146
joe 1 1.5141277326297755 1.5141277326297755
john 1 0.49429632181478017 0.49429632181478017
join 1 1.6607312068216509 1.6607312068216509
journeyman 1 3.912023005428146 3.912023005428146
judge 0 2.302585092994046 0.0
judged 1 4.605170185988092 4.605170185988092
judging 1 3.912023005428146 3.912023005428146
jump 1 0.0 0.0
kabutowari 1 4.605170185988092 4.605170185988092
kaiken 1 4.605170185988092 4.605170185988092
kali 0 4.605170185988092 0.0
karambit 1 4.605170185988092 4.605170185988092
kard 1 4.605170185988092 4.605170185988092
katar 1 3.912023005428146 3.912023005428146
ken 1 2.407945608651872 2.407945608651872
kershaw 1 3.912023005428146 3.912023005428146
kertzman 1 4.605170185988092 4.605170185988092
khanjali 1 4.605170185988092 4.605170185988092
khanjar 1 4.605170185988092 4.605170185988092
kiri 1 4.605170185988092 4.605170185988092
kirpan 1 3.912023005428146 3.912023005428146
kitchen 1 3.2188758248682006 3.2188758248682006
knife 1 3.912023005428146 3.912023005428146
knifemaker 1 4.605170185988092 4.605170185988092
knifemakers 1 4.605170185988092 4.605170185988092
knifemaking 1 4.605170185988092 4.605170185988092
korin 1 4.605170185988092 4.605170185988092
krause 1 4.605170185988092 4.605170185988092
kris 1 3.912023005428146 3.912023005428146
kukri 1 3.912023005428146 3.912023005428146
kunai 1 4.605170185988092 4.605170185988092
kyocera 1 4.605170185988092 4.605170185988092
ladder 1 4.605170185988092 4.605170185988092
laguiole 1 4.605170185988092 4.605170185988092
lame 1 4.605170185988092 4.605170185988092
laminated 1 4.605170185988092 4.605170185988092
language 0 0.0 0.0
last 1 0.0 0.0
lastly 1 3.912023005428146 3.912023005428146
later 1 0.5621189181535412 0.5621189181535412
launched 1 1.9661128563728327 1.9661128563728327
layer 0 3.912023005428146 0.0
learn 1 0.0 0.0
least 1 1.8971199848858813 1.8971199848858813
leatherman 1 3.912023005428146 3.912023005428146
legendary 1 2.8134107167600364 2.8134107167600364
length 1 1.7719568419318754 1.7719568419318754
lewis 1 1.8325814637483102 1.8325814637483102
liaftercontent 1 0.127833371509885 0.127833371509885
liaoning 1 4.605170185988092 4.605170185988092
license 1 0.0 0.0
life 1 0.5447271754416719 0.5447271754416719
light 1 1.3862943611198906 1.3862943611198906
lile 1 4.605170185988092 4.605170185988092
link 1 0.0 0.0
list 1 0.6348782724359695 0.6348782724359695
little 1 1.4696759700589417 1.4696759700589417
located 1 2.407945608651872 2.407945608651872
log 1 0.0 0.0
logged 1 0.0 0.0
loveless 1 4.605170185988092 4.605170185988092
lumber 1 3.912023005428146 3.912023005428146
machete 1 4.605170185988092 4.605170185988092
mad 1 3.506557897319982 3.506557897319982
made 1 0.653926467406664 0.653926467406664
maguro 1 4.605170185988092 4.605170185988092
main 1 0.0 0.0
maine 1 2.659260036932778 2.659260036932778
maker 1 2.8134107167600364 2.8134107167600364
making 1 1.6607312068216509 1.6607312068216509
mandau 1 4.605170185988092 4.605170185988092
manufacturer 0 2.995732273553991 0.0
mar 1 2.0402208285265546 2.0402208285265546
marble 1 3.506557897319982 3.506557897319982
marine 1 2.407945608651872 2.407945608651872
mark 1 1.1394342831883648 1.1394342831883648
marking 1 2.995732273553991 2.995732273553991
master 1 1.3093333199837622 1.3093333199837622
mastersmith 1 4.605170185988092 4.605170185988092
material 0 1.3093333199837622 0.0
maximum 1 2.659260036932778 2.659260036932778
may 1 0.0 0.0
meaning 1 2.5257286443082556 2.5257286443082556
medford 1 4.605170185988092 4.605170185988092
meeting 1 1.8971199848858813 1.8971199848858813
member 1 0.6733445532637655 0.6733445532637655
menu 1 0.0 0.0
metal 1 2.207274913189721 2.207274913189721
metalwork 1 4.605170185988092 4.605170185988092
method 1 1.8971199848858813 1.8971199848858813
mezzaluna 1 4.605170185988092 4.605170185988092
michael 1 1.171182981502945 1.171182981502945
microtech 1 4.605170185988092 4.605170185988092
mike 1 1.6094379124341003 1.6094379124341003
minimum 1 3.506557897319982 3.506557897319982
misericorde 1 4.605170185988092 4.605170185988092
mobile 1 0.0 0.0
modern 1 1.5606477482646683 1.5606477482646683
month 0 0.8915981192837835 0.0
mora 1 4.605170185988092 4.605170185988092
moran 1 3.506557897319982 3.506557897319982
morseth 1 4.605170185988092 4.605170185988092
move 1 0.0 0.0
moved 1 1.7719568419318754 1.7719568419318754
muela 1 4.605170185988092 4.605170185988092
multitool 1 4.605170185988092 4.605170185988092
murphy 1 2.5257286443082556 2.5257286443082556
museum 1 2.302585092994046 2.302585092994046
must 1 2.0402208285265546 2.0402208285265546
nail 1 3.912023005428146 3.912023005428146
nakh 1 3.912023005428146 3.912023005428146
nakiri 1 4.605170185988092 4.605170185988092
named 1 1.2039728043259361 1.2039728043259361
navaja 1 4.605170185988092 4.605170185988092
navbar 1 0.23572233352106994 0.23572233352106994
navbarmini 1 0.23572233352106994 0.23572233352106994
navbox 1 0.1392620673335076 0.1392620673335076
navboximage 1 0.1392620673335076 0.1392620673335076
navboxsubgroup 1 0.1392620673335076 0.1392620673335076
navboxtitle 1 0.1392620673335076 0.1392620673335076
navigation 1 0.0 0.0
near 1 1.8325814637483102 1.8325814637483102
neck 1 3.2188758248682006 3.2188758248682006
nelson 1 2.407945608651872 2.407945608651872
new 1 0.24846135929849972 0.24846135929849972
nonprofit 1 0.0 0.0
nontron 1 4.605170185988092 4.605170185988092
north 1 0.8209805520698303 0.8209805520698303
number 1 0.7550225842780328 0.7550225842780328
occurs 1 3.506557897319982 3.506557897319982
offer 1 2.302585092994046 2.302585092994046
olfa 1 4.605170185988092 4.605170185988092
ollibeforecontent 1 0.127833371509885 0.127833371509885
one 1 0.23572233352106994 0.23572233352106994
onion 1 4.605170185988092 4.605170185988092
ontario 1 2.995732273553991 2.995732273553991
opinel 1 4.605170185988092 4.605170185988092
opposed 1 2.407945608651872 2.407945608651872
organization 1 0.0 0.0
organizationname 1 0.010050335853501506 0.010050335853501506
original 1 0.4155154439616658 0.4155154439616658
osterhout 1 4.605170185988092 4.605170185988092
overall 1 1.8325814637483102 1.8325814637483102
overview 1 2.0402208285265546 2.0402208285265546
page 1 0.0 0.0
pagetype 1 1.2729656758128876 1.2729656758128876
palette 1 4.605170185988092 4.605170185988092
panel 1 2.8134107167600364 2.8134107167600364
pantographic 1 4.605170185988092 4.605170185988092
parachute 1 4.605170185988092 4.605170185988092
parang 1 4.605170185988092 4.605170185988092
park 1 1.3093333199837622 1.3093333199837622
parmesan 1 4.605170185988092 4.605170185988092
parrying 1 4.605170185988092 4.605170185988092
partnered 1 3.912023005428146 3.912023005428146
passed 1 2.5257286443082556 2.5257286443082556
pattern 1 3.506557897319982 3.506557897319982
pdf 1 1.0498221244986776 1.0498221244986776
pdfprintable 1 0.0 0.0
pen 1 2.207274913189721 2.207274913189721
penknife 1 4.605170185988092 4.605170185988092
penny 1 3.2188758248682006 3.2188758248682006
performance 1 1.7719568419318754 1.7719568419318754
performed 1 2.120263536200091 2.120263536200091
period 1 1.4271163556401458 1.4271163556401458
permanent 1 0.0 0.0
person 1 1.5606477482646683 1.5606477482646683
personal 1 0.0 0.0
personally 1 4.605170185988092 4.605170185988092
peshkabz 1 3.912023005428146 3.912023005428146
phill 1 4.605170185988092 4.605170185988092
phurba 1 3.912023005428146 3.912023005428146
physically 1 3.912023005428146 3.912023005428146
piece 0 2.5257286443082556 0.0
piney 1 4.605170185988092 4.605170185988092
pioneer 1 2.659260036932778 2.659260036932778
pirah 1 4.605170185988092 4.605170185988092
pizza 1 3.506557897319982 3.506557897319982
placed 1 1.7147984280919266 1.7147984280919266
pocketknife 1 4.605170185988092 4.605170185988092
poignard 1 4.605170185988092 4.605170185988092
point 1 1.2729656758128876 1.2729656758128876
policy 1 0.0 0.0
portal 1 0.0 0.0
portugus 1 1.171182981502945 1.171182981502945
practicing 1 3.912023005428146 3.912023005428146
president 1 1.3470736479666094 1.3470736479666094
primary 1 2.0402208285265546 2.0402208285265546
printbodyns 1 0.09431067947124142 0.09431067947124142
printexport 1 0.0 0.0
privacy 1 0.0 0.0
produced 1 1.7719568419318754 1.7719568419318754
professional 1 1.6607312068216509 1.6607312068216509
program 0 1.7719568419318754 0.0
project 0 0.0 0.0
promote 1 2.659260036932778 2.659260036932778
public 1 0.9675840262617057 0.9675840262617057
publication 0 1.3862943611198906 0.0
pugio 1 4.605170185988092 4.605170185988092
purchased 1 2.120263536200091 2.120263536200091
push 1 3.506557897319982 3.506557897319982
putty 1 4.605170185988092 4.605170185988092
puukko 1 4.605170185988092 4.605170185988092
raider 1 3.2188758248682006 3.2188758248682006
ralph 1 2.120263536200091 2.120263536200091
rampuri 1 4.605170185988092 4.605170185988092
randall 1 2.659260036932778 2.659260036932778
random 1 0.0 0.0
ranz 1 4.605170185988092 4.605170185988092
rasmussen 1 4.605170185988092 4.605170185988092
rated 1 3.2188758248682006 3.2188758248682006
rating 1 2.0402208285265546 2.0402208285265546
razor 1 4.605170185988092 4.605170185988092
read 1 0.0 0.0
receive 1 2.207274913189721 2.207274913189721
received 1 1.1394342831883648 1.1394342831883648
recent 1 0.0 0.0
reeve 1 3.912023005428146 3.912023005428146
reference 0 0.03045920748470844 0.0
reflist 1 0.06187540371808745 0.06187540371808745
reflistcolumns 1 0.06187540371808745 0.06187540371808745
reg 1 0.0 0.0
registered 1 0.0 0.0
regular 1 1.5606477482646683 1.5606477482646683
related 1 0.0 0.0
remain 1 2.207274913189721 2.207274913189721
remedy 1 3.506557897319982 3.506557897319982
removal 1 2.8134107167600364 2.8134107167600364
renamed 1 2.5257286443082556 2.5257286443082556
replica 1 3.912023005428146 3.912023005428146
requirement 0 3.2188758248682006 0.0
research 1 1.6094379124341003 1.6094379124341003
resolza 1 4.605170185988092 4.605170185988092
retain 1 4.605170185988092 4.605170185988092
retirement 1 2.207274913189721 2.207274913189721
retrieved 1 0.0 0.0
rex 1 2.995732273553991 2.995732273553991
rick 1 2.207274913189721 2.207274913189721
ring 1 1.8971199848858813 1.8971199848858813
river 1 1.4271163556401458 1.4271163556401458
robert 1 0.8675005677047231 0.8675005677047231
rock 1 1.6094379124341003 1.6094379124341003
roger 1 1.9661128563728327 1.9661128563728327
rondel 1 4.605170185988092 4.605170185988092
rope 1 3.912023005428146 3.912023005428146
rsle 1 4.605170185988092 4.605170185988092
rule 0 1.4696759700589417 0.0
russell 1 2.0402208285265546 2.0402208285265546
sabatier 1 4.605170185988092 4.605170185988092
sami 1 3.912023005428146 3.912023005428146
samson 1 4.605170185988092 4.605170185988092
santoku 1 4.605170185988092 4.605170185988092
sark 1 4.605170185988092 4.605170185988092
sashimi 1 4.605170185988092 4.605170185988092
scagel 1 4.605170185988092 4.605170185988092
scalpel 1 4.605170185988092 4.605170185988092
schmidt 1 2.995732273553991 2.995732273553991
school 1 0.7765287894989963 0.7765287894989963
schrade 1 4.605170185988092 4.605170185988092
screen 1 0.010050335853501506 0.010050335853501506
search 1 0.0 0.0
seax 1 4.605170185988092 4.605170185988092
seme 1 4.605170185988092 4.605170185988092
semiannually 1 4.605170185988092 4.605170185988092
serve 1 2.207274913189721 2.207274913189721
several 1 0.8209805520698303 0.8209805520698303
sgian 1 4.605170185988092 4.605170185988092
share 1 0.0 0.0
sharpfinger 1 4.605170185988092 4.605170185988092
shaving 1 3.912023005428146 3.912023005428146
sheath 1 4.605170185988092 4.605170185988092
shiv 1 3.912023005428146 3.912023005428146
shobo 1 4.605170185988092 4.605170185988092
shop 1 2.659260036932778 2.659260036932778
short 1 0.06187540371808745 0.06187540371808745
shortdescription 1 0.2613647641344075 0.2613647641344075
shortened 1 0.0 0.0
show 1 1.0498221244986776 1.0498221244986776
shun 1 3.912023005428146 3.912023005428146
sica 1 4.605170185988092 4.605170185988092
sid 1 2.995732273553991 2.995732273553991
sidebar 1 0.0 0.0
site 1 0.0 0.0
slice 1 3.506557897319982 3.506557897319982
sliding 1 4.605170185988092 4.605170185988092
slip 1 3.506557897319982 3.506557897319982
smatchet 1 4.605170185988092 4.605170185988092
smf 1 4.605170185988092 4.605170185988092
smith 1 1.2039728043259361 1.2039728043259361
snody 1 4.605170185988092 4.605170185988092
society 1 1.4271163556401458 1.4271163556401458
sog 1 4.605170185988092 4.605170185988092
solid 1 0.09431067947124142 0.09431067947124142
son 0 1.3093333199837622 0.0
special 1 0.0 0.0
specialty 1 3.912023005428146 3.912023005428146
splayd 1 4.605170185988092 4.605170185988092
spring 1 1.5606477482646683 1.5606477482646683
spyderco 1 4.605170185988092 4.605170185988092
state 1 0.3147107448397002 0.3147107448397002
statement 1 0.0 0.0
statistic 0 0.0 0.0
status 1 1.7719568419318754 1.7719568419318754
steak 1 4.605170185988092 4.605170185988092
steel 1 2.207274913189721 2.207274913189721
stepped 1 3.2188758248682006 3.2188758248682006
steve 1 1.8971199848858813 1.8971199848858813
sti 1 4.605170185988092 4.605170185988092
stick 1 3.506557897319982 3.506557897319982
stiletto 1 4.605170185988092 4.605170185988092
still 1 0.9416085398584451 0.9416085398584451
stock 1 2.302585092994046 2.302585092994046
stockremoval 1 4.605170185988092 4.605170185988092
straight 1 2.5257286443082556 2.5257286443082556
strider 1 4.605170185988092 4.605170185988092
stropping 1 4.605170185988092 4.605170185988092
style 1 1.8325814637483102 1.8325814637483102
submit 1 3.506557897319982 3.506557897319982
subsection 1 0.3424903089467759 0.3424903089467759
successful 1 2.0402208285265546 2.0402208285265546
suffix 1 4.605170185988092 4.605170185988092
supervision 1 3.2188758248682006 3.2188758248682006
survival 1 3.2188758248682006 3.2188758248682006
swiss 1 2.995732273553991 2.995732273553991
switchblade 1 4.605170185988092 4.605170185988092
sword 1 2.302585092994046 2.302585092994046
sykes 1 3.912023005428146 3.912023005428146
symmetry 1 4.605170185988092 4.605170185988092
system 1 0.9162907318741551 0.9162907318741551
table 1 0.0 0.0
take 1 0.9675840262617057 0.9675840262617057
talk 1 0.0 0.0
tang 1 3.506557897319982 3.506557897319982
tant 1 4.605170185988092 4.605170185988092
taping 1 4.605170185988092 4.605170185988092
taught 1 2.659260036932778 2.659260036932778
tdhlist 1 0.1392620673335076 0.1392620673335076
teaching 1 2.302585092994046 2.302585092994046
technique 0 2.5257286443082556 0.0
template 1 0.0 0.0
term 0 0.0 0.0
terzuola 1 4.605170185988092 4.605170185988092
test 1 2.207274913189721 2.207274913189721
testing 1 3.506557897319982 3.506557897319982
texarkana 1 3.912023005428146 3.912023005428146
text 1 0.0 0.0
thiers 1 4.605170185988092 4.605170185988092
threeyear 1 3.912023005428146 3.912023005428146
throwing 1 3.2188758248682006 3.2188758248682006
time 1 0.28768207245178085 0.28768207245178085
title 1 0.9162907318741551 0.9162907318741551
toggle 1 0.010050335853501506 0.010050335853501506
tolerance 1 4.605170185988092 4.605170185988092
tom 1 1.2378743560016172 1.2378743560016172
tomahawk 1 4.605170185988092 4.605170185988092
tomato 1 3.2188758248682006 3.2188758248682006
tool 1 0.0 0.0
toothpick 1 3.912023005428146 3.912023005428146
top 1 0.010050335853501506 0.010050335853501506
topic 1 0.0 0.0
total 1 0.0 0.0
trade 0 1.7147984280919266 0.0
trademark 1 0.0 0.0
trading 1 2.995732273553991 2.995732273553991
tramontina 1 4.605170185988092 4.605170185988092
trench 1 4.605170185988092 4.605170185988092
tumi 1 4.605170185988092 4.605170185988092
two 1 0.43078291609245434 0.43078291609245434
udon 1 4.605170185988092 4.605170185988092
ulpaddingem 1 0.1392620673335076 0.1392620673335076
ulu 1 4.605170185988092 4.605170185988092
unagisaki 1 4.605170185988092 4.605170185988092
unanimously 1 4.605170185988092 4.605170185988092
united 1 0.4155154439616658 0.4155154439616658
university 1 0.616186139423817 0.616186139423817
unveiled 1 3.912023005428146 3.912023005428146
upload 1 0.0 0.0
upon 1 1.2729656758128876 1.2729656758128876
use 1 0.0 0.0
used 1 0.8675005677047231 0.8675005677047231
using 1 0.0 0.0
usuba 1 4.605170185988092 4.605170185988092
utc 1 0.0 0.0
utility 1 2.995732273553991 2.995732273553991
var 1 0.0 0.0
verlngerungsmesser 1 4.605170185988092 4.605170185988092
version 1 0.0 0.0
via 1 1.4271163556401458 1.4271163556401458
victorinox 1 4.605170185988092 4.605170185988092
view 1 0.0 0.0
vise 1 4.605170185988092 4.605170185988092
walker 1 2.207274913189721 2.207274913189721
walther 1 4.605170185988092 4.605170185988092
warenski 1 4.605170185988092 4.605170185988092
warrior 1 2.407945608651872 2.407945608651872
washington 1 1.2378743560016172 1.2378743560016172
wayne 1 2.302585092994046 2.302585092994046
wedung 1 4.605170185988092 4.605170185988092
welded 1 4.605170185988092 4.605170185988092
wenger 1 4.605170185988092 4.605170185988092
western 1 1.2039728043259361 1.2039728043259361
whereas 1 2.995732273553991 2.995732273553991
whether 1 2.302585092994046 2.302585092994046
whose 1 1.7147984280919266 1.7147984280919266
width 1 3.912023005428146 3.912023005428146
wikidata 1 0.010050335853501506 0.010050335853501506
wikimedia 1 0.0 0.0
wikipedia 1 0.0 0.0
wilkinson 1 4.605170185988092 4.605170185988092
william 1 1.171182981502945 1.171182981502945
winkler 1 3.912023005428146 3.912023005428146
winter 1 1.8325814637483102 1.8325814637483102
within 1 1.3862943611198906 1.3862943611198906
without 1 1.3093333199837622 1.3093333199837622
woman 1 1.171182981502945 1.171182981502945
wonder 1 2.8134107167600364 2.8134107167600364
wood 0 1.7147984280919266 0.0
work 1 0.7133498878774648 0.7133498878774648
would 1 0.7550225842780328 0.7550225842780328
wrote 1 1.3470736479666094 1.3470736479666094
wsthof 1 4.605170185988092 4.605170185988092
wyoming 1 3.2188758248682006 3.2188758248682006
xacto 1 4.605170185988092 4.605170185988092
yanagi 1 4.605170185988092 4.605170185988092
yarara 1 4.605170185988092 4.605170185988092
yatagan 1 4.605170185988092 4.605170185988092
year 1 0.3424903089467759 0.3424903089467759
york 1 0.8209805520698303 0.8209805520698303
yoroidshi 1 4.605170185988092 4.605170185988092
yoshida 1 3.912023005428146 3.912023005428146
zero 1 3.2188758248682006 3.2188758248682006
zwilling 1 4.605170185988092 4.605170185988092
