abril 1 4.605170185988092 4.605170185988092
account 1 0.0 0.0
action 0 0.0 0.0
acua 1 4.605170185988092 4.605170185988092
adam 1 1.5141277326297755 1.5141277326297755
add 1 0.0 0.0
addition 1 1.3862943611198906 1.3862943611198906
additional 1 0.0 0.0
advance 1 2.5257286443082556 2.5257286443082556
afarules 1 4.605170185988092 4.605170185988092
agg 1 3.912023005428146 3.912023005428146
agree 1 0.0 0.0
agustn 1 3.912023005428146 3.912023005428146
aire 0 4.605170185988092 0.0
alberto 1 2.8134107167600364 2.8134107167600364
alfonso 1 4.605170185988092 4.605170185988092
aliendro 1 4.605170185988092 4.605170185988092
alike 1 0.0 0.0
amrica 1 3.912023005428146 3.912023005428146
anderson 1 2.302585092994046 2.302585092994046
andrs 1 3.506557897319982 3.506557897319982
anna 1 2.302585092994046 2.302585092994046
appearance 1 0.0 0.0
apply 1 0.0 0.0
april 1 0.44628710262841953 0.44628710262841953
arellano 1 4.605170185988092 4.605170185988092
arena 1 2.995732273553991 2.995732273553991
arg 1 3.506557897319982 3.506557897319982
argentina 1 2.659260036932778 2.659260036932778
argentine 1 2.659260036932778 2.659260036932778
argentinos 1 4.605170185988092 4.605170185988092
armando 1 3.506557897319982 3.506557897319982
armani 1 4.605170185988092 4.605170185988092
article 1 0.0 0.0
asuncin 1 4.605170185988092 4.605170185988092
atletico 1 3.912023005428146 3.912023005428146
atltico 1 3.506557897319982 3.506557897319982
atluetico 1 4.605170185988092 4.605170185988092
attendance 1 2.659260036932778 2.659260036932778
attribution 1 0.0 0.0
august 1 0.3424903089467759 0.3424903089467759
augusto 1 3.506557897319982 3.506557897319982
auto 1 0.1392620673335076 0.1392620673335076
available 1 0.0 0.0
avellaneda 1 4.605170185988092 4.605170185988092
average 1 2.0402208285265546 2.0402208285265546
away 1 1.5606477482646683 1.5606477482646683
banfield 1 4.605170185988092 4.605170185988092
bareiro 1 4.605170185988092 4.605170185988092
batalla 1 4.605170185988092 4.605170185988092
belgrano 1 4.605170185988092 4.605170185988092
belo 1 4.605170185988092 4.605170185988092
beltrn 1 4.605170185988092 4.605170185988092
betis 1 4.605170185988092 4.605170185988092
biafore 1 4.605170185988092 4.605170185988092
biggest 1 3.2188758248682006 3.2188758248682006
boca 1 3.912023005428146 3.912023005428146
bombonera 1 4.605170185988092 4.605170185988092
borja 1 4.605170185988092 4.605170185988092
boselli 1 4.605170185988092 4.605170185988092
boy 0 1.8325814637483102 0.0
brazil 1 2.120263536200091 2.120263536200091
buenos 1 3.912023005428146 3.912023005428146
bustos 1 4.605170185988092 4.605170185988092
captain 1 2.120263536200091 2.120263536200091
carboni 1 4.605170185988092 4.605170185988092
carmelo 1 4.605170185988092 4.605170185988092
carneiro 1 4.605170185988092 4.605170185988092
casco 1 4.605170185988092 4.605170185988092
castillo 1 3.506557897319982 3.506557897319982
castro 1 3.2188758248682006 3.2188758248682006
category 0 0.0 0.0
centerpx 1 0.0408219945202552 0.0408219945202552
central 1 1.07880966137193 1.07880966137193
centurin 1 4.605170185988092 4.605170185988092
chaco 1 4.605170185988092 4.605170185988092
change 0 0.0 0.0
chaotic 1 3.506557897319982 3.506557897319982
chi 1 3.506557897319982 3.506557897319982
chile 1 2.659260036932778 2.659260036932778
citation 1 0.0408219945202552 0.0408219945202552
cite 1 0.0 0.0
city 1 0.6348782724359695 0.6348782724359695
ciudad 1 3.506557897319982 3.506557897319982
claudio 1 3.912023005428146 3.912023005428146
claus 1 3.912023005428146 3.912023005428146
club 1 1.4271163556401458 1.4271163556401458
coach 1 1.7719568419318754 1.7719568419318754
code 1 0.0 0.0
col 1 2.5257286443082556 2.5257286443082556
colidio 1 4.605170185988092 4.605170185988092
colo 1 4.605170185988092 4.605170185988092
columbus 1 2.995732273553991 2.995732273553991
common 0 0.0 0.0
competes 1 3.2188758248682006 3.2188758248682006
competition 1 1.8971199848858813 1.8971199848858813
conan 1 4.605170185988092 4.605170185988092
conduct 1 0.0 0.0
conmebol 1 4.605170185988092 4.605170185988092
consecutive 1 2.8134107167600364 2.8134107167600364
contact 1 0.0 0.0
content 1 0.0 0.0
context 1 0.010050335853501506 0.010050335853501506
contract 1 2.207274913189721 2.207274913189721
contribute 1 0.0 0.0
contribution 0 0.0 0.0
cookie 1 0.0 0.0
cookiematch 1 0.0 0.0
copa 1 3.2188758248682006 3.2188758248682006
counterlistitema 1 0.127833371509885 0.127833371509885
countrydata 1 3.506557897319982 3.506557897319982
crdoba 1 4.605170185988092 4.605170185988092
create 1 0.0 0.0
creative 1 0.0 0.0
crew 1 2.207274913189721 2.207274913189721
cristbal 1 4.605170185988092 4.605170185988092
cristian 1 3.912023005428146 3.912023005428146
cruz 1 2.8134107167600364 2.8134107167600364
csmaintcolorf 1 0.06187540371808745 0.06187540371808745
csmaintcolorfmedia 1 0.0408219945202552 0.0408219945202552
cswsicon 1 0.0408219945202552 0.0408219945202552
current 1 0.0 0.0
daniel 1 1.3862943611198906 1.3862943611198906
daronco 1 4.605170185988092 4.605170185988092
date 1 0.3147107448397002 0.3147107448397002
david 1 0.9942522733438669 0.9942522733438669
daz 1 3.506557897319982 3.506557897319982
december 1 0.37106368139083196 0.37106368139083196
defeat 1 1.9661128563728327 1.9661128563728327
defensa 1 4.605170185988092 4.605170185988092
defensores 1 4.605170185988092 4.605170185988092
defined 1 2.207274913189721 2.207274913189721
del 1 2.302585092994046 2.302585092994046
demichelis 1 4.605170185988092 4.605170185988092
demichelisuntil 1 4.605170185988092 4.605170185988092
deportivo 1 3.912023005428146 3.912023005428146
description 1 0.07257069283483537 0.07257069283483537
developer 0 0.0 0.0
deyverson 1 4.605170185988092 4.605170185988092
diego 1 2.659260036932778 2.659260036932778
difference 1 2.302585092994046 2.302585092994046
different 1 0.3424903089467759 0.3424903089467759
disclaimer 0 0.0 0.0
divisin 1 3.912023005428146 3.912023005428146
divisinth 1 4.605170185988092 4.605170185988092
domestic 1 2.995732273553991 2.995732273553991
donate 1 0.0 0.0
download 1 0.0 0.0
draw 1 2.302585092994046 2.302585092994046
drawing 1 2.659260036932778 2.659260036932778
dtaftercontent 1 0.127833371509885 0.127833371509885
echeverri 1 4.605170185988092 4.605170185988092
eligibility 1 2.995732273553991 2.995732273553991
encyclopedia 1 0.0 0.0
english 1 0.0 0.0
enzo 1 3.912023005428146 3.912023005428146
espaol 1 1.1394342831883648 1.1394342831883648
espinoza 1 4.605170185988092 4.605170185988092
estadio 1 3.912023005428146 3.912023005428146
esteban 1 4.605170185988092 4.605170185988092
estudiantes 1 3.506557897319982 3.506557897319982
event 0 0.0 0.0
exception 0 2.8134107167600364 0.0
exp 1 0.0 0.0
ezequiel 1 4.605170185988092 4.605170185988092
fabricio 1 4.605170185988092 4.605170185988092
facundo 1 4.605170185988092 4.605170185988092
fair 1 2.5257286443082556 2.5257286443082556
falcn 1 4.605170185988092 4.605170185988092
fbacore 1 3.506557897319982 3.506557897319982
fbgoalspan 1 3.2188758248682006 3.2188758248682006
february 1 0.27443684570176036 0.27443684570176036
federico 1 4.605170185988092 4.605170185988092
fee 1 2.995732273553991 2.995732273553991
felipe 1 3.912023005428146 3.912023005428146
fernndez 1 4.605170185988092 4.605170185988092
ferreira 1 4.605170185988092 4.605170185988092
fifa 1 2.8134107167600364 2.8134107167600364
file 1 0.0 0.0
final 1 0.9942522733438669 0.9942522733438669
first 1 0.1508228897345837 0.1508228897345837
flabin 1 4.605170185988092 4.605170185988092
flag 0 1.7147984280919266 0.0
flashscorecom 1 4.605170185988092 4.605170185988092
florencio 1 3.506557897319982 3.506557897319982
fonseca 1 4.605170185988092 4.605170185988092
football 1 1.8325814637483102 1.8325814637483102
footballitalianet 1 4.605170185988092 4.605170185988092
footballsquadplayer 1 4.605170185988092 4.605170185988092
form 1 1.3470736479666094 1.3470736479666094
foundation 1 0.0 0.0
franco 1 2.120263536200091 2.120263536200091
free 1 0.0 0.0
funes 1 4.605170185988092 4.605170185988092
gallardofrom 1 4.605170185988092 4.605170185988092
galvn 1 4.605170185988092 4.605170185988092
gama 1 4.605170185988092 4.605170185988092
garay 1 4.605170185988092 4.605170185988092
gattoni 1 4.605170185988092 4.605170185988092
general 1 0.0 0.0
germn 1 4.605170185988092 4.605170185988092
get 1 0.0 0.0
gimnasia 1 4.605170185988092 4.605170185988092
gimnez 1 4.605170185988092 4.605170185988092
girotti 1 4.605170185988092 4.605170185988092
goal 1 1.8971199848858813 1.8971199848858813
goalscorer 1 3.506557897319982 3.506557897319982
godoy 1 4.605170185988092 4.605170185988092
gonzlez 1 3.506557897319982 3.506557897319982
gran 1 2.8134107167600364 2.8134107167600364
group 1 0.8209805520698303 0.8209805520698303
guillermo 1 2.995732273553991 2.995732273553991
guilln 1 4.605170185988092 4.605170185988092
gustavo 1 3.506557897319982 3.506557897319982
hatnote 1 0.843970070294529 0.843970070294529
headtohead 1 3.912023005428146 3.912023005428146
help 1 0.0 0.0
herrera 1 3.912023005428146 3.912023005428146
hidden 1 0.010050335853501506 0.010050335853501506
hide 1 0.0 0.0
history 1 0.0 0.0
hlist 1 0.127833371509885 0.127833371509885
hlistinline 1 0.127833371509885 0.127833371509885
hold 1 1.3470736479666094 1.3470736479666094
home 1 0.7339691750802005 0.7339691750802005
horizonte 1 4.605170185988092 4.605170185988092
huerta 1 3.912023005428146 3.912023005428146
huracn 1 4.605170185988092 4.605170185988092
ian 1 2.5257286443082556 2.5257286443082556
idlockfree 1 0.0408219945202552 0.0408219945202552
idlockfreeidlockfree 1 0.0408219945202552 0.0408219945202552
idlocklimited 1 0.0408219945202552 0.0408219945202552
idlockregistration 1 0.0408219945202552 0.0408219945202552
idlocksubscription 1 0.0408219945202552 0.0408219945202552
ignacio 1 3.912023005428146 3.912023005428146
ignored 1 4.605170185988092 4.605170185988092
inc 1 0.0 0.0
independiente 1 4.605170185988092 4.605170185988092
indicate 1 2.302585092994046 2.302585092994046
infobox 1 0.3011050927839216 0.3011050927839216
infoboxtable 1 0.3147107448397002 0.3147107448397002
information 1 0.0 0.0
instead 1 1.6607312068216509 1.6607312068216509
inter 1 2.659260036932778 2.659260036932778
internacional 1 4.605170185988092 4.605170185988092
italiano 1 1.07880966137193 1.07880966137193
item 1 0.010050335853501506 0.010050335853501506
january 1 0.3424903089467759 0.3424903089467759
jess 1 3.2188758248682006 3.2188758248682006
jos 1 2.302585092994046 2.302585092994046
juan 1 2.302585092994046 2.302585092994046
jugador 1 4.605170185988092 4.605170185988092
july 1 0.43078291609245434 0.43078291609245434
jump 1 0.0 0.0
june 1 0.40047756659712536 0.40047756659712536
junior 0 2.0402208285265546 0.0
justicia 1 4.605170185988092 4.605170185988092
kempes 1 4.605170185988092 4.605170185988092
kevin 1 1.5606477482646683 1.5606477482646683
kranevitter 1 4.605170185988092 4.605170185988092
lan 0 3.506557897319982 0.0
language 0 0.0 0.0
lanzini 1 4.605170185988092 4.605170185988092
last 1 0.0 0.0
lavagnino 1 4.605170185988092 4.605170185988092
laza 1 4.605170185988092 4.605170185988092
league 1 1.3470736479666094 1.3470736479666094
leandro 1 4.605170185988092 4.605170185988092
learn 1 0.0 0.0
ledesma 1 4.605170185988092 4.605170185988092
leg 1 2.659260036932778 2.659260036932778
lema 1 4.605170185988092 4.605170185988092
length 0 1.7719568419318754 0.0
liaftercontent 1 0.127833371509885 0.127833371509885
lib 1 3.506557897319982 3.506557897319982
libertad 1 3.912023005428146 3.912023005428146
libertadores 1 3.912023005428146 3.912023005428146
license 1 0.0 0.0
liga 1 2.995732273553991 2.995732273553991
limarginbottom 1 0.9675840262617057 0.9675840262617057
limited 1 2.0402208285265546 2.0402208285265546
link 1 0.0 0.0
loan 1 2.5257286443082556 2.5257286443082556
log 1 0.0 0.0
logged 1 0.0 0.0
londoo 1 4.605170185988092 4.605170185988092
lorenzo 1 3.912023005428146 3.912023005428146
loss 1 1.7147984280919266 1.7147984280919266
lot 0 2.659260036932778 0.0
lpez 1 3.2188758248682006 3.2188758248682006
lucas 1 2.995732273553991 2.995732273553991
macul 1 4.605170185988092 4.605170185988092
main 1 0.0 0.0
mainother 1 1.5141277326297755 1.5141277326297755
malvinas 1 4.605170185988092 4.605170185988092
manager 1 2.120263536200091 2.120263536200091
manchester 1 2.8134107167600364 2.8134107167600364
manuel 1 2.659260036932778 2.659260036932778
maradona 1 4.605170185988092 4.605170185988092
marcelo 1 3.506557897319982 3.506557897319982
march 1 0.3147107448397002 0.3147107448397002
marcos 1 3.912023005428146 3.912023005428146
mario 1 2.407945608651872 2.407945608651872
martin 1 1.3470736479666094 1.3470736479666094
martn 1 3.506557897319982 3.506557897319982
martnez 1 3.2188758248682006 3.2188758248682006
mastantuono 1 4.605170185988092 4.605170185988092
matas 1 3.506557897319982 3.506557897319982
match 1 0.8675005677047231 0.8675005677047231
matchday 1 4.605170185988092 4.605170185988092
matonte 1 4.605170185988092 4.605170185988092
maximiliano 1 4.605170185988092 4.605170185988092
may 1 0.0 0.0
maza 1 4.605170185988092 4.605170185988092
mendoza 1 4.605170185988092 4.605170185988092
menu 1 0.0 0.0
merentiel 1 4.605170185988092 4.605170185988092
meza 1 4.605170185988092 4.605170185988092
miami 1 2.5257286443082556 2.5257286443082556
miguel 1 2.302585092994046 2.302585092994046
milan 1 2.8134107167600364 2.8134107167600364
milton 1 3.506557897319982 3.506557897319982
mineiro 1 4.605170185988092 4.605170185988092
mobile 1 0.0 0.0
monterrey 1 3.912023005428146 3.912023005428146
montevideo 1 4.605170185988092 4.605170185988092
monumental 1 4.605170185988092 4.605170185988092
monumentalmedia 1 4.605170185988092 4.605170185988092
mori 1 3.912023005428146 3.912023005428146
move 1 0.0 0.0
mrvreferee 1 4.605170185988092 4.605170185988092
nac 1 4.605170185988092 4.605170185988092
nacional 1 2.995732273553991 2.995732273553991
nation 1 1.2729656758128876 1.2729656758128876
national 1 0.5108256237659907 0.5108256237659907
nationality 1 2.302585092994046 2.302585092994046
navbar 1 0.23572233352106994 0.23572233352106994
navbarfontsizemedia 1 0.3147107448397002 0.3147107448397002
navbarmini 1 0.23572233352106994 0.23572233352106994
navbox 1 0.1392620673335076 0.1392620673335076
navboximage 1 0.1392620673335076 0.1392620673335076
navboxsubgroup 1 0.1392620673335076 0.1392620673335076
navboxtitle 1 0.1392620673335076 0.1392620673335076
navigation 1 0.0 0.0
necaxa 1 3.912023005428146 3.912023005428146
needed 1 1.3862943611198906 1.3862943611198906
newells 1 4.605170185988092 4.605170185988092
nicols 1 3.506557897319982 3.506557897319982
nogrid 1 3.2188758248682006 3.2188758248682006
non 1 2.302585092994046 2.302585092994046
nonprofit 1 0.0 0.0
norberto 1 4.605170185988092 4.605170185988092
note 1 0.8209805520698303 0.8209805520698303
november 1 0.3011050927839216 0.3011050927839216
nuevo 1 3.2188758248682006 3.2188758248682006
october 1 0.28768207245178085 0.28768207245178085
old 1 1.07880966137193 1.07880966137193
ollibeforecontent 1 0.127833371509885 0.127833371509885
one 1 0.23572233352106994 0.23572233352106994
organization 1 0.0 0.0
organizationname 1 0.010050335853501506 0.010050335853501506
ortega 1 3.912023005428146 3.912023005428146
overall 1 1.8325814637483102 1.8325814637483102
pablo 1 2.995732273553991 2.995732273553991
page 1 0.0 0.0
palacios 1 4.605170185988092 4.605170185988092
palavecino 1 4.605170185988092 4.605170185988092
par 1 3.506557897319982 3.506557897319982
paradela 1 4.605170185988092 4.605170185988092
paraguay 1 3.912023005428146 3.912023005428146
parameter 0 2.120263536200091 0.0
paredes 1 4.605170185988092 4.605170185988092
parque 1 4.605170185988092 4.605170185988092
partido 1 3.506557897319982 3.506557897319982
patriotas 1 4.605170185988092 4.605170185988092
paulinho 1 4.605170185988092 4.605170185988092
paulo 1 3.506557897319982 3.506557897319982
pdfprintable 1 0.0 0.0
pea 1 2.8134107167600364 2.8134107167600364
pen 1 2.207274913189721 2.207274913189721
permanent 1 0.0 0.0
personal 1 0.0 0.0
peru 1 3.2188758248682006 3.2188758248682006
pezzella 1 4.605170185988092 4.605170185988092
piero 1 4.605170185988092 4.605170185988092
pity 1 3.912023005428146 3.912023005428146
plainlist 1 0.7339691750802005 0.7339691750802005
plata 1 4.605170185988092 4.605170185988092
plate 1 2.995732273553991 2.995732273553991
platecomar 1 4.605170185988092 4.605170185988092
platense 1 4.605170185988092 4.605170185988092
play 1 1.2039728043259361 1.2039728043259361
played 1 1.3862943611198906 1.3862943611198906
player 1 1.6094379124341003 1.6094379124341003
pld 1 3.506557897319982 3.506557897319982
po 0 2.407945608651872 0.0
point 0 1.2729656758128876 0.0
policy 1 0.0 0.0
polideportivo 1 4.605170185988092 4.605170185988092
ponce 1 4.605170185988092 4.605170185988092
poor 1 2.207274913189721 2.207274913189721
portal 1 0.0 0.0
position 1 1.1394342831883648 1.1394342831883648
possibly 1 2.659260036932778 2.659260036932778
prez 1 3.506557897319982 3.506557897319982
primera 1 3.912023005428146 3.912023005428146
printbodyns 1 0.09431067947124142 0.09431067947124142
printexport 1 0.0 0.0
privacy 1 0.0 0.0
profesional 1 3.912023005428146 3.912023005428146
project 0 0.0 0.0
pt 0 2.659260036932778 0.0
pueblo 1 3.2188758248682006 3.2188758248682006
qualification 1 2.995732273553991 2.995732273553991
quarterfinal 0 2.407945608651872 0.0
racing 1 2.5257286443082556 2.5257286443082556
ramiro 1 3.912023005428146 3.912023005428146
random 1 0.0 0.0
ranking 1 2.207274913189721 2.207274913189721
raphael 1 4.605170185988092 4.605170185988092
rbr 1 3.912023005428146 3.912023005428146
read 1 0.0 0.0
real 1 1.4271163556401458 1.4271163556401458
recent 1 0.0 0.0
record 1 0.7765287894989963 0.7765287894989963
refbegincolumns 1 2.659260036932778 2.659260036932778
refbeginfontsize 1 2.659260036932778 2.659260036932778
referee 1 2.8134107167600364 2.8134107167600364
reference 0 0.03045920748470844 0.0
reflist 1 0.06187540371808745 0.06187540371808745
reflistcolumns 1 0.06187540371808745 0.06187540371808745
reg 1 0.0 0.0
registered 1 0.0 0.0
regular 1 1.5606477482646683 1.5606477482646683
related 1 0.0 0.0
report 1 1.1086626245216111 1.1086626245216111
reroute 1 4.605170185988092 4.605170185988092
result 0 0.9942522733438669 0.0
retrieved 1 0.0 0.0
return 1 1.07880966137193 1.07880966137193
riestra 1 4.605170185988092 4.605170185988092
riv 1 4.605170185988092 4.605170185988092
rivadavia 1 4.605170185988092 4.605170185988092
river 1 1.4271163556401458 1.4271163556401458
robert 1 0.8675005677047231 0.8675005677047231
rodrigo 1 2.995732273553991 2.995732273553991
rojas 1 3.506557897319982 3.506557897319982
rojo 1 4.605170185988092 4.605170185988092
round 1 1.3862943611198906 1.3862943611198906
row 1 2.302585092994046 2.302585092994046
ruberto 1 4.605170185988092 4.605170185988092
rule 0 1.4696759700589417 0.0
run 1 1.171182981502945 1.171182981502945
san 1 1.2378743560016172 1.2378743560016172
sant 1 3.912023005428146 3.912023005428146
santa 1 2.659260036932778 2.659260036932778
santiago 1 2.995732273553991 2.995732273553991
sarmiento 1 3.912023005428146 3.912023005428146
sarsfield 1 4.605170185988092 4.605170185988092
scored 1 2.302585092994046 2.302585092994046
screen 1 0.010050335853501506 0.010050335853501506
search 1 0.0 0.0
season 1 1.1394342831883648 1.1394342831883648
sebastin 1 3.506557897319982 3.506557897319982
second 1 0.49429632181478017 0.49429632181478017
semifinal 0 2.407945608651872 0.0
september 1 0.43078291609245434 0.43078291609245434
sevilla 1 4.605170185988092 4.605170185988092
share 1 0.0 0.0
short 1 0.06187540371808745 0.06187540371808745
shortdescription 1 0.2613647641344075 0.2613647641344075
shortened 1 0.0 0.0
sidebar 1 0.0 0.0
simn 1 4.605170185988092 4.605170185988092
site 1 0.0 0.0
solari 1 4.605170185988092 4.605170185988092
solid 1 0.09431067947124142 0.09431067947124142
source 1 0.5798184952529422 0.5798184952529422
special 1 0.0 0.0
sport 0 1.1394342831883648 0.0
sportsrbrtable 1 3.912023005428146 3.912023005428146
squad 1 2.659260036932778 2.659260036932778
stadium 1 2.0402208285265546 2.0402208285265546
stage 1 1.9661128563728327 1.9661128563728327
starting 1 1.8971199848858813 1.8971199848858813
statement 1 0.0 0.0
statistic 0 0.0 0.0
step 0 2.120263536200091 0.0
subiabre 1 4.605170185988092 4.605170185988092
subsection 1 0.3424903089467759 0.3424903089467759
sudamericana 1 4.605170185988092 4.605170185988092
summary 1 2.407945608651872 2.407945608651872
supercopa 1 4.605170185988092 4.605170185988092
surez 1 3.506557897319982 3.506557897319982
table 1 0.0 0.0
tac 1 4.605170185988092 4.605170185988092
talk 1 0.0 0.0
talleres 1 3.912023005428146 3.912023005428146
tchira 1 4.605170185988092 4.605170185988092
tdhlist 1 0.1392620673335076 0.1392620673335076
team 1 1.0498221244986776 1.0498221244986776
teamvte 1 4.605170185988092 4.605170185988092
tejera 1 4.605170185988092 4.605170185988092
template 1 0.0 0.0
term 0 0.0 0.0
text 1 0.0 0.0
thbodyskinresponsive 1 0.3147107448397002 0.3147107448397002
thborder 1 3.2188758248682006 3.2188758248682006
thirdcaptain 1 4.605170185988092 4.605170185988092
tigre 1 4.605170185988092 4.605170185988092
tito 1 3.506557897319982 3.506557897319982
toggle 1 0.010050335853501506 0.010050335853501506
tom 0 1.2378743560016172 0.0
tomaghello 1 4.605170185988092 4.605170185988092
tool 0 0.0 0.0
top 1 0.010050335853501506 0.010050335853501506
topic 1 0.0 0.0
total 1 0.0 0.0
trademark 1 0.0 0.0
transfer 1 2.659260036932778 2.659260036932778
transferred 1 1.9661128563728327 1.9661128563728327
tucumn 1 4.605170185988092 4.605170185988092
ulises 1 4.605170185988092 4.605170185988092
ulpaddingem 1 0.1392620673335076 0.1392620673335076
undisclosed 1 3.506557897319982 3.506557897319982
unequal 1 4.605170185988092 4.605170185988092
unin 1 3.912023005428146 3.912023005428146
unsourced 1 1.3862943611198906 1.3862943611198906
updated 1 2.302585092994046 2.302585092994046
upload 1 0.0 0.0
uru 1 3.912023005428146 3.912023005428146
uruguay 1 3.506557897319982 3.506557897319982
use 1 0.0 0.0
using 1 0.0 0.0
utc 1 0.0 0.0
valenzuela 1 4.605170185988092 4.605170185988092
var 1 0.0 0.0
varela 1 3.506557897319982 3.506557897319982
vasco 1 3.912023005428146 3.912023005428146
venezia 1 3.506557897319982 3.506557897319982
venezuela 1 2.995732273553991 2.995732273553991
version 1 0.0 0.0
vicecaptain 1 4.605170185988092 4.605170185988092
vicente 1 3.912023005428146 3.912023005428146
view 1 0.0 0.0
villagra 1 4.605170185988092 4.605170185988092
vlez 1 4.605170185988092 4.605170185988092
week 0 1.2729656758128876 0.0
wikidata 1 0.010050335853501506 0.010050335853501506
wikimedia 1 0.0 0.0
wikipedia 1 0.0 0.0
win 1 1.1086626245216111 1.1086626245216111
winner 0 1.5141277326297755 0.0
wwwflashscorecom 1 4.605170185988092 4.605170185988092
zabala 1 4.605170185988092 4.605170185988092
zerillo 1 4.605170185988092 4.605170185988092
