aabborderleftpx 1 1.6607312068216509 1.6607312068216509
access 1 2.5257286443082556 2.5257286443082556
account 1 0.0 0.0
acting 1 1.8971199848858813 1.8971199848858813
action 0 0.0 0.0
active 1 2.0402208285265546 2.0402208285265546
adb 1 3.912023005428146 3.912023005428146
add 1 0.0 0.0
added 1 1.8325814637483102 1.8325814637483102
adding 1 2.0402208285265546 2.0402208285265546
addition 1 1.3862943611198906 1.3862943611198906
additional 1 0.0 0.0
administrative 1 2.995732273553991 2.995732273553991
aec 1 4.605170185988092 4.605170185988092
ago 1 1.9661128563728327 1.9661128563728327
agree 1 0.0 0.0
airconditioning 1 4.605170185988092 4.605170185988092
alike 1 0.0 0.0
along 1 1.4696759700589417 1.4696759700589417
also 1 0.127833371509885 0.127833371509885
aluminium 1 4.605170185988092 4.605170185988092
ambox 1 1.6607312068216509 1.6607312068216509
amboxborderpx 1 1.6607312068216509 1.6607312068216509
amboxmargin 1 1.6607312068216509 1.6607312068216509
anil 1 3.506557897319982 3.506557897319982
annals 1 4.605170185988092 4.605170185988092
another 1 0.9675840262617057 0.9675840262617057
appearance 1 0.0 0.0
apply 1 0.0 0.0
april 1 0.44628710262841953 0.44628710262841953
archived 1 0.47803580094299974 0.47803580094299974
area 1 1.2729656758128876 1.2729656758128876
around 1 1.0216512475319812 1.0216512475319812
arterial 1 4.605170185988092 4.605170185988092
article 1 0.0 0.0
aryadasa 1 4.605170185988092 4.605170185988092
ashok 1 3.2188758248682006 3.2188758248682006
asia 1 2.407945608651872 2.407945608651872
asian 1 2.407945608651872 2.407945608651872
assistance 1 2.302585092994046 2.302585092994046
associated 1 1.4696759700589417 1.4696759700589417
attribution 1 0.0 0.0
august 1 0.3424903089467759 0.3424903089467759
available 1 0.0 0.0
azure 1 2.995732273553991 2.995732273553991
back 1 1.0216512475319812 1.0216512475319812
backbone 1 4.605170185988092 4.605170185988092
based 1 1.07880966137193 1.07880966137193
basic 1 2.302585092994046 2.302585092994046
battling 1 3.912023005428146 3.912023005428146
became 1 0.7133498878774648 0.7133498878774648
began 1 0.8675005677047231 0.8675005677047231
belongs 1 3.912023005428146 3.912023005428146
benefit 1 2.5257286443082556 2.5257286443082556
benz 1 3.506557897319982 3.506557897319982
better 1 1.8971199848858813 1.8971199848858813
bipartisan 1 3.912023005428146 3.912023005428146
blue 1 1.4696759700589417 1.4696759700589417
board 1 1.5606477482646683 1.5606477482646683
body 0 1.4271163556401458 0.0
bodymediawiki 1 1.6607312068216509 1.6607312068216509
boon 1 3.506557897319982 3.506557897319982
boundary 1 2.995732273553991 2.995732273553991
british 1 1.5606477482646683 1.5606477482646683
broken 1 2.207274913189721 2.207274913189721
brt 1 4.605170185988092 4.605170185988092
bus 1 2.995732273553991 2.995732273553991
business 1 1.6094379124341003 1.6094379124341003
bustransit 1 4.605170185988092 4.605170185988092
cader 1 4.605170185988092 4.605170185988092
capai 1 4.605170185988092 4.605170185988092
capital 1 2.302585092994046 2.302585092994046
category 0 0.0 0.0
cbs 1 3.912023005428146 3.912023005428146
centered 1 3.912023005428146 3.912023005428146
centerpx 1 0.0408219945202552 0.0408219945202552
central 1 1.07880966137193 1.07880966137193
centre 1 2.0402208285265546 2.0402208285265546
ceylon 1 4.605170185988092 4.605170185988092
chaminda 1 4.605170185988092 4.605170185988092
chandra 1 2.995732273553991 2.995732273553991
change 1 0.0 0.0
citation 1 0.0408219945202552 0.0408219945202552
citationneeded 1 3.912023005428146 3.912023005428146
cite 1 0.0 0.0
citenews 1 1.5606477482646683 1.5606477482646683
city 1 0.6348782724359695 0.6348782724359695
code 1 0.0 0.0
colombo 1 3.912023005428146 3.912023005428146
comfort 1 3.2188758248682006 3.2188758248682006
commercial 1 2.0402208285265546 2.0402208285265546
common 0 0.0 0.0
community 1 1.6094379124341003 1.6094379124341003
commuter 1 3.912023005428146 3.912023005428146
company 1 1.2729656758128876 1.2729656758128876
compete 1 2.5257286443082556 2.5257286443082556
competitor 0 2.8134107167600364 0.0
compromise 1 3.506557897319982 3.506557897319982
concentrated 1 3.506557897319982 3.506557897319982
conduct 1 0.0 0.0
connect 1 3.2188758248682006 3.2188758248682006
consists 1 2.407945608651872 2.407945608651872
construction 1 1.8325814637483102 1.8325814637483102
contact 1 0.0 0.0
content 1 0.0 0.0
context 1 0.010050335853501506 0.010050335853501506
contribute 1 0.0 0.0
contribution 0 0.0 0.0
cookie 1 0.0 0.0
cookiematch 1 0.0 0.0
copy 1 1.9661128563728327 1.9661128563728327
corporation 0 1.8971199848858813 0.0
correspondent 1 2.995732273553991 2.995732273553991
cost 0 2.0402208285265546 0.0
country 1 0.843970070294529 0.843970070294529
courtesy 1 3.506557897319982 3.506557897319982
covered 1 2.995732273553991 2.995732273553991
covering 1 2.995732273553991 2.995732273553991
create 1 0.0 0.0
creates 1 3.506557897319982 3.506557897319982
creation 1 2.659260036932778 2.659260036932778
creative 1 0.0 0.0
csmaintcolorf 1 0.06187540371808745 0.06187540371808745
csmaintcolorfmedia 1 0.0408219945202552 0.0408219945202552
cswsicon 1 0.0408219945202552 0.0408219945202552
ctb 1 4.605170185988092 4.605170185988092
current 1 0.0 0.0
currently 1 2.207274913189721 2.207274913189721
daily 1 1.4271163556401458 1.4271163556401458
date 0 0.3147107448397002 0.0
dec 1 2.995732273553991 2.995732273553991
december 1 0.37106368139083196 0.37106368139083196
decline 1 2.5257286443082556 2.5257286443082556
decrepit 1 4.605170185988092 4.605170185988092
dedicated 1 2.407945608651872 2.407945608651872
dennis 1 2.120263536200091 2.120263536200091
depot 1 3.912023005428146 3.912023005428146
design 1 1.8971199848858813 1.8971199848858813
destination 1 3.2188758248682006 3.2188758248682006
developer 0 0.0 0.0
development 1 1.3093333199837622 1.3093333199837622
dinesh 1 3.506557897319982 3.506557897319982
disclaimer 0 0.0 0.0
district 1 1.4271163556401458 1.4271163556401458
dmy 1 1.4271163556401458 1.4271163556401458
donate 1 0.0 0.0
door 1 2.5257286443082556 2.5257286443082556
download 1 0.0 0.0
easily 1 2.995732273553991 2.995732273553991
eastern 1 1.5606477482646683 1.5606477482646683
edirisuriya 1 4.605170185988092 4.605170185988092
efficiency 1 3.2188758248682006 3.2188758248682006
employee 0 2.0402208285265546 0.0
employeescitation 1 4.605170185988092 4.605170185988092
encyclopedia 1 0.0 0.0
english 1 0.0 0.0
enterprise 1 2.5257286443082556 2.5257286443082556
entity 1 2.5257286443082556 2.5257286443082556
equivalent 0 2.8134107167600364 0.0
establishment 0 1.9661128563728327 0.0
etc 1 2.659260036932778 2.659260036932778
evaluation 1 4.605170185988092 4.605170185988092
event 0 0.0 0.0
every 1 1.4271163556401458 1.4271163556401458
exp 1 0.0 0.0
expanded 1 2.659260036932778 2.659260036932778
expanding 1 2.407945608651872 2.407945608651872
expandsection 1 4.605170185988092 4.605170185988092
expansion 1 2.0402208285265546 2.0402208285265546
expressway 1 4.605170185988092 4.605170185988092
extend 1 3.506557897319982 3.506557897319982
extensive 1 2.995732273553991 2.995732273553991
external 1 0.44628710262841953 0.44628710262841953
facility 0 2.407945608651872 0.0
fathima 1 4.605170185988092 4.605170185988092
faulks 1 4.605170185988092 4.605170185988092
february 1 0.27443684570176036 0.27443684570176036
feederbus 1 4.605170185988092 4.605170185988092
field 1 1.0498221244986776 1.0498221244986776
file 1 0.0 0.0
finally 1 1.8971199848858813 1.8971199848858813
first 1 0.1508228897345837 0.1508228897345837
fix 1 2.5257286443082556 2.5257286443082556
fleet 1 2.995732273553991 2.995732273553991
foreign 1 1.8971199848858813 1.8971199848858813
forum 1 2.8134107167600364 2.8134107167600364
foundation 1 0.0 0.0
free 1 0.0 0.0
frequent 1 3.506557897319982 3.506557897319982
front 1 1.7147984280919266 1.7147984280919266
function 0 2.207274913189721 0.0
galle 1 4.605170185988092 4.605170185988092
gamangamana 1 4.605170185988092 4.605170185988092
gampaha 1 4.605170185988092 4.605170185988092
gauge 1 4.605170185988092 4.605170185988092
general 1 0.0 0.0
germany 1 1.4271163556401458 1.4271163556401458
get 1 0.0 0.0
go 0 2.120263536200091 0.0
godagama 1 4.605170185988092 4.605170185988092
gunawardena 1 4.605170185988092 4.605170185988092
hailed 1 4.605170185988092 4.605170185988092
halfpainted 1 4.605170185988092 4.605170185988092
handled 1 3.2188758248682006 3.2188758248682006
hatnote 1 0.843970070294529 0.843970070294529
headquarters 1 2.207274913189721 2.207274913189721
help 1 0.0 0.0
hidden 1 0.010050335853501506 0.010050335853501506
hide 1 0.0 0.0
high 1 0.9416085398584451 0.9416085398584451
history 1 0.0 0.0
homagama 1 4.605170185988092 4.605170185988092
hour 0 1.7719568419318754 0.0
however 1 0.6931471805599453 0.6931471805599453
hub 1 2.995732273553991 2.995732273553991
idlockfree 1 0.0408219945202552 0.0408219945202552
idlockfreeidlockfree 1 0.0408219945202552 0.0408219945202552
idlocklimited 1 0.0408219945202552 0.0408219945202552
idlockregistration 1 0.0408219945202552 0.0408219945202552
idlocksubscription 1 0.0408219945202552 0.0408219945202552
ilakai 1 4.605170185988092 4.605170185988092
implemented 1 3.506557897319982 3.506557897319982
import 1 2.8134107167600364 2.8134107167600364
imported 1 3.912023005428146 3.912023005428146
inaugural 1 2.995732273553991 2.995732273553991
inc 1 0.0 0.0
include 1 1.3093333199837622 1.3093333199837622
including 1 0.7133498878774648 0.7133498878774648
india 1 1.7147984280919266 1.7147984280919266
infobox 1 0.3011050927839216 0.3011050927839216
infoboxtable 1 0.3147107448397002 0.3147107448397002
information 1 0.0 0.0
instead 1 1.6607312068216509 1.6607312068216509
integrated 1 2.407945608651872 2.407945608651872
integration 1 3.912023005428146 3.912023005428146
intercity 1 4.605170185988092 4.605170185988092
internal 1 2.995732273553991 2.995732273553991
international 1 0.5978370007556204 0.5978370007556204
interprovincial 1 4.605170185988092 4.605170185988092
intersect 1 4.605170185988092 4.605170185988092
introduce 1 3.2188758248682006 3.2188758248682006
involved 1 1.5606477482646683 1.5606477482646683
ironeating 1 4.605170185988092 4.605170185988092
island 1 1.5141277326297755 1.5141277326297755
isolated 1 3.912023005428146 3.912023005428146
issue 0 1.1086626245216111 0.0
isuzu 1 3.912023005428146 3.912023005428146
item 1 0.010050335853501506 0.010050335853501506
jaffna 1 4.605170185988092 4.605170185988092
january 1 0.3424903089467759 0.3424903089467759
japan 1 1.7719568419318754 1.7719568419318754
jayantha 1 4.605170185988092 4.605170185988092
jayaratna 1 4.605170185988092 4.605170185988092
jayasuriya 1 4.605170185988092 4.605170185988092
jbiz 1 4.605170185988092 4.605170185988092
joint 1 2.302585092994046 2.302585092994046
july 1 0.43078291609245434 0.43078291609245434
jump 1 0.0 0.0
junction 1 3.2188758248682006 3.2188758248682006
kalutara 1 4.605170185988092 4.605170185988092
kandy 1 4.605170185988092 4.605170185988092
kataragama 1 4.605170185988092 4.605170185988092
katunayake 1 4.605170185988092 4.605170185988092
known 1 0.7985076962177716 0.7985076962177716
kurunegala 1 4.605170185988092 4.605170185988092
landmark 1 2.995732273553991 2.995732273553991
lane 0 2.120263536200091 0.0
language 0 0.0 0.0
lanka 1 2.8134107167600364 2.8134107167600364
large 1 1.4696759700589417 1.4696759700589417
largest 1 2.407945608651872 2.407945608651872
last 1 0.0 0.0
learn 1 0.0 0.0
left 1 1.171182981502945 1.171182981502945
lettering 1 4.605170185988092 4.605170185988092
leyland 1 4.605170185988092 4.605170185988092
liability 1 3.912023005428146 3.912023005428146
license 1 0.0 0.0
limited 1 2.0402208285265546 2.0402208285265546
link 1 0.0 0.0
lion 1 2.659260036932778 2.659260036932778
livery 1 4.605170185988092 4.605170185988092
load 1 3.912023005428146 3.912023005428146
log 1 0.0 0.0
logged 1 0.0 0.0
logo 1 2.302585092994046 2.302585092994046
london 1 1.5141277326297755 1.5141277326297755
lonely 1 4.605170185988092 4.605170185988092
longdistance 1 3.912023005428146 3.912023005428146
longest 1 3.912023005428146 3.912023005428146
loss 1 1.7147984280919266 1.7147984280919266
lowfloor 1 4.605170185988092 4.605170185988092
ltd 1 2.407945608651872 2.407945608651872
luxury 1 2.995732273553991 2.995732273553991
made 1 0.653926467406664 0.653926467406664
maharagama 1 4.605170185988092 4.605170185988092
main 1 0.0 0.0
mainly 1 2.995732273553991 2.995732273553991
maint 1 1.6607312068216509 1.6607312068216509
maintain 1 3.506557897319982 3.506557897319982
maithripala 1 4.605170185988092 4.605170185988092
major 1 1.1086626245216111 1.1086626245216111
malpractice 0 4.605170185988092 0.0
managerial 1 3.912023005428146 3.912023005428146
mandalayaformerly 1 4.605170185988092 4.605170185988092
many 1 0.7550225842780328 0.7550225842780328
map 1 2.0402208285265546 2.0402208285265546
march 1 0.3147107448397002 0.3147107448397002
mark 1 1.1394342831883648 1.1394342831883648
maroon 1 4.605170185988092 4.605170185988092
maximum 1 2.659260036932778 2.659260036932778
may 1 0.0 0.0
meaningful 1 4.605170185988092 4.605170185988092
medium 0 0.49429632181478017 0.0
mediumdistance 1 4.605170185988092 4.605170185988092
menu 1 0.0 0.0
mercedes 1 3.506557897319982 3.506557897319982
mids 1 2.995732273553991 2.995732273553991
minister 1 1.5606477482646683 1.5606477482646683
ministry 1 2.120263536200091 2.120263536200091
minute 0 1.6607312068216509 0.0
mirror 1 2.995732273553991 2.995732273553991
mitsubishi 1 4.605170185988092 4.605170185988092
mobile 1 0.0 0.0
mode 0 3.912023005428146 0.0
modern 1 1.5606477482646683 1.5606477482646683
money 1 1.8325814637483102 1.8325814637483102
moonesinghe 1 4.605170185988092 4.605170185988092
mostly 1 2.407945608651872 2.407945608651872
motor 1 2.302585092994046 2.302585092994046
move 1 0.0 0.0
munza 1 4.605170185988092 4.605170185988092
mushtaq 1 4.605170185988092 4.605170185988092
narahenpita 1 4.605170185988092 4.605170185988092
nationalised 1 4.605170185988092 4.605170185988092
navbarfontsizemedia 1 0.3147107448397002 0.3147107448397002
navigation 1 0.0 0.0
need 0 1.2039728043259361 0.0
needed 1 1.3862943611198906 1.3862943611198906
negombo 1 4.605170185988092 4.605170185988092
network 1 1.3470736479666094 1.3470736479666094
new 1 0.24846135929849972 0.24846135929849972
news 1 0.843970070294529 0.843970070294529
newspaper 0 1.5141277326297755 0.0
newspaperscom 1 3.506557897319982 3.506557897319982
nissanka 1 4.605170185988092 4.605170185988092
nittambuwa 1 4.605170185988092 4.605170185988092
nonprofit 1 0.0 0.0
norm 1 3.506557897319982 3.506557897319982
normal 1 2.995732273553991 2.995732273553991
north 1 0.8209805520698303 0.8209805520698303
northern 1 1.3093333199837622 1.3093333199837622
november 1 0.3011050927839216 0.3011050927839216
number 1 0.7550225842780328 0.7550225842780328
observer 1 3.506557897319982 3.506557897319982
occasion 0 2.659260036932778 0.0
october 1 0.28768207245178085 0.28768207245178085
office 1 1.1086626245216111 1.1086626245216111
official 1 0.7550225842780328 0.7550225842780328
often 1 1.6607312068216509 1.6607312068216509
omnibus 1 3.912023005428146 3.912023005428146
one 1 0.23572233352106994 0.23572233352106994
oneway 1 4.605170185988092 4.605170185988092
operate 1 2.995732273553991 2.995732273553991
operated 1 2.995732273553991 2.995732273553991
operating 1 2.5257286443082556 2.5257286443082556
operation 1 1.7147984280919266 1.7147984280919266
operator 1 2.8134107167600364 2.8134107167600364
orbital 1 4.605170185988092 4.605170185988092
order 1 1.171182981502945 1.171182981502945
ordered 1 2.302585092994046 2.302585092994046
ordering 1 3.912023005428146 3.912023005428146
organization 1 0.0 0.0
organizationname 1 0.010050335853501506 0.010050335853501506
original 1 0.4155154439616658 0.4155154439616658
originally 1 1.9661128563728327 1.9661128563728327
oval 1 3.912023005428146 3.912023005428146
owing 1 3.506557897319982 3.506557897319982
owned 1 2.407945608651872 2.407945608651872
owneroperated 1 4.605170185988092 4.605170185988092
page 1 0.0 0.0
painted 1 3.912023005428146 3.912023005428146
panadura 1 4.605170185988092 4.605170185988092
paper 1 1.6607312068216509 1.6607312068216509
parliament 1 2.407945608651872 2.407945608651872
participation 1 2.407945608651872 2.407945608651872
passenger 1 3.2188758248682006 3.2188758248682006
past 1 1.7719568419318754 1.7719568419318754
paving 1 3.912023005428146 3.912023005428146
pdf 1 1.0498221244986776 1.0498221244986776
pdfprintable 1 0.0 0.0
peak 1 2.8134107167600364 2.8134107167600364
people 1 0.49429632181478017 0.49429632181478017
peoplised 1 4.605170185988092 4.605170185988092
perera 1 4.605170185988092 4.605170185988092
period 1 1.4271163556401458 1.4271163556401458
permanent 1 0.0 0.0
personal 1 0.0 0.0
pettah 1 4.605170185988092 4.605170185988092
picture 0 2.5257286443082556 0.0
pkkuvarattu 1 4.605170185988092 4.605170185988092
planet 1 2.659260036932778 2.659260036932778
planned 1 2.5257286443082556 2.5257286443082556
pointed 1 3.2188758248682006 3.2188758248682006
policy 1 0.0 0.0
political 1 1.3470736479666094 1.3470736479666094
population 1 2.207274913189721 2.207274913189721
portal 1 0.0 0.0
possible 1 1.8971199848858813 1.8971199848858813
post 1 1.07880966137193 1.07880966137193
present 1 0.9675840262617057 0.9675840262617057
primary 1 2.0402208285265546 2.0402208285265546
prime 1 2.0402208285265546 2.0402208285265546
printbodyns 1 0.09431067947124142 0.09431067947124142
printexport 1 0.0 0.0
privacy 1 0.0 0.0
private 1 1.8325814637483102 1.8325814637483102
privatised 1 4.605170185988092 4.605170185988092
privatization 1 4.605170185988092 4.605170185988092
profile 0 2.0402208285265546 0.0
profit 1 3.2188758248682006 3.2188758248682006
program 1 1.7719568419318754 1.7719568419318754
project 0 0.0 0.0
proposed 1 2.5257286443082556 2.5257286443082556
provide 1 2.302585092994046 2.302585092994046
provider 1 3.506557897319982 3.506557897319982
provides 1 2.659260036932778 2.659260036932778
providing 1 2.8134107167600364 2.8134107167600364
province 1 2.120263536200091 2.120263536200091
provincial 1 2.995732273553991 2.995732273553991
public 1 0.9675840262617057 0.9675840262617057
publication 0 1.3862943611198906 0.0
pursuit 1 2.995732273553991 2.995732273553991
puttalam 1 4.605170185988092 4.605170185988092
radial 1 4.605170185988092 4.605170185988092
rail 1 2.995732273553991 2.995732273553991
railway 0 3.2188758248682006 0.0
raise 1 2.302585092994046 2.302585092994046
rampant 1 3.912023005428146 3.912023005428146
random 1 0.0 0.0
ranga 1 4.605170185988092 4.605170185988092
rapid 1 2.8134107167600364 2.8134107167600364
rare 1 2.8134107167600364 2.8134107167600364
rat 0 3.506557897319982 0.0
ratnam 1 4.605170185988092 4.605170185988092
ratnasinghe 1 4.605170185988092 4.605170185988092
razik 1 4.605170185988092 4.605170185988092
read 1 0.0 0.0
reading 1 1.5606477482646683 1.5606477482646683
received 1 1.1394342831883648 1.1394342831883648
recent 1 0.0 0.0
recognisable 1 4.605170185988092 4.605170185988092
recommended 1 2.995732273553991 2.995732273553991
reconstituted 1 4.605170185988092 4.605170185988092
red 1 1.07880966137193 1.07880966137193
refbegincolumns 1 2.659260036932778 2.659260036932778
refbeginfontsize 1 2.659260036932778 2.659260036932778
reference 0 0.03045920748470844 0.0
reflist 1 0.06187540371808745 0.06187540371808745
reflistcolumns 1 0.06187540371808745 0.06187540371808745
reg 1 0.0 0.0
regional 1 2.407945608651872 2.407945608651872
registered 1 0.0 0.0
regularising 1 4.605170185988092 4.605170185988092
regulation 1 2.407945608651872 2.407945608651872
related 1 0.0 0.0
relation 1 1.7719568419318754 1.7719568419318754
replaced 1 1.8971199848858813 1.8971199848858813
response 1 2.120263536200091 2.120263536200091
resulting 1 2.407945608651872 2.407945608651872
resurrecting 1 4.605170185988092 4.605170185988092
resurrection 1 2.659260036932778 2.659260036932778
retrieved 1 0.0 0.0
return 0 1.07880966137193 0.0
revival 1 2.995732273553991 2.995732273553991
road 1 1.3862943611198906 1.3862943611198906
roman 1 1.7719568419318754 1.7719568419318754
route 1 2.8134107167600364 2.8134107167600364
routemaster 1 4.605170185988092 4.605170185988092
rtb 1 4.605170185988092 4.605170185988092
run 1 1.171182981502945 1.171182981502945
running 1 1.6607312068216509 1.6607312068216509
rural 1 2.8134107167600364 2.8134107167600364
sabaragamuwa 1 4.605170185988092 4.605170185988092
safety 1 2.407945608651872 2.407945608651872
said 1 1.5606477482646683 1.5606477482646683
sansoni 1 4.605170185988092 4.605170185988092
save 1 1.8971199848858813 1.8971199848858813
saving 1 2.407945608651872 2.407945608651872
scramble 1 4.605170185988092 4.605170185988092
screen 1 0.010050335853501506 0.010050335853501506
script 1 2.5257286443082556 2.5257286443082556
search 1 0.0 0.0
secondhand 1 4.605170185988092 4.605170185988092
secondly 1 4.605170185988092 4.605170185988092
section 1 1.8325814637483102 1.8325814637483102
sector 1 2.995732273553991 2.995732273553991
see 1 0.40047756659712536 0.40047756659712536
senanayake 1 4.605170185988092 4.605170185988092
september 1 0.43078291609245434 0.43078291609245434
serf 0 2.995732273553991 0.0
service 1 1.2378743560016172 1.2378743560016172
setting 1 2.120263536200091 2.120263536200091
several 1 0.8209805520698303 0.8209805520698303
share 1 0.0 0.0
shortened 1 0.0 0.0
shorter 1 3.2188758248682006 3.2188758248682006
shri 1 3.912023005428146 3.912023005428146
side 1 1.4271163556401458 1.4271163556401458
sidebar 1 0.0 0.0
single 1 1.4696759700589417 1.4696759700589417
sinhala 1 4.605170185988092 4.605170185988092
site 1 0.0 0.0
sltb 1 4.605170185988092 4.605170185988092
sltbfounded 1 4.605170185988092 4.605170185988092
solid 1 0.09431067947124142 0.09431067947124142
soon 1 1.8325814637483102 1.8325814637483102
southern 1 1.6607312068216509 1.6607312068216509
special 1 0.0 0.0
sri 1 2.8134107167600364 2.8134107167600364
stand 1 2.120263536200091 2.120263536200091
start 1 1.4271163556401458 1.4271163556401458
started 1 1.6094379124341003 1.6094379124341003
state 1 0.3147107448397002 0.3147107448397002
statement 1 0.0 0.0
station 1 1.8325814637483102 1.8325814637483102
statistic 0 0.0 0.0
step 1 2.120263536200091 2.120263536200091
still 1 0.9416085398584451 0.9416085398584451
stop 0 2.120263536200091 0.0
streamline 1 3.912023005428146 3.912023005428146
street 0 1.4271163556401458 0.0
strip 0 4.605170185988092 0.0
studied 1 2.8134107167600364 2.8134107167600364
subsection 1 0.3424903089467759 0.3424903089467759
suburb 0 3.912023005428146 0.0
suburban 1 3.506557897319982 3.506557897319982
sunday 1 1.9661128563728327 1.9661128563728327
support 1 1.2729656758128876 1.2729656758128876
surface 1 2.8134107167600364 2.8134107167600364
survey 1 2.5257286443082556 2.5257286443082556
symbol 0 2.0402208285265546 0.0
system 1 0.9162907318741551 0.9162907318741551
table 1 0.0 0.0
talk 1 0.0 0.0
tamil 1 2.995732273553991 2.995732273553991
tata 1 4.605170185988092 4.605170185988092
template 1 0.0 0.0
term 0 0.0 0.0
text 1 0.0 0.0
thbodyskinresponsive 1 0.3147107448397002 0.3147107448397002
throughout 1 1.171182981502945 1.171182981502945
ticket 1 2.995732273553991 2.995732273553991
time 1 0.28768207245178085 0.28768207245178085
title 1 0.9162907318741551 0.9162907318741551
today 1 1.4696759700589417 1.4696759700589417
toggle 1 0.010050335853501506 0.010050335853501506
toning 1 4.605170185988092 4.605170185988092
took 1 1.171182981502945 1.171182981502945
tool 0 0.0 0.0
top 1 0.010050335853501506 0.010050335853501506
topic 1 0.0 0.0
topological 1 4.605170185988092 4.605170185988092
total 1 0.0 0.0
trademark 1 0.0 0.0
traffic 1 2.995732273553991 2.995732273553991
transit 1 2.8134107167600364 2.8134107167600364
transport 1 2.5257286443082556 2.5257286443082556
transportation 1 2.659260036932778 2.659260036932778
trial 1 1.8971199848858813 1.8971199848858813
tribune 1 1.9661128563728327 1.9661128563728327
trip 1 2.302585092994046 2.302585092994046
two 1 0.43078291609245434 0.43078291609245434
type 1 1.2729656758128876 1.2729656758128876
unattractive 1 4.605170185988092 4.605170185988092
underwent 1 3.912023005428146 3.912023005428146
unlike 1 2.995732273553991 2.995732273553991
unpainted 1 4.605170185988092 4.605170185988092
unprofitable 1 4.605170185988092 4.605170185988092
unsourced 1 1.3862943611198906 1.3862943611198906
upload 1 0.0 0.0
urban 1 2.120263536200091 2.120263536200091
us 0 1.6094379124341003 0.0
use 1 0.0 0.0
usedmydates 1 3.506557897319982 3.506557897319982
using 1 0.0 0.0
utc 1 0.0 0.0
uva 1 4.605170185988092 4.605170185988092
var 1 0.0 0.0
venture 0 2.995732273553991 0.0
version 1 0.0 0.0
view 1 0.0 0.0
visionary 1 3.912023005428146 3.912023005428146
volume 1 1.6094379124341003 1.6094379124341003
volvo 1 4.605170185988092 4.605170185988092
way 1 1.1086626245216111 1.1086626245216111
web 1 1.4696759700589417 1.4696759700589417
website 1 1.6094379124341003 1.6094379124341003
welcomed 1 3.912023005428146 3.912023005428146
well 1 0.7765287894989963 0.7765287894989963
western 1 1.2039728043259361 1.2039728043259361
wikidata 1 0.010050335853501506 0.010050335853501506
wikimedia 1 0.0 0.0
wikipedia 1 0.0 0.0
within 1 1.3862943611198906 1.3862943611198906
without 1 1.3093333199837622 1.3093333199837622
word 0 1.6094379124341003 0.0
work 0 0.7133498878774648 0.0
worker 0 2.0402208285265546 0.0
world 1 0.5108256237659907 0.5108256237659907
would 1 0.7550225842780328 0.7550225842780328
year 1 0.3424903089467759 0.3424903089467759
yet 1 1.8971199848858813 1.8971199848858813
yutong 1 4.605170185988092 4.605170185988092
