aabborderleftpx 1 1.6607312068216509 1.6607312068216509
aarn 1 4.605170185988092 4.605170185988092
aaron 1 2.207274913189721 2.207274913189721
aba 1 4.605170185988092 4.605170185988092
abandoned 1 3.2188758248682006 3.2188758248682006
abella 1 4.605170185988092 4.605170185988092
abusaid 1 4.605170185988092 4.605170185988092
academia 1 3.912023005428146 3.912023005428146
academy 1 1.8325814637483102 1.8325814637483102
accessory 0 3.912023005428146 0.0
accident 1 2.407945608651872 2.407945608651872
account 1 0.0 0.0
acerca 1 4.605170185988092 4.605170185988092
acevedo 1 4.605170185988092 4.605170185988092
achieved 1 2.5257286443082556 2.5257286443082556
acquisition 1 2.995732273553991 2.995732273553991
across 1 1.8325814637483102 1.8325814637483102
action 0 0.0 0.0
add 1 0.0 0.0
added 1 1.8325814637483102 1.8325814637483102
adding 1 2.0402208285265546 2.0402208285265546
additional 1 0.0 0.0
adidas 1 4.605170185988092 4.605170185988092
adomaitis 1 4.605170185988092 4.605170185988092
adopted 1 2.207274913189721 2.207274913189721
adrin 1 4.605170185988092 4.605170185988092
advance 1 2.5257286443082556 2.5257286443082556
aggregate 1 2.995732273553991 2.995732273553991
ago 1 1.9661128563728327 1.9661128563728327
agree 1 0.0 0.0
agreement 1 2.5257286443082556 2.5257286443082556
aguirre 1 4.605170185988092 4.605170185988092
agustn 1 3.912023005428146 3.912023005428146
ahumada 1 4.605170185988092 4.605170185988092
alanis 1 4.605170185988092 4.605170185988092
alberto 1 2.8134107167600364 2.8134107167600364
alcantara 1 4.605170185988092 4.605170185988092
aldo 1 4.605170185988092 4.605170185988092
alejandro 1 4.605170185988092 4.605170185988092
alfredo 1 3.506557897319982 3.506557897319982
alike 1 0.0 0.0
allegedly 1 4.605170185988092 4.605170185988092
alltime 1 3.2188758248682006 3.2188758248682006
almada 1 4.605170185988092 4.605170185988092
almeida 1 3.912023005428146 3.912023005428146
also 1 0.127833371509885 0.127833371509885
altamirano 1 4.605170185988092 4.605170185988092
always 1 2.207274913189721 2.207274913189721
ambox 1 1.6607312068216509 1.6607312068216509
amboxborderpx 1 1.6607312068216509 1.6607312068216509
amboxmargin 1 1.6607312068216509 1.6607312068216509
ambrz 1 4.605170185988092 4.605170185988092
america 1 0.8675005677047231 0.8675005677047231
amezcua 1 4.605170185988092 4.605170185988092
amione 1 4.605170185988092 4.605170185988092
amrica 1 3.912023005428146 3.912023005428146
anda 1 4.605170185988092 4.605170185988092
anderson 1 2.302585092994046 2.302585092994046
andres 1 3.506557897319982 3.506557897319982
andrs 1 3.506557897319982 3.506557897319982
angel 0 2.407945608651872 0.0
angeles 1 1.6607312068216509 1.6607312068216509
anniversary 1 2.659260036932778 2.659260036932778
announced 1 1.2039728043259361 1.2039728043259361
another 1 0.9675840262617057 0.9675840262617057
ante 1 3.912023005428146 3.912023005428146
anthony 1 1.5141277326297755 1.5141277326297755
antonio 1 2.659260036932778 2.659260036932778
anzotegui 1 4.605170185988092 4.605170185988092
apertura 1 4.605170185988092 4.605170185988092
appealed 1 3.912023005428146 3.912023005428146
appearance 1 0.0 0.0
apply 1 0.0 0.0
appointed 1 1.9661128563728327 1.9661128563728327
apps 1 3.2188758248682006 3.2188758248682006
apr 1 3.2188758248682006 3.2188758248682006
april 1 0.44628710262841953 0.44628710262841953
apud 1 4.605170185988092 4.605170185988092
aquino 1 3.912023005428146 3.912023005428146
arce 1 4.605170185988092 4.605170185988092
archived 1 0.47803580094299974 0.47803580094299974
arg 1 3.506557897319982 3.506557897319982
argentina 1 2.659260036932778 2.659260036932778
argentine 1 2.659260036932778 2.659260036932778
argentinian 1 4.605170185988092 4.605170185988092
armando 1 3.506557897319982 3.506557897319982
armendriz 1 4.605170185988092 4.605170185988092
arrival 1 2.5257286443082556 2.5257286443082556
arrived 1 2.5257286443082556 2.5257286443082556
arsenal 1 3.506557897319982 3.506557897319982
article 1 0.0 0.0
assist 0 2.5257286443082556 0.0
assistant 1 1.7147984280919266 1.7147984280919266
associated 1 1.4696759700589417 1.4696759700589417
association 1 1.1394342831883648 1.1394342831883648
asturianu 1 3.912023005428146 3.912023005428146
asturias 1 4.605170185988092 4.605170185988092
atlante 1 4.605170185988092 4.605170185988092
atlas 1 2.8134107167600364 2.8134107167600364
atletas 1 4.605170185988092 4.605170185988092
atletica 1 4.605170185988092 4.605170185988092
atletico 1 3.912023005428146 3.912023005428146
atltico 1 3.506557897319982 3.506557897319982
attribution 1 0.0 0.0
aug 1 2.5257286443082556 2.5257286443082556
august 1 0.3424903089467759 0.3424903089467759
authority 1 0.8915981192837835 0.8915981192837835
auto 1 0.1392620673335076 0.1392620673335076
automobile 1 3.912023005428146 3.912023005428146
autonomous 1 3.506557897319982 3.506557897319982
available 1 0.0 0.0
avanza 1 4.605170185988092 4.605170185988092
avoided 1 3.912023005428146 3.912023005428146
away 1 1.5606477482646683 1.5606477482646683
ayestarn 1 4.605170185988092 4.605170185988092
azteca 1 4.605170185988092 4.605170185988092
azul 1 4.605170185988092 4.605170185988092
back 1 1.0216512475319812 1.0216512475319812
badge 1 3.506557897319982 3.506557897319982
baloy 1 4.605170185988092 4.605170185988092
barcelona 1 3.2188758248682006 3.2188758248682006
barrera 1 4.605170185988092 4.605170185988092
barticciotto 1 4.605170185988092 4.605170185988092
base 1 1.4696759700589417 1.4696759700589417
based 1 1.07880966137193 1.07880966137193
bbc 1 2.5257286443082556 2.5257286443082556
beat 1 2.120263536200091 2.120263536200091
became 1 0.7133498878774648 0.7133498878774648
began 1 0.8675005677047231 0.8675005677047231
behind 1 1.8971199848858813 1.8971199848858813
belgian 1 3.506557897319982 3.506557897319982
benitez 1 3.912023005428146 3.912023005428146
benjamin 1 2.0402208285265546 2.0402208285265546
benjamn 1 4.605170185988092 4.605170185988092
bentez 1 4.605170185988092 4.605170185988092
berth 1 3.506557897319982 3.506557897319982
best 1 1.0216512475319812 1.0216512475319812
bev 1 4.605170185988092 4.605170185988092
bicentenario 1 4.605170185988092 4.605170185988092
black 1 0.8915981192837835 0.8915981192837835
blanco 1 3.2188758248682006 3.2188758248682006
blancos 1 4.605170185988092 4.605170185988092
board 1 1.5606477482646683 1.5606477482646683
bodymediawiki 1 1.6607312068216509 1.6607312068216509
bokml 1 2.120263536200091 2.120263536200091
book 0 0.6348782724359695 0.0
borboa 1 4.605170185988092 4.605170185988092
borgetti 1 4.605170185988092 4.605170185988092
borghetti 1 4.605170185988092 4.605170185988092
bought 1 2.995732273553991 2.995732273553991
brazil 1 2.120263536200091 2.120263536200091
brazilian 1 2.8134107167600364 2.8134107167600364
bruno 1 2.995732273553991 2.995732273553991
buap 1 4.605170185988092 4.605170185988092
bueno 1 4.605170185988092 4.605170185988092
buenos 1 3.912023005428146 3.912023005428146
bull 0 2.5257286443082556 0.0
businessmen 1 3.912023005428146 3.912023005428146
butler 1 2.302585092994046 2.302585092994046
buying 1 3.912023005428146 3.912023005428146
caballero 1 3.506557897319982 3.506557897319982
cae 1 4.605170185988092 4.605170185988092
caixinha 1 4.605170185988092 4.605170185988092
caldern 1 4.605170185988092 4.605170185988092
calderon 1 4.605170185988092 4.605170185988092
camoranesi 1 4.605170185988092 4.605170185988092
campen 1 4.605170185988092 4.605170185988092
campeon 1 4.605170185988092 4.605170185988092
campeonato 1 4.605170185988092 4.605170185988092
campeones 1 4.605170185988092 4.605170185988092
campesinos 1 4.605170185988092 4.605170185988092
cancelled 1 2.8134107167600364 2.8134107167600364
canedo 1 4.605170185988092 4.605170185988092
cant 1 2.8134107167600364 2.8134107167600364
capacity 1 2.659260036932778 2.659260036932778
captain 1 2.120263536200091 2.120263536200091
cario 1 4.605170185988092 4.605170185988092
carlos 1 2.995732273553991 2.995732273553991
carren 1 4.605170185988092 4.605170185988092
carrillo 1 4.605170185988092 4.605170185988092
castillo 1 3.506557897319982 3.506557897319982
castrejn 1 4.605170185988092 4.605170185988092
cataletina 1 2.659260036932778 2.659260036932778
category 1 0.0 0.0
cejas 1 4.605170185988092 4.605170185988092
celaya 1 4.605170185988092 4.605170185988092
celebrated 1 3.506557897319982 3.506557897319982
celebrating 1 3.2188758248682006 3.2188758248682006
celtic 1 3.506557897319982 3.506557897319982
centerpx 1 0.0408219945202552 0.0408219945202552
cesar 1 3.912023005428146 3.912023005428146
chairman 1 1.8325814637483102 1.8325814637483102
challenged 1 2.207274913189721 2.207274913189721
champion 1 1.3862943611198906 1.3862943611198906
championship 1 1.5606477482646683 1.5606477482646683
change 1 0.0 0.0
changed 1 1.6607312068216509 1.6607312068216509
charly 1 4.605170185988092 4.605170185988092
chi 1 3.506557897319982 3.506557897319982
chiapas 1 4.605170185988092 4.605170185988092
chilean 1 2.659260036932778 2.659260036932778
chivas 1 4.605170185988092 4.605170185988092
christian 1 1.4696759700589417 1.4696759700589417
chuletita 1 4.605170185988092 4.605170185988092
chvez 1 3.912023005428146 3.912023005428146
citation 1 0.0408219945202552 0.0408219945202552
cite 1 0.0 0.0
citeweb 1 0.5447271754416719 0.5447271754416719
city 1 0.6348782724359695 0.6348782724359695
ciudad 1 3.506557897319982 3.506557897319982
clash 1 2.659260036932778 2.659260036932778
clasificado 1 4.605170185988092 4.605170185988092
clausura 1 4.605170185988092 4.605170185988092
club 1 1.4271163556401458 1.4271163556401458
clubsantosmx 1 4.605170185988092 4.605170185988092
cndido 1 4.605170185988092 4.605170185988092
coach 1 1.7719568419318754 1.7719568419318754
coached 1 2.995732273553991 2.995732273553991
coaching 1 2.995732273553991 2.995732273553991
coahuila 1 4.605170185988092 4.605170185988092
cobra 0 3.2188758248682006 0.0
coca 1 3.2188758248682006 3.2188758248682006
cocca 1 4.605170185988092 4.605170185988092
code 1 0.0 0.0
coinciding 1 4.605170185988092 4.605170185988092
col 1 2.5257286443082556 2.5257286443082556
cola 1 3.506557897319982 3.506557897319982
colombian 1 4.605170185988092 4.605170185988092
color 0 2.0402208285265546 0.0
colour 0 2.5257286443082556 0.0
comarca 1 4.605170185988092 4.605170185988092
coming 1 1.7719568419318754 1.7719568419318754
commissioned 1 2.995732273553991 2.995732273553991
common 0 0.0 0.0
company 1 1.2729656758128876 1.2729656758128876
compensacin 1 4.605170185988092 4.605170185988092
competes 1 3.2188758248682006 3.2188758248682006
competition 1 1.8971199848858813 1.8971199848858813
composer 1 2.8134107167600364 2.8134107167600364
con 1 3.2188758248682006 3.2188758248682006
concacaf 1 4.605170185988092 4.605170185988092
concachampions 1 4.605170185988092 4.605170185988092
conduct 1 0.0 0.0
confused 1 2.8134107167600364 2.8134107167600364
consecutive 1 2.8134107167600364 2.8134107167600364
construction 1 1.8325814637483102 1.8325814637483102
consulta 1 4.605170185988092 4.605170185988092
contact 1 0.0 0.0
content 1 0.0 0.0
context 1 0.010050335853501506 0.010050335853501506
continental 1 2.5257286443082556 2.5257286443082556
continue 1 2.207274913189721 2.207274913189721
contract 1 2.207274913189721 2.207274913189721
contribute 1 0.0 0.0
contributing 1 3.912023005428146 3.912023005428146
contribution 0 0.0 0.0
control 1 0.7765287894989963 0.7765287894989963
controversial 1 2.8134107167600364 2.8134107167600364
convenio 1 4.605170185988092 4.605170185988092
cookie 1 0.0 0.0
cookiematch 1 0.0 0.0
copa 1 3.2188758248682006 3.2188758248682006
corazon 1 4.605170185988092 4.605170185988092
corona 1 4.605170185988092 4.605170185988092
corregidora 1 4.605170185988092 4.605170185988092
corresponding 1 2.8134107167600364 2.8134107167600364
couder 1 4.605170185988092 4.605170185988092
counterlistitema 1 0.127833371509885 0.127833371509885
country 1 0.843970070294529 0.843970070294529
create 1 0.0 0.0
creative 1 0.0 0.0
crest 1 3.2188758248682006 3.2188758248682006
cristal 1 4.605170185988092 4.605170185988092
cristian 1 3.912023005428146 3.912023005428146
crosas 1 4.605170185988092 4.605170185988092
crowd 1 3.2188758248682006 3.2188758248682006
cruz 1 2.8134107167600364 2.8134107167600364
csar 1 3.912023005428146 3.912023005428146
cslfounded 1 4.605170185988092 4.605170185988092
csmaintcolorf 1 0.06187540371808745 0.06187540371808745
csmaintcolorfmedia 1 0.0408219945202552 0.0408219945202552
cswsicon 1 0.0408219945202552 0.0408219945202552
cuadrangular 1 4.605170185988092 4.605170185988092
cuernavaca 1 4.605170185988092 4.605170185988092
cuerpo 1 3.912023005428146 3.912023005428146
cup 1 1.7719568419318754 1.7719568419318754
current 1 0.0 0.0
curtidores 1 4.605170185988092 4.605170185988092
cut 1 1.9661128563728327 1.9661128563728327
danger 1 2.407945608651872 2.407945608651872
daniel 1 1.3862943611198906 1.3862943611198906
dansk 1 2.995732273553991 2.995732273553991
dante 1 3.912023005428146 3.912023005428146
darker 1 4.605170185988092 4.605170185988092
darwin 1 4.605170185988092 4.605170185988092
database 0 0.9675840262617057 0.0
date 1 0.3147107448397002 0.3147107448397002
day 0 0.5276327420823719 0.0
debut 1 1.8325814637483102 1.8325814637483102
debuted 1 3.2188758248682006 3.2188758248682006
dec 1 2.995732273553991 2.995732273553991
december 1 0.37106368139083196 0.37106368139083196
defeat 1 1.9661128563728327 1.9661128563728327
defeated 1 2.407945608651872 2.407945608651872
defeating 1 2.407945608651872 2.407945608651872
defender 1 3.2188758248682006 3.2188758248682006
defending 1 3.506557897319982 3.506557897319982
defensive 1 3.2188758248682006 3.2188758248682006
defined 1 2.207274913189721 2.207274913189721
del 1 2.302585092994046 2.302585092994046
dellacha 1 4.605170185988092 4.605170185988092
demolished 1 4.605170185988092 4.605170185988092
denied 1 2.8134107167600364 2.8134107167600364
deportivo 1 3.912023005428146 3.912023005428146
description 1 0.07257069283483537 0.07257069283483537
despite 1 1.1394342831883648 1.1394342831883648
deutsch 1 0.9416085398584451 0.9416085398584451
developer 0 0.0 0.0
diaz 1 3.506557897319982 3.506557897319982
diego 1 2.659260036932778 2.659260036932778
dif 1 4.605170185988092 4.605170185988092
difference 1 2.302585092994046 2.302585092994046
different 1 0.3424903089467759 0.3424903089467759
dios 1 3.912023005428146 3.912023005428146
director 1 1.4271163556401458 1.4271163556401458
disastrous 1 3.912023005428146 3.912023005428146
disclaimer 0 0.0 0.0
dismissed 1 2.8134107167600364 2.8134107167600364
divisin 1 3.912023005428146 3.912023005428146
division 1 1.2729656758128876 1.2729656758128876
djaniny 1 4.605170185988092 4.605170185988092
djome 1 4.605170185988092 4.605170185988092
dnq 1 4.605170185988092 4.605170185988092
doctor 1 1.6607312068216509 1.6607312068216509
domestically 1 4.605170185988092 4.605170185988092
donate 1 0.0 0.0
download 1 0.0 0.0
draw 1 2.302585092994046 2.302585092994046
dtaftercontent 1 0.127833371509885 0.127833371509885
due 1 0.9416085398584451 0.9416085398584451
durango 1 3.912023005428146 3.912023005428146
dvila 1 4.605170185988092 4.605170185988092
dylan 1 3.506557897319982 3.506557897319982
dynamo 1 3.506557897319982 3.506557897319982
early 1 0.6348782724359695 0.6348782724359695
earned 1 2.207274913189721 2.207274913189721
echeverra 1 4.605170185988092 4.605170185988092
ecuadorian 1 4.605170185988092 4.605170185988092
edgar 1 2.659260036932778 2.659260036932778
edson 1 4.605170185988092 4.605170185988092
eduardo 1 3.2188758248682006 3.2188758248682006
eesti 1 2.8134107167600364 2.8134107167600364
effort 0 1.5141277326297755 0.0
eight 1 1.8971199848858813 1.8971199848858813
eighth 1 2.8134107167600364 2.8134107167600364
eligibility 1 2.995732273553991 2.995732273553991
elimina 1 4.605170185988092 4.605170185988092
eliminated 1 2.8134107167600364 2.8134107167600364
elimination 1 3.506557897319982 3.506557897319982
elizalde 1 4.605170185988092 4.605170185988092
emmanuel 1 3.912023005428146 3.912023005428146
encyclopedia 1 0.0 0.0
end 1 0.7985076962177716 0.7985076962177716
ended 1 2.0402208285265546 2.0402208285265546
english 1 0.0 0.0
enrique 1 3.912023005428146 3.912023005428146
entre 1 3.912023005428146 3.912023005428146
eric 1 1.8971199848858813 1.8971199848858813
escudo 1 4.605170185988092 4.605170185988092
esp 1 3.506557897319982 3.506557897319982
espaa 1 4.605170185988092 4.605170185988092
espaol 1 1.1394342831883648 1.1394342831883648
espn 1 3.506557897319982 3.506557897319982
established 1 1.1086626245216111 1.1086626245216111
establishment 0 1.9661128563728327 0.0
estadio 1 3.912023005428146 3.912023005428146
estrada 1 3.912023005428146 3.912023005428146
estudiantes 1 3.506557897319982 3.506557897319982
event 0 0.0 0.0
exception 0 2.8134107167600364 0.0
exchange 1 1.9661128563728327 1.9661128563728327
exclsior 1 4.605170185988092 4.605170185988092
exp 1 0.0 0.0
expansin 1 4.605170185988092 4.605170185988092
extent 1 2.5257286443082556 2.5257286443082556
external 1 0.44628710262841953 0.44628710262841953
extra 1 2.8134107167600364 2.8134107167600364
fa 0 4.605170185988092 0.0
facebook 1 3.506557897319982 3.506557897319982
faced 1 2.659260036932778 2.659260036932778
facility 0 2.407945608651872 0.0
fact 1 1.5141277326297755 1.5141277326297755
fagndez 1 4.605170185988092 4.605170185988092
failed 1 2.302585092994046 2.302585092994046
fan 1 1.7147984280919266 1.7147984280919266
favor 1 3.912023005428146 3.912023005428146
favorite 1 3.2188758248682006 3.2188758248682006
feat 1 3.2188758248682006 3.2188758248682006
featured 1 2.120263536200091 2.120263536200091
feb 1 2.659260036932778 2.659260036932778
february 1 0.27443684570176036 0.27443684570176036
federacion 1 4.605170185988092 4.605170185988092
felipe 1 3.912023005428146 3.912023005428146
fell 1 2.5257286443082556 2.5257286443082556
fentanes 1 4.605170185988092 4.605170185988092
fernando 1 3.912023005428146 3.912023005428146
fifa 1 2.8134107167600364 2.8134107167600364
fifth 1 2.120263536200091 2.120263536200091
fifthmostpopular 1 4.605170185988092 4.605170185988092
figueroa 1 4.605170185988092 4.605170185988092
file 1 0.0 0.0
final 1 0.9942522733438669 0.9942522733438669
finance 1 2.302585092994046 2.302585092994046
financial 1 1.8325814637483102 1.8325814637483102
find 1 1.3093333199837622 1.3093333199837622
finished 1 2.0402208285265546 2.0402208285265546
finishing 1 2.407945608651872 2.407945608651872
first 1 0.1508228897345837 0.1508228897345837
fitness 1 3.2188758248682006 3.2188758248682006
five 1 1.0216512475319812 1.0216512475319812
flag 0 1.7147984280919266 0.0
flagicon 1 2.659260036932778 2.659260036932778
flickr 1 4.605170185988092 4.605170185988092
flores 1 4.605170185988092 4.605170185988092
following 1 0.7133498878774648 0.7133498878774648
football 1 1.8325814637483102 1.8325814637483102
footballer 1 3.912023005428146 3.912023005428146
footballkit 1 4.605170185988092 4.605170185988092
form 1 1.3470736479666094 1.3470736479666094
formation 1 2.407945608651872 2.407945608651872
formed 1 1.7719568419318754 1.7719568419318754
former 1 0.9675840262617057 0.9675840262617057
fortune 0 2.302585092994046 0.0
forward 1 2.207274913189721 2.207274913189721
foundation 1 0.0 0.0
founded 1 1.7147984280919266 1.7147984280919266
founding 1 2.302585092994046 2.302585092994046
four 1 0.7985076962177716 0.7985076962177716
fourteen 1 4.605170185988092 4.605170185988092
fourth 1 1.4696759700589417 1.4696759700589417
fran 1 3.912023005428146 3.912023005428146
franais 1 0.8675005677047231 0.8675005677047231
franchise 1 2.207274913189721 2.207274913189721
francisco 1 1.7719568419318754 1.7719568419318754
franco 1 2.120263536200091 2.120263536200091
free 1 0.0 0.0
friendly 1 2.995732273553991 2.995732273553991
frmula 1 4.605170185988092 4.605170185988092
fsplayer 1 3.506557897319982 3.506557897319982
ftbol 1 4.605170185988092 4.605170185988092
full 1 1.1086626245216111 1.1086626245216111
furch 1 4.605170185988092 4.605170185988092
futbol 1 4.605170185988092 4.605170185988092
futbolistas 1 4.605170185988092 4.605170185988092
gabriel 1 2.659260036932778 2.659260036932778
galego 1 2.995732273553991 2.995732273553991
galindo 1 3.912023005428146 3.912023005428146
gallos 1 4.605170185988092 4.605170185988092
game 1 1.2378743560016172 1.2378743560016172
ganar 1 4.605170185988092 4.605170185988092
garca 1 3.2188758248682006 3.2188758248682006
garibay 1 4.605170185988092 4.605170185988092
gascn 1 4.605170185988092 4.605170185988092
gemez 1 4.605170185988092 4.605170185988092
general 1 0.0 0.0
gerardo 1 3.912023005428146 3.912023005428146
get 1 0.0 0.0
giving 1 2.207274913189721 2.207274913189721
global 1 1.7719568419318754 1.7719568419318754
gmez 1 3.912023005428146 3.912023005428146
goal 1 1.8971199848858813 1.8971199848858813
goalkeeper 1 3.506557897319982 3.506557897319982
gol 1 4.605170185988092 4.605170185988092
goleo 1 4.605170185988092 4.605170185988092
goltz 1 4.605170185988092 4.605170185988092
gomez 1 3.2188758248682006 3.2188758248682006
gonzlez 1 3.506557897319982 3.506557897319982
govea 1 4.605170185988092 4.605170185988092
graniolatti 1 4.605170185988092 4.605170185988092
green 1 1.171182981502945 1.171182981502945
greenand 1 4.605170185988092 4.605170185988092
greenandwhite 1 4.605170185988092 4.605170185988092
grew 1 2.302585092994046 2.302585092994046
ground 1 1.8325814637483102 1.8325814637483102
group 1 0.8209805520698303 0.8209805520698303
grupo 1 3.912023005428146 3.912023005428146
guadalajara 1 4.605170185988092 4.605170185988092
guadalupe 1 4.605170185988092 4.605170185988092
guardanes 1 4.605170185988092 4.605170185988092
guardianes 1 4.605170185988092 4.605170185988092
guayaquil 1 4.605170185988092 4.605170185988092
guerreros 1 4.605170185988092 4.605170185988092
guillermo 1 2.995732273553991 2.995732273553991
gutirrez 1 4.605170185988092 4.605170185988092
guto 1 4.605170185988092 4.605170185988092
guzman 1 3.912023005428146 3.912023005428146
guzmn 1 4.605170185988092 4.605170185988092
half 1 2.207274913189721 2.207274913189721
han 1 2.407945608651872 2.407945608651872
harold 1 2.659260036932778 2.659260036932778
hatnote 1 0.843970070294529 0.843970070294529
hauche 1 4.605170185988092 4.605170185988092
hctor 1 3.912023005428146 3.912023005428146
head 1 1.1086626245216111 1.1086626245216111
hector 1 3.912023005428146 3.912023005428146
help 1 0.0 0.0
helping 1 2.995732273553991 2.995732273553991
herculez 1 4.605170185988092 4.605170185988092
heredia 1 4.605170185988092 4.605170185988092
hernndez 1 3.912023005428146 3.912023005428146
herrera 1 3.912023005428146 3.912023005428146
herreras 1 4.605170185988092 4.605170185988092
hidden 1 0.010050335853501506 0.010050335853501506
hide 1 0.0 0.0
hired 1 2.8134107167600364 2.8134107167600364
history 1 0.0 0.0
hlist 1 0.127833371509885 0.127833371509885
hlistinline 1 0.127833371509885 0.127833371509885
hold 1 1.3470736479666094 1.3470736479666094
holgun 1 4.605170185988092 4.605170185988092
home 1 0.7339691750802005 0.7339691750802005
hon 1 4.605170185988092 4.605170185988092
honduran 1 3.912023005428146 3.912023005428146
honour 0 2.5257286443082556 0.0
hooped 1 4.605170185988092 4.605170185988092
hora 1 4.605170185988092 4.605170185988092
horizontal 1 3.912023005428146 3.912023005428146
houston 1 1.9661128563728327 1.9661128563728327
however 1 0.6931471805599453 0.6931471805599453
hymn 1 2.995732273553991 2.995732273553991
ibarreche 1 4.605170185988092 4.605170185988092
ibez 1 4.605170185988092 4.605170185988092
idlockfree 1 0.0408219945202552 0.0408219945202552
idlockfreeidlockfree 1 0.0408219945202552 0.0408219945202552
idlocklimited 1 0.0408219945202552 0.0408219945202552
idlockregistration 1 0.0408219945202552 0.0408219945202552
idlocksubscription 1 0.0408219945202552 0.0408219945202552
ignacio 1 3.912023005428146 3.912023005428146
imgsrc 1 1.3862943611198906 1.3862943611198906
impact 1 2.302585092994046 2.302585092994046
improve 1 1.8325814637483102 1.8325814637483102
improved 1 2.5257286443082556 2.5257286443082556
imss 1 4.605170185988092 4.605170185988092
inc 1 0.0 0.0
included 1 1.3093333199837622 1.3093333199837622
inconsistent 1 3.506557897319982 3.506557897319982
incorporating 1 2.995732273553991 2.995732273553991
independencia 1 4.605170185988092 4.605170185988092
indicate 1 2.302585092994046 2.302585092994046
indios 1 4.605170185988092 4.605170185988092
infobox 1 0.3011050927839216 0.3011050927839216
infoboxfootballclub 1 3.912023005428146 3.912023005428146
infoboxtable 1 0.3147107448397002 0.3147107448397002
information 1 0.0 0.0
injured 1 2.407945608651872 2.407945608651872
injury 0 2.659260036932778 0.0
insignia 1 3.912023005428146 3.912023005428146
institute 1 1.5141277326297755 1.5141277326297755
instruction 0 2.5257286443082556 0.0
int 1 3.506557897319982 3.506557897319982
inter 1 2.659260036932778 2.659260036932778
interim 1 3.506557897319982 3.506557897319982
international 1 0.5978370007556204 0.5978370007556204
introduced 1 1.5606477482646683 1.5606477482646683
invest 1 4.605170185988092 4.605170185988092
investment 1 2.5257286443082556 2.5257286443082556
invierno 1 4.605170185988092 4.605170185988092
invited 1 2.5257286443082556 2.5257286443082556
irapuato 1 4.605170185988092 4.605170185988092
irarragorri 1 4.605170185988092 4.605170185988092
isidro 1 4.605170185988092 4.605170185988092
ismael 1 4.605170185988092 4.605170185988092
italiano 1 1.07880966137193 1.07880966137193
item 1 0.010050335853501506 0.010050335853501506
ivan 1 2.995732273553991 2.995732273553991
ivn 1 3.912023005428146 3.912023005428146
izquierdoz 1 4.605170185988092 4.605170185988092
jair 1 4.605170185988092 4.605170185988092
jalisco 1 4.605170185988092 4.605170185988092
jan 1 2.0402208285265546 2.0402208285265546
january 1 0.3424903089467759 0.3424903089467759
jared 1 3.506557897319982 3.506557897319982
javier 1 3.2188758248682006 3.2188758248682006
jess 1 3.2188758248682006 3.2188758248682006
jimnez 1 4.605170185988092 4.605170185988092
joaqun 1 3.2188758248682006 3.2188758248682006
johan 1 3.2188758248682006 3.2188758248682006
john 1 0.49429632181478017 0.49429632181478017
johnny 1 1.9661128563728327 1.9661128563728327
joined 1 1.6607312068216509 1.6607312068216509
jonathan 1 2.302585092994046 2.302585092994046
jordan 1 1.7147984280919266 1.7147984280919266
jorge 1 2.995732273553991 2.995732273553991
jos 1 2.302585092994046 2.302585092994046
jose 1 2.120263536200091 2.120263536200091
jovem 1 4.605170185988092 4.605170185988092
jstor 1 1.5141277326297755 1.5141277326297755
juan 1 2.302585092994046 2.302585092994046
julio 1 3.506557897319982 3.506557897319982
july 1 0.43078291609245434 0.43078291609245434
jump 1 0.0 0.0
june 1 0.40047756659712536 0.40047756659712536
juregui 1 4.605170185988092 4.605170185988092
jurez 1 4.605170185988092 4.605170185988092
kalb 1 3.912023005428146 3.912023005428146
kansa 0 2.207274913189721 0.0
key 1 1.6094379124341003 1.6094379124341003
killed 1 1.9661128563728327 1.9661128563728327
kit 1 3.2188758248682006 3.2188758248682006
knew 1 2.8134107167600364 2.8134107167600364
knocked 1 2.995732273553991 2.995732273553991
known 1 0.7985076962177716 0.7985076962177716
kurtz 1 3.912023005428146 3.912023005428146
labarca 1 4.605170185988092 4.605170185988092
lack 1 2.120263536200091 2.120263536200091
laguerna 1 4.605170185988092 4.605170185988092
laguna 1 3.912023005428146 3.912023005428146
lagunanews 1 4.605170185988092 4.605170185988092
laguneros 1 4.605170185988092 4.605170185988092
lakers 1 4.605170185988092 4.605170185988092
lan 0 3.506557897319982 0.0
language 0 0.0 0.0
last 1 0.0 0.0
lastminute 1 4.605170185988092 4.605170185988092
late 1 1.3093333199837622 1.3093333199837622
later 1 0.5621189181535412 0.5621189181535412
latter 1 1.6607312068216509 1.6607312068216509
latvieu 1 3.912023005428146 3.912023005428146
lder 1 4.605170185988092 4.605170185988092
leader 1 1.3862943611198906 1.3862943611198906
league 1 1.3470736479666094 1.3470736479666094
learn 1 0.0 0.0
led 1 1.07880966137193 1.07880966137193
left 1 1.171182981502945 1.171182981502945
leg 1 2.659260036932778 2.659260036932778
legal 1 1.9661128563728327 1.9661128563728327
legend 1 1.8325814637483102 1.8325814637483102
len 1 3.506557897319982 3.506557897319982
less 1 1.5141277326297755 1.5141277326297755
lesser 1 3.506557897319982 3.506557897319982
letter 0 2.207274913189721 0.0
levelled 1 4.605170185988092 4.605170185988092
liaftercontent 1 0.127833371509885 0.127833371509885
libertadores 1 3.912023005428146 3.912023005428146
license 1 0.0 0.0
lietuvi 1 2.8134107167600364 2.8134107167600364
liga 1 2.995732273553991 2.995732273553991
like 1 1.2039728043259361 1.2039728043259361
limarginbottom 1 0.9675840262617057 0.9675840262617057
limited 1 2.0402208285265546 2.0402208285265546
link 1 0.0 0.0
list 1 0.6348782724359695 0.6348782724359695
listo 1 4.605170185988092 4.605170185988092
llegan 1 4.605170185988092 4.605170185988092
loan 1 2.5257286443082556 2.5257286443082556
log 1 0.0 0.0
logged 1 0.0 0.0
logo 1 2.302585092994046 2.302585092994046
lopez 1 3.506557897319982 3.506557897319982
los 1 1.5141277326297755 1.5141277326297755
losing 1 2.120263536200091 2.120263536200091
loss 1 1.7147984280919266 1.7147984280919266
lost 1 1.171182981502945 1.171182981502945
lozano 1 4.605170185988092 4.605170185988092
lpez 1 3.2188758248682006 3.2188758248682006
lucas 1 2.995732273553991 2.995732273553991
luduea 1 4.605170185988092 4.605170185988092
lugo 1 3.912023005428146 3.912023005428146
luis 1 2.659260036932778 2.659260036932778
luz 1 3.506557897319982 3.506557897319982
macouzet 1 4.605170185988092 4.605170185988092
made 1 0.653926467406664 0.653926467406664
madero 1 4.605170185988092 4.605170185988092
madrid 1 3.2188758248682006 3.2188758248682006
magyar 1 2.0402208285265546 2.0402208285265546
main 1 0.0 0.0
majority 1 1.8971199848858813 1.8971199848858813
managed 1 2.995732273553991 2.995732273553991
management 1 1.7719568419318754 1.7719568419318754
manager 1 2.120263536200091 2.120263536200091
manchester 1 2.8134107167600364 2.8134107167600364
manuel 1 2.659260036932778 2.659260036932778
manufacturer 1 2.995732273553991 2.995732273553991
marathn 1 4.605170185988092 4.605170185988092
marc 1 2.659260036932778 2.659260036932778
marca 1 3.912023005428146 3.912023005428146
marcel 1 2.659260036932778 2.659260036932778
march 1 0.3147107448397002 0.3147107448397002
marchesn 1 4.605170185988092 4.605170185988092
mare 0 3.912023005428146 0.0
mariano 1 3.912023005428146 3.912023005428146
mariscal 1 3.912023005428146 3.912023005428146
marmolejo 1 4.605170185988092 4.605170185988092
marshall 1 2.407945608651872 2.407945608651872
mart 1 3.912023005428146 3.912023005428146
martin 1 1.3470736479666094 1.3470736479666094
martn 1 3.506557897319982 3.506557897319982
martnez 1 3.2188758248682006 3.2188758248682006
marzo 1 3.912023005428146 3.912023005428146
matas 1 3.506557897319982 3.506557897319982
match 1 0.8675005677047231 0.8675005677047231
material 1 1.3093333199837622 1.3093333199837622
matias 1 3.912023005428146 3.912023005428146
matosas 1 4.605170185988092 4.605170185988092
matter 0 2.0402208285265546 0.0
maturano 1 4.605170185988092 4.605170185988092
mauricio 1 4.605170185988092 4.605170185988092
mauro 1 4.605170185988092 4.605170185988092
may 1 0.0 0.0
mayorga 1 4.605170185988092 4.605170185988092
mazatln 1 4.605170185988092 4.605170185988092
medina 1 2.995732273553991 2.995732273553991
medium 0 0.49429632181478017 0.0
member 0 0.6733445532637655 0.0
mention 1 2.995732273553991 2.995732273553991
menu 1 0.0 0.0
merconorte 1 4.605170185988092 4.605170185988092
message 1 1.5606477482646683 1.5606477482646683
mex 1 4.605170185988092 4.605170185988092
mexican 1 2.5257286443082556 2.5257286443082556
mexicana 1 3.506557897319982 3.506557897319982
mexicano 1 3.912023005428146 3.912023005428146
mexico 1 1.5606477482646683 1.5606477482646683
midfielder 1 4.605170185988092 4.605170185988092
miguel 1 2.302585092994046 2.302585092994046
milan 1 2.8134107167600364 2.8134107167600364
milenio 1 4.605170185988092 4.605170185988092
million 1 1.6094379124341003 1.6094379124341003
ministry 1 2.120263536200091 2.120263536200091
minute 1 1.6607312068216509 1.6607312068216509
mitofsky 1 4.605170185988092 4.605170185988092
mobile 1 0.0 0.0
moctezuma 1 4.605170185988092 4.605170185988092
modelo 1 4.605170185988092 4.605170185988092
monarcas 1 4.605170185988092 4.605170185988092
money 1 1.8325814637483102 1.8325814637483102
monrrez 1 4.605170185988092 4.605170185988092
montecinos 1 4.605170185988092 4.605170185988092
monterrey 1 3.912023005428146 3.912023005428146
montezuma 1 3.912023005428146 3.912023005428146
month 0 0.8915981192837835 0.0
montreal 1 2.659260036932778 2.659260036932778
morelia 1 4.605170185988092 4.605170185988092
moreno 1 3.912023005428146 3.912023005428146
mourinho 1 4.605170185988092 4.605170185988092
move 1 0.0 0.0
moved 1 1.7719568419318754 1.7719568419318754
moving 1 2.407945608651872 2.407945608651872
muoz 1 4.605170185988092 4.605170185988092
mxapertura 1 4.605170185988092 4.605170185988092
mxico 1 3.912023005428146 3.912023005428146
nacho 1 4.605170185988092 4.605170185988092
nacional 1 2.995732273553991 2.995732273553991
name 1 0.5276327420823719 0.5276327420823719
namely 1 3.912023005428146 3.912023005428146
nation 1 1.2729656758128876 1.2729656758128876
national 1 0.5108256237659907 0.5108256237659907
nationality 1 2.302585092994046 2.302585092994046
navarro 1 3.912023005428146 3.912023005428146
navbar 1 0.23572233352106994 0.23572233352106994
navbarfontsizemedia 1 0.3147107448397002 0.3147107448397002
navbarmini 1 0.23572233352106994 0.23572233352106994
navbox 1 0.1392620673335076 0.1392620673335076
navboximage 1 0.1392620673335076 0.1392620673335076
navboxsubgroup 1 0.1392620673335076 0.1392620673335076
navboxtitle 1 0.1392620673335076 0.1392620673335076
naveda 1 4.605170185988092 4.605170185988092
navigation 1 0.0 0.0
necaxa 1 3.912023005428146 3.912023005428146
necochea 1 4.605170185988092 4.605170185988092
nederland 0 1.7147984280919266 0.0
need 0 1.2039728043259361 0.0
needing 1 1.8971199848858813 1.8971199848858813
neighbor 0 3.912023005428146 0.0
nestor 1 3.912023005428146 3.912023005428146
netted 1 4.605170185988092 4.605170185988092
netting 1 3.912023005428146 3.912023005428146
new 1 0.24846135929849972 0.24846135929849972
newspaper 0 1.5141277326297755 0.0
next 1 1.1086626245216111 1.1086626245216111
neza 1 4.605170185988092 4.605170185988092
ngel 1 3.506557897319982 3.506557897319982
ngeles 1 4.605170185988092 4.605170185988092
nickname 1 3.2188758248682006 3.2188758248682006
nicols 1 3.506557897319982 3.506557897319982
nmeros 1 4.605170185988092 4.605170185988092
nogrid 1 3.2188758248682006 3.2188758248682006
non 1 2.302585092994046 2.302585092994046
nonprofit 1 0.0 0.0
norsk 1 1.9661128563728327 1.9661128563728327
notable 1 1.7719568419318754 1.7719568419318754
note 1 0.8209805520698303 0.8209805520698303
notimex 1 4.605170185988092 4.605170185988092
nov 1 2.0402208285265546 2.0402208285265546
november 1 0.3011050927839216 0.3011050927839216
nowdefunct 1 4.605170185988092 4.605170185988092
nuevo 1 3.2188758248682006 3.2188758248682006
number 1 0.7550225842780328 0.7550225842780328
oaxtepec 1 4.605170185988092 4.605170185988092
obtain 1 2.5257286443082556 2.5257286443082556
occasion 0 2.659260036932778 0.0
ocejo 1 4.605170185988092 4.605170185988092
ochoa 1 3.912023005428146 3.912023005428146
oct 1 2.5257286443082556 2.5257286443082556
october 1 0.28768207245178085 0.28768207245178085
official 1 0.7550225842780328 0.7550225842780328
offside 1 4.605170185988092 4.605170185988092
oficial 1 4.605170185988092 4.605170185988092
olaf 1 4.605170185988092 4.605170185988092
old 1 1.07880966137193 1.07880966137193
ollibeforecontent 1 0.127833371509885 0.127833371509885
olympic 1 2.995732273553991 2.995732273553991
omar 1 3.506557897319982 3.506557897319982
one 1 0.23572233352106994 0.23572233352106994
opened 1 2.407945608651872 2.407945608651872
opponent 1 2.8134107167600364 2.8134107167600364
organization 1 0.0 0.0
organizationname 1 0.010050335853501506 0.010050335853501506
oribe 1 4.605170185988092 4.605170185988092
original 1 0.4155154439616658 0.4155154439616658
originated 1 3.912023005428146 3.912023005428146
orlegi 1 4.605170185988092 4.605170185988092
oro 1 4.605170185988092 4.605170185988092
orozco 1 4.605170185988092 4.605170185988092
ortiz 1 3.912023005428146 3.912023005428146
osmar 1 4.605170185988092 4.605170185988092
oswaldo 1 4.605170185988092 4.605170185988092
outline 1 2.8134107167600364 2.8134107167600364
outside 1 1.7147984280919266 1.7147984280919266
overall 1 1.8325814637483102 1.8325814637483102
overtime 1 2.995732273553991 2.995732273553991
owned 1 2.407945608651872 2.407945608651872
owner 1 1.7147984280919266 1.7147984280919266
pablo 1 2.995732273553991 2.995732273553991
pachuca 1 4.605170185988092 4.605170185988092
pacione 1 4.605170185988092 4.605170185988092
padilla 1 3.912023005428146 3.912023005428146
page 1 0.0 0.0
pako 1 4.605170185988092 4.605170185988092
palacio 1 3.912023005428146 3.912023005428146
panama 1 3.2188758248682006 3.2188758248682006
paolo 1 3.912023005428146 3.912023005428146
para 1 3.912023005428146 3.912023005428146
parameter 1 2.120263536200091 2.120263536200091
part 1 0.6348782724359695 0.6348782724359695
participaciones 1 4.605170185988092 4.605170185988092
participate 1 3.2188758248682006 3.2188758248682006
participated 1 2.8134107167600364 2.8134107167600364
partnership 1 3.2188758248682006 3.2188758248682006
pass 0 2.407945608651872 0.0
patricio 1 4.605170185988092 4.605170185988092
paving 1 3.912023005428146 3.912023005428146
payroll 1 4.605170185988092 4.605170185988092
paz 1 4.605170185988092 4.605170185988092
pdfprintable 1 0.0 0.0
pearol 1 4.605170185988092 4.605170185988092
pedro 1 2.995732273553991 2.995732273553991
pel 1 4.605170185988092 4.605170185988092
pele 1 4.605170185988092 4.605170185988092
pepn 1 4.605170185988092 4.605170185988092
per 1 1.7147984280919266 1.7147984280919266
peralta 1 3.912023005428146 3.912023005428146
permanent 1 0.0 0.0
pero 1 4.605170185988092 4.605170185988092
personal 1 0.0 0.0
personnel 1 2.207274913189721 2.207274913189721
pgina 1 4.605170185988092 4.605170185988092
phase 1 2.302585092994046 2.302585092994046
physiotherapist 1 4.605170185988092 4.605170185988092
piedad 1 4.605170185988092 4.605170185988092
pierde 1 4.605170185988092 4.605170185988092
place 1 0.653926467406664 0.653926467406664
placed 1 1.7147984280919266 1.7147984280919266
plagued 1 3.506557897319982 3.506557897319982
plainlist 1 0.7339691750802005 0.7339691750802005
plate 1 2.995732273553991 2.995732273553991
play 0 1.2039728043259361 0.0
played 1 1.3862943611198906 1.3862943611198906
player 1 1.6094379124341003 1.6094379124341003
playin 1 4.605170185988092 4.605170185988092
playing 1 2.120263536200091 2.120263536200091
playoff 0 2.5257286443082556 0.0
please 1 1.7719568419318754 1.7719568419318754
po 0 2.407945608651872 0.0
point 0 1.2729656758128876 0.0
policy 1 0.0 0.0
poll 1 2.659260036932778 2.659260036932778
polski 1 1.3470736479666094 1.3470736479666094
pony 1 3.912023005428146 3.912023005428146
poor 1 2.207274913189721 2.207274913189721
poorly 1 3.506557897319982 3.506557897319982
populares 1 4.605170185988092 4.605170185988092
portal 1 0.0 0.0
portalborderborderpx 1 2.407945608651872 2.407945608651872
portalleftmarginem 1 2.407945608651872 2.407945608651872
portuguese 1 2.302585092994046 2.302585092994046
portugus 1 1.171182981502945 1.171182981502945
position 1 1.1394342831883648 1.1394342831883648
potosino 1 4.605170185988092 4.605170185988092
precarious 1 3.912023005428146 3.912023005428146
preciado 1 4.605170185988092 4.605170185988092
presence 0 2.207274913189721 0.0
present 1 0.9675840262617057 0.9675840262617057
president 1 1.3470736479666094 1.3470736479666094
prieto 1 4.605170185988092 4.605170185988092
primer 1 3.912023005428146 3.912023005428146
primera 1 3.912023005428146 3.912023005428146
printbodyns 1 0.09431067947124142 0.09431067947124142
printexport 1 0.0 0.0
privacy 1 0.0 0.0
pro 1 1.6607312068216509 1.6607312068216509
problem 0 2.120263536200091 0.0
procedentes 1 4.605170185988092 4.605170185988092
profesional 1 3.912023005428146 3.912023005428146
professional 1 1.6607312068216509 1.6607312068216509
project 0 0.0 0.0
promising 1 3.912023005428146 3.912023005428146
promotion 1 2.8134107167600364 2.8134107167600364
puebla 1 4.605170185988092 4.605170185988092
pulpo 1 4.605170185988092 4.605170185988092
puma 1 3.912023005428146 3.912023005428146
purchase 1 2.407945608651872 2.407945608651872
purchased 1 2.120263536200091 2.120263536200091
put 1 1.8971199848858813 1.8971199848858813
qualified 1 2.995732273553991 2.995732273553991
qualify 1 2.659260036932778 2.659260036932778
qualifying 1 3.912023005428146 3.912023005428146
quarterfinal 1 2.407945608651872 2.407945608651872
quertaro 1 4.605170185988092 4.605170185988092
quesos 1 4.605170185988092 4.605170185988092
quine 0 4.605170185988092 0.0
quintero 1 4.605170185988092 4.605170185988092
quirarte 1 4.605170185988092 4.605170185988092
radio 1 1.4696759700589417 1.4696759700589417
rafael 1 3.2188758248682006 3.2188758248682006
ramirez 1 4.605170185988092 4.605170185988092
ramiro 1 3.912023005428146 3.912023005428146
ramn 1 3.506557897319982 3.506557897319982
ramon 1 3.506557897319982 3.506557897319982
ramrez 1 3.506557897319982 3.506557897319982
random 1 0.0 0.0
rank 1 2.5257286443082556 2.5257286443082556
rayados 1 4.605170185988092 4.605170185988092
rbson 1 4.605170185988092 4.605170185988092
reach 1 2.302585092994046 2.302585092994046
reached 1 2.302585092994046 2.302585092994046
read 1 0.0 0.0
real 1 1.4271163556401458 1.4271163556401458
rebounded 1 3.912023005428146 3.912023005428146
recent 1 0.0 0.0
recommendation 1 3.506557897319982 3.506557897319982
record 1 0.7765287894989963 0.7765287894989963
recordbreaking 1 4.605170185988092 4.605170185988092
red 1 1.07880966137193 1.07880966137193
refbegincolumns 1 2.659260036932778 2.659260036932778
refbeginfontsize 1 2.659260036932778 2.659260036932778
reference 0 0.03045920748470844 0.0
reflist 1 0.06187540371808745 0.06187540371808745
reflistcolumns 1 0.06187540371808745 0.06187540371808745
reg 1 0.0 0.0
region 1 1.6607312068216509 1.6607312068216509
regional 1 2.407945608651872 2.407945608651872
registered 1 0.0 0.0
regular 1 1.5606477482646683 1.5606477482646683
regularly 1 3.2188758248682006 3.2188758248682006
reinforcement 0 4.605170185988092 0.0
related 1 0.0 0.0
relegation 1 3.506557897319982 3.506557897319982
reliable 1 1.9661128563728327 1.9661128563728327
remove 1 1.6607312068216509 1.6607312068216509
removed 1 1.6094379124341003 1.6094379124341003
renewed 1 2.8134107167600364 2.8134107167600364
rentera 1 4.605170185988092 4.605170185988092
renteria 1 4.605170185988092 4.605170185988092
repeat 1 2.995732273553991 2.995732273553991
repetto 1 4.605170185988092 4.605170185988092
replaced 1 1.8971199848858813 1.8971199848858813
replacing 1 2.8134107167600364 2.8134107167600364
rergis 1 4.605170185988092 4.605170185988092
reserve 1 2.207274913189721 2.207274913189721
respectively 1 2.207274913189721 2.207274913189721
restructured 1 4.605170185988092 4.605170185988092
retired 1 1.7719568419318754 1.7719568419318754
retorno 1 4.605170185988092 4.605170185988092
retrieved 1 0.0 0.0
returned 1 1.4271163556401458 1.4271163556401458
returning 1 2.207274913189721 2.207274913189721
reuters 1 3.2188758248682006 3.2188758248682006
reyes 1 3.912023005428146 3.912023005428146
ricardo 1 2.995732273553991 2.995732273553991
richard 1 1.1394342831883648 1.1394342831883648
rio 1 2.995732273553991 2.995732273553991
rise 1 1.8325814637483102 1.8325814637483102
rising 1 3.506557897319982 3.506557897319982
risuea 1 4.605170185988092 4.605170185988092
rivalry 1 2.659260036932778 2.659260036932778
river 1 1.4271163556401458 1.4271163556401458
robert 1 0.8675005677047231 0.8675005677047231
roberto 1 2.8134107167600364 2.8134107167600364
rodolfo 1 3.506557897319982 3.506557897319982
rodrguez 1 3.912023005428146 3.912023005428146
rodrigo 1 2.995732273553991 2.995732273553991
rodriguez 1 2.995732273553991 2.995732273553991
romano 1 4.605170185988092 4.605170185988092
romero 1 3.912023005428146 3.912023005428146
romn 1 2.5257286443082556 2.5257286443082556
ronaldo 1 4.605170185988092 4.605170185988092
rosa 1 3.2188758248682006 3.2188758248682006
round 1 1.3862943611198906 1.3862943611198906
ruben 1 4.605170185988092 4.605170185988092
rubio 1 3.912023005428146 3.912023005428146
rubn 1 4.605170185988092 4.605170185988092
ruiz 1 3.506557897319982 3.506557897319982
rule 0 1.4696759700589417 0.0
runnersup 1 3.912023005428146 3.912023005428146
runnerup 1 3.506557897319982 3.506557897319982
saavedra 1 4.605170185988092 4.605170185988092
sacked 1 4.605170185988092 4.605170185988092
sagi 1 4.605170185988092 4.605170185988092
sagui 1 4.605170185988092 4.605170185988092
said 1 1.5606477482646683 1.5606477482646683
saint 0 1.6607312068216509 0.0
sale 1 1.8971199848858813 1.8971199848858813
salina 0 3.506557897319982 0.0
salvador 1 3.506557897319982 3.506557897319982
san 1 1.2378743560016172 1.2378743560016172
sang 1 3.506557897319982 3.506557897319982
santa 1 2.659260036932778 2.659260036932778
santamara 1 4.605170185988092 4.605170185988092
santiago 1 2.995732273553991 2.995732273553991
santos 1 4.605170185988092 4.605170185988092
sarand 1 4.605170185988092 4.605170185988092
saw 1 2.0402208285265546 2.0402208285265546
scholar 1 1.7147984280919266 1.7147984280919266
score 1 1.6607312068216509 1.6607312068216509
scored 1 2.302585092994046 2.302585092994046
scoreless 1 3.912023005428146 3.912023005428146
scorer 1 2.995732273553991 2.995732273553991
scoring 1 2.995732273553991 2.995732273553991
scot 0 3.506557897319982 0.0
scottish 1 3.2188758248682006 3.2188758248682006
screen 1 0.010050335853501506 0.010050335853501506
sealed 1 4.605170185988092 4.605170185988092
search 1 0.0 0.0
season 1 1.1394342831883648 1.1394342831883648
seattle 1 2.5257286443082556 2.5257286443082556
second 1 0.49429632181478017 0.49429632181478017
secured 1 2.995732273553991 2.995732273553991
security 1 1.6607312068216509 1.6607312068216509
see 1 0.40047756659712536 0.40047756659712536
segunda 1 4.605170185988092 4.605170185988092
sellout 1 4.605170185988092 4.605170185988092
semi 0 3.2188758248682006 0.0
semifinal 1 2.407945608651872 2.407945608651872
sent 1 1.8971199848858813 1.8971199848858813
sep 1 2.659260036932778 2.659260036932778
sept 1 3.2188758248682006 3.2188758248682006
september 1 0.43078291609245434 0.43078291609245434
ser 1 3.506557897319982 3.506557897319982
sergio 1 3.2188758248682006 3.2188758248682006
serna 1 4.605170185988092 4.605170185988092
serratos 1 4.605170185988092 4.605170185988092
service 0 1.2378743560016172 0.0
set 1 0.9942522733438669 0.9942522733438669
several 1 0.8209805520698303 0.8209805520698303
sexto 1 4.605170185988092 4.605170185988092
shade 1 3.2188758248682006 3.2188758248682006
share 1 0.0 0.0
short 1 0.06187540371808745 0.06187540371808745
shortened 1 0.0 0.0
shqip 1 4.605170185988092 4.605170185988092
siboldi 1 4.605170185988092 4.605170185988092
side 1 1.4271163556401458 1.4271163556401458
sidebar 1 0.0 0.0
sideboxmarginpx 1 1.3862943611198906 1.3862943611198906
sideboxtextpaddingem 1 1.3862943611198906 1.3862943611198906
sido 1 4.605170185988092 4.605170185988092
signed 1 2.407945608651872 2.407945608651872
silva 1 3.2188758248682006 3.2188758248682006
similar 1 1.9661128563728327 1.9661128563728327
simple 1 2.407945608651872 2.407945608651872
simply 1 2.5257286443082556 2.5257286443082556
sinaloa 1 4.605170185988092 4.605170185988092
since 1 0.7985076962177716 0.7985076962177716
sistersitebox 1 1.3862943611198906 1.3862943611198906
site 1 0.0 0.0
six 1 1.3470736479666094 1.3470736479666094
sixmatch 1 4.605170185988092 4.605170185988092
sixth 1 1.9661128563728327 1.9661128563728327
sixto 1 3.912023005428146 3.912023005428146
sleeve 0 3.912023005428146 0.0
smallest 1 4.605170185988092 4.605170185988092
snchez 1 3.912023005428146 3.912023005428146
soccer 1 2.659260036932778 2.659260036932778
social 1 1.3093333199837622 1.3093333199837622
socio 1 4.605170185988092 4.605170185988092
sock 0 3.912023005428146 0.0
sold 1 2.0402208285265546 2.0402208285265546
solid 1 0.09431067947124142 0.09431067947124142
solved 1 3.506557897319982 3.506557897319982
somewhat 1 3.912023005428146 3.912023005428146
song 1 1.3470736479666094 1.3470736479666094
soon 1 1.8325814637483102 1.8325814637483102
sordo 1 4.605170185988092 4.605170185988092
soriana 1 4.605170185988092 4.605170185988092
soto 1 3.912023005428146 3.912023005428146
sounder 0 3.912023005428146 0.0
source 1 0.5798184952529422 0.5798184952529422
souza 1 3.912023005428146 3.912023005428146
spanish 1 1.7719568419318754 1.7719568419318754
spanishlanguage 1 2.5257286443082556 2.5257286443082556
special 1 0.0 0.0
spent 1 2.407945608651872 2.407945608651872
sponsor 1 2.995732273553991 2.995732273553991
sponsored 1 2.8134107167600364 2.8134107167600364
sponsorship 1 4.605170185988092 4.605170185988092
sport 1 1.1394342831883648 1.1394342831883648
sporting 1 2.8134107167600364 2.8134107167600364
spurred 1 4.605170185988092 4.605170185988092
squad 1 2.659260036932778 2.659260036932778
srie 1 4.605170185988092 4.605170185988092
stadium 1 2.0402208285265546 2.0402208285265546
staff 1 1.6607312068216509 1.6607312068216509
stage 1 1.9661128563728327 1.9661128563728327
standing 0 1.8971199848858813 0.0
star 1 0.9675840262617057 0.9675840262617057
start 1 1.4271163556401458 1.4271163556401458
state 1 0.3147107448397002 0.3147107448397002
statement 1 0.0 0.0
statistic 0 0.0 0.0
stepped 1 3.2188758248682006 3.2188758248682006
storm 0 2.302585092994046 0.0
streak 1 3.2188758248682006 3.2188758248682006
strengthened 1 4.605170185988092 4.605170185988092
stripe 1 3.912023005428146 3.912023005428146
strong 1 1.6607312068216509 1.6607312068216509
struggle 1 2.659260036932778 2.659260036932778
suarez 1 4.605170185988092 4.605170185988092
subsection 1 0.3424903089467759 0.3424903089467759
suma 1 4.605170185988092 4.605170185988092
summer 1 1.5141277326297755 1.5141277326297755
super 1 2.302585092994046 2.302585092994046
support 1 1.2729656758128876 1.2729656758128876
surez 1 3.506557897319982 3.506557897319982
surprised 1 3.912023005428146 3.912023005428146
svenska 1 1.9661128563728327 1.9661128563728327
switched 1 3.506557897319982 3.506557897319982
symbol 0 2.0402208285265546 0.0
tabla 1 4.605170185988092 4.605170185988092
table 1 0.0 0.0
talk 1 0.0 0.0
talleres 1 3.912023005428146 3.912023005428146
tamaulipas 1 4.605170185988092 4.605170185988092
tampico 1 4.605170185988092 4.605170185988092
tarea 1 4.605170185988092 4.605170185988092
tauro 1 4.605170185988092 4.605170185988092
tavares 1 4.605170185988092 4.605170185988092
tcnico 1 4.605170185988092 4.605170185988092
tdhlist 1 0.1392620673335076 0.1392620673335076
team 1 1.0498221244986776 1.0498221244986776
tecnologico 1 4.605170185988092 4.605170185988092
tecos 1 4.605170185988092 4.605170185988092
template 1 0.0 0.0
ten 1 1.5141277326297755 1.5141277326297755
tena 1 4.605170185988092 4.605170185988092
tenas 1 4.605170185988092 4.605170185988092
tenth 1 2.995732273553991 2.995732273553991
term 0 0.0 0.0
termina 1 4.605170185988092 4.605170185988092
territorio 1 4.605170185988092 4.605170185988092
text 1 0.0 0.0
thanniversary 1 4.605170185988092 4.605170185988092
thbodyskinresponsive 1 0.3147107448397002 0.3147107448397002
thborder 1 3.2188758248682006 3.2188758248682006
third 1 0.9162907318741551 0.9162907318741551
though 1 1.6607312068216509 1.6607312068216509
three 1 0.5798184952529422 0.5798184952529422
tie 1 2.659260036932778 2.659260036932778
tied 1 2.5257286443082556 2.5257286443082556
tiempo 1 4.605170185988092 4.605170185988092
tiene 1 4.605170185988092 4.605170185988092
tigres 1 4.605170185988092 4.605170185988092
tijuana 1 4.605170185988092 4.605170185988092
time 1 0.28768207245178085 0.28768207245178085
tired 1 4.605170185988092 4.605170185988092
title 1 0.9162907318741551 0.9162907318741551
tlaxcala 1 4.605170185988092 4.605170185988092
todos 1 3.912023005428146 3.912023005428146
toggle 1 0.010050335853501506 0.010050335853501506
toluca 1 4.605170185988092 4.605170185988092
tolucas 1 4.605170185988092 4.605170185988092
tom 1 1.2378743560016172 1.2378743560016172
tomas 1 3.912023005428146 3.912023005428146
tool 0 0.0 0.0
top 1 0.010050335853501506 0.010050335853501506
topic 1 0.0 0.0
topper 1 4.605170185988092 4.605170185988092
topranked 1 3.912023005428146 3.912023005428146
torcida 1 4.605170185988092 4.605170185988092
torneo 1 4.605170185988092 4.605170185988092
toronto 1 2.0402208285265546 2.0402208285265546
toros 1 3.912023005428146 3.912023005428146
torre 1 4.605170185988092 4.605170185988092
torren 1 4.605170185988092 4.605170185988092
torreon 1 4.605170185988092 4.605170185988092
torres 1 3.2188758248682006 3.2188758248682006
total 1 0.0 0.0
tournament 1 2.8134107167600364 2.8134107167600364
trademark 1 0.0 0.0
transfer 0 2.659260036932778 0.0
transferred 1 1.9661128563728327 1.9661128563728327
tres 1 3.912023005428146 3.912023005428146
tribute 1 2.995732273553991 2.995732273553991
trke 1 2.207274913189721 2.207274913189721
trujillo 1 4.605170185988092 4.605170185988092
tsm 1 4.605170185988092 4.605170185988092
ttulo 1 3.912023005428146 3.912023005428146
tube 1 1.8971199848858813 1.8971199848858813
tuberos 1 4.605170185988092 4.605170185988092
turco 1 4.605170185988092 4.605170185988092
twentynine 1 4.605170185988092 4.605170185988092
twice 1 2.120263536200091 2.120263536200091
twitter 1 2.5257286443082556 2.5257286443082556
two 1 0.43078291609245434 0.43078291609245434
type 1 1.2729656758128876 1.2729656758128876
uag 1 4.605170185988092 4.605170185988092
uanl 1 4.605170185988092 4.605170185988092
uat 1 4.605170185988092 4.605170185988092
ude 1 4.605170185988092 4.605170185988092
ulpaddingem 1 0.1392620673335076 0.1392620673335076
unable 1 2.407945608651872 2.407945608651872
unam 1 4.605170185988092 4.605170185988092
undefeated 1 4.605170185988092 4.605170185988092
underwent 1 3.912023005428146 3.912023005428146
uniform 1 2.302585092994046 2.302585092994046
unin 1 3.912023005428146 3.912023005428146
united 1 0.4155154439616658 0.4155154439616658
universitario 1 4.605170185988092 4.605170185988092
university 1 0.616186139423817 0.616186139423817
unpaid 1 3.506557897319982 3.506557897319982
unpopular 1 4.605170185988092 4.605170185988092
unsourced 1 1.3862943611198906 1.3862943611198906
unsuccessful 1 2.995732273553991 2.995732273553991
updated 1 2.302585092994046 2.302585092994046
upload 1 0.0 0.0
upset 1 3.2188758248682006 3.2188758248682006
uru 1 3.912023005428146 3.912023005428146
uruguay 1 3.506557897319982 3.506557897319982
uruguayan 1 3.912023005428146 3.912023005428146
usa 1 1.9661128563728327 1.9661128563728327
use 1 0.0 0.0
used 1 0.8675005677047231 0.8675005677047231
username 1 4.605170185988092 4.605170185988092
using 1 0.0 0.0
utc 1 0.0 0.0
valdez 1 4.605170185988092 4.605170185988092
vantolr 1 4.605170185988092 4.605170185988092
var 1 0.0 0.0
vavel 1 4.605170185988092 4.605170185988092
vence 1 4.605170185988092 4.605170185988092
venceremos 1 3.912023005428146 3.912023005428146
venezuelan 1 3.506557897319982 3.506557897319982
veracruz 1 4.605170185988092 4.605170185988092
verano 1 4.605170185988092 4.605170185988092
verdiblanco 1 4.605170185988092 4.605170185988092
verdiblancos 1 4.605170185988092 4.605170185988092
verification 1 2.120263536200091 2.120263536200091
version 1 0.0 0.0
vertical 1 3.912023005428146 3.912023005428146
viafnational 1 3.2188758248682006 3.2188758248682006
vicente 1 3.912023005428146 3.912023005428146
victor 1 2.8134107167600364 2.8134107167600364
victory 1 1.6094379124341003 1.6094379124341003
view 1 0.0 0.0
villalba 1 4.605170185988092 4.605170185988092
visited 1 2.302585092994046 2.302585092994046
vizcarra 1 4.605170185988092 4.605170185988092
vte 1 0.7550225842780328 0.7550225842780328
vucetich 1 4.605170185988092 4.605170185988092
vuoso 1 4.605170185988092 4.605170185988092
vzquez 1 3.912023005428146 3.912023005428146
wage 0 3.2188758248682006 0.0
wagner 1 2.8134107167600364 2.8134107167600364
walter 1 1.7147984280919266 1.7147984280919266
warrior 0 2.407945608651872 0.0
way 1 1.1086626245216111 1.1086626245216111
wear 1 2.302585092994046 2.302585092994046
website 1 1.6094379124341003 1.6094379124341003
websiteclubsantosmx 1 4.605170185988092 4.605170185988092
week 1 1.2729656758128876 1.2729656758128876
well 1 0.7765287894989963 0.7765287894989963
whilst 1 2.8134107167600364 2.8134107167600364
white 1 1.171182981502945 1.171182981502945
whiteandgreen 1 4.605170185988092 4.605170185988092
wife 1 1.7719568419318754 1.7719568419318754
wikidata 1 0.010050335853501506 0.010050335853501506
wikimedia 1 0.0 0.0
wikipedia 1 0.0 0.0
william 1 1.171182981502945 1.171182981502945
wilson 1 1.7719568419318754 1.7719568419318754
wilt 1 4.605170185988092 4.605170185988092
win 1 1.1086626245216111 1.1086626245216111
winner 0 1.5141277326297755 0.0
winning 1 1.8971199848858813 1.8971199848858813
winter 1 1.8325814637483102 1.8325814637483102
withdrew 1 2.995732273553991 2.995732273553991
wizard 0 3.2188758248682006 0.0
woman 0 1.171182981502945 0.0
worn 1 3.912023005428146 3.912023005428146
would 1 0.7550225842780328 0.7550225842780328
write 1 3.2188758248682006 3.2188758248682006
wrote 1 1.3470736479666094 1.3470736479666094
xango 1 4.605170185988092 4.605170185988092
yahir 1 4.605170185988092 4.605170185988092
year 1 0.3424903089467759 0.3424903089467759
york 1 0.8209805520698303 0.8209805520698303
zacatepec 1 4.605170185988092 4.605170185988092
zambrano 1 4.605170185988092 4.605170185988092
zamora 1 3.912023005428146 3.912023005428146
zubelda 1 4.605170185988092 4.605170185988092
zuniga 1 4.605170185988092 4.605170185988092
