aabborderleftpx 1 1.6607312068216509 1.6607312068216509
ability 1 2.302585092994046 2.302585092994046
absorber 0 4.605170185988092 0.0
acadia 1 3.912023005428146 3.912023005428146
accent 0 4.605170185988092 0.0
access 1 2.5257286443082556 2.5257286443082556
accommodate 1 3.2188758248682006 3.2188758248682006
account 1 0.0 0.0
action 0 0.0 0.0
add 1 0.0 0.0
added 1 1.8325814637483102 1.8325814637483102
adding 1 2.0402208285265546 2.0402208285265546
additional 1 0.0 0.0
adjustable 1 4.605170185988092 4.605170185988092
adopted 1 2.207274913189721 2.207274913189721
adopting 1 3.912023005428146 3.912023005428146
agree 1 0.0 0.0
ahead 1 2.207274913189721 2.207274913189721
air 1 1.8971199848858813 1.8971199848858813
airbags 1 4.605170185988092 4.605170185988092
alarm 1 3.506557897319982 3.506557897319982
alike 1 0.0 0.0
allnew 1 4.605170185988092 4.605170185988092
allowing 1 2.8134107167600364 2.8134107167600364
alloy 1 3.912023005428146 3.912023005428146
allwheeldrive 1 4.605170185988092 4.605170185988092
along 1 1.4696759700589417 1.4696759700589417
alongside 1 1.9661128563728327 1.9661128563728327
also 1 0.127833371509885 0.127833371509885
aluminumalloy 1 4.605170185988092 4.605170185988092
ambox 1 1.6607312068216509 1.6607312068216509
amboxborderpx 1 1.6607312068216509 1.6607312068216509
amboxmargin 1 1.6607312068216509 1.6607312068216509
america 1 0.8675005677047231 0.8675005677047231
american 1 0.5276327420823719 0.5276327420823719
amfm 1 4.605170185988092 4.605170185988092
amount 1 2.5257286443082556 2.5257286443082556
amp 1 0.4620354595965586 0.4620354595965586
amplified 1 4.605170185988092 4.605170185988092
antilock 1 4.605170185988092 4.605170185988092
antitheft 1 4.605170185988092 4.605170185988092
appearance 1 0.0 0.0
apply 1 0.0 0.0
architecture 1 2.5257286443082556 2.5257286443082556
archived 1 0.47803580094299974 0.47803580094299974
area 1 1.2729656758128876 1.2729656758128876
argentina 1 2.659260036932778 2.659260036932778
article 1 0.0 0.0
ascender 1 4.605170185988092 4.605170185988092
aspect 0 2.302585092994046 0.0
assembled 1 4.605170185988092 4.605170185988092
assembly 1 2.0402208285265546 2.0402208285265546
astro 1 3.506557897319982 3.506557897319982
atlas 1 2.8134107167600364 2.8134107167600364
attribution 1 0.0 0.0
audio 1 2.207274913189721 2.207274913189721
august 1 0.3424903089467759 0.3424903089467759
auto 1 0.1392620673335076 0.1392620673335076
autointellcom 1 4.605170185988092 4.605170185988092
automatic 1 3.912023005428146 3.912023005428146
automotive 1 3.2188758248682006 3.2188758248682006
autoweekcom 1 4.605170185988092 4.605170185988092
available 1 0.0 0.0
avalanche 1 3.2188758248682006 3.2188758248682006
axle 1 3.912023005428146 3.912023005428146
base 1 1.4696759700589417 1.4696759700589417
basis 1 3.506557897319982 3.506557897319982
became 1 0.7133498878774648 0.7133498878774648
began 1 0.8675005677047231 0.8675005677047231
beginning 1 1.6607312068216509 1.6607312068216509
bench 1 2.995732273553991 2.995732273553991
best 1 1.0216512475319812 1.0216512475319812
bill 1 1.171182981502945 1.171182981502945
bilstein 1 4.605170185988092 4.605170185988092
blackpainted 1 4.605170185988092 4.605170185988092
blazer 1 4.605170185988092 4.605170185988092
blue 1 1.4696759700589417 1.4696759700589417
bluetooth 1 3.912023005428146 3.912023005428146
body 1 1.4271163556401458 1.4271163556401458
bodycolor 1 4.605170185988092 4.605170185988092
bodymediawiki 1 1.6607312068216509 1.6607312068216509
bodyonframe 1 4.605170185988092 4.605170185988092
book 1 0.6348782724359695 0.6348782724359695
bose 1 3.2188758248682006 3.2188758248682006
bottom 1 2.302585092994046 2.302585092994046
boxed 1 4.605170185988092 4.605170185988092
brake 0 3.506557897319982 0.0
braking 1 4.605170185988092 4.605170185988092
brand 0 2.302585092994046 0.0
bravada 1 4.605170185988092 4.605170185988092
bridged 1 4.605170185988092 4.605170185988092
brigadier 1 4.605170185988092 4.605170185988092
bseries 1 4.605170185988092 4.605170185988092
bucket 1 4.605170185988092 4.605170185988092
buick 1 4.605170185988092 4.605170185988092
bulky 1 4.605170185988092 4.605170185988092
bumper 0 4.605170185988092 0.0
bus 0 2.995732273553991 0.0
caballero 1 3.506557897319982 3.506557897319982
calendar 1 2.5257286443082556 2.5257286443082556
canada 1 1.4696759700589417 1.4696759700589417
canyon 1 2.8134107167600364 2.8134107167600364
capability 1 3.912023005428146 3.912023005428146
car 1 1.7147984280919266 1.7147984280919266
carbon 1 3.506557897319982 3.506557897319982
cargo 1 3.506557897319982 3.506557897319982
cargocarrying 1 4.605170185988092 4.605170185988092
carryover 1 4.605170185988092 4.605170185988092
category 1 0.0 0.0
cause 1 2.0402208285265546 2.0402208285265546
center 1 1.171182981502945 1.171182981502945
centerpx 1 0.0408219945202552 0.0408219945202552
ceseries 1 4.605170185988092 4.605170185988092
challenged 1 2.207274913189721 2.207274913189721
change 0 0.0 0.0
changer 1 4.605170185988092 4.605170185988092
chassis 1 3.912023005428146 3.912023005428146
chemical 0 3.2188758248682006 0.0
chevette 1 4.605170185988092 4.605170185988092
chevrolet 1 3.912023005428146 3.912023005428146
chip 1 2.8134107167600364 2.8134107167600364
chrome 1 4.605170185988092 4.605170185988092
chromed 1 4.605170185988092 4.605170185988092
chromeplated 1 4.605170185988092 4.605170185988092
chronology 1 2.407945608651872 2.407945608651872
citation 1 0.0408219945202552 0.0408219945202552
cite 1 0.0 0.0
citeweb 1 0.5447271754416719 0.5447271754416719
city 1 0.6348782724359695 0.6348782724359695
ckseries 1 4.605170185988092 4.605170185988092
clean 1 2.8134107167600364 2.8134107167600364
clear 1 2.207274913189721 2.207274913189721
climate 1 2.995732273553991 2.995732273553991
closed 1 2.207274913189721 2.207274913189721
closely 1 2.995732273553991 2.995732273553991
closing 1 2.995732273553991 2.995732273553991
closure 1 4.605170185988092 4.605170185988092
cloth 1 3.912023005428146 3.912023005428146
cnn 1 3.2188758248682006 3.2188758248682006
code 1 0.0 0.0
combine 1 3.2188758248682006 3.2188758248682006
combining 1 3.506557897319982 3.506557897319982
commercial 1 2.0402208285265546 2.0402208285265546
common 1 0.0 0.0
commonality 1 4.605170185988092 4.605170185988092
compact 1 3.912023005428146 3.912023005428146
company 1 1.2729656758128876 1.2729656758128876
compartment 1 4.605170185988092 4.605170185988092
completely 1 2.5257286443082556 2.5257286443082556
conceding 1 4.605170185988092 4.605170185988092
concept 1 2.120263536200091 2.120263536200091
conduct 1 0.0 0.0
consumer 1 3.2188758248682006 3.2188758248682006
contact 1 0.0 0.0
content 1 0.0 0.0
context 1 0.010050335853501506 0.010050335853501506
contribute 1 0.0 0.0
contribution 0 0.0 0.0
control 1 0.7765287894989963 0.7765287894989963
convenience 1 3.912023005428146 3.912023005428146
cookie 1 0.0 0.0
cookiematch 1 0.0 0.0
could 1 1.2378743560016172 1.2378743560016172
counterlistitema 1 0.127833371509885 0.127833371509885
counterpart 1 2.995732273553991 2.995732273553991
coup 1 2.8134107167600364 2.8134107167600364
covered 1 2.995732273553991 2.995732273553991
covering 1 2.995732273553991 2.995732273553991
cpillars 1 4.605170185988092 4.605170185988092
crash 1 2.5257286443082556 2.5257286443082556
create 1 0.0 0.0
creating 1 2.0402208285265546 2.0402208285265546
creative 1 0.0 0.0
crossover 1 3.506557897319982 3.506557897319982
cruise 1 3.2188758248682006 3.2188758248682006
csmaintcolorf 1 0.06187540371808745 0.06187540371808745
csmaintcolorfmedia 1 0.0408219945202552 0.0408219945202552
cswsicon 1 0.0408219945202552 0.0408219945202552
cuin 1 4.605170185988092 4.605170185988092
current 1 0.0 0.0
curtain 1 3.506557897319982 3.506557897319982
cuv 1 4.605170185988092 4.605170185988092
cuvwagon 1 4.605170185988092 4.605170185988092
cylinder 1 3.912023005428146 3.912023005428146
daniel 1 1.3862943611198906 1.3862943611198906
data 1 1.3862943611198906 1.3862943611198906
davis 1 1.6607312068216509 1.6607312068216509
daytime 1 2.995732273553991 2.995732273553991
debut 1 1.8325814637483102 1.8325814637483102
december 1 0.37106368139083196 0.37106368139083196
demand 1 2.407945608651872 2.407945608651872
demoted 1 4.605170185988092 4.605170185988092
denali 1 4.605170185988092 4.605170185988092
derived 1 2.659260036932778 2.659260036932778
description 1 0.07257069283483537 0.07257069283483537
design 1 1.8971199848858813 1.8971199848858813
designed 1 2.5257286443082556 2.5257286443082556
designer 1 2.659260036932778 2.659260036932778
deutsch 1 0.9416085398584451 0.9416085398584451
developer 0 0.0 0.0
differ 1 3.2188758248682006 3.2188758248682006
different 1 0.3424903089467759 0.3424903089467759
differential 1 3.912023005428146 3.912023005428146
dimension 0 3.2188758248682006 0.0
directly 1 2.659260036932778 2.659260036932778
disc 1 2.407945608651872 2.407945608651872
discharge 1 3.506557897319982 3.506557897319982
disclaimer 0 0.0 0.0
discontinuation 1 4.605170185988092 4.605170185988092
discontinued 1 3.912023005428146 3.912023005428146
displacement 1 2.995732273553991 2.995732273553991
distinguished 1 3.506557897319982 3.506557897319982
division 1 1.2729656758128876 1.2729656758128876
documentary 1 2.302585092994046 2.302585092994046
donate 1 0.0 0.0
door 1 2.5257286443082556 2.5257286443082556
doublewishbone 1 4.605170185988092 4.605170185988092
download 1 0.0 0.0
drainage 1 3.506557897319982 3.506557897319982
drive 1 2.0402208285265546 2.0402208285265546
driver 1 2.207274913189721 2.207274913189721
driving 1 2.302585092994046 2.302585092994046
drls 1 4.605170185988092 4.605170185988092
dropped 1 2.0402208285265546 2.0402208285265546
dtaftercontent 1 0.127833371509885 0.127833371509885
dual 1 2.995732273553991 2.995732273553991
dualzone 1 4.605170185988092 4.605170185988092
dvd 1 2.407945608651872 2.407945608651872
dvdbased 1 4.605170185988092 4.605170185988092
early 1 0.6348782724359695 0.6348782724359695
east 1 1.0498221244986776 1.0498221244986776
eaton 1 3.2188758248682006 3.2188758248682006
edmundscom 1 4.605170185988092 4.605170185988092
effectively 1 2.8134107167600364 2.8134107167600364
eight 1 1.8971199848858813 1.8971199848858813
either 1 1.9661128563728327 1.9661128563728327
emblem 1 2.995732273553991 2.995732273553991
encyclopedia 1 0.0 0.0
end 1 0.7985076962177716 0.7985076962177716
ended 1 2.0402208285265546 2.0402208285265546
ending 1 2.407945608651872 2.407945608651872
engine 1 2.0402208285265546 2.0402208285265546
english 1 0.0 0.0
entertainment 1 1.8325814637483102 1.8325814637483102
entire 1 2.0402208285265546 2.0402208285265546
entry 1 1.5606477482646683 1.5606477482646683
envoy 1 3.2188758248682006 3.2188758248682006
envoynews 1 4.605170185988092 4.605170185988092
equipment 1 3.506557897319982 3.506557897319982
equipped 1 3.912023005428146 3.912023005428146
event 0 0.0 0.0
exclusive 1 2.302585092994046 2.302585092994046
exp 1 0.0 0.0
expanded 1 2.659260036932778 2.659260036932778
ext 1 4.605170185988092 4.605170185988092
extended 1 2.207274913189721 2.207274913189721
extendedlength 1 4.605170185988092 4.605170185988092
extendedwheelbase 1 4.605170185988092 4.605170185988092
exterior 1 3.912023005428146 3.912023005428146
externally 1 4.605170185988092 4.605170185988092
extra 1 2.8134107167600364 2.8134107167600364
facility 1 2.407945608651872 2.407945608651872
factory 1 2.5257286443082556 2.5257286443082556
family 1 0.9162907318741551 0.9162907318741551
far 1 1.6607312068216509 1.6607312068216509
faux 1 4.605170185988092 4.605170185988092
feature 1 1.4696759700589417 1.4696759700589417
featured 1 2.120263536200091 2.120263536200091
february 1 0.27443684570176036 0.27443684570176036
fiber 1 4.605170185988092 4.605170185988092
figure 0 1.3470736479666094 0.0
file 1 0.0 0.0
final 1 0.9942522733438669 0.9942522733438669
find 1 1.3093333199837622 1.3093333199837622
fire 1 1.7147984280919266 1.7147984280919266
first 1 0.1508228897345837 0.1508228897345837
fitted 1 3.912023005428146 3.912023005428146
fivedoor 1 4.605170185988092 4.605170185988092
fivepassenger 1 4.605170185988092 4.605170185988092
fix 1 2.5257286443082556 2.5257286443082556
flat 1 2.995732273553991 2.995732273553991
floor 1 2.207274913189721 2.207274913189721
floormounted 1 4.605170185988092 4.605170185988092
folded 1 4.605170185988092 4.605170185988092
folding 1 3.912023005428146 3.912023005428146
following 1 0.7133498878774648 0.7133498878774648
former 1 0.9675840262617057 0.9675840262617057
forward 1 2.207274913189721 2.207274913189721
foundation 1 0.0 0.0
four 1 0.7985076962177716 0.7985076962177716
fourspeaker 1 4.605170185988092 4.605170185988092
fourspeed 1 4.605170185988092 4.605170185988092
fourwheel 1 4.605170185988092 4.605170185988092
frame 1 3.912023005428146 3.912023005428146
franais 1 0.8675005677047231 0.8675005677047231
free 1 0.0 0.0
front 1 1.7147984280919266 1.7147984280919266
frontal 1 4.605170185988092 4.605170185988092
frontseat 1 4.605170185988092 4.605170185988092
fuel 1 2.995732273553991 2.995732273553991
full 1 1.1086626245216111 1.1086626245216111
fulllength 1 3.912023005428146 3.912023005428146
fullsize 1 4.605170185988092 4.605170185988092
fully 1 2.5257286443082556 2.5257286443082556
functional 1 3.2188758248682006 3.2188758248682006
functionality 1 3.912023005428146 3.912023005428146
gallon 1 3.912023005428146 3.912023005428146
gap 1 2.995732273553991 2.995732273553991
garage 1 3.912023005428146 3.912023005428146
gasoline 1 4.605170185988092 4.605170185988092
general 1 0.0 0.0
generation 1 1.9661128563728327 1.9661128563728327
get 1 0.0 0.0
gmc 1 4.605170185988092 4.605170185988092
gmca 1 4.605170185988092 4.605170185988092
gmt 1 4.605170185988092 4.605170185988092
gmtgmt 1 4.605170185988092 4.605170185988092
gmtrelated 1 4.605170185988092 4.605170185988092
gps 1 4.605170185988092 4.605170185988092
granite 1 4.605170185988092 4.605170185988092
grew 1 2.302585092994046 2.302585092994046
grille 1 4.605170185988092 4.605170185988092
ground 1 1.8325814637483102 1.8325814637483102
grouping 1 3.506557897319982 3.506557897319982
guide 1 1.8971199848858813 1.8971199848858813
hatnote 1 0.843970070294529 0.843970070294529
hazard 1 3.506557897319982 3.506557897319982
hbo 1 3.912023005428146 3.912023005428146
head 1 1.1086626245216111 1.1086626245216111
headlight 1 4.605170185988092 4.605170185988092
heated 1 3.912023005428146 3.912023005428146
heightin 1 4.605170185988092 4.605170185988092
help 1 0.0 0.0
hidden 1 0.010050335853501506 0.010050335853501506
hide 1 0.0 0.0
high 1 0.9416085398584451 0.9416085398584451
highesttrim 1 4.605170185988092 4.605170185988092
highrange 1 4.605170185988092 4.605170185988092
highway 1 2.8134107167600364 2.8134107167600364
hinged 1 4.605170185988092 4.605170185988092
history 1 0.0 0.0
hlist 1 0.127833371509885 0.127833371509885
hlistinline 1 0.127833371509885 0.127833371509885
hosed 1 4.605170185988092 4.605170185988092
housing 1 2.8134107167600364 2.8134107167600364
however 1 0.6931471805599453 0.6931471805599453
hummer 1 4.605170185988092 4.605170185988092
hydroformed 1 4.605170185988092 4.605170185988092
idlockfree 1 0.0408219945202552 0.0408219945202552
idlockfreeidlockfree 1 0.0408219945202552 0.0408219945202552
idlocklimited 1 0.0408219945202552 0.0408219945202552
idlockregistration 1 0.0408219945202552 0.0408219945202552
idlocksubscription 1 0.0408219945202552 0.0408219945202552
iihs 1 4.605170185988092 4.605170185988092
iihshldi 1 4.605170185988092 4.605170185988092
imgsrc 1 1.3862943611198906 1.3862943611198906
improve 1 1.8325814637483102 1.8325814637483102
inc 1 0.0 0.0
inch 1 2.5257286443082556 2.5257286443082556
include 1 1.3093333199837622 1.3093333199837622
included 1 1.3093333199837622 1.3093333199837622
including 1 0.7133498878774648 0.7133498878774648
increase 1 2.302585092994046 2.302585092994046
increasing 1 3.2188758248682006 3.2188758248682006
indash 1 4.605170185988092 4.605170185988092
independent 1 1.4271163556401458 1.4271163556401458
infobox 1 0.3011050927839216 0.3011050927839216
infoboxautomobile 1 4.605170185988092 4.605170185988092
infoboxtable 1 0.3147107448397002 0.3147107448397002
information 1 0.0 0.0
inline 1 3.506557897319982 3.506557897319982
instead 1 1.6607312068216509 1.6607312068216509
intensity 1 4.605170185988092 4.605170185988092
interface 1 3.506557897319982 3.506557897319982
interior 1 2.5257286443082556 2.5257286443082556
international 1 0.5978370007556204 0.5978370007556204
introduced 1 1.5606477482646683 1.5606477482646683
introducing 1 2.5257286443082556 2.5257286443082556
isuzu 1 3.912023005428146 3.912023005428146
item 1 0.010050335853501506 0.010050335853501506
jimmy 1 2.302585092994046 2.302585092994046
jstor 1 1.5141277326297755 1.5141277326297755
jump 1 0.0 0.0
keyless 1 4.605170185988092 4.605170185988092
kick 1 2.8134107167600364 2.8134107167600364
lamp 0 3.506557897319982 0.0
language 0 0.0 0.0
large 1 1.4696759700589417 1.4696759700589417
largely 1 2.5257286443082556 2.5257286443082556
larger 1 2.407945608651872 2.407945608651872
last 1 0.0 0.0
later 1 0.5621189181535412 0.5621189181535412
latter 1 1.6607312068216509 1.6607312068216509
layout 1 2.659260036932778 2.659260036932778
leading 1 1.3093333199837622 1.3093333199837622
learn 1 0.0 0.0
leather 1 3.912023005428146 3.912023005428146
leathertrim 1 4.605170185988092 4.605170185988092
leathertrimmed 1 4.605170185988092 4.605170185988092
leatherwrapped 1 4.605170185988092 4.605170185988092
legend 1 1.8325814637483102 1.8325814637483102
length 1 1.7719568419318754 1.7719568419318754
level 1 1.9661128563728327 1.9661128563728327
liaftercontent 1 0.127833371509885 0.127833371509885
license 1 0.0 0.0
lietuvi 1 2.8134107167600364 2.8134107167600364
liftgate 1 4.605170185988092 4.605170185988092
light 1 1.3862943611198906 1.3862943611198906
limarginbottom 1 0.9675840262617057 0.9675840262617057
limitedslip 1 4.605170185988092 4.605170185988092
line 1 1.4696759700589417 1.4696759700589417
link 1 0.0 0.0
loadleveling 1 4.605170185988092 4.605170185988092
lock 1 3.2188758248682006 3.2188758248682006
locking 1 4.605170185988092 4.605170185988092
log 1 0.0 0.0
logged 1 0.0 0.0
longer 1 2.207274913189721 2.207274913189721
longwheelbase 1 4.605170185988092 4.605170185988092
low 1 1.9661128563728327 1.9661128563728327
lower 1 1.8325814637483102 1.8325814637483102
lowering 1 4.605170185988092 4.605170185988092
lowload 1 4.605170185988092 4.605170185988092
lowrange 1 4.605170185988092 4.605170185988092
lowworkload 1 4.605170185988092 4.605170185988092
luxurious 1 3.912023005428146 3.912023005428146
luxury 1 2.995732273553991 2.995732273553991
made 1 0.653926467406664 0.653926467406664
magazine 0 1.8971199848858813 0.0
main 1 0.0 0.0
manual 1 2.5257286443082556 2.5257286443082556
manufactured 1 3.912023005428146 3.912023005428146
manufacturer 1 2.995732273553991 2.995732273553991
many 1 0.7550225842780328 0.7550225842780328
march 1 0.3147107448397002 0.3147107448397002
marked 1 2.207274913189721 2.207274913189721
market 1 2.120263536200091 2.120263536200091
marketed 1 4.605170185988092 4.605170185988092
marque 1 3.912023005428146 3.912023005428146
material 1 1.3093333199837622 1.3093333199837622
may 1 0.0 0.0
medium 0 0.49429632181478017 0.0
memory 1 2.207274913189721 2.207274913189721
menu 1 0.0 0.0
mesh 1 4.605170185988092 4.605170185988092
message 1 1.5606477482646683 1.5606477482646683
middle 1 2.0402208285265546 2.0402208285265546
midgate 1 4.605170185988092 4.605170185988092
midsize 1 4.605170185988092 4.605170185988092
mirror 0 2.995732273553991 0.0
mobile 1 0.0 0.0
model 1 1.8971199848858813 1.8971199848858813
modelyears 1 4.605170185988092 4.605170185988092
modernized 1 3.912023005428146 3.912023005428146
molding 0 4.605170185988092 0.0
monitoring 1 3.506557897319982 3.506557897319982
monochromatic 1 4.605170185988092 4.605170185988092
moonroof 1 4.605170185988092 4.605170185988092
moraine 1 4.605170185988092 4.605170185988092
morecitationsneeded 1 2.995732273553991 2.995732273553991
motor 1 2.302585092994046 2.302585092994046
motorhome 1 4.605170185988092 4.605170185988092
motorhomes 1 4.605170185988092 4.605170185988092
move 1 0.0 0.0
movement 1 1.6607312068216509 1.6607312068216509
name 1 0.5276327420823719 0.5276327420823719
named 1 1.2039728043259361 1.2039728043259361
nameplate 1 4.605170185988092 4.605170185988092
navbar 1 0.23572233352106994 0.23572233352106994
navbarfontsizemedia 1 0.3147107448397002 0.3147107448397002
navbarmini 1 0.23572233352106994 0.23572233352106994
navbox 1 0.1392620673335076 0.1392620673335076
navboximage 1 0.1392620673335076 0.1392620673335076
navboxsubgroup 1 0.1392620673335076 0.1392620673335076
navboxtitle 1 0.1392620673335076 0.1392620673335076
navboxtop 1 4.605170185988092 4.605170185988092
navigation 1 0.0 0.0
need 0 1.2039728043259361 0.0
needing 1 1.8971199848858813 1.8971199848858813
neither 1 3.2188758248682006 3.2188758248682006
new 1 0.24846135929849972 0.24846135929849972
newspaper 0 1.5141277326297755 0.0
nonprofit 1 0.0 0.0
north 1 0.8209805520698303 0.8209805520698303
note 1 0.8209805520698303 0.8209805520698303
october 1 0.28768207245178085 0.28768207245178085
offer 1 2.302585092994046 2.302585092994046
offered 1 2.659260036932778 2.659260036932778
offering 1 2.995732273553991 2.995732273553991
offset 1 4.605170185988092 4.605170185988092
ohio 1 2.207274913189721 2.207274913189721
oklahoma 1 2.5257286443082556 2.5257286443082556
oldsmobile 1 4.605170185988092 4.605170185988092
ollibeforecontent 1 0.127833371509885 0.127833371509885
onboard 1 4.605170185988092 4.605170185988092
one 1 0.23572233352106994 0.23572233352106994
opener 1 3.912023005428146 3.912023005428146
option 1 2.120263536200091 2.120263536200091
optional 1 4.605170185988092 4.605170185988092
organization 1 0.0 0.0
organizationname 1 0.010050335853501506 0.010050335853501506
original 1 0.4155154439616658 0.4155154439616658
outright 1 3.506557897319982 3.506557897319982
override 1 4.605170185988092 4.605170185988092
overview 1 2.0402208285265546 2.0402208285265546
page 1 0.0 0.0
panasonic 1 4.605170185988092 4.605170185988092
panel 1 2.8134107167600364 2.8134107167600364
panic 1 3.2188758248682006 3.2188758248682006
partition 1 4.605170185988092 4.605170185988092
passenger 1 3.2188758248682006 3.2188758248682006
pdfprintable 1 0.0 0.0
pedal 0 4.605170185988092 0.0
permanent 1 0.0 0.0
personal 1 0.0 0.0
phased 1 3.912023005428146 3.912023005428146
phone 0 2.8134107167600364 0.0
pickup 1 4.605170185988092 4.605170185988092
place 1 0.653926467406664 0.653926467406664
plainlist 1 0.7339691750802005 0.7339691750802005
plan 1 1.4696759700589417 1.4696759700589417
plant 1 2.5257286443082556 2.5257286443082556
plasticlined 1 4.605170185988092 4.605170185988092
platform 1 2.659260036932778 2.659260036932778
player 1 1.6094379124341003 1.6094379124341003
please 1 1.7719568419318754 1.7719568419318754
plentiful 1 4.605170185988092 4.605170185988092
policy 1 0.0 0.0
polished 1 3.912023005428146 3.912023005428146
polski 1 1.3470736479666094 1.3470736479666094
poor 1 2.207274913189721 2.207274913189721
portal 1 0.0 0.0
portugus 1 1.171182981502945 1.171182981502945
posi 1 4.605170185988092 4.605170185988092
power 1 1.0216512475319812 1.0216512475319812
powertrain 1 4.605170185988092 4.605170185988092
predecessor 1 2.5257286443082556 2.5257286443082556
premium 1 3.912023005428146 3.912023005428146
preset 1 4.605170185988092 4.605170185988092
pressure 1 2.8134107167600364 2.8134107167600364
previous 1 1.6607312068216509 1.6607312068216509
price 1 1.9661128563728327 1.9661128563728327
primarily 1 2.407945608651872 2.407945608651872
printbodyns 1 0.09431067947124142 0.09431067947124142
printexport 1 0.0 0.0
privacy 1 0.0 0.0
produced 1 1.7719568419318754 1.7719568419318754
production 1 1.6607312068216509 1.6607312068216509
project 0 0.0 0.0
projection 0 3.506557897319982 0.0
pseries 1 4.605170185988092 4.605170185988092
pund 1 4.605170185988092 4.605170185988092
rack 1 3.912023005428146 3.912023005428146
radio 1 1.4696759700589417 1.4696759700589417
rail 0 2.995732273553991 0.0
rainier 1 4.605170185988092 4.605170185988092
rainsensing 1 4.605170185988092 4.605170185988092
raised 1 2.8134107167600364 2.8134107167600364
rally 1 2.659260036932778 2.659260036932778
random 1 0.0 0.0
range 1 2.5257286443082556 2.5257286443082556
rapid 1 2.8134107167600364 2.8134107167600364
rating 1 2.0402208285265546 2.0402208285265546
read 1 0.0 0.0
rear 1 2.8134107167600364 2.8134107167600364
rearseat 1 4.605170185988092 4.605170185988092
rearwheel 1 4.605170185988092 4.605170185988092
rearwheeldrive 1 4.605170185988092 4.605170185988092
recall 1 3.506557897319982 3.506557897319982
recalled 1 3.2188758248682006 3.2188758248682006
received 1 1.1394342831883648 1.1394342831883648
recent 1 0.0 0.0
recorder 1 4.605170185988092 4.605170185988092
reduction 1 2.8134107167600364 2.8134107167600364
reference 0 0.03045920748470844 0.0
reflist 1 0.06187540371808745 0.06187540371808745
reflistcolumns 1 0.06187540371808745 0.06187540371808745
reg 1 0.0 0.0
registered 1 0.0 0.0
regular 1 1.5606477482646683 1.5606477482646683
related 1 0.0 0.0
release 1 1.3093333199837622 1.3093333199837622
reliable 1 1.9661128563728327 1.9661128563728327
remains 1 2.0402208285265546 2.0402208285265546
remote 1 3.2188758248682006 3.2188758248682006
remove 1 1.6607312068216509 1.6607312068216509
removed 1 1.6094379124341003 1.6094379124341003
replace 1 2.995732273553991 2.995732273553991
replaced 1 1.8971199848858813 1.8971199848858813
replacing 1 2.8134107167600364 2.8134107167600364
restraint 0 3.912023005428146 0.0
retired 1 1.7719568419318754 1.7719568419318754
retractable 1 4.605170185988092 4.605170185988092
retractableroof 1 4.605170185988092 4.605170185988092
retracted 1 4.605170185988092 4.605170185988092
retracting 1 4.605170185988092 4.605170185988092
retrieved 1 0.0 0.0
revised 1 2.407945608651872 2.407945608651872
revived 1 3.506557897319982 3.506557897319982
road 0 1.3862943611198906 0.0
role 1 1.3470736479666094 1.3470736479666094
roof 1 3.506557897319982 3.506557897319982
roofline 1 4.605170185988092 4.605170185988092
room 1 2.207274913189721 2.207274913189721
row 0 2.302585092994046 0.0
run 1 1.171182981502945 1.171182981502945
running 1 1.6607312068216509 1.6607312068216509
saab 1 4.605170185988092 4.605170185988092
safari 1 3.912023005428146 3.912023005428146
safety 1 2.407945608651872 2.407945608651872
sale 0 1.8971199848858813 0.0
salt 1 2.8134107167600364 2.8134107167600364
satellite 1 3.506557897319982 3.506557897319982
savana 1 4.605170185988092 4.605170185988092
scholar 1 1.7147984280919266 1.7147984280919266
screen 1 0.010050335853501506 0.010050335853501506
search 1 0.0 0.0
seat 1 2.302585092994046 2.302585092994046
seating 1 4.605170185988092 4.605170185988092
second 1 0.49429632181478017 0.49429632181478017
secondgeneration 1 4.605170185988092 4.605170185988092
security 1 1.6607312068216509 1.6607312068216509
sedan 0 4.605170185988092 0.0
see 1 0.40047756659712536 0.40047756659712536
selling 1 2.8134107167600364 2.8134107167600364
served 1 1.4696759700589417 1.4696759700589417
setting 0 2.120263536200091 0.0
several 1 0.8209805520698303 0.8209805520698303
share 1 0.0 0.0
sharing 1 2.995732273553991 2.995732273553991
shift 1 2.8134107167600364 2.8134107167600364
shifter 1 4.605170185988092 4.605170185988092
shock 1 3.2188758248682006 3.2188758248682006
short 1 0.06187540371808745 0.06187540371808745
shortcircuits 1 4.605170185988092 4.605170185988092
shortdescription 1 0.2613647641344075 0.2613647641344075
shortened 1 0.0 0.0
shorter 1 3.2188758248682006 3.2188758248682006
shrouded 1 4.605170185988092 4.605170185988092
shut 1 2.995732273553991 2.995732273553991
side 1 1.4271163556401458 1.4271163556401458
sidebar 1 0.0 0.0
sideboxmarginpx 1 1.3862943611198906 1.3862943611198906
sideboxtextpaddingem 1 1.3862943611198906 1.3862943611198906
sidecurtain 1 4.605170185988092 4.605170185988092
sidehinged 1 4.605170185988092 4.605170185988092
sierra 1 3.912023005428146 3.912023005428146
similar 1 1.9661128563728327 1.9661128563728327
simple 1 2.407945608651872 2.407945608651872
since 1 0.7985076962177716 0.7985076962177716
singledisc 1 4.605170185988092 4.605170185988092
singlepane 1 4.605170185988092 4.605170185988092
sistersitebox 1 1.3862943611198906 1.3862943611198906
site 1 0.0 0.0
situation 0 2.407945608651872 0.0
six 1 1.3470736479666094 1.3470736479666094
sixdisc 1 4.605170185988092 4.605170185988092
sixspeaker 1 4.605170185988092 4.605170185988092
sixteen 1 3.2188758248682006 3.2188758248682006
size 1 2.659260036932778 2.659260036932778
skipping 1 4.605170185988092 4.605170185988092
sle 1 4.605170185988092 4.605170185988092
slightly 1 2.659260036932778 2.659260036932778
slt 1 4.605170185988092 4.605170185988092
smaller 1 2.659260036932778 2.659260036932778
sold 1 2.0402208285265546 2.0402208285265546
solely 1 3.2188758248682006 3.2188758248682006
solid 1 0.09431067947124142 0.09431067947124142
sonoma 1 3.912023005428146 3.912023005428146
sound 1 1.7719568419318754 1.7719568419318754
source 0 0.5798184952529422 0.0
space 1 1.7719568419318754 1.7719568419318754
spare 1 3.506557897319982 3.506557897319982
special 1 0.0 0.0
splitfolding 1 4.605170185988092 4.605170185988092
sport 1 1.1394342831883648 1.1394342831883648
spresent 1 4.605170185988092 4.605170185988092
sprint 1 3.2188758248682006 3.2188758248682006
ssrchevrolet 1 4.605170185988092 4.605170185988092
stabilitrak 1 4.605170185988092 4.605170185988092
stability 1 3.506557897319982 3.506557897319982
stampings 1 4.605170185988092 4.605170185988092
standalone 1 3.912023005428146 3.912023005428146
standard 1 1.6607312068216509 1.6607312068216509
standardlength 1 4.605170185988092 4.605170185988092
star 1 0.9675840262617057 0.9675840262617057
state 0 0.3147107448397002 0.0
statement 1 0.0 0.0
statistic 0 0.0 0.0
status 1 1.7719568419318754 1.7719568419318754
steel 1 2.207274913189721 2.207274913189721
steering 1 3.2188758248682006 3.2188758248682006
stereo 1 3.506557897319982 3.506557897319982
studebaker 1 4.605170185988092 4.605170185988092
subcompact 1 4.605170185988092 4.605170185988092
subject 1 2.8134107167600364 2.8134107167600364
subsection 1 0.3424903089467759 0.3424903089467759
suburban 1 3.506557897319982 3.506557897319982
succeeded 1 2.120263536200091 2.120263536200091
successor 1 2.207274913189721 2.207274913189721
sunroof 1 4.605170185988092 4.605170185988092
suomi 1 1.7719568419318754 1.7719568419318754
surface 0 2.8134107167600364 0.0
suspension 1 2.995732273553991 2.995732273553991
suv 1 4.605170185988092 4.605170185988092
suvbodystyledoor 1 4.605170185988092 4.605170185988092
suvlayout 1 4.605170185988092 4.605170185988092
switch 1 3.2188758248682006 3.2188758248682006
syclone 1 4.605170185988092 4.605170185988092
system 1 0.9162907318741551 0.9162907318741551
table 1 0.0 0.0
tailgate 1 4.605170185988092 4.605170185988092
taillamps 1 4.605170185988092 4.605170185988092
talk 1 0.0 0.0
tall 1 3.506557897319982 3.506557897319982
tank 1 2.5257286443082556 2.5257286443082556
tdhlist 1 0.1392620673335076 0.1392620673335076
technology 1 1.7719568419318754 1.7719568419318754
template 1 0.0 0.0
term 0 0.0 0.0
terracross 1 4.605170185988092 4.605170185988092
terradyne 1 4.605170185988092 4.605170185988092
terrain 1 3.506557897319982 3.506557897319982
test 1 2.207274913189721 2.207274913189721
testing 1 3.506557897319982 3.506557897319982
text 1 0.0 0.0
thbodyskinresponsive 1 0.3147107448397002 0.3147107448397002
thirdrow 1 4.605170185988092 4.605170185988092
three 1 0.5798184952529422 0.5798184952529422
throughout 1 1.171182981502945 1.171182981502945
time 1 0.28768207245178085 0.28768207245178085
timeline 1 2.207274913189721 2.207274913189721
tire 1 3.2188758248682006 3.2188758248682006
together 1 1.5141277326297755 1.5141277326297755
toggle 1 0.010050335853501506 0.010050335853501506
tool 0 0.0 0.0
top 1 0.010050335853501506 0.010050335853501506
topic 1 0.0 0.0
topoftheline 1 4.605170185988092 4.605170185988092
total 1 0.0 0.0
touchscreen 1 3.912023005428146 3.912023005428146
trac 1 4.605170185988092 4.605170185988092
tracker 1 4.605170185988092 4.605170185988092
trademark 1 0.0 0.0
trail 1 3.912023005428146 3.912023005428146
trailblazer 1 4.605170185988092 4.605170185988092
transitioned 1 4.605170185988092 4.605170185988092
transmission 1 3.2188758248682006 3.2188758248682006
transported 1 3.912023005428146 3.912023005428146
travel 1 1.9661128563728327 1.9661128563728327
trend 1 3.506557897319982 3.506557897319982
trim 1 3.506557897319982 3.506557897319982
truck 1 2.995732273553991 2.995732273553991
trunk 1 3.912023005428146 3.912023005428146
two 1 0.43078291609245434 0.43078291609245434
twotone 1 4.605170185988092 4.605170185988092
twoway 1 4.605170185988092 4.605170185988092
type 1 1.2729656758128876 1.2729656758128876
typhoon 1 4.605170185988092 4.605170185988092
ulpaddingem 1 0.1392620673335076 0.1392620673335076
unibodychassis 1 4.605170185988092 4.605170185988092
unique 1 2.207274913189721 2.207274913189721
united 1 0.4155154439616658 0.4155154439616658
universal 1 2.407945608651872 2.407945608651872
unsourced 1 1.3862943611198906 1.3862943611198906
updated 1 2.302585092994046 2.302585092994046
upgraded 1 3.506557897319982 3.506557897319982
uplevel 1 4.605170185988092 4.605170185988092
upload 1 0.0 0.0
upper 1 2.0402208285265546 2.0402208285265546
us 0 1.6094379124341003 0.0
use 1 0.0 0.0
used 1 0.8675005677047231 0.8675005677047231
using 1 0.0 0.0
utc 1 0.0 0.0
utility 1 2.995732273553991 2.995732273553991
van 1 1.7147984280919266 1.7147984280919266
vandura 1 4.605170185988092 4.605170185988092
var 1 0.0 0.0
variabledisplacement 1 4.605170185988092 4.605170185988092
variant 1 3.2188758248682006 3.2188758248682006
variantspecific 1 4.605170185988092 4.605170185988092
various 1 1.5141277326297755 1.5141277326297755
vehicle 1 3.2188758248682006 3.2188758248682006
verification 1 2.120263536200091 2.120263536200091
version 1 0.0 0.0
view 1 0.0 0.0
vortec 1 4.605170185988092 4.605170185988092
vte 1 0.7550225842780328 0.7550225842780328
vtransmissionspeed 1 4.605170185988092 4.605170185988092
wagon 1 4.605170185988092 4.605170185988092
wagonaire 1 4.605170185988092 4.605170185988092
ward 0 2.302585092994046 0.0
washington 1 1.2378743560016172 1.2378743560016172
way 1 1.1086626245216111 1.1086626245216111
well 1 0.7765287894989963 0.7765287894989963
wheel 1 2.8134107167600364 2.8134107167600364
wheelbase 1 4.605170185988092 4.605170185988092
wheelbasein 1 4.605170185988092 4.605170185988092
white 1 1.171182981502945 1.171182981502945
width 1 3.912023005428146 3.912023005428146
wikidata 1 0.010050335853501506 0.010050335853501506
wikimedia 1 0.0 0.0
wikipedia 1 0.0 0.0
window 1 2.995732273553991 2.995732273553991
windshield 1 4.605170185988092 4.605170185988092
winter 1 1.8325814637483102 1.8325814637483102
wiper 0 4.605170185988092 0.0
wireless 1 4.605170185988092 4.605170185988092
within 1 1.3862943611198906 1.3862943611198906
wood 1 1.7147984280919266 1.7147984280919266
wseries 1 4.605170185988092 4.605170185988092
xlgmt 1 4.605170185988092 4.605170185988092
xlxuvlengthin 1 4.605170185988092 4.605170185988092
xpowertrain 1 4.605170185988092 4.605170185988092
xuv 1 4.605170185988092 4.605170185988092
xuvrelated 1 4.605170185988092 4.605170185988092
xuvwidthin 1 4.605170185988092 4.605170185988092
year 1 0.3424903089467759 0.3424903089467759
yearto 1 4.605170185988092 4.605170185988092
yukon 1 4.605170185988092 4.605170185988092
