account 1 0.0 0.0
ace 1 2.995732273553991 2.995732273553991
act 1 1.3470736479666094 1.3470736479666094
action 0 0.0 0.0
add 1 0.0 0.0
added 1 1.8325814637483102 1.8325814637483102
additional 1 0.0 0.0
affected 1 3.2188758248682006 3.2188758248682006
age 1 0.7985076962177716 0.7985076962177716
agree 1 0.0 0.0
alan 1 2.0402208285265546 2.0402208285265546
alberto 1 2.8134107167600364 2.8134107167600364
alignment 1 3.912023005428146 3.912023005428146
alike 1 0.0 0.0
alive 1 2.407945608651872 2.407945608651872
allstar 1 3.912023005428146 3.912023005428146
also 1 0.127833371509885 0.127833371509885
america 1 0.8675005677047231 0.8675005677047231
american 1 0.5276327420823719 0.5276327420823719
anaheim 1 3.506557897319982 3.506557897319982
angeles 1 1.6607312068216509 1.6607312068216509
another 1 0.9675840262617057 0.9675840262617057
antonio 1 2.659260036932778 2.659260036932778
apiece 1 4.605170185988092 4.605170185988092
apollo 0 3.912023005428146 0.0
appearance 1 0.0 0.0
apply 1 0.0 0.0
approved 1 2.659260036932778 2.659260036932778
april 1 0.44628710262841953 0.44628710262841953
archive 1 1.6094379124341003 1.6094379124341003
archived 1 0.47803580094299974 0.47803580094299974
area 1 1.2729656758128876 1.2729656758128876
arsene 1 4.605170185988092 4.605170185988092
article 1 0.0 0.0
asc 1 4.605170185988092 4.605170185988092
assist 0 2.5257286443082556 0.0
association 1 1.1394342831883648 1.1394342831883648
atlanta 1 2.207274913189721 2.207274913189721
atlantic 1 2.207274913189721 2.207274913189721
atom 0 4.605170185988092 0.0
attempt 1 1.6607312068216509 1.6607312068216509
attendance 1 2.659260036932778 2.659260036932778
attribution 1 0.0 0.0
august 1 0.3424903089467759 0.3424903089467759
auguste 1 3.2188758248682006 3.2188758248682006
auto 1 0.1392620673335076 0.1392620673335076
available 1 0.0 0.0
average 1 2.0402208285265546 2.0402208285265546
award 1 1.171182981502945 1.171182981502945
away 1 1.5606477482646683 1.5606477482646683
aztec 0 4.605170185988092 0.0
back 1 1.0216512475319812 1.0216512475319812
backtoback 1 4.605170185988092 4.605170185988092
ball 1 1.8971199848858813 1.8971199848858813
baltimore 1 2.302585092994046 2.302585092994046
banner 1 3.2188758248682006 3.2188758248682006
based 1 1.07880966137193 1.07880966137193
battle 1 1.3862943611198906 1.3862943611198906
bay 1 1.6094379124341003 1.6094379124341003
beacon 0 3.2188758248682006 0.0
beat 1 2.120263536200091 2.120263536200091
beaten 1 3.912023005428146 3.912023005428146
became 1 0.7133498878774648 0.7133498878774648
beckenbauer 1 4.605170185988092 4.605170185988092
become 1 1.2378743560016172 1.2378743560016172
bee 1 3.912023005428146 3.912023005428146
behind 1 1.8971199848858813 1.8971199848858813
best 1 1.0216512475319812 1.0216512475319812
bicentennial 0 3.912023005428146 0.0
bid 1 2.5257286443082556 2.5257286443082556
bigger 1 2.8134107167600364 2.8134107167600364
biggest 1 3.2188758248682006 3.2188758248682006
bilecki 1 4.605170185988092 4.605170185988092
bill 1 1.171182981502945 1.171182981502945
blizzard 1 3.2188758248682006 3.2188758248682006
bob 1 1.8971199848858813 1.8971199848858813
bogievi 1 4.605170185988092 4.605170185988092
bolstered 1 4.605170185988092 4.605170185988092
bonus 1 2.8134107167600364 2.8134107167600364
book 0 0.6348782724359695 0.0
boomer 0 3.912023005428146 0.0
bose 1 3.2188758248682006 3.2188758248682006
boston 1 1.7719568419318754 1.7719568419318754
bot 1 3.912023005428146 3.912023005428146
boulton 1 4.605170185988092 4.605170185988092
bourne 1 4.605170185988092 4.605170185988092
bowl 1 2.8134107167600364 2.8134107167600364
bracket 1 3.2188758248682006 3.2188758248682006
breedon 1 4.605170185988092 4.605170185988092
bring 1 1.8971199848858813 1.8971199848858813
broadcaster 0 2.659260036932778 0.0
brought 1 1.5606477482646683 1.5606477482646683
bruce 1 2.120263536200091 2.120263536200091
calgary 1 3.506557897319982 3.506557897319982
california 1 1.4696759700589417 1.4696759700589417
called 1 0.8209805520698303 0.8209805520698303
canada 1 1.4696759700589417 1.4696759700589417
canadian 1 1.9661128563728327 1.9661128563728327
cancer 1 2.659260036932778 2.659260036932778
caribou 0 4.605170185988092 0.0
carlos 1 2.995732273553991 2.995732273553991
category 1 0.0 0.0
centerpx 1 0.0408219945202552 0.0408219945202552
central 1 1.07880966137193 1.07880966137193
champion 0 1.3862943611198906 0.0
championship 1 1.5606477482646683 1.5606477482646683
change 0 0.0 0.0
chicago 1 1.8971199848858813 1.8971199848858813
chief 0 1.3862943611198906 0.0
chinaglia 1 4.605170185988092 4.605170185988092
chris 1 1.6607312068216509 1.6607312068216509
chursky 1 4.605170185988092 4.605170185988092
citation 1 0.0408219945202552 0.0408219945202552
cite 1 0.0 0.0
citenews 1 1.5606477482646683 1.5606477482646683
city 1 0.6348782724359695 0.6348782724359695
civic 1 3.2188758248682006 3.2188758248682006
cleveland 1 2.0402208285265546 2.0402208285265546
clipper 0 4.605170185988092 0.0
club 0 1.4271163556401458 0.0
clyde 1 3.912023005428146 3.912023005428146
coach 1 1.7719568419318754 1.7719568419318754
code 1 0.0 0.0
colin 1 3.506557897319982 3.506557897319982
coliseum 1 4.605170185988092 4.605170185988092
colorado 1 1.8971199848858813 1.8971199848858813
comet 0 3.506557897319982 0.0
common 0 0.0 0.0
compiling 1 4.605170185988092 4.605170185988092
complete 1 1.8325814637483102 1.8325814637483102
complicated 1 2.659260036932778 2.659260036932778
conclusion 1 2.8134107167600364 2.8134107167600364
conduct 1 0.0 0.0
conference 1 1.3862943611198906 1.3862943611198906
connecticut 1 2.207274913189721 2.207274913189721
contact 1 0.0 0.0
content 1 0.0 0.0
context 1 0.010050335853501506 0.010050335853501506
contribute 1 0.0 0.0
contribution 0 0.0 0.0
cookie 1 0.0 0.0
cookiematch 1 0.0 0.0
copy 1 1.9661128563728327 1.9661128563728327
cosmos 1 4.605170185988092 4.605170185988092
cougar 0 4.605170185988092 0.0
counted 1 3.506557897319982 3.506557897319982
counterlistitema 1 0.127833371509885 0.127833371509885
craven 1 3.506557897319982 3.506557897319982
create 1 0.0 0.0
creative 1 0.0 0.0
croatia 1 2.8134107167600364 2.8134107167600364
crowd 1 3.2188758248682006 3.2188758248682006
crown 1 1.9661128563728327 1.9661128563728327
csa 1 3.912023005428146 3.912023005428146
csmaintcolorf 1 0.06187540371808745 0.06187540371808745
csmaintcolorfmedia 1 0.0408219945202552 0.0408219945202552
csscrop 1 4.605170185988092 4.605170185988092
cswsicon 1 0.0408219945202552 0.0408219945202552
current 1 0.0 0.0
cut 1 1.9661128563728327 1.9661128563728327
daily 1 1.4271163556401458 1.4271163556401458
dallas 1 3.2188758248682006 3.2188758248682006
daly 1 3.2188758248682006 3.2188758248682006
dart 0 3.912023005428146 0.0
date 0 0.3147107448397002 0.0
dave 1 2.302585092994046 2.302585092994046
david 1 0.9942522733438669 0.9942522733438669
day 1 0.5276327420823719 0.5276327420823719
deal 0 1.8325814637483102 0.0
dennis 1 2.120263536200091 2.120263536200091
denver 1 2.8134107167600364 2.8134107167600364
derby 1 2.995732273553991 2.995732273553991
derrico 1 4.605170185988092 4.605170185988092
description 1 0.07257069283483537 0.07257069283483537
det 1 4.605170185988092 4.605170185988092
determine 1 2.659260036932778 2.659260036932778
detroit 1 3.2188758248682006 3.2188758248682006
developer 0 0.0 0.0
diego 1 2.659260036932778 2.659260036932778
different 1 0.3424903089467759 0.3424903089467759
diplomat 0 2.659260036932778 0.0
direct 1 2.5257286443082556 2.5257286443082556
disclaimer 0 0.0 0.0
division 1 1.2729656758128876 1.2729656758128876
donate 1 0.0 0.0
download 1 0.0 0.0
draft 1 2.5257286443082556 2.5257286443082556
drawing 1 2.659260036932778 2.659260036932778
drawn 1 3.2188758248682006 3.2188758248682006
drew 1 2.659260036932778 2.659260036932778
drillers 1 4.605170185988092 4.605170185988092
dtaftercontent 1 0.127833371509885 0.127833371509885
dynamo 0 3.506557897319982 0.0
earthquake 0 3.506557897319982 0.0
east 1 1.0498221244986776 1.0498221244986776
eastern 1 1.5606477482646683 1.5606477482646683
edge 1 2.120263536200091 2.120263536200091
edmonton 1 3.912023005428146 3.912023005428146
edt 1 4.605170185988092 4.605170185988092
eljko 1 4.605170185988092 4.605170185988092
ellensburg 1 4.605170185988092 4.605170185988092
empire 1 1.9661128563728327 1.9661128563728327
enclosed 1 4.605170185988092 4.605170185988092
encyclopedia 1 0.0 0.0
end 1 0.7985076962177716 0.7985076962177716
endearing 1 4.605170185988092 4.605170185988092
england 1 1.6607312068216509 1.6607312068216509
english 1 0.0 0.0
entire 1 2.0402208285265546 2.0402208285265546
erol 1 4.605170185988092 4.605170185988092
espaol 1 1.1394342831883648 1.1394342831883648
etherington 1 4.605170185988092 4.605170185988092
evans 1 2.207274913189721 2.207274913189721
evening 1 2.659260036932778 2.659260036932778
event 0 0.0 0.0
exp 1 0.0 0.0
expanding 1 2.407945608651872 2.407945608651872
expansion 1 2.0402208285265546 2.0402208285265546
express 1 1.9661128563728327 1.9661128563728327
external 1 0.44628710262841953 0.44628710262841953
extraordinary 1 3.506557897319982 3.506557897319982
eye 0 1.6607312068216509 0.0
fall 1 1.07880966137193 1.07880966137193
fan 0 1.7147984280919266 0.0
fbgoalspan 1 3.2188758248682006 3.2188758248682006
february 1 0.27443684570176036 0.27443684570176036
fifasanctioned 1 4.605170185988092 4.605170185988092
file 1 0.0 0.0
final 1 0.9942522733438669 0.9942522733438669
first 1 0.1508228897345837 0.1508228897345837
firstdivision 1 4.605170185988092 4.605170185988092
five 1 1.0216512475319812 1.0216512475319812
flagicon 1 2.659260036932778 2.659260036932778
flanagan 1 3.506557897319982 3.506557897319982
folding 1 3.912023005428146 3.912023005428146
football 1 1.8325814637483102 1.8325814637483102
footballbox 1 4.605170185988092 4.605170185988092
format 1 2.5257286443082556 2.5257286443082556
fort 1 2.120263536200091 2.120263536200091
foundation 1 0.0 0.0
four 1 0.7985076962177716 0.7985076962177716
franais 1 0.8675005677047231 0.8675005677047231
franchise 1 2.207274913189721 2.207274913189721
francis 1 1.6607312068216509 1.6607312068216509
francisco 1 1.7719568419318754 1.7719568419318754
franz 1 2.8134107167600364 2.8134107167600364
free 1 0.0 0.0
frightfontsizewidth 1 4.605170185988092 4.605170185988092
fully 1 2.5257286443082556 2.5257286443082556
fury 1 2.995732273553991 2.995732273553991
gaa 1 4.605170185988092 4.605170185988092
gale 0 3.912023005428146 0.0
game 1 1.2378743560016172 1.2378743560016172
gary 1 2.120263536200091 2.120263536200091
gate 1 2.5257286443082556 2.5257286443082556
gatos 1 4.605170185988092 4.605170185988092
general 1 0.0 0.0
george 1 1.07880966137193 1.07880966137193
gerry 1 2.995732273553991 2.995732273553991
get 1 0.0 0.0
giant 0 2.302585092994046 0.0
giorgio 1 4.605170185988092 4.605170185988092
goal 1 1.8971199848858813 1.8971199848858813
goalkeeping 1 4.605170185988092 4.605170185988092
goalscorer 1 3.506557897319982 3.506557897319982
golden 1 1.9661128563728327 1.9661128563728327
granitza 1 4.605170185988092 4.605170185988092
guide 1 1.8971199848858813 1.8971199848858813
hardwick 1 4.605170185988092 4.605170185988092
hartford 1 2.995732273553991 2.995732273553991
hatnote 1 0.843970070294529 0.843970070294529
hawaii 1 2.302585092994046 2.302585092994046
haworth 1 4.605170185988092 4.605170185988092
hector 1 3.912023005428146 3.912023005428146
heinz 1 3.2188758248682006 3.2188758248682006
help 1 0.0 0.0
herald 1 1.8971199848858813 1.8971199848858813
hidden 1 0.010050335853501506 0.010050335853501506
hide 1 0.0 0.0
higher 1 2.0402208285265546 2.0402208285265546
highest 1 1.7719568419318754 1.7719568419318754
highet 1 4.605170185988092 4.605170185988092
hinton 1 4.605170185988092 4.605170185988092
history 1 0.0 0.0
hlist 1 0.127833371509885 0.127833371509885
hlistinline 1 0.127833371509885 0.127833371509885
home 1 0.7339691750802005 0.7339691750802005
honor 0 1.8325814637483102 0.0
honorable 1 4.605170185988092 4.605170185988092
horvth 1 4.605170185988092 4.605170185988092
host 0 2.407945608651872 0.0
houston 1 1.9661128563728327 1.9661128563728327
however 1 0.6931471805599453 0.6931471805599453
hudson 1 2.207274913189721 2.207274913189721
hunt 1 2.995732273553991 2.995732273553991
hurricane 1 3.2188758248682006 3.2188758248682006
iarusci 1 4.605170185988092 4.605170185988092
idlockfree 1 0.0408219945202552 0.0408219945202552
idlockfreeidlockfree 1 0.0408219945202552 0.0408219945202552
idlocklimited 1 0.0408219945202552 0.0408219945202552
idlockregistration 1 0.0408219945202552 0.0408219945202552
idlocksubscription 1 0.0408219945202552 0.0408219945202552
inc 1 0.0 0.0
include 1 1.3093333199837622 1.3093333199837622
included 1 1.3093333199837622 1.3093333199837622
independent 1 1.4271163556401458 1.4271163556401458
individual 1 1.5606477482646683 1.5606477482646683
indoor 1 3.506557897319982 3.506557897319982
infobox 1 0.3011050927839216 0.3011050927839216
infoboxfulldata 1 4.605170185988092 4.605170185988092
infoboxtable 1 0.3147107448397002 0.3147107448397002
information 1 0.0 0.0
irving 1 3.506557897319982 3.506557897319982
irwin 1 3.912023005428146 3.912023005428146
italiano 1 1.07880966137193 1.07880966137193
item 1 0.010050335853501506 0.010050335853501506
ivan 1 2.995732273553991 2.995732273553991
jacksonville 1 3.912023005428146 3.912023005428146
january 1 0.3424903089467759 0.3424903089467759
jaw 0 3.912023005428146 0.0
jeff 1 1.8325814637483102 1.8325814637483102
jersey 1 2.120263536200091 2.120263536200091
jim 1 1.4696759700589417 1.4696759700589417
johann 1 3.912023005428146 3.912023005428146
john 1 0.49429632181478017 0.49429632181478017
join 1 1.6607312068216509 1.6607312068216509
jokerst 1 4.605170185988092 4.605170185988092
jorgen 1 4.605170185988092 4.605170185988092
jose 1 2.120263536200091 2.120263536200091
july 1 0.43078291609245434 0.43078291609245434
jump 1 0.0 0.0
june 1 0.40047756659712536 0.40047756659712536
jzsef 1 4.605170185988092 4.605170185988092
kansa 0 2.207274913189721 0.0
karl 1 2.659260036932778 2.659260036932778
keelan 1 4.605170185988092 4.605170185988092
keep 1 1.7719568419318754 1.7719568419318754
kenn 1 4.605170185988092 4.605170185988092
kevin 1 1.5606477482646683 1.5606477482646683
kick 1 2.8134107167600364 2.8134107167600364
kicking 1 3.912023005428146 3.912023005428146
known 1 0.7985076962177716 0.7985076962177716
kristensen 1 4.605170185988092 4.605170185988092
la 0 2.407945608651872 0.0
lakeland 1 3.912023005428146 3.912023005428146
lancer 0 4.605170185988092 0.0
language 0 0.0 0.0
last 1 0.0 0.0
lauderdale 1 3.912023005428146 3.912023005428146
launched 1 1.9661128563728327 1.9661128563728327
leader 0 1.3862943611198906 0.0
leading 1 1.3093333199837622 1.3093333199837622
league 1 1.3470736479666094 1.3470736479666094
learn 1 0.0 0.0
ledger 1 3.506557897319982 3.506557897319982
legendtext 1 3.2188758248682006 3.2188758248682006
lenarduzzi 1 4.605170185988092 4.605170185988092
lewiston 1 3.506557897319982 3.506557897319982
liaftercontent 1 0.127833371509885 0.127833371509885
license 1 0.0 0.0
link 1 0.0 0.0
locationmap 1 4.605170185988092 4.605170185988092
lockhart 1 4.605170185988092 4.605170185988092
locmap 1 4.605170185988092 4.605170185988092
log 1 0.0 0.0
logged 1 0.0 0.0
longest 1 3.912023005428146 3.912023005428146
looked 1 3.2188758248682006 3.2188758248682006
los 1 1.5141277326297755 1.5141277326297755
losing 1 2.120263536200091 2.120263536200091
loss 1 1.7147984280919266 1.7147984280919266
louis 1 1.5141277326297755 1.5141277326297755
lower 1 1.8325814637483102 1.8325814637483102
lowest 1 3.506557897319982 3.506557897319982
lukaevi 1 4.605170185988092 4.605170185988092
main 1 0.0 0.0
maint 1 1.6607312068216509 1.6607312068216509
major 1 1.1086626245216111 1.1086626245216111
manic 1 4.605170185988092 4.605170185988092
many 1 0.7550225842780328 0.7550225842780328
map 1 2.0402208285265546 2.0402208285265546
march 1 0.3147107448397002 0.3147107448397002
mark 1 1.1394342831883648 1.1394342831883648
marsh 1 3.912023005428146 3.912023005428146
match 1 0.8675005677047231 0.8675005677047231
mate 0 3.912023005428146 0.0
matt 1 1.8325814637483102 1.8325814637483102
maurice 1 2.407945608651872 2.407945608651872
may 1 0.0 0.0
mayer 1 4.605170185988092 4.605170185988092
mdy 1 1.3862943611198906 1.3862943611198906
memphis 1 3.2188758248682006 3.2188758248682006
men 1 1.2039728043259361 1.2039728043259361
mention 1 2.995732273553991 2.995732273553991
menu 1 0.0 0.0
merger 1 3.2188758248682006 3.2188758248682006
merrick 1 3.506557897319982 3.506557897319982
metro 0 2.995732273553991 0.0
metropolitan 1 3.2188758248682006 3.2188758248682006
miami 1 2.5257286443082556 2.5257286443082556
mick 1 3.506557897319982 3.506557897319982
mike 1 1.6094379124341003 1.6094379124341003
milwaukee 1 3.506557897319982 3.506557897319982
min 1 2.995732273553991 2.995732273553991
minigame 1 4.605170185988092 4.605170185988092
minigames 1 4.605170185988092 4.605170185988092
minnesota 1 2.0402208285265546 2.0402208285265546
minus 1 4.605170185988092 4.605170185988092
minute 1 1.6607312068216509 1.6607312068216509
minuteman 0 4.605170185988092 0.0
mirandinha 1 4.605170185988092 4.605170185988092
mobile 1 0.0 0.0
modesto 1 4.605170185988092 4.605170185988092
month 0 0.8915981192837835 0.0
montreal 1 2.659260036932778 2.659260036932778
morning 1 1.8325814637483102 1.8325814637483102
move 1 0.0 0.0
moved 1 1.7719568419318754 1.7719568419318754
movement 0 1.6607312068216509 0.0
moving 1 2.407945608651872 2.407945608651872
mustang 0 3.912023005428146 0.0
mvp 1 3.2188758248682006 3.2188758248682006
name 1 0.5276327420823719 0.5276327420823719
nasl 1 4.605170185988092 4.605170185988092
national 1 0.5108256237659907 0.5108256237659907
navbar 1 0.23572233352106994 0.23572233352106994
navbarfontsizemedia 1 0.3147107448397002 0.3147107448397002
navbarmini 1 0.23572233352106994 0.23572233352106994
navbox 1 0.1392620673335076 0.1392620673335076
navboximage 1 0.1392620673335076 0.1392620673335076
navboxsubgroup 1 0.1392620673335076 0.1392620673335076
navboxtitle 1 0.1392620673335076 0.1392620673335076
navigation 1 0.0 0.0
necessary 1 2.659260036932778 2.659260036932778
nederland 0 1.7147984280919266 0.0
needed 1 1.3862943611198906 1.3862943611198906
neither 1 3.2188758248682006 3.2188758248682006
never 1 1.4696759700589417 1.4696759700589417
new 1 0.24846135929849972 0.24846135929849972
next 1 1.1086626245216111 1.1086626245216111
nfl 1 2.995732273553991 2.995732273553991
nfls 1 4.605170185988092 4.605170185988092
njattendance 1 4.605170185988092 4.605170185988092
nod 1 3.2188758248682006 3.2188758248682006
none 1 2.995732273553991 2.995732273553991
nonprofit 1 0.0 0.0
north 1 0.8209805520698303 0.8209805520698303
note 1 0.8209805520698303 0.8209805520698303
november 1 0.3011050927839216 0.3011050927839216
npsl 1 3.912023005428146 3.912023005428146
nsc 1 4.605170185988092 4.605170185988092
ntsoelengoe 1 4.605170185988092 4.605170185988092
oak 1 3.2188758248682006 3.2188758248682006
oakland 1 2.995732273553991 2.995732273553991
ocala 1 4.605170185988092 4.605170185988092
october 1 0.28768207245178085 0.28768207245178085
official 1 0.7550225842780328 0.7550225842780328
okay 1 3.912023005428146 3.912023005428146
ollibeforecontent 1 0.127833371509885 0.127833371509885
olympique 1 4.605170185988092 4.605170185988092
one 1 0.23572233352106994 0.23572233352106994
opening 1 1.9661128563728327 1.9661128563728327
organization 1 0.0 0.0
organizationname 1 0.010050335853501506 0.010050335853501506
original 1 0.4155154439616658 0.4155154439616658
overall 1 1.8325814637483102 1.8325814637483102
owner 0 1.7147984280919266 0.0
pacific 1 2.302585092994046 2.302585092994046
page 1 0.0 0.0
parameter 0 2.120263536200091 0.0
parkes 1 4.605170185988092 4.605170185988092
pdfprintable 1 0.0 0.0
pentz 1 4.605170185988092 4.605170185988092
per 1 1.7147984280919266 1.7147984280919266
permanent 1 0.0 0.0
personal 1 0.0 0.0
petersburg 1 3.506557897319982 3.506557897319982
phantom 0 3.506557897319982 0.0
phil 1 3.2188758248682006 3.2188758248682006
philadelphia 1 2.5257286443082556 2.5257286443082556
pick 0 2.407945608651872 0.0
picked 1 3.506557897319982 3.506557897319982
pittsburgh 1 2.8134107167600364 2.8134107167600364
place 1 0.653926467406664 0.653926467406664
play 1 1.2039728043259361 1.2039728043259361
played 1 1.3862943611198906 1.3862943611198906
player 1 1.6094379124341003 1.6094379124341003
playoff 1 2.5257286443082556 2.5257286443082556
point 1 1.2729656758128876 1.2729656758128876
policy 1 0.0 0.0
polski 1 1.3470736479666094 1.3470736479666094
pontiac 1 4.605170185988092 4.605170185988092
poole 1 3.506557897319982 3.506557897319982
portal 1 0.0 0.0
portland 1 2.8134107167600364 2.8134107167600364
position 1 1.1394342831883648 1.1394342831883648
post 1 1.07880966137193 1.07880966137193
power 0 1.0216512475319812 0.0
predecessor 0 2.5257286443082556 0.0
premier 0 2.5257286443082556 0.0
prepares 1 4.605170185988092 4.605170185988092
press 1 0.7550225842780328 0.7550225842780328
previous 1 1.6607312068216509 1.6607312068216509
printbodyns 1 0.09431067947124142 0.09431067947124142
printexport 1 0.0 0.0
privacy 1 0.0 0.0
pro 1 1.6607312068216509 1.6607312068216509
process 1 1.5141277326297755 1.5141277326297755
professional 1 1.6607312068216509 1.6607312068216509
project 1 0.0 0.0
propel 1 4.605170185988092 4.605170185988092
pt 0 2.659260036932778 0.0
quality 1 2.407945608651872 2.407945608651872
quarterfinal 0 2.407945608651872 0.0
quicksilver 1 3.912023005428146 3.912023005428146
rally 1 2.659260036932778 2.659260036932778
random 1 0.0 0.0
ray 1 1.7147984280919266 1.7147984280919266
reach 1 2.302585092994046 2.302585092994046
read 1 0.0 0.0
realigned 1 4.605170185988092 4.605170185988092
recap 1 3.506557897319982 3.506557897319982
recent 1 0.0 0.0
record 1 0.7765287894989963 0.7765287894989963
referee 1 2.8134107167600364 2.8134107167600364
reference 0 0.03045920748470844 0.0
reflist 1 0.06187540371808745 0.06187540371808745
reflistcolumns 1 0.06187540371808745 0.06187540371808745
reg 1 0.0 0.0
regardless 1 2.995732273553991 2.995732273553991
registered 1 0.0 0.0
regular 1 1.5606477482646683 1.5606477482646683
regularseason 1 4.605170185988092 4.605170185988092
regulation 1 2.407945608651872 2.407945608651872
related 1 0.0 0.0
report 1 1.1086626245216111 1.1086626245216111
reseeded 1 4.605170185988092 4.605170185988092
respectively 1 2.207274913189721 2.207274913189721
resulting 1 2.407945608651872 2.407945608651872
retrieved 1 0.0 0.0
review 1 1.07880966137193 1.07880966137193
richard 1 1.1394342831883648 1.1394342831883648
road 1 1.3862943611198906 1.3862943611198906
robb 1 3.912023005428146 3.912023005428146
rochester 1 2.995732273553991 2.995732273553991
rock 1 1.6094379124341003 1.6094379124341003
rodney 1 3.506557897319982 3.506557897319982
rogue 0 4.605170185988092 0.0
rookie 1 3.2188758248682006 3.2188758248682006
rosenblatt 1 3.912023005428146 3.912023005428146
roth 1 2.995732273553991 2.995732273553991
roughneck 0 4.605170185988092 0.0
round 1 1.3862943611198906 1.3862943611198906
rover 0 3.506557897319982 0.0
rowdy 0 4.605170185988092 0.0
royal 0 1.8325814637483102 0.0
run 1 1.171182981502945 1.171182981502945
rutherford 1 4.605170185988092 4.605170185988092
sale 1 1.8971199848858813 1.8971199848858813
san 1 1.2378743560016172 1.2378743560016172
sarasota 1 3.506557897319982 3.506557897319982
schaefer 1 3.506557897319982 3.506557897319982
score 1 1.6607312068216509 1.6607312068216509
scored 1 2.302585092994046 2.302585092994046
scoring 1 2.995732273553991 2.995732273553991
screen 1 0.010050335853501506 0.010050335853501506
search 1 0.0 0.0
season 1 1.1394342831883648 1.1394342831883648
seattle 1 2.5257286443082556 2.5257286443082556
second 1 0.49429632181478017 0.49429632181478017
see 1 0.40047756659712536 0.40047756659712536
seed 1 3.2188758248682006 3.2188758248682006
semifinal 0 2.407945608651872 0.0
sentinel 1 2.8134107167600364 2.8134107167600364
series 1 0.8675005677047231 0.8675005677047231
set 1 0.9942522733438669 0.9942522733438669
setting 1 2.120263536200091 2.120263536200091
setup 1 4.605170185988092 4.605170185988092
shamrock 1 4.605170185988092 4.605170185988092
share 1 0.0 0.0
shared 1 2.659260036932778 2.659260036932778
shine 1 3.506557897319982 3.506557897319982
shootout 1 3.506557897319982 3.506557897319982
short 1 0.06187540371808745 0.06187540371808745
shortdescription 1 0.2613647641344075 0.2613647641344075
shortened 1 0.0 0.0
show 1 1.0498221244986776 1.0498221244986776
shut 1 2.995732273553991 2.995732273553991
shutout 0 3.912023005428146 0.0
sidebar 1 0.0 0.0
silverdome 1 4.605170185988092 4.605170185988092
single 1 1.4696759700589417 1.4696759700589417
site 1 0.0 0.0
six 1 1.3470736479666094 1.3470736479666094
sixdivision 1 4.605170185988092 4.605170185988092
skyliners 1 4.605170185988092 4.605170185988092
soccer 1 2.659260036932778 2.659260036932778
sockers 1 4.605170185988092 4.605170185988092
solid 1 0.09431067947124142 0.09431067947124142
song 1 1.3470736479666094 1.3470736479666094
sounder 0 3.912023005428146 0.0
spartan 0 3.2188758248682006 0.0
special 1 0.0 0.0
spoil 1 3.912023005428146 3.912023005428146
spokesman 1 4.605170185988092 4.605170185988092
spot 0 2.659260036932778 0.0
spur 0 3.912023005428146 0.0
stadium 1 2.0402208285265546 2.0402208285265546
star 1 0.9675840262617057 0.9675840262617057
start 1 1.4271163556401458 1.4271163556401458
state 0 0.3147107448397002 0.0
statement 1 0.0 0.0
statistic 0 0.0 0.0
status 1 1.7719568419318754 1.7719568419318754
steal 0 2.8134107167600364 0.0
steele 1 3.912023005428146 3.912023005428146
steve 1 1.8971199848858813 1.8971199848858813
still 1 0.9416085398584451 0.9416085398584451
sting 1 4.605170185988092 4.605170185988092
stoker 0 4.605170185988092 0.0
stomper 0 4.605170185988092 0.0
striker 0 3.506557897319982 0.0
subsection 1 0.3424903089467759 0.3424903089467759
succeed 1 3.506557897319982 3.506557897319982
success 1 1.8325814637483102 1.8325814637483102
successive 1 4.605170185988092 4.605170185988092
suddendeath 1 4.605170185988092 4.605170185988092
surf 1 3.506557897319982 3.506557897319982
system 1 0.9162907318741551 0.9162907318741551
table 1 0.0 0.0
tablenotnotheme 1 2.302585092994046 2.302585092994046
talk 1 0.0 0.0
tampa 1 3.2188758248682006 3.2188758248682006
tdhlist 1 0.1392620673335076 0.1392620673335076
tea 1 3.2188758248682006 3.2188758248682006
team 1 1.0498221244986776 1.0498221244986776
template 1 0.0 0.0
temple 1 2.5257286443082556 2.5257286443082556
tennessee 1 2.120263536200091 2.120263536200091
term 0 0.0 0.0
text 1 0.0 0.0
thanks 1 2.8134107167600364 2.8134107167600364
thbodyskinresponsive 1 0.3147107448397002 0.3147107448397002
third 1 0.9162907318741551 0.9162907318741551
three 1 0.5798184952529422 0.5798184952529422
threedivision 1 4.605170185988092 4.605170185988092
thriller 1 3.2188758248682006 3.2188758248682006
thunder 1 3.506557897319982 3.506557897319982
tied 1 2.5257286443082556 2.5257286443082556
tierney 1 3.506557897319982 3.506557897319982
timber 0 3.912023005428146 0.0
time 0 0.28768207245178085 0.0
title 1 0.9162907318741551 0.9162907318741551
toggle 1 0.010050335853501506 0.010050335853501506
tomasch 1 4.605170185988092 4.605170185988092
tony 1 1.8325814637483102 1.8325814637483102
tool 0 0.0 0.0
top 1 0.010050335853501506 0.010050335853501506
topic 1 0.0 0.0
tor 1 3.506557897319982 3.506557897319982
tornado 1 3.912023005428146 3.912023005428146
toronto 1 2.0402208285265546 2.0402208285265546
toros 1 3.912023005428146 3.912023005428146
total 1 0.0 0.0
trademark 1 0.0 0.0
trevor 1 2.8134107167600364 2.8134107167600364
tribune 1 1.9661128563728327 1.9661128563728327
tueart 1 4.605170185988092 4.605170185988092
tulsa 1 3.912023005428146 3.912023005428146
turner 1 2.207274913189721 2.207274913189721
two 1 0.43078291609245434 0.43078291609245434
twogame 1 4.605170185988092 4.605170185988092
ulpaddingem 1 0.1392620673335076 0.1392620673335076
united 1 0.4155154439616658 0.4155154439616658
university 1 0.616186139423817 0.616186139423817
unknown 1 2.207274913189721 2.207274913189721
unlikely 1 4.605170185988092 4.605170185988092
upload 1 0.0 0.0
upon 1 1.2729656758128876 1.2729656758128876
ups 1 3.912023005428146 3.912023005428146
usa 1 1.9661128563728327 1.9661128563728327
use 1 0.0 0.0
using 1 0.0 0.0
ussf 1 4.605170185988092 4.605170185988092
usual 1 2.995732273553991 2.995732273553991
utc 1 0.0 0.0
valuable 1 3.2188758248682006 3.2188758248682006
vancouver 1 2.995732273553991 2.995732273553991
var 1 0.0 0.0
vega 0 2.8134107167600364 0.0
version 1 0.0 0.0
versus 1 3.506557897319982 3.506557897319982
view 1 0.0 0.0
vladislav 1 4.605170185988092 4.605170185988092
waiter 0 4.605170185988092 0.0
wangerin 1 4.605170185988092 4.605170185988092
war 0 0.7985076962177716 0.0
washington 1 1.2378743560016172 1.2378743560016172
way 1 1.1086626245216111 1.1086626245216111
web 1 1.4696759700589417 1.4696759700589417
wegerle 1 4.605170185988092 4.605170185988092
well 1 0.7765287894989963 0.7765287894989963
went 1 1.5141277326297755 1.5141277326297755
werner 1 3.912023005428146 3.912023005428146
west 1 1.171182981502945 1.171182981502945
western 1 1.2039728043259361 1.2039728043259361
whip 0 3.2188758248682006 0.0
whitecap 0 3.912023005428146 0.0
whittle 1 4.605170185988092 4.605170185988092
wikidata 1 0.010050335853501506 0.010050335853501506
wikimedia 1 0.0 0.0
wikipedia 1 0.0 0.0
wildcards 1 4.605170185988092 4.605170185988092
willey 1 4.605170185988092 4.605170185988092
willeys 1 4.605170185988092 4.605170185988092
wilson 1 1.7719568419318754 1.7719568419318754
win 1 1.1086626245216111 1.1086626245216111
windsor 1 3.506557897319982 3.506557897319982
winner 1 1.5141277326297755 1.5141277326297755
winning 1 1.8971199848858813 1.8971199848858813
winston 1 3.506557897319982 3.506557897319982
within 1 1.3862943611198906 1.3862943611198906
wolf 0 2.207274913189721 0.0
world 1 0.5108256237659907 0.5108256237659907
worst 1 2.5257286443082556 2.5257286443082556
worth 1 2.5257286443082556 2.5257286443082556
would 1 0.7550225842780328 0.7550225842780328
written 1 0.9416085398584451 0.9416085398584451
yasin 1 4.605170185988092 4.605170185988092
year 1 0.3424903089467759 0.3424903089467759
york 1 0.8209805520698303 0.8209805520698303
