aabborderleftpx 1 1.6607312068216509 1.6607312068216509
abu 1 4.605170185988092 4.605170185988092
account 1 0.0 0.0
accurately 1 4.605170185988092 4.605170185988092
acehnese 1 4.605170185988092 4.605170185988092
act 1 1.3470736479666094 1.3470736479666094
action 0 0.0 0.0
adaptation 0 3.2188758248682006 0.0
adapted 1 2.995732273553991 2.995732273553991
add 1 0.0 0.0
adding 1 2.0402208285265546 2.0402208285265546
additional 1 0.0 0.0
adopted 1 2.207274913189721 2.207274913189721
africa 1 2.5257286443082556 2.5257286443082556
african 1 2.659260036932778 2.659260036932778
africanderisms 1 4.605170185988092 4.605170185988092
africano 1 4.605170185988092 4.605170185988092
afrikaans 1 2.995732273553991 2.995732273553991
afrikaanslanguage 1 4.605170185988092 4.605170185988092
afrikaner 1 3.912023005428146 3.912023005428146
agree 1 0.0 0.0
alam 1 4.605170185988092 4.605170185988092
alike 1 0.0 0.0
allmale 1 4.605170185988092 4.605170185988092
allow 1 2.207274913189721 2.207274913189721
allowed 1 1.7719568419318754 1.7719568419318754
along 1 1.4696759700589417 1.4696759700589417
already 1 2.0402208285265546 2.0402208285265546
also 1 0.127833371509885 0.127833371509885
although 1 1.4696759700589417 1.4696759700589417
ambiguous 1 3.912023005428146 3.912023005428146
ambox 1 1.6607312068216509 1.6607312068216509
amboxborderpx 1 1.6607312068216509 1.6607312068216509
amboxmargin 1 1.6607312068216509 1.6607312068216509
america 0 0.8675005677047231 0.0
among 1 1.2378743560016172 1.2378743560016172
amongst 1 3.506557897319982 3.506557897319982
amp 1 0.4620354595965586 0.4620354595965586
ancestry 1 3.912023005428146 3.912023005428146
ancsponsored 1 4.605170185988092 4.605170185988092
andhras 1 4.605170185988092 4.605170185988092
angolan 0 4.605170185988092 0.0
annual 1 1.6607312068216509 1.6607312068216509
anticolonial 1 4.605170185988092 4.605170185988092
antidote 1 4.605170185988092 4.605170185988092
anyone 1 2.659260036932778 2.659260036932778
apartheid 1 3.2188758248682006 3.2188758248682006
appalling 1 4.605170185988092 4.605170185988092
appearance 1 0.0 0.0
apply 1 0.0 0.0
april 1 0.44628710262841953 0.44628710262841953
arab 1 3.2188758248682006 3.2188758248682006
arabesque 1 4.605170185988092 4.605170185988092
arabia 1 2.995732273553991 2.995732273553991
arabic 1 3.2188758248682006 3.2188758248682006
arabies 1 4.605170185988092 4.605170185988092
archived 1 0.47803580094299974 0.47803580094299974
area 1 1.2729656758128876 1.2729656758128876
arewhen 1 4.605170185988092 4.605170185988092
argun 1 4.605170185988092 4.605170185988092
around 1 1.0216512475319812 1.0216512475319812
arrival 1 2.5257286443082556 2.5257286443082556
article 1 0.0 0.0
asia 1 2.407945608651872 2.407945608651872
asian 1 2.407945608651872 2.407945608651872
associated 1 1.4696759700589417 1.4696759700589417
association 0 1.1394342831883648 0.0
attested 1 4.605170185988092 4.605170185988092
attribution 1 0.0 0.0
august 1 0.3424903089467759 0.3424903089467759
australia 1 1.4696759700589417 1.4696759700589417
authority 1 0.8915981192837835 0.8915981192837835
auto 1 0.1392620673335076 0.1392620673335076
available 1 0.0 0.0
award 1 1.171182981502945 1.171182981502945
bahasa 1 1.8325814637483102 1.8325814637483102
bairro 1 4.605170185988092 4.605170185988092
bakoena 1 4.605170185988092 4.605170185988092
bakr 1 4.605170185988092 4.605170185988092
balete 1 4.605170185988092 4.605170185988092
balobedu 1 4.605170185988092 4.605170185988092
ban 1 2.8134107167600364 2.8134107167600364
bantu 1 4.605170185988092 4.605170185988092
baptism 1 3.2188758248682006 3.2188758248682006
barrelshaped 1 4.605170185988092 4.605170185988092
basotho 1 4.605170185988092 4.605170185988092
bataung 1 4.605170185988092 4.605170185988092
batavia 1 4.605170185988092 4.605170185988092
batlokwa 1 4.605170185988092 4.605170185988092
became 1 0.7133498878774648 0.7133498878774648
become 1 1.2378743560016172 1.2378743560016172
began 1 0.8675005677047231 0.8675005677047231
beginning 0 1.6607312068216509 0.0
berguru 1 4.605170185988092 4.605170185988092
besem 1 4.605170185988092 4.605170185988092
betawi 1 4.605170185988092 4.605170185988092
bhaca 1 4.605170185988092 4.605170185988092
bickford 1 3.506557897319982 3.506557897319982
bijdragen 1 4.605170185988092 4.605170185988092
bila 1 4.605170185988092 4.605170185988092
black 1 0.8915981192837835 0.8915981192837835
blended 1 4.605170185988092 4.605170185988092
board 1 1.5606477482646683 1.5606477482646683
bobotie 1 4.605170185988092 4.605170185988092
bodymediawiki 1 1.6607312068216509 1.6607312068216509
boer 0 4.605170185988092 0.0
book 0 0.6348782724359695 0.0
boot 0 3.506557897319982 0.0
brazil 1 2.120263536200091 2.120263536200091
bredie 1 4.605170185988092 4.605170185988092
bride 0 2.8134107167600364 0.0
bridesmaid 0 4.605170185988092 0.0
bring 1 1.8971199848858813 1.8971199848858813
british 1 1.5606477482646683 1.5606477482646683
brought 1 1.5606477482646683 1.5606477482646683
bugis 1 4.605170185988092 4.605170185988092
buy 1 2.5257286443082556 2.5257286443082556
caledonia 1 3.506557897319982 3.506557897319982
called 1 0.8209805520698303 0.8209805520698303
cambuk 1 4.605170185988092 4.605170185988092
came 1 1.6094379124341003 1.6094379124341003
canada 1 1.4696759700589417 1.4696759700589417
cape 1 3.2188758248682006 3.2188758248682006
carnival 1 3.506557897319982 3.506557897319982
case 1 1.3862943611198906 1.3862943611198906
category 1 0.0 0.0
centerpx 1 0.0408219945202552 0.0408219945202552
centre 1 2.0402208285265546 2.0402208285265546
century 1 1.3470736479666094 1.3470736479666094
ceremony 1 2.302585092994046 2.302585092994046
challenged 1 2.207274913189721 2.207274913189721
change 0 0.0 0.0
characteristic 1 2.5257286443082556 2.5257286443082556
charles 1 1.171182981502945 1.171182981502945
chief 1 1.3862943611198906 1.3862943611198906
child 0 1.07880966137193 0.0
chinese 1 2.5257286443082556 2.5257286443082556
choir 1 2.995732273553991 2.995732273553991
christianity 1 2.659260036932778 2.659260036932778
cine 1 3.912023005428146 3.912023005428146
citation 1 0.0408219945202552 0.0408219945202552
cite 1 0.0 0.0
citeweb 1 0.5447271754416719 0.5447271754416719
citizenship 1 2.995732273553991 2.995732273553991
city 1 0.6348782724359695 0.6348782724359695
civilization 1 2.995732273553991 2.995732273553991
clip 0 2.659260036932778 0.0
close 0 1.9661128563728327 0.0
closed 1 2.207274913189721 2.207274913189721
closely 1 2.995732273553991 2.995732273553991
coco 0 4.605170185988092 0.0
code 1 0.0 0.0
collection 0 1.8971199848858813 0.0
colloquial 1 4.605170185988092 4.605170185988092
colonial 1 2.5257286443082556 2.5257286443082556
colonised 1 4.605170185988092 4.605170185988092
colony 1 2.8134107167600364 2.8134107167600364
colorido 1 4.605170185988092 4.605170185988092
colour 0 2.5257286443082556 0.0
coloured 1 4.605170185988092 4.605170185988092
coloureds 1 4.605170185988092 4.605170185988092
combined 1 2.659260036932778 2.659260036932778
comic 1 2.407945608651872 2.407945608651872
committee 1 1.6607312068216509 1.6607312068216509
common 1 0.0 0.0
communicate 1 3.506557897319982 3.506557897319982
communication 1 2.207274913189721 2.207274913189721
community 1 1.6094379124341003 1.6094379124341003
company 1 1.2729656758128876 1.2729656758128876
competing 1 3.2188758248682006 3.2188758248682006
competition 1 1.8971199848858813 1.8971199848858813
complicated 1 2.659260036932778 2.659260036932778
concentrated 1 3.506557897319982 3.506557897319982
conduct 1 0.0 0.0
confirmation 1 3.912023005428146 3.912023005428146
conflict 1 2.0402208285265546 2.0402208285265546
connection 0 2.120263536200091 0.0
consequently 1 3.2188758248682006 3.2188758248682006
considered 1 1.3862943611198906 1.3862943611198906
constituted 1 3.912023005428146 3.912023005428146
constructing 1 3.912023005428146 3.912023005428146
contact 1 0.0 0.0
containing 1 1.4271163556401458 1.4271163556401458
content 1 0.0 0.0
contest 1 3.2188758248682006 3.2188758248682006
context 1 0.010050335853501506 0.010050335853501506
continental 1 2.5257286443082556 2.5257286443082556
continue 1 2.207274913189721 2.207274913189721
contribute 1 0.0 0.0
contribution 1 0.0 0.0
control 1 0.7765287894989963 0.7765287894989963
conversion 0 3.506557897319982 0.0
convert 1 2.8134107167600364 2.8134107167600364
cookbook 1 4.605170185988092 4.605170185988092
cookie 1 0.0 0.0
cookiematch 1 0.0 0.0
coon 1 3.506557897319982 3.506557897319982
copi 1 4.605170185988092 4.605170185988092
could 1 1.2378743560016172 1.2378743560016172
counterlistitema 1 0.127833371509885 0.127833371509885
country 0 0.843970070294529 0.0
create 1 0.0 0.0
creative 1 0.0 0.0
csmaintcolorf 1 0.06187540371808745 0.06187540371808745
csmaintcolorfmedia 1 0.0408219945202552 0.0408219945202552
cswsicon 1 0.0408219945202552 0.0408219945202552
cuisine 1 3.912023005428146 3.912023005428146
culinary 1 3.912023005428146 3.912023005428146
cultural 1 2.5257286443082556 2.5257286443082556
culture 1 1.6094379124341003 1.6094379124341003
current 1 0.0 0.0
daily 1 1.4271163556401458 1.4271163556401458
dan 1 1.7719568419318754 1.7719568419318754
database 0 0.9675840262617057 0.0
date 0 0.3147107448397002 0.0
david 1 0.9942522733438669 0.9942522733438669
davis 1 1.6607312068216509 1.6607312068216509
day 1 0.5276327420823719 0.5276327420823719
december 1 0.37106368139083196 0.37106368139083196
deeprooted 1 4.605170185988092 4.605170185988092
defined 1 2.207274913189721 2.207274913189721
definition 1 2.8134107167600364 2.8134107167600364
delineation 1 4.605170185988092 4.605170185988092
demographic 0 2.995732273553991 0.0
demonstrates 1 3.912023005428146 3.912023005428146
desai 1 3.912023005428146 3.912023005428146
descendant 0 2.995732273553991 0.0
descent 1 2.659260036932778 2.659260036932778
describe 1 2.995732273553991 2.995732273553991
described 1 1.5141277326297755 1.5141277326297755
description 1 0.07257069283483537 0.07257069283483537
desmond 1 3.506557897319982 3.506557897319982
despite 1 1.1394342831883648 1.1394342831883648
deutsch 1 0.9416085398584451 0.9416085398584451
develop 1 2.659260036932778 2.659260036932778
developed 1 1.7147984280919266 1.7147984280919266
developer 0 0.0 0.0
dhol 1 4.605170185988092 4.605170185988092
dialect 1 3.912023005428146 3.912023005428146
diaspora 1 3.506557897319982 3.506557897319982
diasporic 1 4.605170185988092 4.605170185988092
died 1 1.3093333199837622 1.3093333199837622
difference 0 2.302585092994046 0.0
different 1 0.3424903089467759 0.3424903089467759
digital 1 1.9661128563728327 1.9661128563728327
diminished 1 4.605170185988092 4.605170185988092
directed 1 2.120263536200091 2.120263536200091
diri 1 4.605170185988092 4.605170185988092
disclaimer 0 0.0 0.0
disproportionate 1 4.605170185988092 4.605170185988092
distinctive 1 3.2188758248682006 3.2188758248682006
district 1 1.4271163556401458 1.4271163556401458
diverse 1 3.2188758248682006 3.2188758248682006
dmd 1 4.605170185988092 4.605170185988092
dmy 1 1.4271163556401458 1.4271163556401458
documentary 1 2.302585092994046 2.302585092994046
doi 1 2.0402208285265546 2.0402208285265546
doiwacanavi 1 4.605170185988092 4.605170185988092
domestic 1 2.995732273553991 2.995732273553991
donate 1 0.0 0.0
download 1 0.0 0.0
drum 1 2.995732273553991 2.995732273553991
dtaftercontent 1 0.127833371509885 0.127833371509885
due 1 0.9416085398584451 0.9416085398584451
dutch 1 2.407945608651872 2.407945608651872
dzonga 1 4.605170185988092 4.605170185988092
early 1 0.6348782724359695 0.6348782724359695
ease 1 3.912023005428146 3.912023005428146
east 1 1.0498221244986776 1.0498221244986776
easy 1 2.659260036932778 2.659260036932778
ebrahim 1 4.605170185988092 4.605170185988092
echo 0 3.506557897319982 0.0
edicin 1 4.605170185988092 4.605170185988092
edu 1 4.605170185988092 4.605170185988092
educate 1 4.605170185988092 4.605170185988092
edward 0 1.5606477482646683 0.0
effect 1 2.0402208285265546 2.0402208285265546
effendi 1 4.605170185988092 4.605170185988092
egypt 1 2.995732273553991 2.995732273553991
elsewhere 1 3.506557897319982 3.506557897319982
emerged 1 2.659260036932778 2.659260036932778
emirate 0 3.912023005428146 0.0
emotion 0 3.2188758248682006 0.0
empire 1 1.9661128563728327 1.9661128563728327
encompassed 1 4.605170185988092 4.605170185988092
encouraged 1 2.995732273553991 2.995732273553991
encyclopedia 1 0.0 0.0
enforcing 1 4.605170185988092 4.605170185988092
english 1 0.0 0.0
engvar 1 3.912023005428146 3.912023005428146
enslaved 1 4.605170185988092 4.605170185988092
enslavement 1 4.605170185988092 4.605170185988092
equal 1 3.2188758248682006 3.2188758248682006
equivalent 1 2.8134107167600364 2.8134107167600364
era 1 2.120263536200091 2.120263536200091
established 1 1.1086626245216111 1.1086626245216111
establishment 1 1.9661128563728327 1.9661128563728327
esther 1 3.506557897319982 3.506557897319982
estimate 0 3.506557897319982 0.0
estimated 1 2.995732273553991 2.995732273553991
ethnic 1 3.2188758248682006 3.2188758248682006
ethnicgroupsin 1 4.605170185988092 4.605170185988092
ethnicity 1 3.2188758248682006 3.2188758248682006
ethnoreligious 1 4.605170185988092 4.605170185988092
europe 1 1.5141277326297755 1.5141277326297755
european 1 1.3093333199837622 1.3093333199837622
event 1 0.0 0.0
evolution 1 2.5257286443082556 2.5257286443082556
ewncoza 1 4.605170185988092 4.605170185988092
exiled 1 3.912023005428146 3.912023005428146
exp 1 0.0 0.0
expanded 1 2.659260036932778 2.659260036932778
factory 1 2.5257286443082556 2.5257286443082556
faith 1 1.9661128563728327 1.9661128563728327
faldela 1 4.605170185988092 4.605170185988092
farm 1 2.659260036932778 2.659260036932778
farmhand 0 4.605170185988092 0.0
fast 1 2.5257286443082556 2.5257286443082556
fcat 1 4.605170185988092 4.605170185988092
fearful 1 3.912023005428146 3.912023005428146
february 1 0.27443684570176036 0.27443684570176036
federation 1 3.506557897319982 3.506557897319982
felt 1 2.302585092994046 2.302585092994046
fengu 1 4.605170185988092 4.605170185988092
festival 1 2.207274913189721 2.207274913189721
fez 1 3.912023005428146 3.912023005428146
fezmaker 1 4.605170185988092 4.605170185988092
figure 0 1.3470736479666094 0.0
file 1 0.0 0.0
film 1 1.4696759700589417 1.4696759700589417
find 1 1.3093333199837622 1.3093333199837622
fingo 1 4.605170185988092 4.605170185988092
first 1 0.1508228897345837 0.1508228897345837
flatscitation 1 4.605170185988092 4.605170185988092
flowerseller 1 4.605170185988092 4.605170185988092
focus 0 2.0402208285265546 0.0
folk 1 2.8134107167600364 2.8134107167600364
followed 1 1.3093333199837622 1.3093333199837622
following 1 0.7133498878774648 0.7133498878774648
food 0 1.9661128563728327 0.0
forcefully 1 3.506557897319982 3.506557897319982
formed 1 1.7719568419318754 1.7719568419318754
formerly 1 1.8325814637483102 1.8325814637483102
found 1 1.2039728043259361 1.2039728043259361
foundation 1 0.0 0.0
founder 1 1.8971199848858813 1.8971199848858813
franais 1 0.8675005677047231 0.8675005677047231
franca 1 4.605170185988092 4.605170185988092
free 1 0.0 0.0
freed 1 3.2188758248682006 3.2188758248682006
freedom 1 2.302585092994046 2.302585092994046
french 1 1.3862943611198906 1.3862943611198906
frenchlanguage 1 2.407945608651872 2.407945608651872
gaika 1 4.605170185988092 4.605170185988092
gapena 1 4.605170185988092 4.605170185988092
gauteng 1 4.605170185988092 4.605170185988092
gcaleka 1 4.605170185988092 4.605170185988092
general 1 0.0 0.0
generation 0 1.9661128563728327 0.0
genre 1 2.207274913189721 2.207274913189721
geographic 1 3.506557897319982 3.506557897319982
gerald 1 2.407945608651872 2.407945608651872
german 0 1.7147984280919266 0.0
get 1 0.0 0.0
ghoema 1 4.605170185988092 4.605170185988092
ghomma 1 4.605170185988092 4.605170185988092
ghommaliedjie 1 4.605170185988092 4.605170185988092
glossary 1 3.506557897319982 3.506557897319982
gomgom 1 4.605170185988092 4.605170185988092
good 1 1.3093333199837622 1.3093333199837622
goolam 1 4.605170185988092 4.605170185988092
gosain 1 4.605170185988092 4.605170185988092
government 1 1.1086626245216111 1.1086626245216111
gqunukhwebe 1 4.605170185988092 4.605170185988092
gradually 1 2.8134107167600364 2.8134107167600364
graham 1 2.659260036932778 2.659260036932778
grail 1 4.605170185988092 4.605170185988092
greek 0 2.407945608651872 0.0
green 1 1.171182981502945 1.171182981502945
griquas 1 4.605170185988092 4.605170185988092
group 1 0.8209805520698303 0.8209805520698303
groupsquot 1 4.605170185988092 4.605170185988092
guardian 1 2.302585092994046 2.302585092994046
guiana 1 3.912023005428146 3.912023005428146
guitar 1 2.8134107167600364 2.8134107167600364
gujarati 0 4.605170185988092 0.0
gunung 1 4.605170185988092 4.605170185988092
guru 1 3.912023005428146 3.912023005428146
gwamba 1 4.605170185988092 4.605170185988092
half 1 2.207274913189721 2.207274913189721
hanafi 1 4.605170185988092 4.605170185988092
hang 0 3.506557897319982 0.0
hanif 1 4.605170185988092 4.605170185988092
haron 1 4.605170185988092 4.605170185988092
hashim 1 4.605170185988092 4.605170185988092
hat 1 3.2188758248682006 3.2188758248682006
hatnote 1 0.843970070294529 0.843970070294529
held 1 1.171182981502945 1.171182981502945
help 1 0.0 0.0
helped 1 2.207274913189721 2.207274913189721
heritagethetimescoza 1 4.605170185988092 4.605170185988092
heyningen 1 4.605170185988092 4.605170185988092
hidden 1 0.010050335853501506 0.010050335853501506
hide 1 0.0 0.0
hill 1 1.2039728043259361 1.2039728043259361
hindi 1 3.506557897319982 3.506557897319982
hindustani 1 4.605170185988092 4.605170185988092
historically 1 3.2188758248682006 3.2188758248682006
history 1 0.0 0.0
hlanganu 1 4.605170185988092 4.605170185988092
hlengwe 1 4.605170185988092 4.605170185988092
hlist 1 0.127833371509885 0.127833371509885
hlistinline 1 0.127833371509885 0.127833371509885
hlubi 1 4.605170185988092 4.605170185988092
hollandsch 1 4.605170185988092 4.605170185988092
holy 1 1.8971199848858813 1.8971199848858813
home 1 0.7339691750802005 0.7339691750802005
hong 1 3.2188758248682006 3.2188758248682006
hoogervorst 1 4.605170185988092 4.605170185988092
hope 1 1.6607312068216509 1.6607312068216509
horsewhip 1 4.605170185988092 4.605170185988092
huguenot 0 4.605170185988092 0.0
humanity 0 2.659260036932778 0.0
hutchinson 1 3.506557897319982 3.506557897319982
ian 1 2.5257286443082556 2.5257286443082556
identity 1 2.207274913189721 2.207274913189721
idlockfree 1 0.0408219945202552 0.0408219945202552
idlockfreeidlockfree 1 0.0408219945202552 0.0408219945202552
idlocklimited 1 0.0408219945202552 0.0408219945202552
idlockregistration 1 0.0408219945202552 0.0408219945202552
idlocksubscription 1 0.0408219945202552 0.0408219945202552
ikan 1 4.605170185988092 4.605170185988092
illustrated 1 2.659260036932778 2.659260036932778
image 1 2.120263536200091 2.120263536200091
imam 1 3.912023005428146 3.912023005428146
imgsrc 1 1.3862943611198906 1.3862943611198906
impact 1 2.302585092994046 2.302585092994046
import 0 2.8134107167600364 0.0
important 1 1.8325814637483102 1.8325814637483102
imported 1 3.912023005428146 3.912023005428146
imprecise 1 4.605170185988092 4.605170185988092
imprisoned 1 2.5257286443082556 2.5257286443082556
improve 1 1.8325814637483102 1.8325814637483102
improved 1 2.5257286443082556 2.5257286443082556
inc 1 0.0 0.0
inception 1 3.912023005428146 3.912023005428146
include 1 1.3093333199837622 1.3093333199837622
includes 1 1.9661128563728327 1.9661128563728327
including 1 0.7133498878774648 0.7133498878774648
incorporates 1 3.2188758248682006 3.2188758248682006
increased 1 2.302585092994046 2.302585092994046
india 1 1.7147984280919266 1.7147984280919266
indiaanen 1 4.605170185988092 4.605170185988092
indian 1 1.9661128563728327 1.9661128563728327
indie 0 3.2188758248682006 0.0
indonesia 1 1.7719568419318754 1.7719568419318754
indonesian 1 2.995732273553991 2.995732273553991
influence 1 2.0402208285265546 2.0402208285265546
infobox 1 0.3011050927839216 0.3011050927839216
infoboxethnicgroup 1 4.605170185988092 4.605170185988092
infoboxtable 1 0.3147107448397002 0.3147107448397002
information 1 0.0 0.0
initial 1 2.120263536200091 2.120263536200091
initially 1 2.207274913189721 2.207274913189721
initiating 1 4.605170185988092 4.605170185988092
inside 1 2.0402208285265546 2.0402208285265546
instruction 1 2.5257286443082556 2.5257286443082556
instrument 0 2.995732273553991 0.0
instrumental 1 3.2188758248682006 3.2188758248682006
insulindians 1 4.605170185988092 4.605170185988092
integral 1 4.605170185988092 4.605170185988092
interacted 1 3.506557897319982 3.506557897319982
international 1 0.5978370007556204 0.5978370007556204
involves 1 3.506557897319982 3.506557897319982
iol 1 4.605170185988092 4.605170185988092
irish 1 2.659260036932778 2.659260036932778
irrespective 1 4.605170185988092 4.605170185988092
isbn 1 0.9942522733438669 0.9942522733438669
islam 1 2.995732273553991 2.995732273553991
islamic 1 2.995732273553991 2.995732273553991
island 1 1.5141277326297755 1.5141277326297755
isni 1 3.912023005428146 3.912023005428146
issn 1 1.8971199848858813 1.8971199848858813
italian 0 2.302585092994046 0.0
item 1 0.010050335853501506 0.010050335853501506
jagarnath 1 4.605170185988092 4.605170185988092
jakarta 1 4.605170185988092 4.605170185988092
jamban 1 4.605170185988092 4.605170185988092
january 1 0.3424903089467759 0.3424903089467759
japan 1 1.7719568419318754 1.7719568419318754
japanese 1 2.0402208285265546 2.0402208285265546
jati 1 4.605170185988092 4.605170185988092
javanese 1 3.506557897319982 3.506557897319982
jazeera 1 3.912023005428146 3.912023005428146
jellyfish 1 3.912023005428146 3.912023005428146
jew 0 3.506557897319982 0.0
johannesburg 1 4.605170185988092 4.605170185988092
journal 1 1.3093333199837622 1.3093333199837622
jstor 1 1.5141277326297755 1.5141277326297755
july 1 0.43078291609245434 0.43078291609245434
jump 1 0.0 0.0
june 1 0.40047756659712536 0.40047756659712536
jurisprudence 1 3.506557897319982 3.506557897319982
jurnal 1 4.605170185988092 4.605170185988092
kaap 1 4.605170185988092 4.605170185988092
kaapcitation 1 4.605170185988092 4.605170185988092
kaaps 1 4.605170185988092 4.605170185988092
kaapse 1 4.605170185988092 4.605170185988092
kanala 1 4.605170185988092 4.605170185988092
kebangsaan 1 4.605170185988092 4.605170185988092
keeling 1 4.605170185988092 4.605170185988092
kemparan 1 4.605170185988092 4.605170185988092
kensington 1 3.506557897319982 3.506557897319982
khoekhoe 1 4.605170185988092 4.605170185988092
khoisan 1 4.605170185988092 4.605170185988092
khumalo 1 4.605170185988092 4.605170185988092
kind 1 2.5257286443082556 2.5257286443082556
kingdom 1 1.5141277326297755 1.5141277326297755
kirby 1 3.506557897319982 3.506557897319982
kitaab 1 4.605170185988092 4.605170185988092
known 1 0.7985076962177716 0.7985076962177716
koeksisters 1 4.605170185988092 4.605170185988092
koknis 1 4.605170185988092 4.605170185988092
kong 1 3.506557897319982 3.506557897319982
korea 1 2.5257286443082556 2.5257286443082556
korean 0 3.2188758248682006 0.0
kramat 1 4.605170185988092 4.605170185988092
krieslam 1 4.605170185988092 4.605170185988092
kung 1 3.912023005428146 3.912023005428146
labourer 0 3.912023005428146 0.0
land 1 1.5141277326297755 1.5141277326297755
landsberg 1 4.605170185988092 4.605170185988092
language 1 0.0 0.0
lanka 1 2.8134107167600364 2.8134107167600364
large 1 1.4696759700589417 1.4696759700589417
last 1 0.0 0.0
later 1 0.5621189181535412 0.5621189181535412
latter 1 1.6607312068216509 1.6607312068216509
law 1 1.4271163556401458 1.4271163556401458
leach 1 4.605170185988092 4.605170185988092
learn 1 0.0 0.0
lebanese 1 3.912023005428146 3.912023005428146
left 1 1.171182981502945 1.171182981502945
legally 1 2.995732273553991 2.995732273553991
lemba 1 4.605170185988092 4.605170185988092
lewis 1 1.8325814637483102 1.8325814637483102
lexical 1 3.912023005428146 3.912023005428146
liaftercontent 1 0.127833371509885 0.127833371509885
library 1 1.6094379124341003 1.6094379124341003
license 1 0.0 0.0
life 1 0.5447271754416719 0.5447271754416719
limarginbottom 1 0.9675840262617057 0.9675840262617057
lingua 1 3.912023005428146 3.912023005428146
linguistic 1 3.2188758248682006 3.2188758248682006
linguistics 1 3.912023005428146 3.912023005428146
link 1 0.0 0.0
linking 1 4.605170185988092 4.605170185988092
literary 1 2.5257286443082556 2.5257286443082556
lived 1 2.207274913189721 2.207274913189721
lloyd 1 2.8134107167600364 2.8134107167600364
log 1 0.0 0.0
logged 1 0.0 0.0
london 1 1.5141277326297755 1.5141277326297755
longmans 1 3.912023005428146 3.912023005428146
losing 1 2.120263536200091 2.120263536200091
ltbanghoeroegt 1 4.605170185988092 4.605170185988092
ltdjammanggt 1 4.605170185988092 4.605170185988092
ltgoenigt 1 4.605170185988092 4.605170185988092
ltkaparranggt 1 4.605170185988092 4.605170185988092
ltkatonkelgt 1 4.605170185988092 4.605170185988092
ltkewassagt 1 4.605170185988092 4.605170185988092
ltoeroergt 1 4.605170185988092 4.605170185988092
ltpanaargt 1 4.605170185988092 4.605170185988092
ltpikigt 1 4.605170185988092 4.605170185988092
ltsambokgt 1 4.605170185988092 4.605170185988092
lttamaafgt 1 4.605170185988092 4.605170185988092
lttamploeragt 1 4.605170185988092 4.605170185988092
ludah 1 4.605170185988092 4.605170185988092
luffin 1 4.605170185988092 4.605170185988092
lyrical 1 3.506557897319982 3.506557897319982
maaf 1 4.605170185988092 4.605170185988092
mabelane 1 4.605170185988092 4.605170185988092
madagascar 1 3.912023005428146 3.912023005428146
made 1 0.653926467406664 0.653926467406664
madrassas 1 4.605170185988092 4.605170185988092
madura 1 4.605170185988092 4.605170185988092
mahida 1 4.605170185988092 4.605170185988092
mahomed 1 4.605170185988092 4.605170185988092
mail 1 2.8134107167600364 2.8134107167600364
main 1 0.0 0.0
mainly 1 2.995732273553991 2.995732273553991
major 1 1.1086626245216111 1.1086626245216111
majority 1 1.8971199848858813 1.8971199848858813
makassar 1 4.605170185988092 4.605170185988092
makassarese 1 4.605170185988092 4.605170185988092
maker 1 2.8134107167600364 2.8134107167600364
making 1 1.6607312068216509 1.6607312068216509
malacca 1 4.605170185988092 4.605170185988092
malagasies 1 4.605170185988092 4.605170185988092
malagasy 1 3.506557897319982 3.506557897319982
malay 1 4.605170185988092 4.605170185988092
malaya 1 4.605170185988092 4.605170185988092
malaylanguage 1 4.605170185988092 4.605170185988092
malayo 1 4.605170185988092 4.605170185988092
malaysia 1 3.2188758248682006 3.2188758248682006
malaysian 1 3.912023005428146 3.912023005428146
malaysnews 1 4.605170185988092 4.605170185988092
male 1 1.6607312068216509 1.6607312068216509
maleiers 1 4.605170185988092 4.605170185988092
man 1 1.0498221244986776 1.0498221244986776
manumission 0 4.605170185988092 0.0
many 1 0.7550225842780328 0.7550225842780328
maraisburg 1 4.605170185988092 4.605170185988092
march 1 0.3147107448397002 0.3147107448397002
marching 1 3.912023005428146 3.912023005428146
mardijkers 1 4.605170185988092 4.605170185988092
married 1 1.5141277326297755 1.5141277326297755
martin 1 1.3470736479666094 1.3470736479666094
master 0 1.3093333199837622 0.0
match 0 0.8675005677047231 0.0
material 1 1.3093333199837622 1.3093333199837622
may 1 0.0 0.0
mazaar 1 4.605170185988092 4.605170185988092
meaning 1 2.5257286443082556 2.5257286443082556
medium 0 0.49429632181478017 0.0
melayu 1 3.2188758248682006 3.2188758248682006
member 0 0.6733445532637655 0.0
memons 1 4.605170185988092 4.605170185988092
men 1 1.2039728043259361 1.2039728043259361
menu 1 0.0 0.0
message 1 1.5606477482646683 1.5606477482646683
methuen 1 4.605170185988092 4.605170185988092
migrant 0 4.605170185988092 0.0
migration 1 3.506557897319982 3.506557897319982
minangkabau 1 4.605170185988092 4.605170185988092
minoriti 1 4.605170185988092 4.605170185988092
minority 0 2.659260036932778 0.0
minstrel 1 3.912023005428146 3.912023005428146
minta 1 4.605170185988092 4.605170185988092
mobile 1 0.0 0.0
mohammedaanen 1 4.605170185988092 4.605170185988092
moluccans 1 4.605170185988092 4.605170185988092
moniker 1 4.605170185988092 4.605170185988092
montgomery 1 2.5257286443082556 2.5257286443082556
moppie 1 4.605170185988092 4.605170185988092
morecitationsneeded 1 2.995732273553991 2.995732273553991
mortimer 1 3.506557897319982 3.506557897319982
mostly 1 2.407945608651872 2.407945608651872
mountain 1 1.8971199848858813 1.8971199848858813
move 1 0.0 0.0
moved 1 1.7719568419318754 1.7719568419318754
mozambican 0 4.605170185988092 0.0
mpondomise 1 4.605170185988092 4.605170185988092
much 1 1.171182981502945 1.171182981502945
muhammed 1 3.912023005428146 3.912023005428146
museum 1 2.302585092994046 2.302585092994046
music 1 1.3862943611198906 1.3862943611198906
musical 1 1.8971199848858813 1.8971199848858813
musician 0 2.5257286443082556 0.0
muslim 1 2.5257286443082556 2.5257286443082556
muttaqin 1 4.605170185988092 4.605170185988092
myanmar 1 3.2188758248682006 3.2188758248682006
myth 0 2.995732273553991 0.0
nama 1 4.605170185988092 4.605170185988092
name 0 0.5276327420823719 0.0
nativename 1 4.605170185988092 4.605170185988092
navbar 1 0.23572233352106994 0.23572233352106994
navbarfontsizemedia 1 0.3147107448397002 0.3147107448397002
navbarmini 1 0.23572233352106994 0.23572233352106994
navbox 1 0.1392620673335076 0.1392620673335076
navboximage 1 0.1392620673335076 0.1392620673335076
navboxsubgroup 1 0.1392620673335076 0.1392620673335076
navboxtitle 1 0.1392620673335076 0.1392620673335076
navigation 1 0.0 0.0
ndebele 1 4.605170185988092 4.605170185988092
ndwandwe 1 4.605170185988092 4.605170185988092
ndzawu 1 4.605170185988092 4.605170185988092
nederland 0 1.7147984280919266 0.0
nederlandslied 1 4.605170185988092 4.605170185988092
need 1 1.2039728043259361 1.2039728043259361
needed 1 1.3862943611198906 1.3862943611198906
needing 1 1.8971199848858813 1.8971199848858813
netherlands 1 1.7719568419318754 1.7719568419318754
new 1 0.24846135929849972 0.24846135929849972
newcomer 0 3.912023005428146 0.0
newly 1 2.5257286443082556 2.5257286443082556
newspaper 0 1.5141277326297755 0.0
ngona 1 4.605170185988092 4.605170185988092
nguni 1 4.605170185988092 4.605170185988092
nhlave 1 4.605170185988092 4.605170185988092
nigerian 0 3.912023005428146 0.0
noble 1 2.659260036932778 2.659260036932778
non 1 2.302585092994046 2.302585092994046
nongovernmental 1 4.605170185988092 4.605170185988092
nonprofit 1 0.0 0.0
nonwhite 1 4.605170185988092 4.605170185988092
norwegian 0 2.659260036932778 0.0
november 1 0.3011050927839216 0.3011050927839216
number 1 0.7550225842780328 0.7550225842780328
nwalungu 1 4.605170185988092 4.605170185988092
oceania 1 3.506557897319982 3.506557897319982
october 1 0.28768207245178085 0.28768207245178085
official 1 0.7550225842780328 0.7550225842780328
often 1 1.6607312068216509 1.6607312068216509
ollibeforecontent 1 0.127833371509885 0.127833371509885
olof 1 4.605170185988092 4.605170185988092
online 1 1.4696759700589417 1.4696759700589417
oorlams 1 4.605170185988092 4.605170185988092
organisation 0 2.302585092994046 0.0
organization 1 0.0 0.0
organizationname 1 0.010050335853501506 0.010050335853501506
origin 1 2.407945608651872 2.407945608651872
original 1 0.4155154439616658 0.4155154439616658
originated 1 3.912023005428146 3.912023005428146
ortography 1 4.605170185988092 4.605170185988092
osmanli 1 4.605170185988092 4.605170185988092
others 1 1.1394342831883648 1.1394342831883648
ottoman 1 3.506557897319982 3.506557897319982
outside 1 1.7147984280919266 1.7147984280919266
overseas 1 2.995732273553991 2.995732273553991
overtaken 1 3.912023005428146 3.912023005428146
owner 0 1.7147984280919266 0.0
page 1 0.0 0.0
pakistan 1 2.995732273553991 2.995732273553991
pakistani 0 3.2188758248682006 0.0
paper 0 1.6607312068216509 0.0
paperback 1 3.2188758248682006 3.2188758248682006
parameter 0 2.120263536200091 0.0
part 1 0.6348782724359695 0.6348782724359695
particular 1 2.120263536200091 2.120263536200091
passenger 1 3.2188758248682006 3.2188758248682006
path 1 2.302585092994046 2.302585092994046
pdf 1 1.0498221244986776 1.0498221244986776
pdfprintable 1 0.0 0.0
peace 1 2.0402208285265546 2.0402208285265546
pedi 1 4.605170185988092 4.605170185988092
penawar 1 4.605170185988092 4.605170185988092
penghijrahan 1 4.605170185988092 4.605170185988092
people 1 0.49429632181478017 0.49429632181478017
percival 1 4.605170185988092 4.605170185988092
percussion 1 3.2188758248682006 3.2188758248682006
performs 1 3.506557897319982 3.506557897319982
pergi 1 4.605170185988092 4.605170185988092
period 1 1.4271163556401458 1.4271163556401458
permanent 1 0.0 0.0
personal 1 0.0 0.0
pettman 1 4.605170185988092 4.605170185988092
phasing 1 3.912023005428146 3.912023005428146
philip 1 1.7147984280919266 1.7147984280919266
philippine 0 2.302585092994046 0.0
phonological 1 4.605170185988092 4.605170185988092
phrase 0 2.995732273553991 0.0
place 1 0.653926467406664 0.653926467406664
plainlist 1 0.7339691750802005 0.7339691750802005
played 1 1.3862943611198906 1.3862943611198906
please 1 1.7719568419318754 1.7719568419318754
pole 0 2.995732273553991 0.0
policy 1 0.0 0.0
political 1 1.3470736479666094 1.3470736479666094
pondo 1 4.605170185988092 4.605170185988092
popular 1 1.4696759700589417 1.4696759700589417
population 1 2.207274913189721 2.207274913189721
portal 1 0.0 0.0
portuguese 1 2.302585092994046 2.302585092994046
portugueselanguage 1 3.2188758248682006 3.2188758248682006
portugus 1 1.171182981502945 1.171182981502945
possible 1 1.8971199848858813 1.8971199848858813
practising 1 4.605170185988092 4.605170185988092
presentday 1 2.8134107167600364 2.8134107167600364
preserving 1 4.605170185988092 4.605170185988092
printbodyns 1 0.09431067947124142 0.09431067947124142
printexport 1 0.0 0.0
prisoner 0 2.407945608651872 0.0
privacy 1 0.0 0.0
prize 1 2.659260036932778 2.659260036932778
product 1 2.302585092994046 2.302585092994046
project 0 0.0 0.0
proportion 0 3.2188758248682006 0.0
proselytisers 1 4.605170185988092 4.605170185988092
protest 1 2.407945608651872 2.407945608651872
puasa 1 4.605170185988092 4.605170185988092
quarter 1 2.995732273553991 2.995732273553991
quest 1 2.5257286443082556 2.5257286443082556
race 1 1.7147984280919266 1.7147984280919266
racial 1 3.912023005428146 3.912023005428146
rakiep 1 4.605170185988092 4.605170185988092
raking 1 4.605170185988092 4.605170185988092
random 1 0.0 0.0
rate 1 2.407945608651872 2.407945608651872
read 1 0.0 0.0
reading 1 1.5606477482646683 1.5606477482646683
rebana 1 4.605170185988092 4.605170185988092
rebanna 1 4.605170185988092 4.605170185988092
rebecca 1 2.8134107167600364 2.8134107167600364
recent 1 0.0 0.0
recently 1 2.302585092994046 2.302585092994046
reconstruct 1 4.605170185988092 4.605170185988092
record 0 0.7765287894989963 0.0
red 1 1.07880966137193 1.07880966137193
redistributed 1 4.605170185988092 4.605170185988092
reducing 1 2.995732273553991 2.995732273553991
reference 0 0.03045920748470844 0.0
referred 1 2.302585092994046 2.302585092994046
reflect 1 2.5257286443082556 2.5257286443082556
reflects 1 3.912023005428146 3.912023005428146
reflist 1 0.06187540371808745 0.06187540371808745
reflistcolumns 1 0.06187540371808745 0.06187540371808745
reg 1 0.0 0.0
regardless 1 2.995732273553991 2.995732273553991
region 1 1.6607312068216509 1.6607312068216509
registered 1 0.0 0.0
registration 1 4.605170185988092 4.605170185988092
rejoined 1 3.912023005428146 3.912023005428146
related 1 0.0 0.0
relationship 0 1.8971199848858813 0.0
reliable 1 1.9661128563728327 1.9661128563728327
religion 1 2.207274913189721 2.207274913189721
religious 1 2.0402208285265546 2.0402208285265546
remaining 1 2.302585092994046 2.302585092994046
remains 1 2.0402208285265546 2.0402208285265546
remove 1 1.6607312068216509 1.6607312068216509
removed 1 1.6094379124341003 1.6094379124341003
request 1 2.0402208285265546 2.0402208285265546
resident 0 2.995732273553991 0.0
resisted 1 4.605170185988092 4.605170185988092
resulted 1 2.120263536200091 2.120263536200091
resupply 1 4.605170185988092 4.605170185988092
retrieved 1 0.0 0.0
rhonga 1 4.605170185988092 4.605170185988092
rhythmic 1 4.605170185988092 4.605170185988092
richard 1 1.1394342831883648 1.1394342831883648
robben 1 4.605170185988092 4.605170185988092
robert 1 0.8675005677047231 0.8675005677047231
role 1 1.3470736479666094 1.3470736479666094
rom 0 2.995732273553991 0.0
root 0 2.5257286443082556 0.0
ross 1 2.0402208285265546 2.0402208285265546
roughly 1 3.2188758248682006 3.2188758248682006
rule 1 1.4696759700589417 1.4696759700589417
rural 1 2.8134107167600364 2.8134107167600364
sabah 1 3.912023005428146 3.912023005428146
sadness 1 3.912023005428146 3.912023005428146
sahistoryorgza 1 4.605170185988092 4.605170185988092
salient 1 4.605170185988092 4.605170185988092
samoosas 1 4.605170185988092 4.605170185988092
samsodien 1 4.605170185988092 4.605170185988092
san 1 1.2378743560016172 1.2378743560016172
sari 1 4.605170185988092 4.605170185988092
saudi 1 3.506557897319982 3.506557897319982
scholar 1 1.7147984280919266 1.7147984280919266
school 1 0.7765287894989963 0.7765287894989963
science 1 1.171182981502945 1.171182981502945
screen 1 0.010050335853501506 0.010050335853501506
script 1 2.5257286443082556 2.5257286443082556
search 1 0.0 0.0
secular 1 3.912023005428146 3.912023005428146
see 1 0.40047756659712536 0.40047756659712536
self 1 2.659260036932778 2.659260036932778
selim 1 4.605170185988092 4.605170185988092
seminar 1 4.605170185988092 4.605170185988092
semiskilled 1 4.605170185988092 4.605170185988092
sent 1 1.8971199848858813 1.8971199848858813
september 1 0.43078291609245434 0.43078291609245434
serb 0 4.605170185988092 0.0
set 1 0.9942522733438669 0.9942522733438669
settled 1 2.995732273553991 2.995732273553991
several 1 0.8209805520698303 0.8209805520698303
shafii 1 4.605170185988092 4.605170185988092
share 1 0.0 0.0
shaun 1 4.605170185988092 4.605170185988092
shaykh 1 4.605170185988092 4.605170185988092
sheikh 1 4.605170185988092 4.605170185988092
shifty 1 4.605170185988092 4.605170185988092
ship 0 2.0402208285265546 0.0
shipment 0 3.912023005428146 0.0
shop 1 2.659260036932778 2.659260036932778
short 1 0.06187540371808745 0.06187540371808745
shortdescription 1 0.2613647641344075 0.2613647641344075
shortened 1 0.0 0.0
show 0 1.0498221244986776 0.0
showing 1 2.659260036932778 2.659260036932778
shrine 1 3.2188758248682006 3.2188758248682006
sidebar 1 0.0 0.0
sideboxmarginpx 1 1.3862943611198906 1.3862943611198906
sideboxtextpaddingem 1 1.3862943611198906 1.3862943611198906
signal 1 3.2188758248682006 3.2188758248682006
significant 1 2.407945608651872 2.407945608651872
significantly 1 3.506557897319982 3.506557897319982
silver 1 1.8971199848858813 1.8971199848858813
simply 1 2.5257286443082556 2.5257286443082556
since 1 0.7985076962177716 0.7985076962177716
singapore 1 3.2188758248682006 3.2188758248682006
singing 1 2.5257286443082556 2.5257286443082556
single 1 1.4696759700589417 1.4696759700589417
sir 1 2.5257286443082556 2.5257286443082556
sistersitebox 1 1.3862943611198906 1.3862943611198906
site 1 0.0 0.0
six 1 1.3470736479666094 1.3470736479666094
skiffelbas 1 4.605170185988092 4.605170185988092
skilled 1 3.506557897319982 3.506557897319982
skipjack 1 4.605170185988092 4.605170185988092
slave 1 3.912023005428146 3.912023005428146
slavery 1 3.912023005428146 3.912023005428146
smith 1 1.2039728043259361 1.2039728043259361
social 1 1.3093333199837622 1.3093333199837622
socially 1 3.506557897319982 3.506557897319982
society 1 1.4271163556401458 1.4271163556401458
sociolect 1 4.605170185988092 4.605170185988092
solid 1 0.09431067947124142 0.09431067947124142
somali 0 4.605170185988092 0.0
someone 1 3.506557897319982 3.506557897319982
song 1 1.3470736479666094 1.3470736479666094
sorry 1 3.2188758248682006 3.2188758248682006
sosaties 1 4.605170185988092 4.605170185988092
sotho 1 4.605170185988092 4.605170185988092
source 0 0.5798184952529422 0.0
south 1 0.9162907318741551 0.9162907318741551
southeast 1 3.2188758248682006 3.2188758248682006
spanish 1 1.7719568419318754 1.7719568419318754
spanishlanguage 1 2.5257286443082556 2.5257286443082556
special 1 0.0 0.0
specifically 1 2.5257286443082556 2.5257286443082556
spelled 1 4.605170185988092 4.605170185988092
spittoon 1 4.605170185988092 4.605170185988092
spoken 1 3.2188758248682006 3.2188758248682006
spread 1 2.302585092994046 2.302585092994046
sri 1 2.8134107167600364 2.8134107167600364
srpskohrvatski 1 3.912023005428146 3.912023005428146
staple 0 3.912023005428146 0.0
started 1 1.6094379124341003 1.6094379124341003
state 0 0.3147107448397002 0.0
statement 1 0.0 0.0
station 1 1.8325814637483102 1.8325814637483102
statistic 0 0.0 0.0
stell 1 4.605170185988092 4.605170185988092
stellenbosch 1 4.605170185988092 4.605170185988092
still 1 0.9416085398584451 0.9416085398584451
strandloper 1 4.605170185988092 4.605170185988092
stringed 1 4.605170185988092 4.605170185988092
study 1 1.2729656758128876 1.2729656758128876
stuur 1 4.605170185988092 4.605170185988092
style 1 1.8325814637483102 1.8325814637483102
subcategory 1 4.605170185988092 4.605170185988092
subculture 1 4.605170185988092 4.605170185988092
subgroup 0 4.605170185988092 0.0
subjective 1 4.605170185988092 4.605170185988092
subsection 1 0.3424903089467759 0.3424903089467759
subsequent 1 2.5257286443082556 2.5257286443082556
subsequently 1 2.407945608651872 2.407945608651872
substrate 1 4.605170185988092 4.605170185988092
sulawesi 1 4.605170185988092 4.605170185988092
sunni 1 4.605170185988092 4.605170185988092
suriname 1 4.605170185988092 4.605170185988092
surtis 1 4.605170185988092 4.605170185988092
survived 1 2.8134107167600364 2.8134107167600364
swazi 1 4.605170185988092 4.605170185988092
sydenham 1 4.605170185988092 4.605170185988092
taal 1 4.605170185988092 4.605170185988092
table 1 0.0 0.0
taiwan 1 2.8134107167600364 2.8134107167600364
talk 1 0.0 0.0
tamaaf 1 4.605170185988092 4.605170185988092
tamadun 1 4.605170185988092 4.605170185988092
tamarien 1 4.605170185988092 4.605170185988092
tambourine 1 4.605170185988092 4.605170185988092
tamil 1 2.995732273553991 2.995732273553991
tarifa 1 4.605170185988092 4.605170185988092
tdhlist 1 0.1392620673335076 0.1392620673335076
teach 1 3.506557897319982 3.506557897319982
teacher 1 1.9661128563728327 1.9661128563728327
teaching 1 2.302585092994046 2.302585092994046
teh 1 4.605170185988092 4.605170185988092
telegu 1 4.605170185988092 4.605170185988092
tempat 1 4.605170185988092 4.605170185988092
template 1 0.0 0.0
tended 1 4.605170185988092 4.605170185988092
term 1 0.0 0.0
text 1 0.0 0.0
textquot 1 4.605170185988092 4.605170185988092
thailand 1 3.506557897319982 3.506557897319982
thbodyskinresponsive 1 0.3147107448397002 0.3147107448397002
thcentury 1 3.506557897319982 3.506557897319982
thembu 1 4.605170185988092 4.605170185988092
thonga 1 4.605170185988092 4.605170185988092
though 1 1.6607312068216509 1.6607312068216509
thought 1 1.8971199848858813 1.8971199848858813
thousand 0 1.9661128563728327 0.0
three 1 0.5798184952529422 0.5798184952529422
thus 1 1.7147984280919266 1.7147984280919266
time 1 0.28768207245178085 0.28768207245178085
today 1 1.4696759700589417 1.4696759700589417
toggle 1 0.010050335853501506 0.010050335853501506
toilet 1 3.912023005428146 3.912023005428146
tom 1 1.2378743560016172 1.2378743560016172
tongkol 1 4.605170185988092 4.605170185988092
took 1 1.171182981502945 1.171182981502945
tool 0 0.0 0.0
top 1 0.010050335853501506 0.010050335853501506
topic 1 0.0 0.0
tot 1 4.605170185988092 4.605170185988092
total 1 0.0 0.0
towards 1 2.120263536200091 2.120263536200091
town 1 2.302585092994046 2.302585092994046
township 0 2.995732273553991 0.0
trademark 1 0.0 0.0
tradition 0 2.207274913189721 0.0
traditional 1 2.302585092994046 2.302585092994046
traditionally 1 3.2188758248682006 3.2188758248682006
tramkassie 1 4.605170185988092 4.605170185988092
travelling 1 3.506557897319982 3.506557897319982
tsonga 1 4.605170185988092 4.605170185988092
tswana 1 4.605170185988092 4.605170185988092
tswha 1 4.605170185988092 4.605170185988092
tuan 1 4.605170185988092 4.605170185988092
tuna 1 4.605170185988092 4.605170185988092
tune 0 2.8134107167600364 0.0
turk 0 4.605170185988092 0.0
turkish 1 2.5257286443082556 2.5257286443082556
turn 1 2.0402208285265546 2.0402208285265546
type 1 1.2729656758128876 1.2729656758128876
uburubur 1 4.605170185988092 4.605170185988092
uct 1 4.605170185988092 4.605170185988092
ulpaddingem 1 0.1392620673335076 0.1392620673335076
underdog 1 3.912023005428146 3.912023005428146
understanding 0 2.659260036932778 0.0
unique 1 2.207274913189721 2.207274913189721
united 1 0.4155154439616658 0.4155154439616658
universiti 1 4.605170185988092 4.605170185988092
university 1 0.616186139423817 0.616186139423817
unported 1 4.605170185988092 4.605170185988092
unsourced 1 1.3862943611198906 1.3862943611198906
upload 1 0.0 0.0
urdu 1 4.605170185988092 4.605170185988092
use 1 0.0 0.0
used 1 0.8675005677047231 0.8675005677047231
using 1 0.0 0.0
utc 1 0.0 0.0
utility 1 2.995732273553991 2.995732273553991
vague 1 3.912023005428146 3.912023005428146
vahed 1 4.605170185988092 4.605170185988092
van 1 1.7147984280919266 1.7147984280919266
var 1 0.0 0.0
variety 1 2.5257286443082556 2.5257286443082556
vashna 1 4.605170185988092 4.605170185988092
venda 1 4.605170185988092 4.605170185988092
verification 1 2.120263536200091 2.120263536200091
version 1 0.0 0.0
via 1 1.4271163556401458 1.4271163556401458
video 1 1.3862943611198906 1.3862943611198906
view 1 0.0 0.0
viin 1 4.605170185988092 4.605170185988092
voc 1 4.605170185988092 4.605170185988092
vocabulary 1 4.605170185988092 4.605170185988092
voice 1 2.120263536200091 2.120263536200091
volkenkunde 1 4.605170185988092 4.605170185988092
volume 0 1.6094379124341003 0.0
vsahistoryorgza 1 4.605170185988092 4.605170185988092
vte 1 0.7550225842780328 0.7550225842780328
waal 1 3.912023005428146 3.912023005428146
wacana 1 4.605170185988092 4.605170185988092
wan 1 2.995732273553991 2.995732273553991
watch 1 1.8971199848858813 1.8971199848858813
wear 1 2.302585092994046 2.302585092994046
wearing 1 3.506557897319982 3.506557897319982
welcomed 1 3.912023005428146 3.912023005428146
well 1 0.7765287894989963 0.7765287894989963
western 1 1.2039728043259361 1.2039728043259361
white 0 1.171182981502945 0.0
wide 1 2.5257286443082556 2.5257286443082556
wikidata 1 0.010050335853501506 0.010050335853501506
wikimedia 1 0.0 0.0
wikipedia 1 0.0 0.0
williams 1 1.8971199848858813 1.8971199848858813
winstedt 1 4.605170185988092 4.605170185988092
witness 1 2.407945608651872 2.407945608651872
word 0 1.6094379124341003 0.0
worden 1 4.605170185988092 4.605170185988092
wore 1 3.912023005428146 3.912023005428146
work 1 0.7133498878774648 0.7133498878774648
world 1 0.5108256237659907 0.5108256237659907
writer 0 1.5141277326297755 0.0
written 1 0.9416085398584451 0.9416085398584451
wrote 1 1.3470736479666094 1.3470736479666094
xam 1 4.605170185988092 4.605170185988092
xavier 1 3.2188758248682006 3.2188758248682006
xesibe 1 4.605170185988092 4.605170185988092
xhosa 1 4.605170185988092 4.605170185988092
xika 1 4.605170185988092 4.605170185988092
xxxvi 1 4.605170185988092 4.605170185988092
year 0 0.3424903089467759 0.0
yearold 1 2.5257286443082556 2.5257286443082556
yusuf 1 3.912023005428146 3.912023005428146
zealand 1 2.120263536200091 2.120263536200091
zimbabwean 0 3.912023005428146 0.0
zulu 1 4.605170185988092 4.605170185988092
