aaon 1 4.605170185988092 4.605170185988092
abercrombie 1 4.605170185988092 4.605170185988092
able 1 1.7719568419318754 1.7719568419318754
abuse 1 2.5257286443082556 2.5257286443082556
acadia 1 3.912023005428146 3.912023005428146
accelerated 1 4.605170185988092 4.605170185988092
accessible 1 3.912023005428146 3.912023005428146
according 1 1.3093333199837622 1.3093333199837622
accordingly 1 3.506557897319982 3.506557897319982
account 1 0.0 0.0
accusation 0 3.912023005428146 0.0
accused 1 2.995732273553991 2.995732273553991
achieved 1 2.5257286443082556 2.5257286443082556
acquire 1 3.506557897319982 3.506557897319982
acquired 1 3.2188758248682006 3.2188758248682006
acquisition 1 2.995732273553991 2.995732273553991
act 1 1.3470736479666094 1.3470736479666094
acted 1 3.506557897319982 3.506557897319982
action 0 0.0 0.0
acuity 1 4.605170185988092 4.605170185988092
add 1 0.0 0.0
addition 1 1.3862943611198906 1.3862943611198906
additional 1 0.0 0.0
administrativelaw 1 4.605170185988092 4.605170185988092
adopted 1 2.207274913189721 2.207274913189721
advanced 1 2.407945608651872 2.407945608651872
advertising 1 2.8134107167600364 2.8134107167600364
aecom 1 4.605170185988092 4.605170185988092
affiliate 0 3.2188758248682006 0.0
affiliated 1 2.995732273553991 2.995732273553991
agco 1 4.605170185988092 4.605170185988092
ago 1 1.9661128563728327 1.9661128563728327
agree 1 0.0 0.0
agreed 1 2.659260036932778 2.659260036932778
agreement 1 2.5257286443082556 2.5257286443082556
airline 0 3.506557897319982 0.0
alarm 1 3.506557897319982 3.506557897319982
albertsons 1 4.605170185988092 4.605170185988092
alcoa 1 4.605170185988092 4.605170185988092
alike 1 0.0 0.0
allegation 0 3.2188758248682006 0.0
alleging 1 3.2188758248682006 3.2188758248682006
allegro 1 4.605170185988092 4.605170185988092
allete 1 4.605170185988092 4.605170185988092
alliance 1 1.8971199848858813 1.8971199848858813
ally 1 2.995732273553991 2.995732273553991
already 1 2.0402208285265546 2.0402208285265546
also 1 0.127833371509885 0.127833371509885
altair 1 3.912023005428146 3.912023005428146
alternative 0 2.207274913189721 0.0
alto 0 3.506557897319982 0.0
aluminum 1 4.605170185988092 4.605170185988092
ambush 1 3.912023005428146 3.912023005428146
amedisys 1 4.605170185988092 4.605170185988092
america 1 0.8675005677047231 0.8675005677047231
american 1 0.5276327420823719 0.5276327420823719
amkor 1 4.605170185988092 4.605170185988092
amount 1 2.5257286443082556 2.5257286443082556
amp 1 0.4620354595965586 0.4620354595965586
analog 1 4.605170185988092 4.605170185988092
angeles 1 1.6607312068216509 1.6607312068216509
annaly 1 4.605170185988092 4.605170185988092
announced 1 1.2039728043259361 1.2039728043259361
announces 1 2.659260036932778 2.659260036932778
annual 1 1.6607312068216509 1.6607312068216509
antero 1 4.605170185988092 4.605170185988092
anticipated 1 4.605170185988092 4.605170185988092
anticompetitive 1 4.605170185988092 4.605170185988092
antitrust 1 4.605170185988092 4.605170185988092
anton 1 3.506557897319982 3.506557897319982
app 1 3.506557897319982 3.506557897319982
apparent 1 3.506557897319982 3.506557897319982
appeal 1 3.2188758248682006 3.2188758248682006
appealed 1 3.912023005428146 3.912023005428146
appearance 1 0.0 0.0
applicant 0 3.912023005428146 0.0
application 0 2.0402208285265546 0.0
applied 1 2.659260036932778 2.659260036932778
apply 1 0.0 0.0
approach 1 1.9661128563728327 1.9661128563728327
april 1 0.44628710262841953 0.44628710262841953
aptar 1 4.605170185988092 4.605170185988092
ar 0 4.605170185988092 0.0
aramark 1 4.605170185988092 4.605170185988092
architecture 0 2.5257286443082556 0.0
archived 1 0.47803580094299974 0.47803580094299974
area 1 1.2729656758128876 1.2729656758128876
argument 0 2.5257286443082556 0.0
armour 1 3.912023005428146 3.912023005428146
arrow 1 2.659260036932778 2.659260036932778
article 1 0.0 0.0
asgn 1 4.605170185988092 4.605170185988092
ashland 1 3.506557897319982 3.506557897319982
asic 1 4.605170185988092 4.605170185988092
asserted 1 3.506557897319982 3.506557897319982
asset 0 3.2188758248682006 0.0
assist 1 2.5257286443082556 2.5257286443082556
associate 0 2.659260036932778 0.0
associated 1 1.4696759700589417 1.4696759700589417
association 1 1.1394342831883648 1.1394342831883648
attribution 1 0.0 0.0
august 1 0.3424903089467759 0.3424903089467759
authority 1 0.8915981192837835 0.8915981192837835
auto 1 0.1392620673335076 0.1392620673335076
autoliv 1 4.605170185988092 4.605170185988092
automotive 1 3.2188758248682006 3.2188758248682006
availability 1 3.912023005428146 3.912023005428146
available 1 0.0 0.0
avantor 1 4.605170185988092 4.605170185988092
avient 1 4.605170185988092 4.605170185988092
avis 1 3.912023005428146 3.912023005428146
avnet 1 4.605170185988092 4.605170185988092
awaits 1 3.912023005428146 3.912023005428146
aware 1 2.995732273553991 2.995732273553991
axalta 1 3.912023005428146 3.912023005428146
back 1 1.0216512475319812 1.0216512475319812
background 1 1.7147984280919266 1.7147984280919266
bad 1 2.0402208285265546 2.0402208285265546
ban 1 2.8134107167600364 2.8134107167600364
banc 1 4.605170185988092 4.605170185988092
bancorp 1 4.605170185988092 4.605170185988092
bancorporation 1 4.605170185988092 4.605170185988092
bancshares 1 4.605170185988092 4.605170185988092
bank 1 2.0402208285265546 2.0402208285265546
banking 1 2.995732273553991 2.995732273553991
bankshares 1 4.605170185988092 4.605170185988092
bargain 1 3.506557897319982 3.506557897319982
bart 1 3.912023005428146 3.912023005428146
barth 1 3.506557897319982 3.506557897319982
base 1 1.4696759700589417 1.4696759700589417
based 1 1.07880966137193 1.07880966137193
battle 0 1.3862943611198906 0.0
bay 1 1.6094379124341003 1.6094379124341003
bearing 0 2.659260036932778 0.0
beauty 1 2.207274913189721 2.207274913189721
became 1 0.7133498878774648 0.7133498878774648
beer 1 3.506557897319982 3.506557897319982
began 1 0.8675005677047231 0.8675005677047231
behavior 1 2.8134107167600364 2.8134107167600364
behest 1 3.912023005428146 3.912023005428146
belden 1 4.605170185988092 4.605170185988092
bell 1 2.0402208285265546 2.0402208285265546
berry 1 2.8134107167600364 2.8134107167600364
bid 0 2.5257286443082556 0.0
bill 1 1.171182981502945 1.171182981502945
billion 1 3.2188758248682006 3.2188758248682006
bio 1 2.995732273553991 2.995732273553991
bioscience 0 4.605170185988092 0.0
bjs 1 4.605170185988092 4.605170185988092
black 1 0.8915981192837835 0.8915981192837835
blackbaud 1 4.605170185988092 4.605170185988092
blame 1 3.506557897319982 3.506557897319982
blaster 1 3.912023005428146 3.912023005428146
block 1 2.407945608651872 2.407945608651872
bloomberg 1 4.605170185988092 4.605170185988092
board 1 1.5606477482646683 1.5606477482646683
bolus 1 4.605170185988092 4.605170185988092
boosted 1 3.912023005428146 3.912023005428146
bosanski 1 3.2188758248682006 3.2188758248682006
boston 1 1.7719568419318754 1.7719568419318754
bottleneck 1 4.605170185988092 4.605170185988092
boyd 1 2.407945608651872 2.407945608651872
brand 0 2.302585092994046 0.0
breached 1 4.605170185988092 4.605170185988092
brief 1 2.407945608651872 2.407945608651872
brighthouse 1 4.605170185988092 4.605170185988092
brink 0 3.506557897319982 0.0
brixmor 1 4.605170185988092 4.605170185988092
broadly 1 3.912023005428146 3.912023005428146
broker 0 3.912023005428146 0.0
brother 0 1.6607312068216509 0.0
bruker 1 4.605170185988092 4.605170185988092
brunswick 1 2.8134107167600364 2.8134107167600364
budget 1 2.407945608651872 2.407945608651872
buffer 1 4.605170185988092 4.605170185988092
build 1 2.120263536200091 2.120263536200091
built 1 1.6607312068216509 1.6607312068216509
bunch 1 4.605170185988092 4.605170185988092
burden 1 3.912023005428146 3.912023005428146
business 1 1.6094379124341003 1.6094379124341003
buy 1 2.5257286443082556 2.5257286443082556
buyback 1 3.912023005428146 3.912023005428146
buying 1 3.912023005428146 3.912023005428146
bwx 1 4.605170185988092 4.605170185988092
byers 1 3.912023005428146 3.912023005428146
bytewide 1 4.605170185988092 4.605170185988092
cabot 1 4.605170185988092 4.605170185988092
caci 1 4.605170185988092 4.605170185988092
cadence 1 3.912023005428146 3.912023005428146
cafc 1 4.605170185988092 4.605170185988092
california 1 1.4696759700589417 1.4696759700589417
canada 1 1.4696759700589417 1.4696759700589417
canadian 1 1.9661128563728327 1.9661128563728327
canyon 1 2.8134107167600364 2.8134107167600364
capable 1 2.995732273553991 2.995732273553991
capital 1 2.302585092994046 2.302585092994046
capri 1 4.605170185988092 4.605170185988092
caption 1 4.605170185988092 4.605170185988092
card 1 1.7147984280919266 1.7147984280919266
care 1 2.120263536200091 2.120263536200091
carey 1 2.995732273553991 2.995732273553991
carlisle 1 3.912023005428146 3.912023005428146
carlyle 1 4.605170185988092 4.605170185988092
carpenter 1 3.506557897319982 3.506557897319982
case 1 1.3862943611198906 1.3862943611198906
caseys 1 4.605170185988092 4.605170185988092
cash 1 2.995732273553991 2.995732273553991
category 1 0.0 0.0
caufield 1 4.605170185988092 4.605170185988092
causing 1 2.659260036932778 2.659260036932778
ceased 1 3.506557897319982 3.506557897319982
celsius 1 4.605170185988092 4.605170185988092
center 1 1.171182981502945 1.171182981502945
centerpx 1 0.0408219945202552 0.0408219945202552
ceo 1 3.506557897319982 3.506557897319982
ceorevenue 1 4.605170185988092 4.605170185988092
chain 1 3.506557897319982 3.506557897319982
champion 1 1.3862943611198906 1.3862943611198906
change 1 0.0 0.0
channel 1 2.302585092994046 2.302585092994046
charge 1 2.0402208285265546 2.0402208285265546
chart 1 2.659260036932778 2.659260036932778
chemed 1 4.605170185988092 4.605170185988092
chemours 1 4.605170185988092 4.605170185988092
chewy 1 4.605170185988092 4.605170185988092
chief 1 1.3862943611198906 1.3862943611198906
chip 1 2.8134107167600364 2.8134107167600364
chipset 1 4.605170185988092 4.605170185988092
chipsets 1 4.605170185988092 4.605170185988092
chiptochip 1 4.605170185988092 4.605170185988092
choice 1 2.659260036932778 2.659260036932778
chord 1 3.506557897319982 3.506557897319982
churchill 1 4.605170185988092 4.605170185988092
ciena 1 4.605170185988092 4.605170185988092
circuit 1 2.8134107167600364 2.8134107167600364
cirrus 1 4.605170185988092 4.605170185988092
citation 1 0.0408219945202552 0.0408219945202552
cite 1 0.0 0.0
citeweb 1 0.5447271754416719 0.5447271754416719
civitas 1 4.605170185988092 4.605170185988092
claim 1 2.0402208285265546 2.0402208285265546
claimed 1 2.207274913189721 2.207274913189721
claiming 1 2.995732273553991 2.995732273553991
clean 1 2.8134107167600364 2.8134107167600364
clear 1 2.207274913189721 2.207274913189721
cleveland 1 2.0402208285265546 2.0402208285265546
cliff 0 2.995732273553991 0.0
clock 1 2.8134107167600364 2.8134107167600364
club 1 1.4271163556401458 1.4271163556401458
cnh 1 4.605170185988092 4.605170185988092
cno 1 4.605170185988092 4.605170185988092
cnx 1 4.605170185988092 4.605170185988092
coca 1 3.2188758248682006 3.2188758248682006
code 1 0.0 0.0
cognex 1 4.605170185988092 4.605170185988092
coherent 1 4.605170185988092 4.605170185988092
cola 1 3.506557897319982 3.506557897319982
collaborative 1 3.912023005428146 3.912023005428146
collecting 1 4.605170185988092 4.605170185988092
collision 1 3.2188758248682006 3.2188758248682006
colony 1 2.8134107167600364 2.8134107167600364
columbia 1 2.207274913189721 2.207274913189721
comerica 1 4.605170185988092 4.605170185988092
comfort 1 3.2188758248682006 3.2188758248682006
comm 1 4.605170185988092 4.605170185988092
commerce 1 2.5257286443082556 2.5257286443082556
commercial 1 2.0402208285265546 2.0402208285265546
commission 1 1.7147984280919266 1.7147984280919266
common 1 0.0 0.0
communication 1 2.207274913189721 2.207274913189721
community 1 1.6094379124341003 1.6094379124341003
company 1 1.2729656758128876 1.2729656758128876
compared 1 2.120263536200091 2.120263536200091
compensation 1 3.506557897319982 3.506557897319982
competition 1 1.8971199848858813 1.8971199848858813
complaint 1 3.2188758248682006 3.2188758248682006
completed 1 2.0402208285265546 2.0402208285265546
completely 1 2.5257286443082556 2.5257286443082556
completes 1 4.605170185988092 4.605170185988092
complexity 1 3.912023005428146 3.912023005428146
component 1 4.605170185988092 4.605170185988092
compound 1 3.2188758248682006 3.2188758248682006
computer 1 2.5257286443082556 2.5257286443082556
computerworld 1 4.605170185988092 4.605170185988092
concentrix 1 4.605170185988092 4.605170185988092
conclusion 1 2.8134107167600364 2.8134107167600364
condition 0 2.0402208285265546 0.0
conduct 1 0.0 0.0
confirms 1 3.2188758248682006 3.2188758248682006
considered 1 1.3862943611198906 1.3862943611198906
consolidated 1 3.912023005428146 3.912023005428146
conspiracy 1 2.8134107167600364 2.8134107167600364
conspired 1 4.605170185988092 4.605170185988092
constant 1 2.659260036932778 2.659260036932778
construction 1 1.8325814637483102 1.8325814637483102
consulting 1 3.912023005428146 3.912023005428146
consumer 1 3.2188758248682006 3.2188758248682006
contact 1 0.0 0.0
contain 1 2.995732273553991 2.995732273553991
content 1 0.0 0.0
context 1 0.010050335853501506 0.010050335853501506
continuation 0 3.912023005428146 0.0
continued 1 1.5141277326297755 1.5141277326297755
continuing 1 2.207274913189721 2.207274913189721
contract 0 2.207274913189721 0.0
contribute 1 0.0 0.0
contribution 0 0.0 0.0
control 1 0.7765287894989963 0.7765287894989963
controller 1 4.605170185988092 4.605170185988092
conventional 1 3.2188758248682006 3.2188758248682006
conviction 1 2.995732273553991 2.995732273553991
convincing 1 3.506557897319982 3.506557897319982
cookie 1 0.0 0.0
cookiematch 1 0.0 0.0
copt 1 4.605170185988092 4.605170185988092
core 1 2.659260036932778 2.659260036932778
corning 1 4.605170185988092 4.605170185988092
corp 1 2.302585092994046 2.302585092994046
corporates 1 4.605170185988092 4.605170185988092
corporation 1 1.8971199848858813 1.8971199848858813
cost 1 2.0402208285265546 2.0402208285265546
coty 1 4.605170185988092 4.605170185988092
could 1 1.2378743560016172 1.2378743560016172
counterlistitema 1 0.127833371509885 0.127833371509885
county 1 1.6607312068216509 1.6607312068216509
court 1 1.5141277326297755 1.5141277326297755
cousin 0 3.2188758248682006 0.0
cover 1 1.6094379124341003 1.6094379124341003
covering 1 2.995732273553991 2.995732273553991
crane 1 2.659260036932778 2.659260036932778
create 1 0.0 0.0
creative 1 0.0 0.0
cri 1 4.605170185988092 4.605170185988092
cris 1 4.605170185988092 4.605170185988092
critical 1 2.207274913189721 2.207274913189721
crocs 1 4.605170185988092 4.605170185988092
crown 1 1.9661128563728327 1.9661128563728327
cryptography 1 4.605170185988092 4.605170185988092
csmaintcolorf 1 0.06187540371808745 0.06187540371808745
csmaintcolorfmedia 1 0.0408219945202552 0.0408219945202552
cswsicon 1 0.0408219945202552 0.0408219945202552
cube 1 3.506557897319982 3.506557897319982
current 1 0.0 0.0
currently 1 2.207274913189721 2.207274913189721
curtis 0 2.302585092994046 0.0
customer 1 3.2188758248682006 3.2188758248682006
cxl 1 4.605170185988092 4.605170185988092
cytokinetics 1 4.605170185988092 4.605170185988092
damage 0 2.995732273553991 0.0
dansk 1 2.995732273553991 2.995732273553991
darling 1 4.605170185988092 4.605170185988092
data 1 1.3862943611198906 1.3862943611198906
database 0 0.9675840262617057 0.0
datacentre 1 4.605170185988092 4.605170185988092
date 1 0.3147107448397002 0.3147107448397002
david 1 0.9942522733438669 0.9942522733438669
davidow 1 4.605170185988092 4.605170185988092
davidson 1 3.2188758248682006 3.2188758248682006
day 1 0.5276327420823719 0.5276327420823719
ddr 1 4.605170185988092 4.605170185988092
ddrsdram 1 4.605170185988092 4.605170185988092
de 0 2.407945608651872 0.0
dead 1 1.5606477482646683 1.5606477482646683
deal 1 1.8325814637483102 1.8325814637483102
december 1 0.37106368139083196 0.37106368139083196
deception 1 3.912023005428146 3.912023005428146
deceptive 1 3.912023005428146 3.912023005428146
decision 1 1.8971199848858813 1.8971199848858813
declared 1 2.407945608651872 2.407945608651872
decor 1 4.605170185988092 4.605170185988092
defense 1 1.7719568419318754 1.7719568419318754
delaware 1 2.8134107167600364 2.8134107167600364
deliberately 1 3.2188758248682006 3.2188758248682006
deltic 1 4.605170185988092 4.605170185988092
demand 1 2.407945608651872 2.407945608651872
demonstrably 1 4.605170185988092 4.605170185988092
dentsply 1 4.605170185988092 4.605170185988092
depending 1 3.912023005428146 3.912023005428146
depends 1 3.912023005428146 3.912023005428146
derives 1 4.605170185988092 4.605170185988092
description 1 0.07257069283483537 0.07257069283483537
design 1 1.8971199848858813 1.8971199848858813
designer 0 2.659260036932778 0.0
designscom 1 4.605170185988092 4.605170185988092
desiring 1 4.605170185988092 4.605170185988092
destruction 1 2.659260036932778 2.659260036932778
determination 1 3.912023005428146 3.912023005428146
determined 1 2.407945608651872 2.407945608651872
deutsche 1 2.5257286443082556 2.5257286443082556
develop 1 2.659260036932778 2.659260036932778
developed 1 1.7147984280919266 1.7147984280919266
developer 0 0.0 0.0
development 1 1.3093333199837622 1.3093333199837622
develops 1 3.912023005428146 3.912023005428146
device 0 2.8134107167600364 0.0
dick 0 2.120263536200091 0.0
different 1 0.3424903089467759 0.3424903089467759
digital 1 1.9661128563728327 1.9661128563728327
direct 1 2.5257286443082556 2.5257286443082556
disadvantage 0 4.605170185988092 0.0
disclaimer 0 0.0 0.0
disclosing 1 4.605170185988092 4.605170185988092
disco 1 3.912023005428146 3.912023005428146
discretionary 1 4.605170185988092 4.605170185988092
discrimination 1 3.506557897319982 3.506557897319982
discussed 1 3.2188758248682006 3.2188758248682006
discussion 1 2.8134107167600364 2.8134107167600364
dismissed 1 2.8134107167600364 2.8134107167600364
display 1 2.659260036932778 2.659260036932778
dispute 1 2.5257286443082556 2.5257286443082556
dissipation 1 4.605170185988092 4.605170185988092
distancing 1 4.605170185988092 4.605170185988092
district 1 1.4271163556401458 1.4271163556401458
divisionals 1 4.605170185988092 4.605170185988092
docket 1 4.605170185988092 4.605170185988092
document 0 2.120263536200091 0.0
docusign 1 4.605170185988092 4.605170185988092
dolby 1 3.506557897319982 3.506557897319982
dollar 0 2.995732273553991 0.0
dominant 1 2.995732273553991 2.995732273553991
donaldson 1 3.506557897319982 3.506557897319982
donate 1 0.0 0.0
dont 1 1.9661128563728327 1.9661128563728327
double 1 2.407945608651872 2.407945608651872
down 0 4.605170185988092 0.0
download 1 0.0 0.0
doximity 1 4.605170185988092 4.605170185988092
drainage 1 3.506557897319982 3.506557897319982
dram 1 4.605170185988092 4.605170185988092
drastically 1 3.912023005428146 3.912023005428146
driver 1 2.207274913189721 2.207274913189721
dropbox 1 4.605170185988092 4.605170185988092
dropped 1 2.0402208285265546 2.0402208285265546
dtaftercontent 1 0.127833371509885 0.127833371509885
due 1 0.9416085398584451 0.9416085398584451
duolingo 1 4.605170185988092 4.605170185988092
dynamic 1 3.506557897319982 3.506557897319982
dynatrace 1 4.605170185988092 4.605170185988092
eagle 1 1.9661128563728327 1.9661128563728327
earlier 1 1.8971199848858813 1.8971199848858813
early 1 0.6348782724359695 0.6348782724359695
east 1 1.0498221244986776 1.0498221244986776
eastern 1 1.5606477482646683 1.5606477482646683
edge 1 2.120263536200091 2.120263536200091
edncom 1 4.605170185988092 4.605170185988092
education 1 1.3470736479666094 1.3470736479666094
either 1 1.9661128563728327 1.9661128563728327
electric 1 2.995732273553991 2.995732273553991
electrical 1 2.659260036932778 2.659260036932778
electricplc 1 4.605170185988092 4.605170185988092
electronic 1 2.995732273553991 2.995732273553991
electronics 1 4.605170185988092 4.605170185988092
elf 1 4.605170185988092 4.605170185988092
eliminating 1 3.912023005428146 3.912023005428146
elpida 1 4.605170185988092 4.605170185988092
emcor 1 4.605170185988092 4.605170185988092
emerging 1 3.506557897319982 3.506557897319982
employee 0 2.0402208285265546 0.0
enable 1 3.912023005428146 3.912023005428146
enabling 1 3.506557897319982 3.506557897319982
encompass 1 3.912023005428146 3.912023005428146
encyclopedia 1 0.0 0.0
ener 1 4.605170185988092 4.605170185988092
energy 1 1.6607312068216509 1.6607312068216509
enforce 1 3.912023005428146 3.912023005428146
engaged 1 2.995732273553991 2.995732273553991
engineer 0 2.302585092994046 0.0
engineering 1 2.302585092994046 2.302585092994046
english 1 0.0 0.0
enough 1 2.207274913189721 2.207274913189721
ensign 1 3.912023005428146 3.912023005428146
entegris 1 4.605170185988092 4.605170185988092
entered 1 1.9661128563728327 1.9661128563728327
enterprise 1 2.5257286443082556 2.5257286443082556
entertainment 1 1.8325814637483102 1.8325814637483102
envista 1 4.605170185988092 4.605170185988092
epr 1 4.605170185988092 4.605170185988092
equitable 1 4.605170185988092 4.605170185988092
equity 1 3.506557897319982 3.506557897319982
esab 1 4.605170185988092 4.605170185988092
esperanto 1 2.5257286443082556 2.5257286443082556
essent 1 4.605170185988092 4.605170185988092
essential 1 2.5257286443082556 2.5257286443082556
established 1 1.1086626245216111 1.1086626245216111
establishment 0 1.9661128563728327 0.0
estate 1 2.120263536200091 2.120263536200091
euronet 1 4.605170185988092 4.605170185988092
europaeu 1 4.605170185988092 4.605170185988092
europe 1 1.5141277326297755 1.5141277326297755
european 1 1.3093333199837622 1.3093333199837622
event 0 0.0 0.0
evercore 1 4.605170185988092 4.605170185988092
every 1 1.4271163556401458 1.4271163556401458
evidence 1 2.302585092994046 2.302585092994046
example 1 1.8325814637483102 1.8325814637483102
exchange 1 1.9661128563728327 1.9661128563728327
exelixis 1 4.605170185988092 4.605170185988092
existence 1 2.995732273553991 2.995732273553991
exl 1 4.605170185988092 4.605170185988092
exp 1 0.0 0.0
expand 1 2.8134107167600364 2.8134107167600364
expanding 1 2.407945608651872 2.407945608651872
exponent 1 4.605170185988092 4.605170185988092
external 1 0.44628710262841953 0.44628710262841953
extra 1 2.8134107167600364 2.8134107167600364
fabless 1 4.605170185988092 4.605170185988092
fabrinet 1 4.605170185988092 4.605170185988092
face 0 1.9661128563728327 0.0
faced 1 2.659260036932778 2.659260036932778
fact 1 1.5141277326297755 1.5141277326297755
faith 1 1.9661128563728327 1.9661128563728327
fall 1 1.07880966137193 1.07880966137193
farmer 0 2.659260036932778 0.0
farmwald 1 4.605170185988092 4.605170185988092
faster 1 2.995732273553991 2.995732273553991
feature 0 1.4696759700589417 0.0
february 1 0.27443684570176036 0.27443684570176036
federal 1 1.8971199848858813 1.8971199848858813
federated 1 4.605170185988092 4.605170185988092
fee 0 2.995732273553991 0.0
fidelity 1 4.605170185988092 4.605170185988092
file 1 0.0 0.0
filed 1 3.506557897319982 3.506557897319982
filing 1 3.912023005428146 3.912023005428146
finance 1 2.302585092994046 2.302585092994046
financial 1 1.8325814637483102 1.8325814637483102
financials 1 4.605170185988092 4.605170185988092
find 0 1.3093333199837622 0.0
finding 1 1.9661128563728327 1.9661128563728327
firm 0 2.407945608651872 0.0
first 1 0.1508228897345837 0.1508228897345837
fitch 1 3.912023005428146 3.912023005428146
fitness 1 3.2188758248682006 3.2188758248682006
five 1 1.0216512475319812 1.0216512475319812
fixing 1 4.605170185988092 4.605170185988092
flaherty 1 3.912023005428146 3.912023005428146
flex 1 4.605170185988092 4.605170185988092
floor 1 2.207274913189721 2.207274913189721
flower 0 2.5257286443082556 0.0
flowserve 1 4.605170185988092 4.605170185988092
fluor 1 4.605170185988092 4.605170185988092
fnb 1 4.605170185988092 4.605170185988092
folio 1 4.605170185988092 4.605170185988092
following 1 0.7133498878774648 0.7133498878774648
food 1 1.9661128563728327 1.9661128563728327
footnotesreferences 1 4.605170185988092 4.605170185988092
forbescom 1 4.605170185988092 4.605170185988092
force 1 1.2378743560016172 1.2378743560016172
form 1 1.3470736479666094 1.3470736479666094
formally 1 2.8134107167600364 2.8134107167600364
formatnum 1 4.605170185988092 4.605170185988092
fortune 1 2.302585092994046 2.302585092994046
forum 0 2.8134107167600364 0.0
found 1 1.2039728043259361 1.2039728043259361
foundation 1 0.0 0.0
founded 1 1.7147984280919266 1.7147984280919266
founder 0 1.8971199848858813 0.0
four 1 0.7985076962177716 0.7985076962177716
franais 1 0.8675005677047231 0.8675005677047231
francisco 1 1.7719568419318754 1.7719568419318754
fraud 1 3.506557897319982 3.506557897319982
free 1 0.0 0.0
frontier 1 3.2188758248682006 3.2188758248682006
frost 1 3.506557897319982 3.506557897319982
ftc 1 3.912023005428146 3.912023005428146
fti 1 4.605170185988092 4.605170185988092
fuel 1 2.995732273553991 2.995732273553991
full 1 1.1086626245216111 1.1086626245216111
fullycompliant 1 4.605170185988092 4.605170185988092
game 1 1.2378743560016172 1.2378743560016172
gaming 1 3.2188758248682006 3.2188758248682006
gap 1 2.995732273553991 2.995732273553991
gas 1 3.2188758248682006 3.2188758248682006
gatx 1 4.605170185988092 4.605170185988092
gddr 1 4.605170185988092 4.605170185988092
general 1 0.0 0.0
genpact 1 4.605170185988092 4.605170185988092
gentex 1 4.605170185988092 4.605170185988092
gervasi 1 4.605170185988092 4.605170185988092
get 1 0.0 0.0
ghz 1 3.912023005428146 3.912023005428146
glacier 1 3.912023005428146 3.912023005428146
global 1 1.7719568419318754 1.7719568419318754
globus 1 4.605170185988092 4.605170185988092
going 1 1.8325814637483102 1.8325814637483102
gold 1 1.6094379124341003 1.6094379124341003
goldman 1 4.605170185988092 4.605170185988092
good 0 1.3093333199837622 0.0
goodyear 1 3.912023005428146 3.912023005428146
google 1 2.995732273553991 2.995732273553991
got 1 2.302585092994046 2.302585092994046
government 1 1.1086626245216111 1.1086626245216111
graco 1 4.605170185988092 4.605170185988092
graham 1 2.659260036932778 2.659260036932778
grand 1 1.7719568419318754 1.7719568419318754
graphic 1 3.2188758248682006 3.2188758248682006
greif 1 4.605170185988092 4.605170185988092
gro 1 4.605170185988092 4.605170185988092
group 1 0.8209805520698303 0.8209805520698303
grouped 1 3.912023005428146 3.912023005428146
grouping 0 3.506557897319982 0.0
guidewire 1 4.605170185988092 4.605170185988092
guilty 1 2.8134107167600364 2.8134107167600364
guire 1 2.995732273553991 2.995732273553991
guires 1 4.605170185988092 4.605170185988092
gxo 1 4.605170185988092 4.605170185988092
haemonetics 1 4.605170185988092 4.605170185988092
halozyme 1 4.605170185988092 4.605170185988092
halving 1 4.605170185988092 4.605170185988092
hamilton 1 2.120263536200091 2.120263536200091
hamp 1 3.912023005428146 3.912023005428146
hancock 1 3.912023005428146 3.912023005428146
hang 1 3.506557897319982 3.506557897319982
hanover 1 2.995732273553991 2.995732273553991
happened 1 2.5257286443082556 2.5257286443082556
harbor 0 2.995732273553991 0.0
hardent 1 4.605170185988092 4.605170185988092
hardware 1 3.912023005428146 3.912023005428146
harley 1 4.605170185988092 4.605170185988092
harmed 1 4.605170185988092 4.605170185988092
harold 1 2.659260036932778 2.659260036932778
hbm 1 4.605170185988092 4.605170185988092
headquarters 1 2.207274913189721 2.207274913189721
health 1 1.6607312068216509 1.6607312068216509
healthcare 1 3.506557897319982 3.506557897319982
hear 1 3.2188758248682006 3.2188758248682006
hearing 0 2.8134107167600364 0.0
heat 1 2.5257286443082556 2.5257286443082556
heatsinks 1 4.605170185988092 4.605170185988092
help 1 0.0 0.0
henderson 1 2.5257286443082556 2.5257286443082556
hermes 1 3.912023005428146 3.912023005428146
hewlett 1 4.605170185988092 4.605170185988092
hexcel 1 4.605170185988092 4.605170185988092
hidden 1 0.010050335853501506 0.010050335853501506
hide 1 0.0 0.0
high 1 0.9416085398584451 0.9416085398584451
highspeed 1 4.605170185988092 4.605170185988092
hill 0 1.2039728043259361 0.0
hilton 1 3.2188758248682006 3.2188758248682006
history 1 0.0 0.0
hitachi 1 4.605170185988092 4.605170185988092
hlist 1 0.127833371509885 0.127833371509885
hlistinline 1 0.127833371509885 0.127833371509885
holding 0 2.207274913189721 0.0
home 1 0.7339691750802005 0.7339691750802005
hopefully 1 4.605170185988092 4.605170185988092
horizon 1 3.912023005428146 3.912023005428146
horowitz 1 4.605170185988092 4.605170185988092
hotel 0 2.5257286443082556 0.0
houlihan 1 3.912023005428146 3.912023005428146
however 1 0.6931471805599453 0.6931471805599453
hpcwire 1 4.605170185988092 4.605170185988092
hrvatski 1 2.995732273553991 2.995732273553991
hughes 1 3.2188758248682006 3.2188758248682006
hyatt 1 4.605170185988092 4.605170185988092
hynix 1 4.605170185988092 4.605170185988092
hyundai 1 4.605170185988092 4.605170185988092
ibcompany 1 3.912023005428146 3.912023005428146
ibcompanylogo 1 3.912023005428146 3.912023005428146
ibm 1 4.605170185988092 4.605170185988092
ic 0 3.506557897319982 0.0
idacorp 1 4.605170185988092 4.605170185988092
idg 1 4.605170185988092 4.605170185988092
idlockfree 1 0.0408219945202552 0.0408219945202552
idlockfreeidlockfree 1 0.0408219945202552 0.0408219945202552
idlocklimited 1 0.0408219945202552 0.0408219945202552
idlockregistration 1 0.0408219945202552 0.0408219945202552
idlocksubscription 1 0.0408219945202552 0.0408219945202552
illegally 1 3.912023005428146 3.912023005428146
illumina 1 4.605170185988092 4.605170185988092
imgsrc 1 1.3862943611198906 1.3862943611198906
implement 1 3.912023005428146 3.912023005428146
import 1 2.8134107167600364 2.8134107167600364
impose 1 4.605170185988092 4.605170185988092
inc 1 0.0 0.0
include 1 1.3093333199837622 1.3093333199837622
included 1 1.3093333199837622 1.3093333199837622
includes 1 1.9661128563728327 1.9661128563728327
including 1 0.7133498878774648 0.7133498878774648
income 1 2.659260036932778 2.659260036932778
incorporated 1 2.120263536200091 2.120263536200091
increase 1 2.302585092994046 2.302585092994046
increased 1 2.302585092994046 2.302585092994046
industrial 1 2.5257286443082556 2.5257286443082556
industrials 1 4.605170185988092 4.605170185988092
industry 1 1.8325814637483102 1.8325814637483102
infineon 1 4.605170185988092 4.605170185988092
inflame 1 4.605170185988092 4.605170185988092
info 1 2.659260036932778 2.659260036932778
infobox 1 0.3011050927839216 0.3011050927839216
infoboxcompany 1 3.912023005428146 3.912023005428146
infoboxtable 1 0.3147107448397002 0.3147107448397002
information 1 0.0 0.0
infringement 1 4.605170185988092 4.605170185988092
ingredient 0 4.605170185988092 0.0
ingredion 1 4.605170185988092 4.605170185988092
initial 1 2.120263536200091 2.120263536200091
initiate 0 3.506557897319982 0.0
ink 1 4.605170185988092 4.605170185988092
innovation 1 2.8134107167600364 2.8134107167600364
inotera 1 4.605170185988092 4.605170185988092
inphi 1 4.605170185988092 4.605170185988092
inquirer 1 3.912023005428146 3.912023005428146
insperity 1 4.605170185988092 4.605170185988092
instrument 0 2.995732273553991 0.0
insurance 1 3.506557897319982 3.506557897319982
integrated 1 2.407945608651872 2.407945608651872
integration 0 3.912023005428146 0.0
integrion 1 4.605170185988092 4.605170185988092
intel 1 3.912023005428146 3.912023005428146
intellectual 1 2.8134107167600364 2.8134107167600364
intels 1 4.605170185988092 4.605170185988092
intentional 1 4.605170185988092 4.605170185988092
interac 1 4.605170185988092 4.605170185988092
interactive 1 2.995732273553991 2.995732273553991
interconnect 1 4.605170185988092 4.605170185988092
interest 1 1.6607312068216509 1.6607312068216509
interface 1 3.506557897319982 3.506557897319982
international 1 0.5978370007556204 0.5978370007556204
intl 1 4.605170185988092 4.605170185988092
introduction 1 2.207274913189721 2.207274913189721
invalid 1 3.912023005428146 3.912023005428146
invalidates 1 4.605170185988092 4.605170185988092
invented 1 3.912023005428146 3.912023005428146
inventing 1 4.605170185988092 4.605170185988092
inventory 1 4.605170185988092 4.605170185988092
investigation 1 2.120263536200091 2.120263536200091
investigator 0 3.912023005428146 0.0
investment 1 2.5257286443082556 2.5257286443082556
investor 0 3.912023005428146 0.0
invited 1 2.5257286443082556 2.5257286443082556
involved 1 1.5606477482646683 1.5606477482646683
involving 1 2.5257286443082556 2.5257286443082556
ipg 1 4.605170185988092 4.605170185988092
iridium 1 4.605170185988092 4.605170185988092
irt 1 4.605170185988092 4.605170185988092
isni 1 3.912023005428146 3.912023005428146
issue 0 1.1086626245216111 0.0
issued 1 3.2188758248682006 3.2188758248682006
italiano 1 1.07880966137193 1.07880966137193
itc 1 4.605170185988092 4.605170185988092
item 1 0.010050335853501506 0.010050335853501506
itt 1 4.605170185988092 4.605170185988092
january 1 0.3424903089467759 0.3424903089467759
janus 1 4.605170185988092 4.605170185988092
jazz 1 3.2188758248682006 3.2188758248682006
jedec 1 4.605170185988092 4.605170185988092
jedecs 1 4.605170185988092 4.605170185988092
jefferies 1 3.912023005428146 3.912023005428146
jersey 1 2.120263536200091 2.120263536200091
jml 1 4.605170185988092 4.605170185988092
joel 1 3.506557897319982 3.506557897319982
join 1 1.6607312068216509 1.6607312068216509
jones 1 1.5141277326297755 1.5141277326297755
jose 1 2.120263536200091 2.120263536200091
journal 1 1.3093333199837622 1.3093333199837622
journalcom 1 4.605170185988092 4.605170185988092
judge 1 2.302585092994046 2.302585092994046
july 1 0.43078291609245434 0.43078291609245434
jump 1 0.0 0.0
june 1 0.40047756659712536 0.40047756659712536
juror 0 4.605170185988092 0.0
jury 1 3.912023005428146 3.912023005428146
kbr 1 4.605170185988092 4.605170185988092
kemper 1 4.605170185988092 4.605170185988092
key 1 1.6094379124341003 1.6094379124341003
kill 1 1.7719568419318754 1.7719568419318754
kilroy 1 3.912023005428146 3.912023005428146
kinsale 1 4.605170185988092 4.605170185988092
kirby 1 3.506557897319982 3.506557897319982
kite 1 4.605170185988092 4.605170185988092
kleiner 1 4.605170185988092 4.605170185988092
knife 1 3.912023005428146 3.912023005428146
knight 1 2.0402208285265546 2.0402208285265546
knowledge 1 2.302585092994046 2.302585092994046
known 1 0.7985076962177716 0.7985076962177716
krazit 1 4.605170185988092 4.605170185988092
kyndryl 1 4.605170185988092 4.605170185988092
lab 0 3.506557897319982 0.0
laboratory 0 3.912023005428146 0.0
lamar 1 3.2188758248682006 3.2188758248682006
lancaster 1 4.605170185988092 4.605170185988092
landstar 1 4.605170185988092 4.605170185988092
lane 1 2.120263536200091 2.120263536200091
lang 1 1.9661128563728327 1.9661128563728327
language 0 0.0 0.0
lantheus 1 4.605170185988092 4.605170185988092
largest 1 2.407945608651872 2.407945608651872
last 1 0.0 0.0
latency 1 4.605170185988092 4.605170185988092
later 1 0.5621189181535412 0.5621189181535412
latter 1 1.6607312068216509 1.6607312068216509
lattice 1 4.605170185988092 4.605170185988092
launched 1 1.9661128563728327 1.9661128563728327
lawcom 1 4.605170185988092 4.605170185988092
lawsuit 1 3.506557897319982 3.506557897319982
lawyer 1 2.120263536200091 2.120263536200091
leading 1 1.3093333199837622 1.3093333199837622
lear 1 3.2188758248682006 3.2188758248682006
learn 1 0.0 0.0
led 1 1.07880966137193 1.07880966137193
legal 1 1.9661128563728327 1.9661128563728327
legally 1 2.995732273553991 2.995732273553991
leisure 1 3.912023005428146 3.912023005428146
less 1 1.5141277326297755 1.5141277326297755
let 1 1.8325814637483102 1.8325814637483102
liaftercontent 1 0.127833371509885 0.127833371509885
license 1 0.0 0.0
licensed 1 2.8134107167600364 2.8134107167600364
licensee 1 4.605170185988092 4.605170185988092
licensing 1 3.2188758248682006 3.2188758248682006
lifestyle 1 2.659260036932778 2.659260036932778
light 1 1.3862943611198906 1.3862943611198906
limarginbottom 1 0.9675840262617057 0.9675840262617057
limit 0 2.8134107167600364 0.0
limited 1 2.0402208285265546 2.0402208285265546
lincoln 1 2.5257286443082556 2.5257286443082556
line 1 1.4696759700589417 1.4696759700589417
link 1 0.0 0.0
list 1 0.6348782724359695 0.6348782724359695
listed 1 2.302585092994046 2.302585092994046
lithia 1 4.605170185988092 4.605170185988092
litigation 1 3.912023005428146 3.912023005428146
litigious 1 4.605170185988092 4.605170185988092
littelfuse 1 4.605170185988092 4.605170185988092
liva 1 4.605170185988092 4.605170185988092
living 1 1.07880966137193 1.07880966137193
log 1 0.0 0.0
logged 1 0.0 0.0
logic 1 3.912023005428146 3.912023005428146
logistics 1 4.605170185988092 4.605170185988092
lokey 1 4.605170185988092 4.605170185988092
long 1 1.1086626245216111 1.1086626245216111
longrunning 1 3.506557897319982 3.506557897319982
los 1 1.5141277326297755 1.5141277326297755
loses 1 2.659260036932778 2.659260036932778
lost 1 1.171182981502945 1.171182981502945
louisiana 1 2.8134107167600364 2.8134107167600364
lrdimm 1 4.605170185988092 4.605170185988092
ltd 1 2.407945608651872 2.407945608651872
luc 1 3.912023005428146 3.912023005428146
lumentum 1 4.605170185988092 4.605170185988092
lynch 1 3.912023005428146 3.912023005428146
ma 0 4.605170185988092 0.0
macom 1 4.605170185988092 4.605170185988092
macronix 1 4.605170185988092 4.605170185988092
macys 1 4.605170185988092 4.605170185988092
made 1 0.653926467406664 0.653926467406664
main 1 0.0 0.0
majority 1 1.8971199848858813 1.8971199848858813
make 1 1.0498221244986776 1.0498221244986776
maker 0 2.8134107167600364 0.0
management 1 1.7719568419318754 1.7719568419318754
manager 0 2.120263536200091 0.0
manhattan 1 3.506557897319982 3.506557897319982
manner 0 3.506557897319982 0.0
manpower 1 3.912023005428146 3.912023005428146
manual 1 2.5257286443082556 2.5257286443082556
manufactured 1 3.912023005428146 3.912023005428146
manufacturer 1 2.995732273553991 2.995732273553991
manufacturing 1 3.506557897319982 3.506557897319982
maplebear 1 4.605170185988092 4.605170185988092
march 1 0.3147107448397002 0.3147107448397002
marchyears 1 4.605170185988092 4.605170185988092
marin 1 3.912023005428146 3.912023005428146
mark 1 1.1394342831883648 1.1394342831883648
marked 1 2.207274913189721 2.207274913189721
market 1 2.120263536200091 2.120263536200091
marketing 1 2.8134107167600364 2.8134107167600364
marriott 1 4.605170185988092 4.605170185988092
masimo 1 4.605170185988092 4.605170185988092
matador 1 3.912023005428146 3.912023005428146
material 0 1.3093333199837622 0.0
mattel 1 4.605170185988092 4.605170185988092
matter 1 2.0402208285265546 2.0402208285265546
maximum 1 2.659260036932778 2.659260036932778
maximus 1 3.506557897319982 3.506557897319982
may 1 0.0 0.0
mdy 1 1.3862943611198906 1.3862943611198906
medical 1 2.5257286443082556 2.5257286443082556
medium 0 0.49429632181478017 0.0
medpace 1 4.605170185988092 4.605170185988092
meet 1 1.6607312068216509 1.6607312068216509
meeting 1 1.8971199848858813 1.8971199848858813
member 1 0.6733445532637655 0.6733445532637655
memo 0 4.605170185988092 0.0
memory 1 2.207274913189721 2.207274913189721
menu 1 0.0 0.0
mercury 1 2.995732273553991 2.995732273553991
merrill 1 3.506557897319982 3.506557897319982
metal 0 2.207274913189721 0.0
mgic 1 4.605170185988092 4.605170185988092
mhz 1 3.912023005428146 3.912023005428146
micro 1 3.912023005428146 3.912023005428146
microelectronics 1 4.605170185988092 4.605170185988092
micron 1 4.605170185988092 4.605170185988092
microsoft 1 3.506557897319982 3.506557897319982
microsofts 1 3.912023005428146 3.912023005428146
middleby 1 4.605170185988092 4.605170185988092
midstream 1 4.605170185988092 4.605170185988092
mike 1 1.6094379124341003 1.6094379124341003
million 1 1.6094379124341003 1.6094379124341003
minimum 1 3.506557897319982 3.506557897319982
miracle 1 2.659260036932778 2.659260036932778
mixedsignal 1 4.605170185988092 4.605170185988092
mks 1 4.605170185988092 4.605170185988092
mobile 1 0.0 0.0
mohr 1 4.605170185988092 4.605170185988092
molex 1 4.605170185988092 4.605170185988092
mololamkencom 1 4.605170185988092 4.605170185988092
monetization 1 4.605170185988092 4.605170185988092
monopolized 1 4.605170185988092 4.605170185988092
morningstar 1 4.605170185988092 4.605170185988092
morrison 1 2.995732273553991 2.995732273553991
motor 0 2.302585092994046 0.0
move 1 0.0 0.0
msa 1 4.605170185988092 4.605170185988092
msc 1 3.912023005428146 3.912023005428146
much 1 1.171182981502945 1.171182981502945
mueller 1 3.912023005428146 3.912023005428146
murphy 1 2.5257286443082556 2.5257286443082556
music 1 1.3862943611198906 1.3862943611198906
nanya 1 4.605170185988092 4.605170185988092
narrow 1 3.506557897319982 3.506557897319982
nasdaq 1 4.605170185988092 4.605170185988092
nation 1 1.2729656758128876 1.2729656758128876
national 1 0.5108256237659907 0.5108256237659907
navbar 1 0.23572233352106994 0.23572233352106994
navbarfontsizemedia 1 0.3147107448397002 0.3147107448397002
navbarmini 1 0.23572233352106994 0.23572233352106994
navbox 1 0.1392620673335076 0.1392620673335076
navboximage 1 0.1392620673335076 0.1392620673335076
navboxsubgroup 1 0.1392620673335076 0.1392620673335076
navboxtitle 1 0.1392620673335076 0.1392620673335076
navigation 1 0.0 0.0
nec 1 3.912023005428146 3.912023005428146
necessitating 1 4.605170185988092 4.605170185988092
negotiate 1 3.912023005428146 3.912023005428146
neogen 1 4.605170185988092 4.605170185988092
net 1 2.5257286443082556 2.5257286443082556
neurocrine 1 4.605170185988092 4.605170185988092
new 1 0.24846135929849972 0.24846135929849972
news 1 0.843970070294529 0.843970070294529
nexstar 1 4.605170185988092 4.605170185988092
nextracker 1 4.605170185988092 4.605170185988092
nick 1 2.120263536200091 2.120263536200091
nintendo 1 4.605170185988092 4.605170185988092
nnn 1 4.605170185988092 4.605170185988092
node 1 3.912023005428146 3.912023005428146
nondisclosure 1 4.605170185988092 4.605170185988092
nondiscriminatory 1 4.605170185988092 4.605170185988092
nonmemory 1 4.605170185988092 4.605170185988092
nonnumeric 1 4.605170185988092 4.605170185988092
nonprofit 1 0.0 0.0
nordstrom 1 4.605170185988092 4.605170185988092
north 1 0.8209805520698303 0.8209805520698303
northern 1 1.3093333199837622 1.3093333199837622
notably 1 3.506557897319982 3.506557897319982
nov 1 2.0402208285265546 2.0402208285265546
nova 1 3.2188758248682006 3.2188758248682006
novanta 1 4.605170185988092 4.605170185988092
november 1 0.3011050927839216 0.3011050927839216
nullified 1 4.605170185988092 4.605170185988092
number 1 0.7550225842780328 0.7550225842780328
numerous 1 1.9661128563728327 1.9661128563728327
nvidia 1 4.605170185988092 4.605170185988092
nvidiapermanent 1 4.605170185988092 4.605170185988092
nxt 1 4.605170185988092 4.605170185988092
objection 0 3.506557897319982 0.0
obtained 1 2.8134107167600364 2.8134107167600364
october 1 0.28768207245178085 0.28768207245178085
offering 1 2.995732273553991 2.995732273553991
office 1 1.1086626245216111 1.1086626245216111
official 1 0.7550225842780328 0.7550225842780328
oge 1 4.605170185988092 4.605170185988092
oil 1 2.5257286443082556 2.5257286443082556
old 1 1.07880966137193 1.07880966137193
olin 1 4.605170185988092 4.605170185988092
ollibeforecontent 1 0.127833371509885 0.127833371509885
ollies 1 3.912023005428146 3.912023005428146
omega 1 3.912023005428146 3.912023005428146
one 1 0.23572233352106994 0.23572233352106994
onto 1 3.506557897319982 3.506557897319982
open 1 1.4696759700589417 1.4696759700589417
opened 1 2.407945608651872 2.407945608651872
operated 1 2.995732273553991 2.995732273553991
operating 1 2.5257286443082556 2.5257286443082556
opinion 1 2.120263536200091 2.120263536200091
option 1 2.120263536200091 2.120263536200091
order 1 1.171182981502945 1.171182981502945
organization 1 0.0 0.0
organizationname 1 0.010050335853501506 0.010050335853501506
original 1 0.4155154439616658 0.4155154439616658
ormat 1 4.605170185988092 4.605170185988092
oshkosh 1 4.605170185988092 4.605170185988092
outlet 1 3.2188758248682006 3.2188758248682006
overturned 1 3.912023005428146 3.912023005428146
overturning 1 4.605170185988092 4.605170185988092
ovintiv 1 4.605170185988092 4.605170185988092
owen 0 2.995732273553991 0.0
owned 1 2.407945608651872 2.407945608651872
owner 0 1.7147984280919266 0.0
ozk 1 4.605170185988092 4.605170185988092
pacific 1 2.302585092994046 2.302585092994046
packaging 1 3.506557897319982 3.506557897319982
packard 1 3.912023005428146 3.912023005428146
page 1 0.0 0.0
pagetype 1 1.2729656758128876 1.2729656758128876
paid 1 2.407945608651872 2.407945608651872
park 1 1.3093333199837622 1.3093333199837622
parson 0 3.506557897319982 0.0
part 1 0.6348782724359695 0.6348782724359695
participating 1 2.995732273553991 2.995732273553991
participation 1 2.407945608651872 2.407945608651872
partner 0 2.995732273553991 0.0
partnership 1 3.2188758248682006 3.2188758248682006
patent 1 2.995732273553991 2.995732273553991
patented 1 4.605170185988092 4.605170185988092
pay 1 2.120263536200091 2.120263536200091
paying 1 3.912023005428146 3.912023005428146
paylocity 1 4.605170185988092 4.605170185988092
payment 0 3.2188758248682006 0.0
payne 1 2.995732273553991 2.995732273553991
paynes 1 4.605170185988092 4.605170185988092
pbf 1 4.605170185988092 4.605170185988092
pc 0 3.912023005428146 0.0
pcie 1 4.605170185988092 4.605170185988092
pcompanies 1 4.605170185988092 4.605170185988092
pdf 1 1.0498221244986776 1.0498221244986776
pdfprintable 1 0.0 0.0
penalty 0 2.8134107167600364 0.0
penske 1 3.506557897319982 3.506557897319982
penumbra 1 4.605170185988092 4.605170185988092
people 1 0.49429632181478017 0.49429632181478017
per 1 1.7147984280919266 1.7147984280919266
perfectly 1 3.2188758248682006 3.2188758248682006
performance 1 1.7719568419318754 1.7719568419318754
peripheral 1 3.506557897319982 3.506557897319982
perkins 1 2.8134107167600364 2.8134107167600364
permanent 1 0.0 0.0
permanently 1 2.5257286443082556 2.5257286443082556
permian 1 4.605170185988092 4.605170185988092
perrigo 1 4.605170185988092 4.605170185988092
personal 1 0.0 0.0
pharmaceutical 1 3.506557897319982 3.506557897319982
photonics 1 4.605170185988092 4.605170185988092
phy 1 4.605170185988092 4.605170185988092
physical 1 2.5257286443082556 2.5257286443082556
physician 0 2.8134107167600364 0.0
pilgrim 0 3.506557897319982 0.0
pinnacle 1 4.605170185988092 4.605170185988092
place 1 0.653926467406664 0.653926467406664
plainlist 1 0.7339691750802005 0.7339691750802005
planet 1 2.659260036932778 2.659260036932778
plaque 0 4.605170185988092 0.0
play 1 1.2039728043259361 1.2039728043259361
plda 1 4.605170185988092 4.605170185988092
polaris 1 4.605170185988092 4.605170185988092
policy 1 0.0 0.0
polski 1 1.3470736479666094 1.3470736479666094
portal 1 0.0 0.0
portfolio 1 3.912023005428146 3.912023005428146
portland 1 2.8134107167600364 2.8134107167600364
portugus 1 1.171182981502945 1.171182981502945
position 1 1.1394342831883648 1.1394342831883648
possibility 1 2.5257286443082556 2.5257286443082556
post 1 1.07880966137193 1.07880966137193
posted 1 2.995732273553991 2.995732273553991
potent 1 4.605170185988092 4.605170185988092
potential 1 2.659260036932778 2.659260036932778
potlatch 1 4.605170185988092 4.605170185988092
power 1 1.0216512475319812 1.0216512475319812
practiced 1 3.912023005428146 3.912023005428146
precisely 1 3.912023005428146 3.912023005428146
preliminary 1 3.2188758248682006 3.2188758248682006
premier 1 2.5257286443082556 2.5257286443082556
prepared 1 2.8134107167600364 2.8134107167600364
prevent 1 2.659260036932778 2.659260036932778
previous 1 1.6607312068216509 1.6607312068216509
price 1 1.9661128563728327 1.9661128563728327
pride 1 2.8134107167600364 2.8134107167600364
primerica 1 4.605170185988092 4.605170185988092
printbodyns 1 0.09431067947124142 0.09431067947124142
printexport 1 0.0 0.0
prior 1 1.8325814637483102 1.8325814637483102
privacy 1 0.0 0.0
procedure 1 3.2188758248682006 3.2188758248682006
process 1 1.5141277326297755 1.5141277326297755
processor 0 3.912023005428146 0.0
produce 1 2.5257286443082556 2.5257286443082556
product 1 2.302585092994046 2.302585092994046
productsnearly 1 4.605170185988092 4.605170185988092
program 1 1.7719568419318754 1.7719568419318754
prohibit 1 3.2188758248682006 3.2188758248682006
project 1 0.0 0.0
promoted 1 2.407945608651872 2.407945608651872
properly 1 2.995732273553991 2.995732273553991
property 1 1.7147984280919266 1.7147984280919266
propertybased 1 4.605170185988092 4.605170185988092
proponent 0 4.605170185988092 0.0
proprietary 1 3.912023005428146 3.912023005428146
prosperity 1 3.912023005428146 3.912023005428146
protection 1 2.407945608651872 2.407945608651872
protocol 0 2.995732273553991 0.0
provided 1 1.8971199848858813 1.8971199848858813
provider 1 3.506557897319982 3.506557897319982
provides 1 2.659260036932778 2.659260036932778
proving 1 4.605170185988092 4.605170185988092
provisionally 1 4.605170185988092 4.605170185988092
public 1 0.9675840262617057 0.9675840262617057
purchased 1 2.120263536200091 2.120263536200091
pure 1 2.5257286443082556 2.5257286443082556
pursued 1 3.506557897319982 3.506557897319982
put 1 1.8971199848858813 1.8971199848858813
pvh 1 4.605170185988092 4.605170185988092
quadro 1 4.605170185988092 4.605170185988092
qualys 1 4.605170185988092 4.605170185988092
quarterly 1 2.995732273553991 2.995732273553991
quickly 1 2.407945608651872 2.407945608651872
rad 1 4.605170185988092 4.605170185988092
rambus 1 4.605170185988092 4.605170185988092
rambuscompatible 1 4.605170185988092 4.605170185988092
rambuss 1 4.605170185988092 4.605170185988092
ran 1 2.0402208285265546 2.0402208285265546
random 1 0.0 0.0
randomaccess 1 4.605170185988092 4.605170185988092
randomaccessmemory 1 4.605170185988092 4.605170185988092
range 1 2.5257286443082556 2.5257286443082556
rare 1 2.8134107167600364 2.8134107167600364
rate 1 2.407945608651872 2.407945608651872
rayonier 1 4.605170185988092 4.605170185988092
rbc 1 4.605170185988092 4.605170185988092
rdimm 1 4.605170185988092 4.605170185988092
rdram 1 4.605170185988092 4.605170185988092
rdramnus 1 4.605170185988092 4.605170185988092
rdrams 1 4.605170185988092 4.605170185988092
rea 1 3.912023005428146 3.912023005428146
reach 1 2.302585092994046 2.302585092994046
reached 1 2.302585092994046 2.302585092994046
read 1 0.0 0.0
real 1 1.4271163556401458 1.4271163556401458
really 1 2.5257286443082556 2.5257286443082556
realty 1 4.605170185988092 4.605170185988092
reasonable 1 3.506557897319982 3.506557897319982
receive 1 2.207274913189721 2.207274913189721
recent 1 0.0 0.0
recently 1 2.302585092994046 2.302585092994046
redirected 1 4.605170185988092 4.605170185988092
reducing 1 2.995732273553991 2.995732273553991
reference 1 0.03045920748470844 0.03045920748470844
reflect 1 2.5257286443082556 2.5257286443082556
reflist 1 0.06187540371808745 0.06187540371808745
reflistcolumns 1 0.06187540371808745 0.06187540371808745
refused 1 2.659260036932778 2.659260036932778
reg 1 0.0 0.0
regal 1 4.605170185988092 4.605170185988092
register 1 2.995732273553991 2.995732273553991
registered 1 0.0 0.0
reincorporated 1 4.605170185988092 4.605170185988092
reinstated 1 3.506557897319982 3.506557897319982
reinsurance 1 4.605170185988092 4.605170185988092
reit 1 4.605170185988092 4.605170185988092
reject 0 2.5257286443082556 0.0
rejected 1 2.407945608651872 2.407945608651872
related 1 0.0 0.0
released 1 1.2729656758128876 1.2729656758128876
relevant 1 3.912023005428146 3.912023005428146
reliance 1 3.912023005428146 3.912023005428146
remaining 1 2.302585092994046 2.302585092994046
remains 1 2.0402208285265546 2.0402208285265546
remanded 1 4.605170185988092 4.605170185988092
remedy 1 3.506557897319982 3.506557897319982
renaissance 1 2.995732273553991 2.995732273553991
renew 1 3.912023005428146 3.912023005428146
renews 1 4.605170185988092 4.605170185988092
repligen 1 4.605170185988092 4.605170185988092
report 1 1.1086626245216111 1.1086626245216111
representative 0 1.7147984280919266 0.0
representing 1 2.407945608651872 2.407945608651872
republic 1 1.5141277326297755 1.5141277326297755
requiring 1 2.995732273553991 2.995732273553991
research 1 1.6094379124341003 1.6094379124341003
resort 0 3.506557897319982 0.0
resource 0 1.7147984280919266 0.0
respectively 1 2.207274913189721 2.207274913189721
result 1 0.9942522733438669 0.9942522733438669
retrial 1 3.912023005428146 3.912023005428146
retrieved 1 0.0 0.0
return 1 1.07880966137193 1.07880966137193
returned 1 1.4271163556401458 1.4271163556401458
reuters 1 3.2188758248682006 3.2188758248682006
revenue 1 2.8134107167600364 2.8134107167600364
revers 0 3.2188758248682006 0.0
reversal 1 3.506557897319982 3.506557897319982
reversed 1 3.506557897319982 3.506557897319982
reviewing 1 3.912023005428146 3.912023005428146
revolutionary 1 2.207274913189721 2.207274913189721
rexford 1 4.605170185988092 4.605170185988092
rexnord 1 4.605170185988092 4.605170185988092
rico 1 3.506557897319982 3.506557897319982
right 1 0.9675840262617057 0.9675840262617057
rimm 1 4.605170185988092 4.605170185988092
ring 1 1.8971199848858813 1.8971199848858813
river 1 1.4271163556401458 1.4271163556401458
rli 1 4.605170185988092 4.605170185988092
rmbs 1 4.605170185988092 4.605170185988092
rmbssamp 1 4.605170185988092 4.605170185988092
roadhouse 1 4.605170185988092 4.605170185988092
robert 1 0.8675005677047231 0.8675005677047231
roivant 1 4.605170185988092 4.605170185988092
ronald 1 2.659260036932778 2.659260036932778
rosenblatt 1 3.912023005428146 3.912023005428146
roughly 1 3.2188758248682006 3.2188758248682006
royal 1 1.8325814637483102 1.8325814637483102
royalty 1 4.605170185988092 4.605170185988092
rpm 1 4.605170185988092 4.605170185988092
rubber 1 3.506557897319982 3.506557897319982
rule 0 1.4696759700589417 0.0
ruled 1 2.8134107167600364 2.8134107167600364
ruling 1 2.995732273553991 2.995732273553991
running 1 1.6607312068216509 1.6607312068216509
ryan 1 1.8325814637483102 1.8325814637483102
ryder 1 3.912023005428146 3.912023005428146
sabra 1 4.605170185988092 4.605170185988092
sachs 1 4.605170185988092 4.605170185988092
safety 1 2.407945608651872 2.407945608651872
saia 1 4.605170185988092 4.605170185988092
said 1 1.5606477482646683 1.5606477482646683
sale 1 1.8971199848858813 1.8971199848858813
salle 1 3.2188758248682006 3.2188758248682006
samp 1 3.912023005428146 3.912023005428146
samsung 1 3.912023005428146 3.912023005428146
samsungs 1 4.605170185988092 4.605170185988092
san 1 1.2378743560016172 1.2378743560016172
sanction 0 3.2188758248682006 0.0
sarepta 1 4.605170185988092 4.605170185988092
say 0 1.7719568419318754 0.0
saying 1 1.8325814637483102 1.8325814637483102
science 1 1.171182981502945 1.171182981502945
scope 1 3.506557897319982 3.506557897319982
scott 0 1.2729656758128876 0.0
screen 1 0.010050335853501506 0.010050335853501506
sdram 1 4.605170185988092 4.605170185988092
sdrams 1 4.605170185988092 4.605170185988092
search 1 0.0 0.0
sec 1 3.2188758248682006 3.2188758248682006
secret 1 2.0402208285265546 2.0402208285265546
section 1 1.8325814637483102 1.8325814637483102
security 1 1.6607312068216509 1.6607312068216509
see 1 0.40047756659712536 0.40047756659712536
seeking 1 2.8134107167600364 2.8134107167600364
seen 1 1.8971199848858813 1.8971199848858813
sei 1 4.605170185988092 4.605170185988092
selective 1 4.605170185988092 4.605170185988092
sell 0 2.5257286443082556 0.0
semiconductor 1 3.912023005428146 3.912023005428146
semtechs 1 4.605170185988092 4.605170185988092
sending 1 3.506557897319982 3.506557897319982
sensata 1 4.605170185988092 4.605170185988092
september 1 0.43078291609245434 0.43078291609245434
ser 1 3.506557897319982 3.506557897319982
seraphin 1 4.605170185988092 4.605170185988092
serdes 1 4.605170185988092 4.605170185988092
serial 1 2.5257286443082556 2.5257286443082556
series 1 0.8675005677047231 0.8675005677047231
server 1 3.2188758248682006 3.2188758248682006
service 1 1.2378743560016172 1.2378743560016172
set 1 0.9942522733438669 0.9942522733438669
settle 1 3.912023005428146 3.912023005428146
settled 1 2.995732273553991 2.995732273553991
settlement 1 2.407945608651872 2.407945608651872
settling 1 4.605170185988092 4.605170185988092
seven 1 1.6094379124341003 1.6094379124341003
several 1 0.8209805520698303 0.8209805520698303
share 1 0.0 0.0
sharing 1 2.995732273553991 2.995732273553991
sherman 1 2.995732273553991 2.995732273553991
shift 1 2.8134107167600364 2.8134107167600364
shilov 1 4.605170185988092 4.605170185988092
shipped 1 4.605170185988092 4.605170185988092
short 1 0.06187540371808745 0.06187540371808745
shortdescription 1 0.2613647641344075 0.2613647641344075
shortened 1 0.0 0.0
show 1 1.0498221244986776 1.0498221244986776
showed 1 2.995732273553991 2.995732273553991
shredding 1 4.605170185988092 4.605170185988092
side 0 1.4271163556401458 0.0
sidebar 1 0.0 0.0
sideboxmarginpx 1 1.3862943611198906 1.3862943611198906
sideboxtextpaddingem 1 1.3862943611198906 1.3862943611198906
signed 1 2.407945608651872 2.407945608651872
significantly 1 3.506557897319982 3.506557897319982
silgan 1 4.605170185988092 4.605170185988092
silicon 1 3.912023005428146 3.912023005428146
simpson 1 2.995732273553991 2.995732273553991
sinclair 1 3.912023005428146 3.912023005428146
sirona 1 4.605170185988092 4.605170185988092
sistersitebox 1 1.3862943611198906 1.3862943611198906
site 1 0.0 0.0
skechers 1 4.605170185988092 4.605170185988092
slm 1 4.605170185988092 4.605170185988092
small 1 1.4271163556401458 1.4271163556401458
smart 1 2.659260036932778 2.659260036932778
snowbush 1 4.605170185988092 4.605170185988092
software 1 2.8134107167600364 2.8134107167600364
sold 1 2.0402208285265546 2.0402208285265546
solid 1 0.09431067947124142 0.09431067947124142
solution 0 2.5257286443082556 0.0
solved 1 3.506557897319982 3.506557897319982
somehow 1 3.912023005428146 3.912023005428146
somnigroup 1 4.605170185988092 4.605170185988092
sonoco 1 4.605170185988092 4.605170185988092
sonoma 1 3.912023005428146 3.912023005428146
soon 1 1.8325814637483102 1.8325814637483102
sotera 1 4.605170185988092 4.605170185988092
south 1 0.9162907318741551 0.9162907318741551
southwest 1 2.407945608651872 2.407945608651872
special 1 0.0 0.0
specialize 1 3.912023005428146 3.912023005428146
specialty 1 3.912023005428146 3.912023005428146
specifically 1 2.5257286443082556 2.5257286443082556
speed 1 2.302585092994046 2.302585092994046
spire 1 3.912023005428146 3.912023005428146
spoliation 1 4.605170185988092 4.605170185988092
sporting 1 2.8134107167600364 2.8134107167600364
sportswear 1 4.605170185988092 4.605170185988092
sprout 0 3.912023005428146 0.0
stag 1 3.912023005428146 3.912023005428146
standard 1 1.6607312068216509 1.6607312068216509
standardsetting 1 4.605170185988092 4.605170185988092
standing 1 1.8971199848858813 1.8971199848858813
stanek 1 4.605170185988092 4.605170185988092
staple 0 3.912023005428146 0.0
started 1 1.6094379124341003 1.6094379124341003
starwood 1 4.605170185988092 4.605170185988092
state 1 0.3147107448397002 0.3147107448397002
statement 1 0.0 0.0
stating 1 2.120263536200091 2.120263536200091
station 1 1.8325814637483102 1.8325814637483102
statistic 0 0.0 0.0
steel 1 2.207274913189721 2.207274913189721
stephen 1 1.8971199848858813 1.8971199848858813
stifel 1 4.605170185988092 4.605170185988092
stock 1 2.302585092994046 2.302585092994046
stop 1 2.120263536200091 2.120263536200091
storage 1 3.506557897319982 3.506557897319982
store 0 2.5257286443082556 0.0
strategy 1 2.995732273553991 2.995732273553991
street 1 1.4271163556401458 1.4271163556401458
strike 0 2.207274913189721 0.0
strongest 1 3.2188758248682006 3.2188758248682006
suamp 1 4.605170185988092 4.605170185988092
subsection 1 0.3424903089467759 0.3424903089467759
subsequently 1 2.407945608651872 2.407945608651872
subsidiary 0 3.912023005428146 0.0
substantial 1 2.8134107167600364 2.8134107167600364
sued 1 3.2188758248682006 3.2188758248682006
suit 1 2.995732273553991 2.995732273553991
summer 1 1.5141277326297755 1.5141277326297755
sunnyvale 1 4.605170185988092 4.605170185988092
superior 1 2.8134107167600364 2.8134107167600364
supplier 0 4.605170185988092 0.0
supply 1 2.5257286443082556 2.5257286443082556
supported 1 1.8325814637483102 1.8325814637483102
supreme 1 2.120263536200091 2.120263536200091
surfaced 1 3.912023005428146 3.912023005428146
surpasses 1 4.605170185988092 4.605170185988092
svenska 1 1.9661128563728327 1.9661128563728327
swift 1 2.8134107167600364 2.8134107167600364
symbol 1 2.0402208285265546 2.0402208285265546
synaptics 1 4.605170185988092 4.605170185988092
synnex 1 4.605170185988092 4.605170185988092
synovus 1 4.605170185988092 4.605170185988092
sys 1 4.605170185988092 4.605170185988092
system 1 0.9162907318741551 0.9162907318741551
table 1 0.0 0.0
tailoring 1 4.605170185988092 4.605170185988092
take 0 0.9675840262617057 0.0
taking 1 1.6607312068216509 1.6607312068216509
talisman 1 4.605170185988092 4.605170185988092
talk 1 0.0 0.0
tapeout 1 4.605170185988092 4.605170185988092
taylor 1 1.7719568419318754 1.7719568419318754
tdhlist 1 0.1392620673335076 0.1392620673335076
tec 1 4.605170185988092 4.605170185988092
tech 1 2.207274913189721 2.207274913189721
technica 1 4.605170185988092 4.605170185988092
technical 1 2.5257286443082556 2.5257286443082556
technology 1 1.7719568419318754 1.7719568419318754
tegra 1 4.605170185988092 4.605170185988092
template 1 0.0 0.0
ten 1 1.5141277326297755 1.5141277326297755
tenet 1 3.2188758248682006 3.2188758248682006
teradata 1 4.605170185988092 4.605170185988092
teresa 1 4.605170185988092 4.605170185988092
terex 1 4.605170185988092 4.605170185988092
term 0 0.0 0.0
terminated 1 3.912023005428146 3.912023005428146
tesla 1 4.605170185988092 4.605170185988092
tetra 1 4.605170185988092 4.605170185988092
texas 1 1.8971199848858813 1.8971199848858813
text 1 0.0 0.0
thbodyskinresponsive 1 0.3147107448397002 0.3147107448397002
theory 1 2.302585092994046 2.302585092994046
therapeutic 0 4.605170185988092 0.0
third 1 0.9162907318741551 0.9162907318741551
thor 1 3.2188758248682006 3.2188758248682006
three 1 0.5798184952529422 0.5798184952529422
thrown 1 2.8134107167600364 2.8134107167600364
thus 1 1.7147984280919266 1.7147984280919266
time 1 0.28768207245178085 0.28768207245178085
timken 1 4.605170185988092 4.605170185988092
tire 1 3.2188758248682006 3.2188758248682006
tko 1 3.912023005428146 3.912023005428146
today 1 1.4696759700589417 1.4696759700589417
toggle 1 0.010050335853501506 0.010050335853501506
told 1 2.302585092994046 2.302585092994046
toll 1 3.506557897319982 3.506557897319982
tom 1 1.2378743560016172 1.2378743560016172
tool 0 0.0 0.0
top 1 0.010050335853501506 0.010050335853501506
topic 1 0.0 0.0
toro 1 3.506557897319982 3.506557897319982
toronto 1 2.0402208285265546 2.0402208285265546
toshiba 1 4.605170185988092 4.605170185988092
toss 0 3.912023005428146 0.0
total 1 0.0 0.0
trade 1 1.7147984280919266 1.7147984280919266
traded 1 3.506557897319982 3.506557897319982
trademark 1 0.0 0.0
trading 1 2.995732273553991 2.995732273553991
training 1 1.6094379124341003 1.6094379124341003
transferred 1 1.9661128563728327 1.9661128563728327
transmitting 1 3.912023005428146 3.912023005428146
travel 1 1.9661128563728327 1.9661128563728327
treaty 1 2.5257286443082556 2.5257286443082556
trex 1 4.605170185988092 4.605170185988092
trial 1 1.8971199848858813 1.8971199848858813
trim 0 3.506557897319982 0.0
troll 1 4.605170185988092 4.605170185988092
trolling 1 4.605170185988092 4.605170185988092
trust 1 2.995732273553991 2.995732273553991
trying 1 2.659260036932778 2.659260036932778
two 1 0.43078291609245434 0.43078291609245434
txnm 1 4.605170185988092 4.605170185988092
type 1 1.2729656758128876 1.2729656758128876
ufp 1 4.605170185988092 4.605170185988092
ugi 1 4.605170185988092 4.605170185988092
ulpaddingem 1 0.1392620673335076 0.1392620673335076
umb 1 4.605170185988092 4.605170185988092
underlying 1 3.912023005428146 3.912023005428146
undisclosed 1 3.506557897319982 3.506557897319982
unfair 1 4.605170185988092 4.605170185988092
union 1 1.07880966137193 1.07880966137193
unit 0 2.207274913189721 0.0
united 1 0.4155154439616658 0.4155154439616658
universal 1 2.407945608651872 2.407945608651872
unlawful 1 4.605170185988092 4.605170185988092
unreasonable 1 4.605170185988092 4.605170185988092
unum 1 4.605170185988092 4.605170185988092
unveils 1 3.2188758248682006 3.2188758248682006
upload 1 0.0 0.0
us 0 1.6094379124341003 0.0
usa 1 1.9661128563728327 1.9661128563728327
use 1 0.0 0.0
used 1 0.8675005677047231 0.8675005677047231
using 1 0.0 0.0
uskey 1 4.605170185988092 4.605170185988092
uspto 1 4.605170185988092 4.605170185988092
utc 1 0.0 0.0
utility 0 2.995732273553991 0.0
utilizes 1 4.605170185988092 4.605170185988092
vacating 1 4.605170185988092 4.605170185988092
vacation 0 3.2188758248682006 0.0
vail 1 3.912023005428146 3.912023005428146
valaris 1 4.605170185988092 4.605170185988092
validity 1 4.605170185988092 4.605170185988092
valley 1 2.120263536200091 2.120263536200091
valmont 1 4.605170185988092 4.605170185988092
valvoline 1 4.605170185988092 4.605170185988092
var 1 0.0 0.0
variety 1 2.5257286443082556 2.5257286443082556
vary 1 3.912023005428146 3.912023005428146
vault 1 3.506557897319982 3.506557897319982
vent 1 4.605170185988092 4.605170185988092
venture 1 2.995732273553991 2.995732273553991
verdict 1 2.995732273553991 2.995732273553991
version 1 0.0 0.0
via 1 1.4271163556401458 1.4271163556401458
video 1 1.3862943611198906 1.3862943611198906
view 1 0.0 0.0
violate 1 4.605170185988092 4.605170185988092
violated 1 3.912023005428146 3.912023005428146
violation 0 2.995732273553991 0.0
viper 1 4.605170185988092 4.605170185988092
virginia 1 1.8971199848858813 1.8971199848858813
visteon 1 4.605170185988092 4.605170185988092
vontier 1 4.605170185988092 4.605170185988092
vornado 1 4.605170185988092 4.605170185988092
vote 1 2.5257286443082556 2.5257286443082556
voya 1 4.605170185988092 4.605170185988092
wall 1 1.9661128563728327 1.9661128563728327
warner 1 2.995732273553991 2.995732273553991
watch 1 1.8971199848858813 1.8971199848858813
water 1 1.5606477482646683 1.5606477482646683
watsco 1 4.605170185988092 4.605170185988092
watt 0 3.506557897319982 0.0
way 1 1.1086626245216111 1.1086626245216111
weatherford 1 3.912023005428146 3.912023005428146
website 1 1.6094379124341003 1.6094379124341003
websiterambuscom 1 4.605170185988092 4.605170185988092
webster 1 2.302585092994046 2.302585092994046
weekly 1 2.5257286443082556 2.5257286443082556
well 1 0.7765287894989963 0.7765287894989963
wendys 1 4.605170185988092 4.605170185988092
went 1 1.5141277326297755 1.5141277326297755
wesco 1 3.912023005428146 3.912023005428146
west 1 1.171182981502945 1.171182981502945
western 1 1.2039728043259361 1.2039728043259361
westlake 1 4.605170185988092 4.605170185988092
wex 1 4.605170185988092 4.605170185988092
whirlpool 1 4.605170185988092 4.605170185988092
whitney 1 3.506557897319982 3.506557897319982
wholesale 1 4.605170185988092 4.605170185988092
widely 1 2.995732273553991 2.995732273553991
wikidata 1 0.010050335853501506 0.010050335853501506
wikimedia 1 0.0 0.0
wikipedia 1 0.0 0.0
williams 1 1.8971199848858813 1.8971199848858813
win 1 1.1086626245216111 1.1086626245216111
wingstop 1 4.605170185988092 4.605170185988092
wintrust 1 4.605170185988092 4.605170185988092
wirecom 1 4.605170185988092 4.605170185988092
witch 1 2.995732273553991 2.995732273553991
withdrew 1 2.995732273553991 2.995732273553991
without 1 1.3093333199837622 1.3093333199837622
wonder 1 2.8134107167600364 2.8134107167600364
woodward 1 3.2188758248682006 3.2188758248682006
workstation 0 4.605170185988092 0.0
world 0 0.5108256237659907 0.0
worldwide 1 2.407945608651872 2.407945608651872
worth 1 2.5257286443082556 2.5257286443082556
would 1 0.7550225842780328 0.7550225842780328
wright 1 2.302585092994046 2.302585092994046
written 1 0.9416085398584451 0.9416085398584451
wyndham 1 4.605170185988092 4.605170185988092
xbitlabscom 1 4.605170185988092 4.605170185988092
xdr 1 4.605170185988092 4.605170185988092
xpo 1 4.605170185988092 4.605170185988092
yahoo 1 3.506557897319982 3.506557897319982
year 1 0.3424903089467759 0.3424903089467759
yeti 1 4.605170185988092 4.605170185988092
york 1 0.8209805520698303 0.8209805520698303
zion 0 4.605170185988092 0.0
zoom 1 4.605170185988092 4.605170185988092
