aab 1 3.912023005428146 3.912023005428146
aabborderleftpx 1 1.6607312068216509 1.6607312068216509
ability 0 2.302585092994046 0.0
accepts 1 3.912023005428146 3.912023005428146
accompanied 1 2.8134107167600364 2.8134107167600364
account 1 0.0 0.0
ace 1 2.995732273553991 2.995732273553991
acknowledge 1 4.605170185988092 4.605170185988092
acquire 1 3.506557897319982 3.506557897319982
across 1 1.8325814637483102 1.8325814637483102
act 1 1.3470736479666094 1.3470736479666094
acting 1 1.8971199848858813 1.8971199848858813
action 1 0.0 0.0
actually 1 2.8134107167600364 2.8134107167600364
add 1 0.0 0.0
adder 1 3.912023005428146 3.912023005428146
adding 1 2.0402208285265546 2.0402208285265546
additional 1 0.0 0.0
afar 1 4.605170185988092 4.605170185988092
afterlife 1 3.912023005428146 3.912023005428146
age 1 0.7985076962177716 0.7985076962177716
agree 1 0.0 0.0
aid 0 2.0402208285265546 0.0
aided 1 2.995732273553991 2.995732273553991
aiding 1 4.605170185988092 4.605170185988092
ailsa 1 3.912023005428146 3.912023005428146
alan 1 2.0402208285265546 2.0402208285265546
alberta 1 3.2188758248682006 3.2188758248682006
alchemist 1 4.605170185988092 4.605170185988092
alchemy 1 3.912023005428146 3.912023005428146
alias 1 3.912023005428146 3.912023005428146
alike 1 0.0 0.0
alive 1 2.407945608651872 2.407945608651872
alliance 1 1.8971199848858813 1.8971199848858813
along 1 1.4696759700589417 1.4696759700589417
also 1 0.127833371509885 0.127833371509885
although 1 1.4696759700589417 1.4696759700589417
altogether 1 3.912023005428146 3.912023005428146
ambition 1 3.912023005428146 3.912023005428146
ambitious 1 3.506557897319982 3.506557897319982
ambox 1 1.6607312068216509 1.6607312068216509
amboxborderpx 1 1.6607312068216509 1.6607312068216509
amboxmargin 1 1.6607312068216509 1.6607312068216509
amends 1 4.605170185988092 4.605170185988092
america 1 0.8675005677047231 0.8675005677047231
american 1 0.5276327420823719 0.5276327420823719
ancestor 1 3.2188758248682006 3.2188758248682006
ancestral 1 4.605170185988092 4.605170185988092
angus 1 4.605170185988092 4.605170185988092
animal 1 2.407945608651872 2.407945608651872
animation 1 3.2188758248682006 3.2188758248682006
animator 1 3.912023005428146 3.912023005428146
ann 1 3.2188758248682006 3.2188758248682006
another 1 0.9675840262617057 0.9675840262617057
antagonist 1 3.912023005428146 3.912023005428146
antagonistic 1 4.605170185988092 4.605170185988092
anthony 1 1.5141277326297755 1.5141277326297755
apparent 1 3.506557897319982 3.506557897319982
appearance 1 0.0 0.0
appears 1 2.120263536200091 2.120263536200091
apply 1 0.0 0.0
approach 0 1.9661128563728327 0.0
arcand 1 4.605170185988092 4.605170185988092
arnot 1 4.605170185988092 4.605170185988092
arrow 1 2.659260036932778 2.659260036932778
article 1 0.0 0.0
artwork 1 2.995732273553991 2.995732273553991
ashore 1 3.912023005428146 3.912023005428146
assault 0 2.5257286443082556 0.0
atlantis 1 3.912023005428146 3.912023005428146
attribution 1 0.0 0.0
august 1 0.3424903089467759 0.3424903089467759
aurora 1 3.506557897319982 3.506557897319982
available 1 0.0 0.0
awaken 1 4.605170185988092 4.605170185988092
awakened 1 3.912023005428146 3.912023005428146
awakens 1 3.506557897319982 3.506557897319982
aware 1 2.995732273553991 2.995732273553991
back 1 1.0216512475319812 1.0216512475319812
backstory 1 4.605170185988092 4.605170185988092
balance 1 2.5257286443082556 2.5257286443082556
balmoral 1 4.605170185988092 4.605170185988092
base 1 1.4696759700589417 1.4696759700589417
based 1 1.07880966137193 1.07880966137193
battle 0 1.3862943611198906 0.0
bbc 1 2.5257286443082556 2.5257286443082556
bear 1 2.302585092994046 2.302585092994046
became 1 0.7133498878774648 0.7133498878774648
becky 1 3.912023005428146 3.912023005428146
become 1 1.2378743560016172 1.2378743560016172
becomes 1 2.0402208285265546 2.0402208285265546
begin 0 1.7147984280919266 0.0
begrudgingly 1 4.605170185988092 4.605170185988092
beneath 1 4.605170185988092 4.605170185988092
best 1 1.0216512475319812 1.0216512475319812
betrays 1 4.605170185988092 4.605170185988092
beyond 1 2.407945608651872 2.407945608651872
bill 1 1.171182981502945 1.171182981502945
binding 1 3.2188758248682006 3.2188758248682006
birthday 1 3.506557897319982 3.506557897319982
black 1 0.8915981192837835 0.8915981192837835
bloomsbury 1 3.912023005428146 3.912023005428146
blueprint 1 4.605170185988092 4.605170185988092
bobby 1 2.659260036932778 2.659260036932778
body 1 1.4271163556401458 1.4271163556401458
bodymediawiki 1 1.6607312068216509 1.6607312068216509
book 1 0.6348782724359695 0.6348782724359695
boroughmuir 1 4.605170185988092 4.605170185988092
bow 1 3.506557897319982 3.506557897319982
brae 1 4.605170185988092 4.605170185988092
brian 1 1.6607312068216509 1.6607312068216509
bride 1 2.8134107167600364 2.8134107167600364
briefly 1 3.2188758248682006 3.2188758248682006
bring 1 1.8971199848858813 1.8971199848858813
british 1 1.5606477482646683 1.5606477482646683
broadcast 1 2.8134107167600364 2.8134107167600364
bruno 1 2.995732273553991 2.995732273553991
built 1 1.6607312068216509 1.6607312068216509
bully 1 3.912023005428146 3.912023005428146
bump 0 3.2188758248682006 0.0
bundle 1 4.605170185988092 4.605170185988092
bungling 1 4.605170185988092 4.605170185988092
business 1 1.6094379124341003 1.6094379124341003
called 1 0.8209805520698303 0.8209805520698303
callow 1 4.605170185988092 4.605170185988092
callows 1 4.605170185988092 4.605170185988092
cameo 0 3.506557897319982 0.0
campbell 1 2.207274913189721 2.207274913189721
canada 1 1.4696759700589417 1.4696759700589417
canadian 1 1.9661128563728327 1.9661128563728327
cantankerous 1 4.605170185988092 4.605170185988092
captured 1 2.407945608651872 2.407945608651872
carry 0 2.5257286443082556 0.0
carved 1 3.912023005428146 3.912023005428146
cast 1 1.8971199848858813 1.8971199848858813
casting 1 2.8134107167600364 2.8134107167600364
castle 1 2.995732273553991 2.995732273553991
castlebrae 1 4.605170185988092 4.605170185988092
category 0 0.0 0.0
cathedral 1 2.995732273553991 2.995732273553991
cbbc 1 4.605170185988092 4.605170185988092
celtic 1 3.506557897319982 3.506557897319982
centerpx 1 0.0408219945202552 0.0408219945202552
centre 1 2.0402208285265546 2.0402208285265546
centurieslong 1 4.605170185988092 4.605170185988092
century 1 1.3470736479666094 1.3470736479666094
ceremonial 1 2.995732273553991 2.995732273553991
cgi 1 4.605170185988092 4.605170185988092
challenged 1 2.207274913189721 2.207274913189721
change 0 0.0 0.0
channel 0 2.302585092994046 0.0
character 1 1.7147984280919266 1.7147984280919266
chief 1 1.3862943611198906 1.3862943611198906
chieftain 0 3.912023005428146 0.0
child 0 1.07880966137193 0.0
childrens 1 2.207274913189721 2.207274913189721
chosen 1 2.995732273553991 2.995732273553991
citation 1 0.0408219945202552 0.0408219945202552
cite 1 0.0 0.0
citeweb 1 0.5447271754416719 0.5447271754416719
claire 1 3.2188758248682006 3.2188758248682006
clock 1 2.8134107167600364 2.8134107167600364
closing 1 2.995732273553991 2.995732273553991
clue 0 4.605170185988092 0.0
coates 1 4.605170185988092 4.605170185988092
code 1 0.0 0.0
codex 1 3.912023005428146 3.912023005428146
coeur 1 4.605170185988092 4.605170185988092
collaboration 1 2.8134107167600364 2.8134107167600364
collectively 1 4.605170185988092 4.605170185988092
collins 1 2.0402208285265546 2.0402208285265546
colorado 1 1.8971199848858813 1.8971199848858813
come 0 1.3470736479666094 0.0
coming 1 1.7719568419318754 1.7719568419318754
common 0 0.0 0.0
company 1 1.2729656758128876 1.2729656758128876
complete 1 1.8325814637483102 1.8325814637483102
computer 1 2.5257286443082556 2.5257286443082556
conceived 1 3.2188758248682006 3.2188758248682006
conduct 1 0.0 0.0
confront 1 4.605170185988092 4.605170185988092
connery 1 3.912023005428146 3.912023005428146
conquer 1 3.912023005428146 3.912023005428146
considered 1 1.3862943611198906 1.3862943611198906
consists 1 2.407945608651872 2.407945608651872
contact 1 0.0 0.0
contacting 1 4.605170185988092 4.605170185988092
contain 1 2.995732273553991 2.995732273553991
contained 1 2.8134107167600364 2.8134107167600364
containing 1 1.4271163556401458 1.4271163556401458
content 1 0.0 0.0
context 1 0.010050335853501506 0.010050335853501506
contrarios 1 4.605170185988092 4.605170185988092
contribute 1 0.0 0.0
contribution 0 0.0 0.0
cookie 1 0.0 0.0
cookiematch 1 0.0 0.0
coproduced 1 3.506557897319982 3.506557897319982
copy 1 1.9661128563728327 1.9661128563728327
corporation 1 1.8971199848858813 1.8971199848858813
corrupt 1 3.2188758248682006 3.2188758248682006
corrupted 1 3.912023005428146 3.912023005428146
country 1 0.843970070294529 0.843970070294529
cousin 1 3.2188758248682006 3.2188758248682006
crafted 1 3.912023005428146 3.912023005428146
create 1 0.0 0.0
created 1 1.5606477482646683 1.5606477482646683
creative 1 0.0 0.0
creator 1 3.2188758248682006 3.2188758248682006
cry 1 2.302585092994046 2.302585092994046
csmaintcolorf 1 0.06187540371808745 0.06187540371808745
csmaintcolorfmedia 1 0.0408219945202552 0.0408219945202552
cswsicon 1 0.0408219945202552 0.0408219945202552
cumming 1 3.912023005428146 3.912023005428146
current 1 0.0 0.0
cursed 1 3.912023005428146 3.912023005428146
cvm 1 4.605170185988092 4.605170185988092
cynical 1 4.605170185988092 4.605170185988092
dance 1 2.407945608651872 2.407945608651872
dancing 1 3.2188758248682006 3.2188758248682006
dark 1 2.207274913189721 2.207274913189721
date 0 0.3147107448397002 0.0
daughter 1 1.5141277326297755 1.5141277326297755
david 1 0.9942522733438669 0.9942522733438669
dawn 1 2.659260036932778 2.659260036932778
day 1 0.5276327420823719 0.5276327420823719
death 1 1.171182981502945 1.171182981502945
debut 0 1.8325814637483102 0.0
december 1 0.37106368139083196 0.37106368139083196
decision 1 1.8971199848858813 1.8971199848858813
deep 1 2.407945608651872 2.407945608651872
defeated 1 2.407945608651872 2.407945608651872
denver 1 2.8134107167600364 2.8134107167600364
descendant 1 2.995732273553991 2.995732273553991
descent 1 2.659260036932778 2.659260036932778
description 1 0.07257069283483537 0.07257069283483537
design 1 1.8971199848858813 1.8971199848858813
designed 1 2.5257286443082556 2.5257286443082556
destined 1 4.605170185988092 4.605170185988092
destiny 1 2.995732273553991 2.995732273553991
destroy 1 3.2188758248682006 3.2188758248682006
destroyed 1 2.302585092994046 2.302585092994046
destroys 1 3.506557897319982 3.506557897319982
developed 1 1.7147984280919266 1.7147984280919266
developer 0 0.0 0.0
dexter 1 3.2188758248682006 3.2188758248682006
different 1 0.3424903089467759 0.3424903089467759
director 1 1.4271163556401458 1.4271163556401458
disappeared 1 3.506557897319982 3.506557897319982
disclaimer 0 0.0 0.0
discovered 1 2.995732273553991 2.995732273553991
discovering 1 3.912023005428146 3.912023005428146
discovers 1 3.506557897319982 3.506557897319982
disguise 0 4.605170185988092 0.0
distrusting 1 4.605170185988092 4.605170185988092
dmy 1 1.4271163556401458 1.4271163556401458
donaldson 1 3.506557897319982 3.506557897319982
donate 1 0.0 0.0
dorothy 1 3.2188758248682006 3.2188758248682006
dougie 1 4.605170185988092 4.605170185988092
douglas 1 2.407945608651872 2.407945608651872
download 1 0.0 0.0
due 1 0.9416085398584451 0.9416085398584451
duffy 1 2.995732273553991 2.995732273553991
eagle 1 1.9661128563728327 1.9661128563728327
echo 0 3.506557897319982 0.0
eddie 1 2.659260036932778 2.659260036932778
edinburgh 1 3.506557897319982 3.506557897319982
edwin 1 2.5257286443082556 2.5257286443082556
electric 1 2.995732273553991 2.995732273553991
eleven 0 2.207274913189721 0.0
elevenhundred 1 4.605170185988092 4.605170185988092
eleventh 1 3.506557897319982 3.506557897319982
elevenyear 1 4.605170185988092 4.605170185988092
elkin 1 4.605170185988092 4.605170185988092
embrace 0 3.506557897319982 0.0
encyclopedia 1 0.0 0.0
end 1 0.7985076962177716 0.7985076962177716
endicott 1 3.912023005428146 3.912023005428146
ending 0 2.407945608651872 0.0
energy 1 1.6607312068216509 1.6607312068216509
english 1 0.0 0.0
enslaves 1 4.605170185988092 4.605170185988092
ensure 1 3.506557897319982 3.506557897319982
entertainment 1 1.8325814637483102 1.8325814637483102
entity 1 2.5257286443082556 2.5257286443082556
episode 1 1.6094379124341003 1.6094379124341003
estranged 1 3.506557897319982 3.506557897319982
etc 1 2.659260036932778 2.659260036932778
event 0 0.0 0.0
eventually 1 1.9661128563728327 1.9661128563728327
evil 1 2.5257286443082556 2.5257286443082556
exchange 1 1.9661128563728327 1.9661128563728327
exp 1 0.0 0.0
expands 1 3.506557897319982 3.506557897319982
experience 0 1.8325814637483102 0.0
explorer 1 3.2188758248682006 3.2188758248682006
exposed 1 3.506557897319982 3.506557897319982
external 1 0.44628710262841953 0.44628710262841953
fact 1 1.5141277326297755 1.5141277326297755
faith 1 1.9661128563728327 1.9661128563728327
fall 0 1.07880966137193 0.0
fantasy 1 2.8134107167600364 2.8134107167600364
fashioned 1 3.506557897319982 3.506557897319982
father 1 1.3093333199837622 1.3093333199837622
fear 1 2.659260036932778 2.659260036932778
february 1 0.27443684570176036 0.27443684570176036
fellow 1 2.120263536200091 2.120263536200091
fergus 1 3.912023005428146 3.912023005428146
figure 1 1.3470736479666094 1.3470736479666094
figurine 0 4.605170185988092 0.0
file 1 0.0 0.0
film 0 1.4696759700589417 0.0
filmed 1 2.659260036932778 2.659260036932778
filmworks 1 4.605170185988092 4.605170185988092
final 1 0.9942522733438669 0.9942522733438669
find 1 1.3093333199837622 1.3093333199837622
fire 1 1.7147984280919266 1.7147984280919266
firing 1 3.912023005428146 3.912023005428146
first 1 0.1508228897345837 0.1508228897345837
flow 0 2.659260036932778 0.0
fly 1 2.659260036932778 2.659260036932778
foe 1 2.995732273553991 2.995732273553991
follow 1 2.5257286443082556 2.5257286443082556
following 1 0.7133498878774648 0.7133498878774648
footstep 0 4.605170185988092 0.0
forbidden 1 2.8134107167600364 2.8134107167600364
force 1 1.2378743560016172 1.2378743560016172
forest 0 2.302585092994046 0.0
forged 1 3.506557897319982 3.506557897319982
form 1 1.3470736479666094 1.3470736479666094
formally 1 2.8134107167600364 2.8134107167600364
found 1 1.2039728043259361 1.2039728043259361
foundation 1 0.0 0.0
founded 1 1.7147984280919266 1.7147984280919266
four 1 0.7985076962177716 0.7985076962177716
franais 1 0.8675005677047231 0.8675005677047231
france 0 1.2039728043259361 0.0
free 1 0.0 0.0
freespirited 1 3.912023005428146 3.912023005428146
friend 1 1.3470736479666094 1.3470736479666094
fundamental 0 2.995732273553991 0.0
gave 1 1.5606477482646683 1.5606477482646683
general 1 0.0 0.0
generated 1 3.2188758248682006 3.2188758248682006
generator 1 2.5257286443082556 2.5257286443082556
genre 1 2.207274913189721 2.207274913189721
get 1 0.0 0.0
ghost 1 2.302585092994046 2.302585092994046
giles 1 3.912023005428146 3.912023005428146
girgis 1 4.605170185988092 4.605170185988092
girl 1 1.7719568419318754 1.7719568419318754
give 0 1.5141277326297755 0.0
golden 1 1.9661128563728327 1.9661128563728327
good 1 1.3093333199837622 1.3093333199837622
gordon 1 2.5257286443082556 2.5257286443082556
grandfather 1 2.659260036932778 2.659260036932778
grandmother 1 3.506557897319982 3.506557897319982
grandparent 0 3.506557897319982 0.0
great 1 0.9675840262617057 0.9675840262617057
group 1 0.8209805520698303 0.8209805520698303
guide 1 1.8971199848858813 1.8971199848858813
headteacher 1 4.605170185988092 4.605170185988092
heir 1 3.912023005428146 3.912023005428146
help 1 0.0 0.0
helped 1 2.207274913189721 2.207274913189721
henry 1 1.5606477482646683 1.5606477482646683
hid 1 3.912023005428146 3.912023005428146
hidden 1 0.010050335853501506 0.010050335853501506
hide 1 0.0 0.0
high 1 0.9416085398584451 0.9416085398584451
historic 1 2.659260036932778 2.659260036932778
historical 1 1.8325814637483102 1.8325814637483102
history 1 0.0 0.0
home 1 0.7339691750802005 0.7339691750802005
homunculus 1 4.605170185988092 4.605170185988092
horse 1 3.2188758248682006 3.2188758248682006
horseshaped 1 4.605170185988092 4.605170185988092
hotel 1 2.5257286443082556 2.5257286443082556
however 1 0.6931471805599453 0.6931471805599453
human 0 1.3862943611198906 0.0
humanity 1 2.659260036932778 2.659260036932778
hunter 1 2.0402208285265546 2.0402208285265546
ibtv 1 4.605170185988092 4.605170185988092
ibtvnetworkrelease 1 4.605170185988092 4.605170185988092
identified 1 2.659260036932778 2.659260036932778
identity 1 2.207274913189721 2.207274913189721
idlockfree 1 0.0408219945202552 0.0408219945202552
idlockfreeidlockfree 1 0.0408219945202552 0.0408219945202552
idlocklimited 1 0.0408219945202552 0.0408219945202552
idlockregistration 1 0.0408219945202552 0.0408219945202552
idlocksubscription 1 0.0408219945202552 0.0408219945202552
imdb 1 2.302585092994046 2.302585092994046
immortal 1 3.912023005428146 3.912023005428146
immortality 1 4.605170185988092 4.605170185988092
implied 1 4.605170185988092 4.605170185988092
improve 1 1.8325814637483102 1.8325814637483102
inability 1 4.605170185988092 4.605170185988092
inc 1 0.0 0.0
including 1 0.7133498878774648 0.7133498878774648
infobox 1 0.3011050927839216 0.3011050927839216
infoboxtable 1 0.3147107448397002 0.3147107448397002
infoboxtelevision 1 4.605170185988092 4.605170185988092
information 1 0.0 0.0
inherits 1 3.2188758248682006 3.2188758248682006
inkpaduta 1 4.605170185988092 4.605170185988092
inner 1 2.995732273553991 2.995732273553991
inspiring 1 4.605170185988092 4.605170185988092
intent 0 3.506557897319982 0.0
interior 1 2.5257286443082556 2.5257286443082556
introduces 1 3.2188758248682006 3.2188758248682006
isbn 1 0.9942522733438669 0.9942522733438669
issue 0 1.1086626245216111 0.0
italiano 1 1.07880966137193 1.07880966137193
item 1 0.010050335853501506 0.010050335853501506
jamaica 1 4.605170185988092 4.605170185988092
january 1 0.3424903089467759 0.3424903089467759
jason 1 1.6607312068216509 1.6607312068216509
jealous 1 3.912023005428146 3.912023005428146
joanna 1 3.2188758248682006 3.2188758248682006
john 1 0.49429632181478017 0.49429632181478017
jstor 1 1.5141277326297755 1.5141277326297755
juan 1 2.302585092994046 2.302585092994046
july 1 0.43078291609245434 0.43078291609245434
jump 1 0.0 0.0
jumper 1 3.912023005428146 3.912023005428146
junk 1 3.912023005428146 3.912023005428146
justin 1 2.407945608651872 2.407945608651872
kasmani 1 4.605170185988092 4.605170185988092
kavanagh 1 4.605170185988092 4.605170185988092
kay 1 3.506557897319982 3.506557897319982
kelsey 1 3.912023005428146 3.912023005428146
killing 1 2.5257286443082556 2.5257286443082556
kindhearted 1 4.605170185988092 4.605170185988092
kingdom 1 1.5141277326297755 1.5141277326297755
kirsty 1 3.912023005428146 3.912023005428146
knowledge 1 2.302585092994046 2.302585092994046
kohli 1 3.912023005428146 3.912023005428146
krystina 1 4.605170185988092 4.605170185988092
kyle 1 2.120263536200091 2.120263536200091
kyles 1 4.605170185988092 4.605170185988092
lakota 1 4.605170185988092 4.605170185988092
landed 1 3.2188758248682006 3.2188758248682006
language 1 0.0 0.0
last 1 0.0 0.0
late 1 1.3093333199837622 1.3093333199837622
later 1 0.5621189181535412 0.5621189181535412
laura 1 2.207274913189721 2.207274913189721
lead 1 1.6607312068216509 1.6607312068216509
leader 1 1.3862943611198906 1.3862943611198906
leading 1 1.3093333199837622 1.3093333199837622
leaf 0 2.302585092994046 0.0
learn 1 0.0 0.0
learning 1 2.407945608651872 2.407945608651872
learns 1 3.506557897319982 3.506557897319982
led 1 1.07880966137193 1.07880966137193
librarian 1 3.912023005428146 3.912023005428146
library 1 1.6094379124341003 1.6094379124341003
license 1 0.0 0.0
lie 0 2.302585092994046 0.0
life 1 0.5447271754416719 0.5447271754416719
lightning 1 3.2188758248682006 3.2188758248682006
link 1 0.0 0.0
little 1 1.4696759700589417 1.4696759700589417
live 1 1.2378743560016172 1.2378743560016172
liveaction 1 3.2188758248682006 3.2188758248682006
lived 1 2.207274913189721 2.207274913189721
local 1 1.4696759700589417 1.4696759700589417
location 1 1.171182981502945 1.171182981502945
log 1 0.0 0.0
logged 1 0.0 0.0
logo 1 2.302585092994046 2.302585092994046
los 1 1.5141277326297755 1.5141277326297755
losing 1 2.120263536200091 2.120263536200091
loss 1 1.7147984280919266 1.7147984280919266
lost 1 1.171182981502945 1.171182981502945
lothian 1 4.605170185988092 4.605170185988092
low 1 1.9661128563728327 1.9661128563728327
loyal 1 3.2188758248682006 3.2188758248682006
made 1 0.653926467406664 0.653926467406664
magic 1 2.659260036932778 2.659260036932778
magical 1 3.912023005428146 3.912023005428146
magically 1 3.912023005428146 3.912023005428146
main 1 0.0 0.0
mainother 1 1.5141277326297755 1.5141277326297755
make 0 1.0498221244986776 0.0
making 1 1.6607312068216509 1.6607312068216509
malevolent 1 4.605170185988092 4.605170185988092
man 1 1.0498221244986776 1.0498221244986776
manifest 1 3.912023005428146 3.912023005428146
manipulative 1 4.605170185988092 4.605170185988092
mankind 1 3.506557897319982 3.506557897319982
manservant 1 4.605170185988092 4.605170185988092
many 1 0.7550225842780328 0.7550225842780328
marnie 1 4.605170185988092 4.605170185988092
marnies 1 4.605170185988092 4.605170185988092
marries 1 3.506557897319982 3.506557897319982
marrying 1 3.506557897319982 3.506557897319982
master 1 1.3093333199837622 1.3093333199837622
material 1 1.3093333199837622 1.3093333199837622
materialises 1 4.605170185988092 4.605170185988092
maternal 1 3.2188758248682006 3.2188758248682006
maxi 1 3.506557897319982 3.506557897319982
may 1 0.0 0.0
mayall 1 4.605170185988092 4.605170185988092
medicine 1 2.8134107167600364 2.8134107167600364
medium 1 0.49429632181478017 0.49429632181478017
meet 1 1.6607312068216509 1.6607312068216509
mentor 0 3.506557897319982 0.0
menu 1 0.0 0.0
mercredi 1 4.605170185988092 4.605170185988092
message 1 1.5606477482646683 1.5606477482646683
metal 1 2.207274913189721 2.207274913189721
michael 1 1.171182981502945 1.171182981502945
min 0 2.995732273553991 0.0
mix 0 2.659260036932778 0.0
mobile 1 0.0 0.0
moffat 1 3.506557897319982 3.506557897319982
mole 1 3.912023005428146 3.912023005428146
molotnikov 1 4.605170185988092 4.605170185988092
moment 0 2.302585092994046 0.0
montoya 1 4.605170185988092 4.605170185988092
moody 1 2.8134107167600364 2.8134107167600364
moore 1 2.120263536200091 2.120263536200091
morayniss 1 4.605170185988092 4.605170185988092
morecitationsneeded 1 2.995732273553991 2.995732273553991
mortal 1 3.912023005428146 3.912023005428146
mostly 1 2.407945608651872 2.407945608651872
mother 1 1.5141277326297755 1.5141277326297755
move 1 0.0 0.0
mullan 1 3.2188758248682006 3.2188758248682006
mundell 1 4.605170185988092 4.605170185988092
murder 0 2.995732273553991 0.0
mythology 1 2.8134107167600364 2.8134107167600364
name 1 0.5276327420823719 0.5276327420823719
narrated 1 3.2188758248682006 3.2188758248682006
narrator 1 3.2188758248682006 3.2188758248682006
natascha 1 4.605170185988092 4.605170185988092
nathaniel 1 3.506557897319982 3.506557897319982
nathaniels 1 4.605170185988092 4.605170185988092
native 1 2.407945608651872 2.407945608651872
navbarfontsizemedia 1 0.3147107448397002 0.3147107448397002
navigation 1 0.0 0.0
nebraska 1 2.5257286443082556 2.5257286443082556
need 0 1.2039728043259361 0.0
needing 1 1.8971199848858813 1.8971199848858813
negligent 1 4.605170185988092 4.605170185988092
network 1 1.3470736479666094 1.3470736479666094
newspaper 0 1.5141277326297755 0.0
next 1 1.1086626245216111 1.1086626245216111
night 1 1.7719568419318754 1.7719568419318754
nimmo 1 3.912023005428146 3.912023005428146
nod 1 3.2188758248682006 3.2188758248682006
nonprofit 1 0.0 0.0
november 1 0.3011050927839216 0.3011050927839216
obtained 1 2.8134107167600364 2.8134107167600364
ocean 1 2.407945608651872 2.407945608651872
october 1 0.28768207245178085 0.28768207245178085
office 1 1.1086626245216111 1.1086626245216111
old 1 1.07880966137193 1.07880966137193
olympic 1 2.995732273553991 2.995732273553991
one 1 0.23572233352106994 0.23572233352106994
online 1 1.4696759700589417 1.4696759700589417
opportunity 1 2.5257286443082556 2.5257286443082556
organization 1 0.0 0.0
organizationname 1 0.010050335853501506 0.010050335853501506
origin 1 2.407945608651872 2.407945608651872
original 1 0.4155154439616658 0.4155154439616658
overview 1 2.0402208285265546 2.0402208285265546
owned 1 2.407945608651872 2.407945608651872
owner 1 1.7147984280919266 1.7147984280919266
pack 1 3.506557897319982 3.506557897319982
page 1 0.0 0.0
part 1 0.6348782724359695 0.6348782724359695
party 1 1.2378743560016172 1.2378743560016172
pas 0 2.5257286443082556 0.0
passing 1 2.407945608651872 2.407945608651872
past 1 1.7719568419318754 1.7719568419318754
paterson 1 4.605170185988092 4.605170185988092
paul 1 0.8675005677047231 0.8675005677047231
pdf 1 1.0498221244986776 1.0498221244986776
pdfprintable 1 0.0 0.0
pearson 1 3.2188758248682006 3.2188758248682006
people 1 0.49429632181478017 0.49429632181478017
permanent 1 0.0 0.0
perplexed 1 4.605170185988092 4.605170185988092
persona 1 3.912023005428146 3.912023005428146
personal 1 0.0 0.0
peter 1 1.3093333199837622 1.3093333199837622
pivotal 1 3.506557897319982 3.506557897319982
please 1 1.7719568419318754 1.7719568419318754
plot 1 2.5257286443082556 2.5257286443082556
plummeting 1 4.605170185988092 4.605170185988092
policy 1 0.0 0.0
pompous 1 4.605170185988092 4.605170185988092
portal 1 0.0 0.0
portugus 1 1.171182981502945 1.171182981502945
pose 0 3.912023005428146 0.0
possess 1 4.605170185988092 4.605170185988092
possesses 1 3.506557897319982 3.506557897319982
possessing 1 3.912023005428146 3.912023005428146
post 1 1.07880966137193 1.07880966137193
potential 1 2.659260036932778 2.659260036932778
pow 1 3.912023005428146 3.912023005428146
power 1 1.0216512475319812 1.0216512475319812
preparation 0 2.8134107167600364 0.0
press 1 0.7550225842780328 0.7550225842780328
previously 1 1.8971199848858813 1.8971199848858813
pride 1 2.8134107167600364 2.8134107167600364
primarily 1 2.407945608651872 2.407945608651872
printbodyns 1 0.09431067947124142 0.09431067947124142
printexport 1 0.0 0.0
privacy 1 0.0 0.0
process 1 1.5141277326297755 1.5141277326297755
produce 1 2.5257286443082556 2.5257286443082556
production 1 1.6607312068216509 1.6607312068216509
professor 1 2.207274913189721 2.207274913189721
programme 1 2.5257286443082556 2.5257286443082556
programming 0 2.995732273553991 0.0
project 0 0.0 0.0
prophecy 1 3.506557897319982 3.506557897319982
prophesied 1 3.506557897319982 3.506557897319982
protagonist 1 3.912023005428146 3.912023005428146
prove 1 3.506557897319982 3.506557897319982
psychiatrist 1 3.506557897319982 3.506557897319982
publishing 1 1.7719568419318754 1.7719568419318754
pursuit 1 2.995732273553991 2.995732273553991
putting 1 3.506557897319982 3.506557897319982
pxpaddingpx 1 4.605170185988092 4.605170185988092
queen 1 2.407945608651872 2.407945608651872
quest 1 2.5257286443082556 2.5257286443082556
random 1 0.0 0.0
read 1 0.0 0.0
real 1 1.4271163556401458 1.4271163556401458
receives 1 2.8134107167600364 2.8134107167600364
recent 1 0.0 0.0
reckoning 1 4.605170185988092 4.605170185988092
recurring 1 3.2188758248682006 3.2188758248682006
redmond 1 4.605170185988092 4.605170185988092
reference 0 0.03045920748470844 0.0
referred 1 2.302585092994046 2.302585092994046
reflist 1 0.06187540371808745 0.06187540371808745
reflistcolumns 1 0.06187540371808745 0.06187540371808745
refuse 0 3.506557897319982 0.0
reg 1 0.0 0.0
regain 1 4.605170185988092 4.605170185988092
registered 1 0.0 0.0
rejected 1 2.407945608651872 2.407945608651872
related 1 0.0 0.0
relative 1 2.5257286443082556 2.5257286443082556
release 1 1.3093333199837622 1.3093333199837622
reliable 1 1.9661128563728327 1.9661128563728327
reluctant 1 3.912023005428146 3.912023005428146
remove 1 1.6607312068216509 1.6607312068216509
removed 1 1.6094379124341003 1.6094379124341003
repeatedly 1 4.605170185988092 4.605170185988092
rescue 1 2.659260036932778 2.659260036932778
resentment 1 4.605170185988092 4.605170185988092
restores 1 4.605170185988092 4.605170185988092
resurrect 1 3.912023005428146 3.912023005428146
resurrects 1 3.912023005428146 3.912023005428146
retaliates 1 4.605170185988092 4.605170185988092
retrieved 1 0.0 0.0
return 0 1.07880966137193 0.0
revealed 1 2.302585092994046 2.302585092994046
rik 1 4.605170185988092 4.605170185988092
rise 0 1.8325814637483102 0.0
river 1 1.4271163556401458 1.4271163556401458
robert 0 0.8675005677047231 0.0
roberto 1 2.8134107167600364 2.8134107167600364
robertson 1 2.659260036932778 2.659260036932778
role 1 1.3470736479666094 1.3470736479666094
rosemary 1 4.605170185988092 4.605170185988092
ross 1 2.0402208285265546 2.0402208285265546
running 1 1.6607312068216509 1.6607312068216509
sacred 1 2.995732273553991 2.995732273553991
samantha 1 4.605170185988092 4.605170185988092
sammy 1 3.912023005428146 3.912023005428146
sanctum 1 3.912023005428146 3.912023005428146
sanjeev 1 3.912023005428146 3.912023005428146
scholar 1 1.7147984280919266 1.7147984280919266
scholarly 1 3.506557897319982 3.506557897319982
school 1 0.7765287894989963 0.7765287894989963
schoolmate 1 4.605170185988092 4.605170185988092
scot 1 3.506557897319982 3.506557897319982
scotland 1 2.659260036932778 2.659260036932778
scott 1 1.2729656758128876 1.2729656758128876
scottish 1 3.2188758248682006 3.2188758248682006
screen 1 0.010050335853501506 0.010050335853501506
sea 1 2.0402208285265546 2.0402208285265546
sean 1 2.302585092994046 2.302585092994046
search 1 0.0 0.0
season 1 1.1394342831883648 1.1394342831883648
second 1 0.49429632181478017 0.49429632181478017
seek 0 2.302585092994046 0.0
seemingly 1 3.506557897319982 3.506557897319982
seize 1 3.506557897319982 3.506557897319982
self 1 2.659260036932778 2.659260036932778
selfproclaimed 1 4.605170185988092 4.605170185988092
sent 1 1.8971199848858813 1.8971199848858813
sentient 1 3.912023005428146 3.912023005428146
september 1 0.43078291609245434 0.43078291609245434
serf 0 2.995732273553991 0.0
series 1 0.8675005677047231 0.8675005677047231
servant 1 2.995732273553991 2.995732273553991
set 1 0.9942522733438669 0.9942522733438669
setting 1 2.120263536200091 2.120263536200091
several 1 0.8209805520698303 0.8209805520698303
shapeshifting 1 4.605170185988092 4.605170185988092
share 1 0.0 0.0
shoebox 1 4.605170185988092 4.605170185988092
shop 1 2.659260036932778 2.659260036932778
shopkeeper 1 3.912023005428146 3.912023005428146
short 1 0.06187540371808745 0.06187540371808745
shortdescription 1 0.2613647641344075 0.2613647641344075
shortened 1 0.0 0.0
shorttempered 1 4.605170185988092 4.605170185988092
shot 1 2.207274913189721 2.207274913189721
show 0 1.0498221244986776 0.0
shown 1 2.302585092994046 2.302585092994046
showtime 1 3.912023005428146 3.912023005428146
side 0 1.4271163556401458 0.0
sidebar 1 0.0 0.0
sign 1 1.8971199848858813 1.8971199848858813
significant 1 2.407945608651872 2.407945608651872
simon 1 2.0402208285265546 2.0402208285265546
sin 0 3.2188758248682006 0.0
siobhan 1 3.912023005428146 3.912023005428146
site 1 0.0 0.0
ski 1 3.2188758248682006 3.2188758248682006
sleep 1 3.2188758248682006 3.2188758248682006
slowly 1 3.912023005428146 3.912023005428146
slumber 1 3.912023005428146 3.912023005428146
snake 0 3.2188758248682006 0.0
sociopathic 1 4.605170185988092 4.605170185988092
solid 1 0.09431067947124142 0.09431067947124142
somewhere 1 3.912023005428146 3.912023005428146
son 1 1.3093333199837622 1.3093333199837622
source 0 0.5798184952529422 0.0
special 1 0.0 0.0
spell 1 3.912023005428146 3.912023005428146
spirit 1 1.7147984280919266 1.7147984280919266
spiritual 1 2.120263536200091 2.120263536200091
spite 1 3.912023005428146 3.912023005428146
split 1 2.407945608651872 2.407945608651872
spy 1 2.8134107167600364 2.8134107167600364
starring 1 2.995732273553991 2.995732273553991
state 0 0.3147107448397002 0.0
statement 1 0.0 0.0
statistic 0 0.0 0.0
stay 0 2.0402208285265546 0.0
steal 1 2.8134107167600364 2.8134107167600364
stealing 1 3.2188758248682006 3.2188758248682006
stewart 1 2.207274913189721 2.207274913189721
stick 1 3.506557897319982 3.506557897319982
stone 1 1.8971199848858813 1.8971199848858813
stonebear 1 4.605170185988092 4.605170185988092
stonebears 1 4.605170185988092 4.605170185988092
storyteller 1 4.605170185988092 4.605170185988092
strange 1 2.659260036932778 2.659260036932778
student 0 1.3862943611198906 0.0
suave 1 4.605170185988092 4.605170185988092
subsection 1 0.3424903089467759 0.3424903089467759
succeed 1 3.506557897319982 3.506557897319982
suggests 1 2.659260036932778 2.659260036932778
summons 1 4.605170185988092 4.605170185988092
sunkwaki 1 4.605170185988092 4.605170185988092
superiority 1 4.605170185988092 4.605170185988092
suppress 1 3.506557897319982 3.506557897319982
surrender 1 3.506557897319982 3.506557897319982
synopsis 1 3.912023005428146 3.912023005428146
system 0 0.9162907318741551 0.0
table 1 0.0 0.0
taggart 1 4.605170185988092 4.605170185988092
take 1 0.9675840262617057 0.9675840262617057
taking 1 1.6607312068216509 1.6607312068216509
talk 1 0.0 0.0
tanka 1 4.605170185988092 4.605170185988092
tantallon 1 4.605170185988092 4.605170185988092
teacher 1 1.9661128563728327 1.9661128563728327
teleports 1 4.605170185988092 4.605170185988092
television 1 1.6607312068216509 1.6607312068216509
template 1 0.0 0.0
term 0 0.0 0.0
text 1 0.0 0.0
thbodyskinresponsive 1 0.3147107448397002 0.3147107448397002
thbordertoppx 1 3.506557897319982 3.506557897319982
theft 1 3.912023005428146 3.912023005428146
thirteen 1 4.605170185988092 4.605170185988092
though 1 1.6607312068216509 1.6607312068216509
throughout 1 1.171182981502945 1.171182981502945
time 1 0.28768207245178085 0.28768207245178085
ting 1 2.407945608651872 2.407945608651872
titular 1 3.2188758248682006 3.2188758248682006
toggle 1 0.010050335853501506 0.010050335853501506
toledo 1 2.995732273553991 2.995732273553991
tony 1 1.8325814637483102 1.8325814637483102
tool 0 0.0 0.0
tootoosis 1 4.605170185988092 4.605170185988092
top 1 0.010050335853501506 0.010050335853501506
topic 1 0.0 0.0
toronto 1 2.0402208285265546 2.0402208285265546
torontobased 1 3.912023005428146 3.912023005428146
total 1 0.0 0.0
towards 1 2.120263536200091 2.120263536200091
tower 1 2.5257286443082556 2.5257286443082556
toy 1 3.506557897319982 3.506557897319982
trademark 1 0.0 0.0
transform 1 3.506557897319982 3.506557897319982
transformed 1 3.506557897319982 3.506557897319982
transforming 1 4.605170185988092 4.605170185988092
transforms 1 4.605170185988092 4.605170185988092
truth 1 2.407945608651872 2.407945608651872
twelve 1 2.995732273553991 2.995732273553991
twentysix 1 4.605170185988092 4.605170185988092
twin 0 2.407945608651872 0.0
two 1 0.43078291609245434 0.43078291609245434
unexpected 1 3.506557897319982 3.506557897319982
unicorn 1 3.912023005428146 3.912023005428146
united 1 0.4155154439616658 0.4155154439616658
university 1 0.616186139423817 0.616186139423817
unleash 1 4.605170185988092 4.605170185988092
unseen 1 4.605170185988092 4.605170185988092
unsourced 1 1.3862943611198906 1.3862943611198906
upload 1 0.0 0.0
upon 1 1.2729656758128876 1.2729656758128876
use 1 0.0 0.0
used 1 0.8675005677047231 0.8675005677047231
using 1 0.0 0.0
utc 1 0.0 0.0
valentine 1 3.506557897319982 3.506557897319982
valerie 1 3.506557897319982 3.506557897319982
vanquish 1 4.605170185988092 4.605170185988092
var 1 0.0 0.0
various 1 1.5141277326297755 1.5141277326297755
verification 1 2.120263536200091 2.120263536200091
version 1 0.0 0.0
view 1 0.0 0.0
vision 1 2.120263536200091 2.120263536200091
visit 1 2.0402208285265546 2.0402208285265546
vit 1 2.407945608651872 2.407945608651872
vivien 1 3.912023005428146 3.912023005428146
voice 1 2.120263536200091 2.120263536200091
wakan 1 4.605170185988092 4.605170185988092
wakangli 1 4.605170185988092 4.605170185988092
war 1 0.7985076962177716 0.7985076962177716
ward 1 2.302585092994046 2.302585092994046
washed 1 4.605170185988092 4.605170185988092
watch 0 1.8971199848858813 0.0
weaken 1 3.912023005428146 3.912023005428146
weasel 1 4.605170185988092 4.605170185988092
week 1 1.2729656758128876 1.2729656758128876
well 0 0.7765287894989963 0.0
widowed 1 3.912023005428146 3.912023005428146
wikidata 1 0.010050335853501506 0.010050335853501506
wikimedia 1 0.0 0.0
wikipedia 1 0.0 0.0
wild 1 2.302585092994046 2.302585092994046
william 1 1.171182981502945 1.171182981502945
wisdom 1 3.2188758248682006 3.2188758248682006
wise 1 2.5257286443082556 2.5257286443082556
wizard 1 3.2188758248682006 3.2188758248682006
wolf 1 2.207274913189721 2.207274913189721
wolfgang 1 2.995732273553991 2.995732273553991
wolfgangs 1 4.605170185988092 4.605170185988092
wooden 1 3.912023005428146 3.912023005428146
woodshed 1 4.605170185988092 4.605170185988092
woollyminded 1 4.605170185988092 4.605170185988092
work 1 0.7133498878774648 0.7133498878774648
worked 1 1.6607312068216509 1.6607312068216509
working 1 1.8971199848858813 1.8971199848858813
world 1 0.5108256237659907 0.5108256237659907
wow 1 3.912023005428146 3.912023005428146
year 1 0.3424903089467759 0.3424903089467759
young 1 1.2378743560016172 1.2378743560016172
yudii 1 4.605170185988092 4.605170185988092
zoo 1 3.912023005428146 3.912023005428146
zoonews 1 4.605170185988092 4.605170185988092
