aabclearbothmarginem 1 3.506557897319982 3.506557897319982
aabmargin 1 3.506557897319982 3.506557897319982
abhinav 1 4.605170185988092 4.605170185988092
able 1 1.7719568419318754 1.7719568419318754
absconding 1 4.605170185988092 4.605170185988092
accommodate 1 3.2188758248682006 3.2188758248682006
according 1 1.3093333199837622 1.3093333199837622
account 1 0.0 0.0
accused 1 2.995732273553991 2.995732273553991
achom 1 4.605170185988092 4.605170185988092
action 0 0.0 0.0
add 1 0.0 0.0
additional 1 0.0 0.0
adityanath 1 4.605170185988092 4.605170185988092
affidavit 1 4.605170185988092 4.605170185988092
affirmed 1 3.912023005428146 3.912023005428146
agarwal 1 4.605170185988092 4.605170185988092
age 1 0.7985076962177716 0.7985076962177716
agnihotri 1 4.605170185988092 4.605170185988092
agree 1 0.0 0.0
agriculture 1 2.5257286443082556 2.5257286443082556
agriculturist 1 4.605170185988092 4.605170185988092
ahead 1 2.207274913189721 2.207274913189721
ahmad 1 3.2188758248682006 3.2188758248682006
aided 1 2.995732273553991 2.995732273553991
ajay 1 4.605170185988092 4.605170185988092
akhilesh 1 4.605170185988092 4.605170185988092
alike 1 0.0 0.0
allahabad 1 4.605170185988092 4.605170185988092
allegation 0 3.2188758248682006 0.0
alleged 1 2.8134107167600364 2.8134107167600364
alleges 1 3.912023005428146 3.912023005428146
alleging 1 3.2188758248682006 3.2188758248682006
alleviation 1 4.605170185988092 4.605170185988092
alliance 1 1.8971199848858813 1.8971199848858813
allocation 1 3.506557897319982 3.506557897319982
alma 1 3.2188758248682006 3.2188758248682006
almost 1 1.7147984280919266 1.7147984280919266
along 1 1.4696759700589417 1.4696759700589417
also 1 0.127833371509885 0.127833371509885
alumnus 0 2.207274913189721 0.0
ambedkar 1 4.605170185988092 4.605170185988092
amid 1 2.995732273553991 2.995732273553991
amidst 1 3.2188758248682006 3.2188758248682006
anil 1 3.506557897319982 3.506557897319982
animal 1 2.407945608651872 2.407945608651872
announced 1 1.2039728043259361 1.2039728043259361
ansari 1 4.605170185988092 4.605170185988092
antiwomen 1 4.605170185988092 4.605170185988092
appearance 1 0.0 0.0
apply 1 0.0 0.0
appointed 1 1.9661128563728327 1.9661128563728327
april 1 0.44628710262841953 0.44628710262841953
archaeological 1 4.605170185988092 4.605170185988092
archived 1 0.47803580094299974 0.47803580094299974
arrest 1 3.2188758248682006 3.2188758248682006
art 0 1.2039728043259361 0.0
article 1 0.0 0.0
ashok 1 3.2188758248682006 3.2188758248682006
ashoka 1 4.605170185988092 4.605170185988092
ashutosh 1 4.605170185988092 4.605170185988092
asked 1 2.120263536200091 2.120263536200091
assaulting 1 4.605170185988092 4.605170185988092
assembly 1 2.0402208285265546 2.0402208285265546
assumed 1 2.659260036932778 2.659260036932778
attacking 1 3.506557897319982 3.506557897319982
attained 1 3.912023005428146 3.912023005428146
attended 1 2.120263536200091 2.120263536200091
attribution 1 0.0 0.0
aug 1 2.5257286443082556 2.5257286443082556
august 1 0.3424903089467759 0.3424903089467759
aurangzeb 1 4.605170185988092 4.605170185988092
authority 0 0.8915981192837835 0.0
auto 1 0.1392620673335076 0.1392620673335076
autopaddingem 1 3.506557897319982 3.506557897319982
available 1 0.0 0.0
aviation 1 3.2188758248682006 3.2188758248682006
bachelor 1 2.995732273553991 2.995732273553991
backward 1 3.912023005428146 3.912023005428146
badaun 1 4.605170185988092 4.605170185988092
badlu 1 4.605170185988092 4.605170185988092
badrinath 1 3.912023005428146 3.912023005428146
bahujan 1 4.605170185988092 4.605170185988092
banned 1 2.995732273553991 2.995732273553991
base 1 1.4696759700589417 1.4696759700589417
became 1 0.7133498878774648 0.7133498878774648
become 1 1.2378743560016172 1.2378743560016172
befitting 1 4.605170185988092 4.605170185988092
behaviour 1 2.995732273553991 2.995732273553991
bench 1 2.995732273553991 2.995732273553991
besides 1 3.912023005428146 3.912023005428146
bharat 1 4.605170185988092 4.605170185988092
bharatiya 1 4.605170185988092 4.605170185988092
bhartiya 1 4.605170185988092 4.605170185988092
bhaskar 1 4.605170185988092 4.605170185988092
bhupendra 1 4.605170185988092 4.605170185988092
big 1 1.3862943611198906 1.3862943611198906
bihar 1 4.605170185988092 4.605170185988092
bihari 1 4.605170185988092 4.605170185988092
birth 0 1.1394342831883648 0.0
bjp 1 4.605170185988092 4.605170185988092
bjps 1 4.605170185988092 4.605170185988092
blow 0 3.2188758248682006 0.0
book 1 0.6348782724359695 0.6348782724359695
born 1 1.1394342831883648 1.1394342831883648
bounty 1 3.912023005428146 3.912023005428146
brahminism 1 4.605170185988092 4.605170185988092
brajesh 1 4.605170185988092 4.605170185988092
bringing 1 3.506557897319982 3.506557897319982
bsp 1 4.605170185988092 4.605170185988092
budaun 1 4.605170185988092 4.605170185988092
buddhist 1 3.912023005428146 3.912023005428146
built 1 1.6607312068216509 1.6607312068216509
burn 1 2.302585092994046 2.302585092994046
burnt 1 4.605170185988092 4.605170185988092
business 1 1.6094379124341003 1.6094379124341003
cabinet 1 2.8134107167600364 2.8134107167600364
called 1 0.8209805520698303 0.8209805520698303
camp 1 2.120263536200091 2.120263536200091
candidate 1 2.207274913189721 2.207274913189721
career 1 1.2729656758128876 1.2729656758128876
case 1 1.3862943611198906 1.3862943611198906
caste 1 4.605170185988092 4.605170185988092
castedominated 1 4.605170185988092 4.605170185988092
category 0 0.0 0.0
centerpx 1 0.0408219945202552 0.0408219945202552
century 1 1.3470736479666094 1.3470736479666094
chakwadh 1 4.605170185988092 4.605170185988092
change 0 0.0 0.0
changed 1 1.6607312068216509 1.6607312068216509
charged 1 3.2188758248682006 3.2188758248682006
chaudhary 1 4.605170185988092 4.605170185988092
chauhan 1 4.605170185988092 4.605170185988092
chief 1 1.3862943611198906 1.3862943611198906
child 0 1.07880966137193 0.0
citation 1 0.0408219945202552 0.0408219945202552
cite 1 0.0 0.0
citenews 1 1.5606477482646683 1.5606477482646683
citeweb 1 0.5447271754416719 0.5447271754416719
civil 1 1.7719568419318754 1.7719568419318754
claim 1 2.0402208285265546 2.0402208285265546
coalition 1 2.407945608651872 2.407945608651872
code 1 0.0 0.0
come 0 1.3470736479666094 0.0
comment 0 2.659260036932778 0.0
commented 1 3.506557897319982 3.506557897319982
commission 1 1.7147984280919266 1.7147984280919266
common 0 0.0 0.0
community 1 1.6094379124341003 1.6094379124341003
compared 1 2.120263536200091 2.120263536200091
complainant 1 4.605170185988092 4.605170185988092
conduct 1 0.0 0.0
conducted 1 2.5257286443082556 2.5257286443082556
conference 1 1.3862943611198906 1.3862943611198906
consider 1 2.407945608651872 2.407945608651872
consistency 1 4.605170185988092 4.605170185988092
constituency 1 3.2188758248682006 3.2188758248682006
constituencyelected 1 4.605170185988092 4.605170185988092
contact 1 0.0 0.0
content 1 0.0 0.0
contested 1 3.506557897319982 3.506557897319982
contesting 1 4.605170185988092 4.605170185988092
context 1 0.010050335853501506 0.010050335853501506
contribute 1 0.0 0.0
contribution 0 0.0 0.0
controversial 1 2.8134107167600364 2.8134107167600364
controversy 1 2.407945608651872 2.407945608651872
cookie 1 0.0 0.0
cookiematch 1 0.0 0.0
cooperative 1 4.605170185988092 4.605170185988092
coordination 1 2.995732273553991 2.995732273553991
copy 1 1.9661128563728327 1.9661128563728327
couldron 1 4.605170185988092 4.605170185988092
council 1 1.4696759700589417 1.4696759700589417
counterallegations 1 4.605170185988092 4.605170185988092
counterlistitema 1 0.127833371509885 0.127833371509885
counting 1 3.912023005428146 3.912023005428146
country 1 0.843970070294529 0.843970070294529
court 1 1.5141277326297755 1.5141277326297755
courtesy 1 3.506557897319982 3.506557897319982
create 1 0.0 0.0
creating 1 2.0402208285265546 2.0402208285265546
creative 1 0.0 0.0
criminal 1 3.2188758248682006 3.2188758248682006
criticised 1 2.659260036932778 2.659260036932778
criticized 1 2.995732273553991 2.995732273553991
csmaintcolorf 1 0.06187540371808745 0.06187540371808745
csmaintcolorfmedia 1 0.0408219945202552 0.0408219945202552
cswsicon 1 0.0408219945202552 0.0408219945202552
current 1 0.0 0.0
dad 1 2.995732273553991 2.995732273553991
dal 1 3.912023005428146 3.912023005428146
dalits 1 4.605170185988092 4.605170185988092
dalmau 1 4.605170185988092 4.605170185988092
danger 1 2.407945608651872 2.407945608651872
dara 1 4.605170185988092 4.605170185988092
date 0 0.3147107448397002 0.0
daughter 1 1.5141277326297755 1.5141277326297755
day 1 0.5276327420823719 0.5276327420823719
deadly 1 2.8134107167600364 2.8134107167600364
debanish 1 4.605170185988092 4.605170185988092
decision 1 1.8971199848858813 1.8971199848858813
declared 1 2.407945608651872 2.407945608651872
decreed 1 4.605170185988092 4.605170185988092
deepak 1 3.912023005428146 3.912023005428146
defeat 1 1.9661128563728327 1.9661128563728327
degraded 1 4.605170185988092 4.605170185988092
degree 0 1.7719568419318754 0.0
delhi 1 3.912023005428146 3.912023005428146
delist 1 4.605170185988092 4.605170185988092
demanded 1 2.995732273553991 2.995732273553991
democratic 1 2.120263536200091 2.120263536200091
demolishing 1 3.912023005428146 3.912023005428146
denied 1 2.8134107167600364 2.8134107167600364
denies 1 3.912023005428146 3.912023005428146
department 1 1.7719568419318754 1.7719568419318754
deputy 1 2.302585092994046 2.302585092994046
description 1 0.07257069283483537 0.07257069283483537
detail 0 1.6094379124341003 0.0
developer 0 0.0 0.0
development 1 1.3093333199837622 1.3093333199837622
dharmendra 1 4.605170185988092 4.605170185988092
difference 0 2.302585092994046 0.0
dinanath 1 4.605170185988092 4.605170185988092
dinesh 1 3.506557897319982 3.506557897319982
disclaimer 0 0.0 0.0
dispute 1 2.5257286443082556 2.5257286443082556
dissent 1 3.912023005428146 3.912023005428146
distanced 1 4.605170185988092 4.605170185988092
district 1 1.4271163556401458 1.4271163556401458
disturbs 1 4.605170185988092 4.605170185988092
dmy 1 1.4271163556401458 1.4271163556401458
dna 1 3.506557897319982 3.506557897319982
dominant 1 2.995732273553991 2.995732273553991
dominated 1 3.2188758248682006 3.2188758248682006
donate 1 0.0 0.0
done 1 2.302585092994046 2.302585092994046
doting 1 4.605170185988092 4.605170185988092
download 1 0.0 0.0
dtaftercontent 1 0.127833371509885 0.127833371509885
dynastic 1 4.605170185988092 4.605170185988092
earlier 1 1.8971199848858813 1.8971199848858813
early 1 0.6348782724359695 0.6348782724359695
economic 1 1.7719568419318754 1.7719568419318754
education 1 1.3470736479666094 1.3470736479666094
effigy 1 4.605170185988092 4.605170185988092
elected 1 1.9661128563728327 1.9661128563728327
election 1 1.9661128563728327 1.9661128563728327
electionsin 1 4.605170185988092 4.605170185988092
emflex 1 3.506557897319982 3.506557897319982
employment 1 2.995732273553991 2.995732273553991
encyclopedia 1 0.0 0.0
english 1 0.0 0.0
environment 1 2.407945608651872 2.407945608651872
eradication 1 3.912023005428146 3.912023005428146
erupted 1 2.995732273553991 2.995732273553991
established 1 1.1086626245216111 1.1086626245216111
event 0 0.0 0.0
exchange 1 1.9661128563728327 1.9661128563728327
excise 1 4.605170185988092 4.605170185988092
existed 1 3.912023005428146 3.912023005428146
existence 1 2.995732273553991 2.995732273553991
exp 1 0.0 0.0
expansion 1 2.0402208285265546 2.0402208285265546
expelled 1 2.659260036932778 2.659260036932778
expelling 1 3.912023005428146 3.912023005428146
exploit 1 4.605170185988092 4.605170185988092
exposed 1 3.506557897319982 3.506557897319982
express 1 1.9661128563728327 1.9661128563728327
expressed 1 2.659260036932778 2.659260036932778
expulsion 1 3.2188758248682006 3.2188758248682006
external 1 0.44628710262841953 0.44628710262841953
faith 1 1.9661128563728327 1.9661128563728327
family 1 0.9162907318741551 0.9162907318741551
faraz 1 4.605170185988092 4.605170185988092
favour 1 2.995732273553991 2.995732273553991
fazilnagar 1 4.605170185988092 4.605170185988092
feb 1 2.659260036932778 2.659260036932778
february 1 0.27443684570176036 0.27443684570176036
field 0 1.0498221244986776 0.0
fight 1 1.8325814637483102 1.8325814637483102
file 1 0.0 0.0
finance 1 2.302585092994046 2.302585092994046
find 1 1.3093333199837622 1.3093333199837622
fir 1 3.912023005428146 3.912023005428146
first 1 0.1508228897345837 0.1508228897345837
five 1 1.0216512475319812 1.0216512475319812
flock 1 3.2188758248682006 3.2188758248682006
followed 1 1.3093333199837622 1.3093333199837622
forest 1 2.302585092994046 2.302585092994046
formation 1 2.407945608651872 2.407945608651872
former 1 0.9675840262617057 0.9675840262617057
foundation 1 0.0 0.0
free 1 0.0 0.0
front 1 1.7147984280919266 1.7147984280919266
gaddi 1 4.605170185988092 4.605170185988092
gain 0 2.207274913189721 0.0
gajhadar 1 4.605170185988092 4.605170185988092
ganga 1 4.605170185988092 4.605170185988092
gave 1 1.5606477482646683 1.5606477482646683
general 1 0.0 0.0
get 1 0.0 0.0
gopal 1 3.506557897319982 3.506557897319982
got 1 2.302585092994046 2.302585092994046
government 1 1.1086626245216111 1.1086626245216111
grabbed 1 4.605170185988092 4.605170185988092
ground 1 1.8325814637483102 1.8325814637483102
gyanvapi 1 4.605170185988092 4.605170185988092
head 1 1.1086626245216111 1.1086626245216111
health 1 1.6607312068216509 1.6607312068216509
heckle 1 4.605170185988092 4.605170185988092
heckled 1 4.605170185988092 4.605170185988092
held 1 1.171182981502945 1.171182981502945
help 1 0.0 0.0
hidden 1 0.010050335853501506 0.010050335853501506
hide 1 0.0 0.0
high 1 0.9416085398584451 0.9416085398584451
higher 1 2.0402208285265546 2.0402208285265546
highlight 0 2.407945608651872 0.0
hindi 1 3.506557897319982 3.506557897319982
hindilanguage 1 4.605170185988092 4.605170185988092
hindu 1 3.506557897319982 3.506557897319982
hinduism 1 3.912023005428146 3.912023005428146
hindustan 1 4.605170185988092 4.605170185988092
history 1 0.0 0.0
hlist 1 0.127833371509885 0.127833371509885
hlistinline 1 0.127833371509885 0.127833371509885
home 1 0.7339691750802005 0.7339691750802005
house 1 1.0216512475319812 1.0216512475319812
however 1 0.6931471805599453 0.6931471805599453
huge 1 2.8134107167600364 2.8134107167600364
husbandry 1 4.605170185988092 4.605170185988092
identified 1 2.659260036932778 2.659260036932778
identifies 1 3.912023005428146 3.912023005428146
idlockfree 1 0.0408219945202552 0.0408219945202552
idlockfreeidlockfree 1 0.0408219945202552 0.0408219945202552
idlocklimited 1 0.0408219945202552 0.0408219945202552
idlockregistration 1 0.0408219945202552 0.0408219945202552
idlocksubscription 1 0.0408219945202552 0.0408219945202552
ignores 1 4.605170185988092 4.605170185988092
ilyas 1 4.605170185988092 4.605170185988092
inc 1 0.0 0.0
included 1 1.3093333199837622 1.3093333199837622
incumbent 1 2.8134107167600364 2.8134107167600364
india 1 1.7147984280919266 1.7147984280919266
indian 1 1.9661128563728327 1.9661128563728327
inducts 1 4.605170185988092 4.605170185988092
industrial 1 2.5257286443082556 2.5257286443082556
infobox 1 0.3011050927839216 0.3011050927839216
infoboxofficeholder 1 2.659260036932778 2.659260036932778
infoboxtable 1 0.3147107448397002 0.3147107448397002
information 1 0.0 0.0
initial 1 2.120263536200091 2.120263536200091
initiate 1 3.506557897319982 3.506557897319982
injustice 1 4.605170185988092 4.605170185988092
instead 1 1.6607312068216509 1.6607312068216509
interview 1 1.8325814637483102 1.8325814637483102
investigate 1 2.8134107167600364 2.8134107167600364
iqbal 1 4.605170185988092 4.605170185988092
issue 0 1.1086626245216111 0.0
item 1 0.010050335853501506 0.010050335853501506
itinerant 1 3.506557897319982 3.506557897319982
jagannath 1 4.605170185988092 4.605170185988092
jagannathi 1 4.605170185988092 4.605170185988092
jai 1 3.2188758248682006 3.2188758248682006
jaiswa 1 4.605170185988092 4.605170185988092
jal 1 4.605170185988092 4.605170185988092
janata 1 4.605170185988092 4.605170185988092
janta 1 4.605170185988092 4.605170185988092
january 1 0.3424903089467759 0.3424903089467759
join 1 1.6607312068216509 1.6607312068216509
joined 1 1.6607312068216509 1.6607312068216509
joining 1 2.659260036932778 2.659260036932778
july 1 0.43078291609245434 0.43078291609245434
jump 1 0.0 0.0
june 1 0.40047756659712536 0.40047756659712536
katariya 1 4.605170185988092 4.605170185988092
keep 0 1.7719568419318754 0.0
keeping 1 2.995732273553991 2.995732273553991
keshav 1 4.605170185988092 4.605170185988092
khanna 1 4.605170185988092 4.605170185988092
kill 1 1.7719568419318754 1.7719568419318754
kin 1 3.506557897319982 3.506557897319982
knowing 1 2.8134107167600364 2.8134107167600364
kumar 1 3.2188758248682006 3.2188758248682006
kushinagar 1 4.605170185988092 4.605170185988092
kushwaha 1 4.605170185988092 4.605170185988092
labour 1 2.8134107167600364 2.8134107167600364
lakh 1 4.605170185988092 4.605170185988092
landed 1 3.2188758248682006 3.2188758248682006
language 1 0.0 0.0
lashed 1 4.605170185988092 4.605170185988092
last 1 0.0 0.0
later 1 0.5621189181535412 0.5621189181535412
latter 1 1.6607312068216509 1.6607312068216509
launch 0 2.5257286443082556 0.0
launched 1 1.9661128563728327 1.9661128563728327
law 1 1.4271163556401458 1.4271163556401458
lawyer 1 2.120263536200091 2.120263536200091
laxmi 1 3.912023005428146 3.912023005428146
leader 1 1.3862943611198906 1.3862943611198906
learn 1 0.0 0.0
leaving 1 1.7147984280919266 1.7147984280919266
led 1 1.07880966137193 1.07880966137193
legislative 1 2.659260036932778 2.659260036932778
liaftercontent 1 0.127833371509885 0.127833371509885
license 1 0.0 0.0
life 1 0.5447271754416719 0.5447271754416719
like 1 1.2039728043259361 1.2039728043259361
link 1 0.0 0.0
living 1 1.07880966137193 1.07880966137193
lodged 1 4.605170185988092 4.605170185988092
log 1 0.0 0.0
logged 1 0.0 0.0
logging 1 3.912023005428146 3.912023005428146
lok 1 4.605170185988092 4.605170185988092
loktantrik 1 4.605170185988092 4.605170185988092
long 1 1.1086626245216111 1.1086626245216111
looting 1 4.605170185988092 4.605170185988092
loses 1 2.659260036932778 2.659260036932778
lost 1 1.171182981502945 1.171182981502945
lucknow 1 4.605170185988092 4.605170185988092
made 1 0.653926467406664 0.653926467406664
mahana 1 4.605170185988092 4.605170185988092
mahant 1 4.605170185988092 4.605170185988092
mahendra 1 3.912023005428146 3.912023005428146
main 1 0.0 0.0
maint 1 1.6607312068216509 1.6607312068216509
making 1 1.6607312068216509 1.6607312068216509
manch 1 4.605170185988092 4.605170185988092
mandal 1 3.912023005428146 3.912023005428146
manish 1 4.605170185988092 4.605170185988092
many 1 0.7550225842780328 0.7550225842780328
mar 1 2.0402208285265546 2.0402208285265546
march 1 0.3147107448397002 0.3147107448397002
marital 1 3.912023005428146 3.912023005428146
married 1 1.5141277326297755 1.5141277326297755
massive 1 2.8134107167600364 2.8134107167600364
master 1 1.3093333199837622 1.3093333199837622
match 0 0.8675005677047231 0.0
mater 1 3.506557897319982 3.506557897319982
matter 1 2.0402208285265546 2.0402208285265546
maurya 1 3.912023005428146 3.912023005428146
mauryas 1 4.605170185988092 4.605170185988092
may 1 0.0 0.0
mayawati 1 4.605170185988092 4.605170185988092
meanwhile 1 2.8134107167600364 2.8134107167600364
member 1 0.6733445532637655 0.6733445532637655
membership 1 2.5257286443082556 2.5257286443082556
mentality 1 4.605170185988092 4.605170185988092
menu 1 0.0 0.0
mill 0 2.302585092994046 0.0
minister 1 1.5606477482646683 1.5606477482646683
ministry 1 2.120263536200091 2.120263536200091
mishra 1 3.912023005428146 3.912023005428146
mixed 1 2.5257286443082556 2.5257286443082556
mla 1 4.605170185988092 4.605170185988092
mlas 1 4.605170185988092 4.605170185988092
mlc 1 4.605170185988092 4.605170185988092
mobile 1 0.0 0.0
mobilize 1 4.605170185988092 4.605170185988092
mobilizing 1 4.605170185988092 4.605170185988092
monastery 1 3.912023005428146 3.912023005428146
money 1 1.8325814637483102 1.8325814637483102
month 1 0.8915981192837835 0.8915981192837835
mosque 1 3.2188758248682006 3.2188758248682006
move 1 0.0 0.0
moved 1 1.7719568419318754 1.7719568419318754
movement 1 1.6607312068216509 1.6607312068216509
mukut 1 4.605170185988092 4.605170185988092
muslim 1 2.5257286443082556 2.5257286443082556
mutt 1 4.605170185988092 4.605170185988092
named 1 1.2039728043259361 1.2039728043259361
nand 1 4.605170185988092 4.605170185988092
nandi 1 4.605170185988092 4.605170185988092
narain 1 3.912023005428146 3.912023005428146
narayan 1 4.605170185988092 4.605170185988092
naresh 1 3.912023005428146 3.912023005428146
national 1 0.5108256237659907 0.5108256237659907
nav 1 3.912023005428146 3.912023005428146
navbar 1 0.23572233352106994 0.23572233352106994
navbarfontsizemedia 1 0.3147107448397002 0.3147107448397002
navbarmini 1 0.23572233352106994 0.23572233352106994
navbox 1 0.1392620673335076 0.1392620673335076
navboximage 1 0.1392620673335076 0.1392620673335076
navboxsubgroup 1 0.1392620673335076 0.1392620673335076
navboxtitle 1 0.1392620673335076 0.1392620673335076
navigation 1 0.0 0.0
ndtv 1 4.605170185988092 4.605170185988092
ndtvcom 1 4.605170185988092 4.605170185988092
neglected 1 3.912023005428146 3.912023005428146
netainfo 1 4.605170185988092 4.605170185988092
new 1 0.24846135929849972 0.24846135929849972
news 1 0.843970070294529 0.843970070294529
non 1 2.302585092994046 2.302585092994046
nonprofit 1 0.0 0.0
note 1 0.8209805520698303 0.8209805520698303
nothing 1 2.5257286443082556 2.5257286443082556
nov 1 2.0402208285265546 2.0402208285265546
november 1 0.3011050927839216 0.3011050927839216
obc 1 4.605170185988092 4.605170185988092
obcs 1 4.605170185988092 4.605170185988092
objectionable 1 4.605170185988092 4.605170185988092
observed 1 2.5257286443082556 2.5257286443082556
oct 1 2.5257286443082556 2.5257286443082556
october 1 0.28768207245178085 0.28768207245178085
office 1 1.1086626245216111 1.1086626245216111
official 1 0.7550225842780328 0.7550225842780328
ollibeforecontent 1 0.127833371509885 0.127833371509885
one 1 0.23572233352106994 0.23572233352106994
opined 1 3.506557897319982 3.506557897319982
opinion 1 2.120263536200091 2.120263536200091
opposition 1 1.9661128563728327 1.9661128563728327
organisation 0 2.302585092994046 0.0
organisational 1 3.912023005428146 3.912023005428146
organization 1 0.0 0.0
organizationname 1 0.010050335853501506 0.010050335853501506
original 1 0.4155154439616658 0.4155154439616658
others 1 1.1394342831883648 1.1394342831883648
otherwise 1 3.2188758248682006 3.2188758248682006
padrauna 1 4.605170185988092 4.605170185988092
page 1 0.0 0.0
pal 1 3.506557897319982 3.506557897319982
panchayati 1 4.605170185988092 4.605170185988092
pankaj 1 4.605170185988092 4.605170185988092
parent 0 1.9661128563728327 0.0
parliament 1 2.407945608651872 2.407945608651872
party 1 1.2378743560016172 1.2378743560016172
pathak 1 4.605170185988092 4.605170185988092
pdf 1 1.0498221244986776 1.0498221244986776
pdfprintable 1 0.0 0.0
people 1 0.49429632181478017 0.49429632181478017
percent 1 2.8134107167600364 2.8134107167600364
permanent 1 0.0 0.0
personal 1 0.0 0.0
pervez 1 4.605170185988092 4.605170185988092
pilgrimage 1 3.506557897319982 3.506557897319982
plotting 1 4.605170185988092 4.605170185988092
polarise 1 4.605170185988092 4.605170185988092
policy 1 0.0 0.0
political 1 1.3470736479666094 1.3470736479666094
politician 1 1.8971199848858813 1.8971199848858813
politics 1 1.9661128563728327 1.9661128563728327
poll 0 2.659260036932778 0.0
polled 1 4.605170185988092 4.605170185988092
popular 1 1.4696759700589417 1.4696759700589417
popularity 1 2.8134107167600364 2.8134107167600364
portal 1 0.0 0.0
portfolio 1 3.912023005428146 3.912023005428146
position 1 1.1394342831883648 1.1394342831883648
post 1 1.07880966137193 1.07880966137193
poverty 1 3.506557897319982 3.506557897319982
power 1 1.0216512475319812 1.0216512475319812
pradesh 1 4.605170185988092 4.605170185988092
prasad 1 3.912023005428146 3.912023005428146
pratap 1 3.912023005428146 3.912023005428146
pratapgarh 1 4.605170185988092 4.605170185988092
preceded 1 2.302585092994046 2.302585092994046
preferred 1 3.506557897319982 3.506557897319982
presented 1 1.9661128563728327 1.9661128563728327
president 1 1.3470736479666094 1.3470736479666094
press 1 0.7550225842780328 0.7550225842780328
previously 1 1.8971199848858813 1.8971199848858813
priest 1 2.207274913189721 2.207274913189721
primary 1 2.0402208285265546 2.0402208285265546
prime 1 2.0402208285265546 2.0402208285265546
printbodyns 1 0.09431067947124142 0.09431067947124142
printexport 1 0.0 0.0
privacy 1 0.0 0.0
proceeding 1 3.2188758248682006 3.2188758248682006
profile 1 2.0402208285265546 2.0402208285265546
prohibition 1 4.605170185988092 4.605170185988092
project 0 0.0 0.0
promoted 1 2.407945608651872 2.407945608651872
promotes 1 4.605170185988092 4.605170185988092
promoting 1 3.506557897319982 3.506557897319982
pti 1 4.605170185988092 4.605170185988092
public 1 0.9675840262617057 0.9675840262617057
qazi 1 4.605170185988092 4.605170185988092
quint 1 4.605170185988092 4.605170185988092
quits 1 3.912023005428146 3.912023005428146
raebareli 1 4.605170185988092 4.605170185988092
raj 1 3.912023005428146 3.912023005428146
rajbhar 1 4.605170185988092 4.605170185988092
rajendra 1 3.912023005428146 3.912023005428146
rajesh 1 3.506557897319982 3.506557897319982
rajudas 1 4.605170185988092 4.605170185988092
rally 1 2.659260036932778 2.659260036932778
ram 1 2.995732273553991 2.995732273553991
ramabai 1 4.605170185988092 4.605170185988092
ramapati 1 4.605170185988092 4.605170185988092
ramcharitmanas 1 4.605170185988092 4.605170185988092
rana 1 3.506557897319982 3.506557897319982
random 1 0.0 0.0
ranjan 1 4.605170185988092 4.605170185988092
rashtriya 1 4.605170185988092 4.605170185988092
ratanjit 1 4.605170185988092 4.605170185988092
read 1 0.0 0.0
rebel 1 2.8134107167600364 2.8134107167600364
recent 1 0.0 0.0
reference 0 0.03045920748470844 0.0
reflist 1 0.06187540371808745 0.06187540371808745
reflistcolumns 1 0.06187540371808745 0.06187540371808745
reg 1 0.0 0.0
registered 1 0.0 0.0
relate 1 3.912023005428146 3.912023005428146
related 1 0.0 0.0
relationship 1 1.8971199848858813 1.8971199848858813
released 1 1.2729656758128876 1.2729656758128876
religion 1 2.207274913189721 2.207274913189721
religious 1 2.0402208285265546 2.0402208285265546
remark 0 3.506557897319982 0.0
reply 1 3.506557897319982 3.506557897319982
reported 1 1.8325814637483102 1.8325814637483102
reporting 1 2.8134107167600364 2.8134107167600364
represented 1 1.7719568419318754 1.7719568419318754
rescue 1 2.659260036932778 2.659260036932778
residence 1 2.5257286443082556 2.5257286443082556
resigned 1 2.995732273553991 2.995732273553991
resigning 1 3.912023005428146 3.912023005428146
response 1 2.120263536200091 2.120263536200091
result 0 0.9942522733438669 0.0
retrieved 1 0.0 0.0
revenue 1 2.8134107167600364 2.8134107167600364
richa 1 4.605170185988092 4.605170185988092
robust 1 3.506557897319982 3.506557897319982
roli 1 4.605170185988092 4.605170185988092
room 1 2.207274913189721 2.207274913189721
row 1 2.302585092994046 2.302585092994046
run 1 1.171182981502945 1.171182981502945
rural 1 2.8134107167600364 2.8134107167600364
sabha 1 4.605170185988092 4.605170185988092
sacrilege 1 4.605170185988092 4.605170185988092
saffron 1 4.605170185988092 4.605170185988092
said 1 1.5606477482646683 1.5606477482646683
samaj 1 4.605170185988092 4.605170185988092
samajwadi 1 4.605170185988092 4.605170185988092
sanghmitra 1 4.605170185988092 4.605170185988092
satish 1 3.912023005428146 3.912023005428146
say 0 1.7719568419318754 0.0
saying 1 1.8325814637483102 1.8325814637483102
scheduled 1 2.407945608651872 2.407945608651872
scheme 1 2.995732273553991 2.995732273553991
screen 1 0.010050335853501506 0.010050335853501506
search 1 0.0 0.0
seat 1 2.302585092994046 2.302585092994046
second 1 0.49429632181478017 0.49429632181478017
secretary 1 1.9661128563728327 1.9661128563728327
section 0 1.8325814637483102 0.0
secured 1 2.995732273553991 2.995732273553991
see 1 0.40047756659712536 0.40047756659712536
seer 0 4.605170185988092 0.0
sep 1 2.659260036932778 2.659260036932778
september 1 0.43078291609245434 0.43078291609245434
serving 1 2.120263536200091 2.120263536200091
setback 1 3.912023005428146 3.912023005428146
seth 1 2.8134107167600364 2.8134107167600364
several 1 0.8209805520698303 0.8209805520698303
sewayojanupnicin 1 4.605170185988092 4.605170185988092
shah 1 2.8134107167600364 2.8134107167600364
shahi 1 4.605170185988092 4.605170185988092
shakti 1 4.605170185988092 4.605170185988092
shankaracharya 1 4.605170185988092 4.605170185988092
share 1 0.0 0.0
sharma 1 3.912023005428146 3.912023005428146
sharmavte 1 4.605170185988092 4.605170185988092
shastri 1 3.912023005428146 3.912023005428146
shiva 1 3.912023005428146 3.912023005428146
shivaji 1 4.605170185988092 4.605170185988092
short 1 0.06187540371808745 0.06187540371808745
shortdescription 1 0.2613647641344075 0.2613647641344075
shortened 1 0.0 0.0
shoshit 1 4.605170185988092 4.605170185988092
shrikant 1 4.605170185988092 4.605170185988092
shudra 1 4.605170185988092 4.605170185988092
siddiqui 1 4.605170185988092 4.605170185988092
sidebar 1 0.0 0.0
since 1 0.7985076962177716 0.7985076962177716
singh 1 2.8134107167600364 2.8134107167600364
site 1 0.0 0.0
smt 1 4.605170185988092 4.605170185988092
social 1 1.3093333199837622 1.3093333199837622
society 1 1.4271163556401458 1.4271163556401458
solid 1 0.09431067947124142 0.09431067947124142
son 1 1.3093333199837622 1.3093333199837622
source 0 0.5798184952529422 0.0
special 1 0.0 0.0
spouse 1 2.8134107167600364 2.8134107167600364
sps 1 4.605170185988092 4.605170185988092
stand 1 2.120263536200091 2.120263536200091
standard 1 1.6607312068216509 1.6607312068216509
stated 1 2.120263536200091 2.120263536200091
statement 1 0.0 0.0
statistic 0 0.0 0.0
stay 0 2.0402208285265546 0.0
stayed 1 3.912023005428146 3.912023005428146
stint 1 3.506557897319982 3.506557897319982
stoking 1 4.605170185988092 4.605170185988092
strong 1 1.6607312068216509 1.6607312068216509
stronghold 1 3.506557897319982 3.506557897319982
subsequently 1 2.407945608651872 2.407945608651872
succeeded 1 2.120263536200091 2.120263536200091
sugarcane 1 4.605170185988092 4.605170185988092
supporter 0 2.659260036932778 0.0
supreme 1 2.120263536200091 2.120263536200091
supremo 1 4.605170185988092 4.605170185988092
surendra 1 4.605170185988092 4.605170185988092
suresh 1 3.912023005428146 3.912023005428146
survey 1 2.5257286443082556 2.5257286443082556
surveyed 1 3.912023005428146 3.912023005428146
surya 1 4.605170185988092 4.605170185988092
swami 1 4.605170185988092 4.605170185988092
swarnkar 1 4.605170185988092 4.605170185988092
syndicate 1 3.912023005428146 3.912023005428146
table 1 0.0 0.0
talk 1 0.0 0.0
talking 1 2.8134107167600364 2.8134107167600364
tandan 1 4.605170185988092 4.605170185988092
tandem 1 3.912023005428146 3.912023005428146
tdhlist 1 0.1392620673335076 0.1392620673335076
technical 1 2.5257286443082556 2.5257286443082556
template 1 0.0 0.0
temple 1 2.5257286443082556 2.5257286443082556
ten 1 1.5141277326297755 1.5141277326297755
term 0 0.0 0.0
terrorist 1 3.912023005428146 3.912023005428146
text 1 0.0 0.0
thanked 1 3.506557897319982 3.506557897319982
thbodyskinresponsive 1 0.3147107448397002 0.3147107448397002
three 1 0.5798184952529422 0.5798184952529422
ticket 1 2.995732273553991 2.995732273553991
till 1 2.302585092994046 2.302585092994046
tilldate 1 4.605170185988092 4.605170185988092
time 1 0.28768207245178085 0.28768207245178085
title 1 0.9162907318741551 0.9162907318741551
tiwari 1 4.605170185988092 4.605170185988092
today 1 1.4696759700589417 1.4696759700589417
toggle 1 0.010050335853501506 0.010050335853501506
told 1 2.302585092994046 2.302585092994046
tool 0 0.0 0.0
top 1 0.010050335853501506 0.010050335853501506
topic 1 0.0 0.0
total 1 0.0 0.0
tracking 1 4.605170185988092 4.605170185988092
trademark 1 0.0 0.0
transport 1 2.5257286443082556 2.5257286443082556
tribal 1 4.605170185988092 4.605170185988092
tribals 1 4.605170185988092 4.605170185988092
trust 1 2.995732273553991 2.995732273553991
turncoat 1 4.605170185988092 4.605170185988092
twice 1 2.120263536200091 2.120263536200091
twitter 1 2.5257286443082556 2.5257286443082556
two 1 0.43078291609245434 0.43078291609245434
ulpaddingem 1 0.1392620673335076 0.1392620673335076
unchahar 1 4.605170185988092 4.605170185988092
undertook 1 3.506557897319982 3.506557897319982
undignified 1 4.605170185988092 4.605170185988092
unit 1 2.207274913189721 2.207274913189721
university 1 0.616186139423817 0.616186139423817
unsuccessfully 1 3.912023005428146 3.912023005428146
upbocwin 1 4.605170185988092 4.605170185988092
uplabourgovin 1 4.605170185988092 4.605170185988092
upload 1 0.0 0.0
upon 1 1.2729656758128876 1.2729656758128876
upper 1 2.0402208285265546 2.0402208285265546
ups 1 3.912023005428146 3.912023005428146
urban 1 2.120263536200091 2.120263536200091
use 1 0.0 0.0
using 1 0.0 0.0
utc 1 0.0 0.0
utkrisht 1 4.605170185988092 4.605170185988092
utkrist 1 4.605170185988092 4.605170185988092
uttar 1 4.605170185988092 4.605170185988092
var 1 0.0 0.0
various 1 1.5141277326297755 1.5141277326297755
verma 1 3.912023005428146 3.912023005428146
verse 0 2.5257286443082556 0.0
version 1 0.0 0.0
veteran 0 2.5257286443082556 0.0
vhp 1 4.605170185988092 4.605170185988092
vidhan 1 4.605170185988092 4.605170185988092
view 1 0.0 0.0
village 1 2.659260036932778 2.659260036932778
vote 1 2.5257286443082556 2.5257286443082556
voter 0 3.506557897319982 0.0
voting 1 3.2188758248682006 3.2188758248682006
waqf 1 4.605170185988092 4.605170185988092
weapon 0 2.8134107167600364 0.0
web 1 1.4696759700589417 1.4696759700589417
website 1 1.6094379124341003 1.6094379124341003
wedge 1 3.912023005428146 3.912023005428146
welcoming 1 4.605170185988092 4.605170185988092
welfare 1 2.8134107167600364 2.8134107167600364
well 1 0.7765287894989963 0.7765287894989963
whether 1 2.302585092994046 2.302585092994046
wikidata 1 0.010050335853501506 0.010050335853501506
wikimedia 1 0.0 0.0
wikipedia 1 0.0 0.0
wire 1 3.506557897319982 3.506557897319982
within 1 1.3862943611198906 1.3862943611198906
woman 0 1.171182981502945 0.0
work 1 0.7133498878774648 0.7133498878774648
worker 0 2.0402208285265546 0.0
would 1 0.7550225842780328 0.7550225842780328
wrapflex 1 3.506557897319982 3.506557897319982
written 1 0.9416085398584451 0.9416085398584451
yadav 1 3.912023005428146 3.912023005428146
yadavs 1 4.605170185988092 4.605170185988092
yogi 1 3.2188758248682006 3.2188758248682006
yogiministry 1 4.605170185988092 4.605170185988092
