aabborderleftpx 1 1.6607312068216509 1.6607312068216509
abides 1 4.605170185988092 4.605170185988092
able 1 1.7719568419318754 1.7719568419318754
aboi 1 4.605170185988092 4.605170185988092
abolishing 1 4.605170185988092 4.605170185988092
abortion 1 3.506557897319982 3.506557897319982
abuse 1 2.5257286443082556 2.5257286443082556
academic 1 1.8971199848858813 1.8971199848858813
accident 1 2.407945608651872 2.407945608651872
according 1 1.3093333199837622 1.3093333199837622
account 1 0.0 0.0
accounting 1 2.995732273553991 2.995732273553991
accuse 1 4.605170185988092 4.605170185988092
accused 1 2.995732273553991 2.995732273553991
acknowledged 1 4.605170185988092 4.605170185988092
action 0 0.0 0.0
activist 1 2.407945608651872 2.407945608651872
acute 1 3.506557897319982 3.506557897319982
add 1 0.0 0.0
additional 1 0.0 0.0
adequately 1 4.605170185988092 4.605170185988092
administration 1 2.120263536200091 2.120263536200091
administrative 1 2.995732273553991 2.995732273553991
admits 1 3.506557897319982 3.506557897319982
admitted 1 2.659260036932778 2.659260036932778
adopted 1 2.207274913189721 2.207274913189721
adrian 1 2.995732273553991 2.995732273553991
adult 1 2.659260036932778 2.659260036932778
advance 1 2.5257286443082556 2.5257286443082556
advertising 1 2.8134107167600364 2.8134107167600364
advocacy 1 3.912023005428146 3.912023005428146
affair 0 1.6094379124341003 0.0
affirming 1 4.605170185988092 4.605170185988092
aftercare 1 4.605170185988092 4.605170185988092
age 1 0.7985076962177716 0.7985076962177716
agency 1 2.120263536200091 2.120263536200091
agree 1 0.0 0.0
agreed 1 2.659260036932778 2.659260036932778
agreement 1 2.5257286443082556 2.5257286443082556
agriculture 1 2.5257286443082556 2.5257286443082556
ahmad 1 3.2188758248682006 3.2188758248682006
aid 1 2.0402208285265546 2.0402208285265546
air 1 1.8971199848858813 1.8971199848858813
airport 0 3.506557897319982 0.0
aksu 1 3.912023005428146 3.912023005428146
alarmed 1 4.605170185988092 4.605170185988092
alexis 1 3.2188758248682006 3.2188758248682006
alican 1 4.605170185988092 4.605170185988092
alike 1 0.0 0.0
allegation 0 3.2188758248682006 0.0
alleged 1 2.8134107167600364 2.8134107167600364
alleging 1 3.2188758248682006 3.2188758248682006
allocation 1 3.506557897319982 3.506557897319982
allogeneic 1 4.605170185988092 4.605170185988092
allotransplantation 1 4.605170185988092 4.605170185988092
allow 1 2.207274913189721 2.207274913189721
allowed 1 1.7719568419318754 1.7719568419318754
allows 1 2.5257286443082556 2.5257286443082556
alluded 1 4.605170185988092 4.605170185988092
alone 1 2.5257286443082556 2.5257286443082556
along 1 1.4696759700589417 1.4696759700589417
also 1 0.127833371509885 0.127833371509885
altered 1 4.605170185988092 4.605170185988092
although 1 1.4696759700589417 1.4696759700589417
ambox 1 1.6607312068216509 1.6607312068216509
amboxborderpx 1 1.6607312068216509 1.6607312068216509
amboxmargin 1 1.6607312068216509 1.6607312068216509
america 1 0.8675005677047231 0.8675005677047231
american 1 0.5276327420823719 0.5276327420823719
amnesty 1 3.2188758248682006 3.2188758248682006
among 1 1.2378743560016172 1.2378743560016172
amp 1 0.4620354595965586 0.4620354595965586
analysis 1 2.120263536200091 2.120263536200091
analyst 1 3.506557897319982 3.506557897319982
analyzed 1 3.912023005428146 3.912023005428146
anatomy 1 3.912023005428146 3.912023005428146
ancient 1 2.302585092994046 2.302585092994046
andr 1 2.8134107167600364 2.8134107167600364
andrea 1 2.8134107167600364 2.8134107167600364
annie 1 2.995732273553991 2.995732273553991
annika 1 3.912023005428146 3.912023005428146
announced 1 1.2039728043259361 1.2039728043259361
announcement 1 2.302585092994046 2.302585092994046
annual 1 1.6607312068216509 1.6607312068216509
annually 1 3.2188758248682006 3.2188758248682006
anomalous 1 3.912023005428146 3.912023005428146
another 1 0.9675840262617057 0.9675840262617057
answering 1 4.605170185988092 4.605170185988092
anthem 1 3.506557897319982 3.506557897319982
anthony 1 1.5141277326297755 1.5141277326297755
anu 1 4.605170185988092 4.605170185988092
appear 1 2.407945608651872 2.407945608651872
appearance 1 0.0 0.0
appendix 1 3.912023005428146 3.912023005428146
application 1 2.0402208285265546 2.0402208285265546
apply 1 0.0 0.0
applying 1 3.912023005428146 3.912023005428146
approval 1 3.506557897319982 3.506557897319982
approved 1 2.659260036932778 2.659260036932778
approximately 1 2.407945608651872 2.407945608651872
april 1 0.44628710262841953 0.44628710262841953
aquaculture 1 3.912023005428146 3.912023005428146
archaeology 1 3.912023005428146 3.912023005428146
architecture 1 2.5257286443082556 2.5257286443082556
archive 0 1.6094379124341003 0.0
archived 1 0.47803580094299974 0.47803580094299974
area 0 1.2729656758128876 0.0
argued 1 2.8134107167600364 2.8134107167600364
arising 1 4.605170185988092 4.605170185988092
armed 1 2.5257286443082556 2.5257286443082556
army 1 1.6094379124341003 1.6094379124341003
around 1 1.0216512475319812 1.0216512475319812
arriving 1 3.506557897319982 3.506557897319982
art 1 1.2039728043259361 1.2039728043259361
artefact 0 4.605170185988092 0.0
arthur 1 1.7147984280919266 1.7147984280919266
article 1 0.0 0.0
asia 1 2.407945608651872 2.407945608651872
asiatic 1 3.506557897319982 3.506557897319982
asserted 1 3.506557897319982 3.506557897319982
assistant 1 1.7147984280919266 1.7147984280919266
assisted 1 2.995732273553991 2.995732273553991
association 1 1.1394342831883648 1.1394342831883648
assurance 0 3.506557897319982 0.0
asylum 1 3.2188758248682006 3.2188758248682006
asylumseeking 1 4.605170185988092 4.605170185988092
atrocity 0 3.506557897319982 0.0
attach 1 4.605170185988092 4.605170185988092
attempt 0 1.6607312068216509 0.0
attention 1 2.302585092994046 2.302585092994046
attribution 1 0.0 0.0
august 1 0.3424903089467759 0.3424903089467759
auspex 0 3.506557897319982 0.0
australia 1 1.4696759700589417 1.4696759700589417
australian 1 1.9661128563728327 1.9661128563728327
author 1 1.8971199848858813 1.8971199848858813
authority 1 0.8915981192837835 0.8915981192837835
auto 1 0.1392620673335076 0.1392620673335076
automotive 1 3.2188758248682006 3.2188758248682006
autonomy 1 4.605170185988092 4.605170185988092
autotransplantation 1 4.605170185988092 4.605170185988092
autumn 1 2.995732273553991 2.995732273553991
available 1 0.0 0.0
avian 1 4.605170185988092 4.605170185988092
aviation 1 3.2188758248682006 3.2188758248682006
award 0 1.171182981502945 0.0
away 1 1.5606477482646683 1.5606477482646683
background 1 1.7147984280919266 1.7147984280919266
bahasa 1 1.8325814637483102 1.8325814637483102
bai 1 4.605170185988092 4.605170185988092
balanced 1 3.912023005428146 3.912023005428146
ban 1 2.8134107167600364 2.8134107167600364
bank 1 2.0402208285265546 2.0402208285265546
banking 1 2.995732273553991 2.995732273553991
banned 1 2.995732273553991 2.995732273553991
banning 1 4.605170185988092 4.605170185988092
barbara 1 2.302585092994046 2.302585092994046
barefoot 1 3.506557897319982 3.506557897319982
barnard 1 3.912023005428146 3.912023005428146
based 1 1.07880966137193 1.07880966137193
baseline 1 4.605170185988092 4.605170185988092
batha 1 4.605170185988092 4.605170185988092
bay 0 1.6094379124341003 0.0
bbc 1 2.5257286443082556 2.5257286443082556
bear 1 2.302585092994046 2.302585092994046
beast 0 2.995732273553991 0.0
beauty 0 2.207274913189721 0.0
became 1 0.7133498878774648 0.7133498878774648
become 1 1.2378743560016172 1.2378743560016172
bed 1 2.659260036932778 2.659260036932778
bedevil 1 4.605170185988092 4.605170185988092
began 1 0.8675005677047231 0.8675005677047231
beginning 1 1.6607312068216509 1.6607312068216509
behind 1 1.8971199848858813 1.8971199848858813
beijing 1 3.506557897319982 3.506557897319982
believed 1 2.120263536200091 2.120263536200091
bellagio 1 4.605170185988092 4.605170185988092
beyond 1 2.407945608651872 2.407945608651872
big 1 1.3862943611198906 1.3862943611198906
bin 1 3.912023005428146 3.912023005428146
bioethics 1 4.605170185988092 4.605170185988092
biomedical 1 4.605170185988092 4.605170185988092
biosphere 1 4.605170185988092 4.605170185988092
biotechnology 1 3.912023005428146 3.912023005428146
black 1 0.8915981192837835 0.8915981192837835
block 1 2.407945608651872 2.407945608651872
blood 1 2.302585092994046 2.302585092994046
bloody 1 4.605170185988092 4.605170185988092
blueear 1 4.605170185988092 4.605170185988092
bmc 1 4.605170185988092 4.605170185988092
bmj 1 4.605170185988092 4.605170185988092
bodily 1 4.605170185988092 4.605170185988092
body 1 1.4271163556401458 1.4271163556401458
bodymediawiki 1 1.6607312068216509 1.6607312068216509
bohai 1 4.605170185988092 4.605170185988092
bone 1 2.995732273553991 2.995732273553991
book 1 0.6348782724359695 0.6348782724359695
boost 1 3.912023005428146 3.912023005428146
border 1 2.8134107167600364 2.8134107167600364
boycott 1 3.2188758248682006 3.2188758248682006
brain 1 2.995732273553991 2.995732273553991
braindead 1 4.605170185988092 4.605170185988092
braindeath 1 4.605170185988092 4.605170185988092
brainwashing 1 4.605170185988092 4.605170185988092
brazil 1 2.120263536200091 2.120263536200091
breathing 1 4.605170185988092 4.605170185988092
breitbart 1 4.605170185988092 4.605170185988092
brief 1 2.407945608651872 2.407945608651872
brigade 1 3.506557897319982 3.506557897319982
british 1 1.5606477482646683 1.5606477482646683
broadcasting 1 2.659260036932778 2.659260036932778
brokerage 1 3.506557897319982 3.506557897319982
brook 0 2.659260036932778 0.0
bruce 1 2.120263536200091 2.120263536200091
brussels 1 3.912023005428146 3.912023005428146
brutal 1 3.912023005428146 3.912023005428146
buddhism 1 3.506557897319982 3.506557897319982
built 1 1.6607312068216509 1.6607312068216509
burn 0 2.302585092994046 0.0
business 1 1.6094379124341003 1.6094379124341003
buy 1 2.5257286443082556 2.5257286443082556
buyer 0 3.506557897319982 0.0
bypass 1 4.605170185988092 4.605170185988092
cachinaembassyorg 1 4.605170185988092 4.605170185988092
calgary 1 3.506557897319982 3.506557897319982
call 0 1.7719568419318754 0.0
called 1 0.8209805520698303 0.8209805520698303
calligraphy 1 4.605170185988092 4.605170185988092
calum 1 4.605170185988092 4.605170185988092
came 1 1.6094379124341003 1.6094379124341003
camp 0 2.120263536200091 0.0
campaign 1 1.6607312068216509 1.6607312068216509
canada 1 1.4696759700589417 1.4696759700589417
canadian 1 1.9661128563728327 1.9661128563728327
canal 0 3.506557897319982 0.0
canberra 1 4.605170185988092 4.605170185988092
cancer 1 2.659260036932778 2.659260036932778
canyon 0 2.8134107167600364 0.0
caplan 1 3.912023005428146 3.912023005428146
cardiothoracic 1 4.605170185988092 4.605170185988092
cardiovascular 1 3.912023005428146 3.912023005428146
care 1 2.120263536200091 2.120263536200091
carrel 1 4.605170185988092 4.605170185988092
carried 1 2.659260036932778 2.659260036932778
case 1 1.3862943611198906 1.3862943611198906
cast 0 1.8971199848858813 0.0
casting 1 2.8134107167600364 2.8134107167600364
category 1 0.0 0.0
catholic 1 2.207274913189721 2.207274913189721
cave 0 2.8134107167600364 0.0
cctvnews 1 4.605170185988092 4.605170185988092
cease 1 3.912023005428146 3.912023005428146
cell 1 2.995732273553991 2.995732273553991
censorship 1 3.2188758248682006 3.2188758248682006
cent 1 3.912023005428146 3.912023005428146
center 1 1.171182981502945 1.171182981502945
centerpx 1 0.0408219945202552 0.0408219945202552
central 1 1.07880966137193 1.07880966137193
centralized 1 4.605170185988092 4.605170185988092
centre 1 2.0402208285265546 2.0402208285265546
century 1 1.3470736479666094 1.3470736479666094
certified 1 2.995732273553991 2.995732273553991
cessation 1 3.912023005428146 3.912023005428146
cgtn 1 4.605170185988092 4.605170185988092
chained 1 4.605170185988092 4.605170185988092
chairman 1 1.8325814637483102 1.8325814637483102
chamber 0 2.995732273553991 0.0
change 1 0.0 0.0
chao 1 4.605170185988092 4.605170185988092
characteristic 0 2.5257286443082556 0.0
characterized 1 2.659260036932778 2.659260036932778
charge 1 2.0402208285265546 2.0402208285265546
charles 1 1.171182981502945 1.171182981502945
cheek 1 4.605170185988092 4.605170185988092
chemical 1 3.2188758248682006 3.2188758248682006
chen 1 3.912023005428146 3.912023005428146
cheng 1 3.506557897319982 3.506557897319982
chicago 1 1.8971199848858813 1.8971199848858813
chief 1 1.3862943611198906 1.3862943611198906
chin 1 3.912023005428146 3.912023005428146
china 1 2.0402208285265546 2.0402208285265546
chinaarticles 1 4.605170185988092 4.605170185988092
chinatopics 1 4.605170185988092 4.605170185988092
chinese 1 2.5257286443082556 2.5257286443082556
chineselanguage 1 3.506557897319982 3.506557897319982
christiaan 1 4.605170185988092 4.605170185988092
christian 0 1.4696759700589417 0.0
christianity 1 2.659260036932778 2.659260036932778
chronic 1 3.506557897319982 3.506557897319982
church 1 1.6607312068216509 1.6607312068216509
cinema 1 3.506557897319982 3.506557897319982
circulating 1 4.605170185988092 4.605170185988092
circumstantial 1 4.605170185988092 4.605170185988092
citation 1 0.0408219945202552 0.0408219945202552
cite 1 0.0 0.0
citenews 1 1.5606477482646683 1.5606477482646683
citeweb 1 0.5447271754416719 0.5447271754416719
citizen 1 1.9661128563728327 1.9661128563728327
city 1 0.6348782724359695 0.6348782724359695
civil 1 1.7719568419318754 1.7719568419318754
civilian 1 2.407945608651872 2.407945608651872
claim 1 2.0402208285265546 2.0402208285265546
claimed 1 2.207274913189721 2.207274913189721
cleanup 1 3.912023005428146 3.912023005428146
cleave 1 4.605170185988092 4.605170185988092
clifford 1 2.5257286443082556 2.5257286443082556
climate 1 2.995732273553991 2.995732273553991
clinical 1 3.506557897319982 3.506557897319982
coal 1 3.2188758248682006 3.2188758248682006
coast 1 2.207274913189721 2.207274913189721
code 1 0.0 0.0
coerced 1 4.605170185988092 4.605170185988092
collection 1 1.8971199848858813 1.8971199848858813
college 1 1.1394342831883648 1.1394342831883648
colvin 1 3.912023005428146 3.912023005428146
combat 1 2.120263536200091 2.120263536200091
commerce 1 2.5257286443082556 2.5257286443082556
commercial 1 2.0402208285265546 2.0402208285265546
commission 1 1.7147984280919266 1.7147984280919266
commissioner 1 2.659260036932778 2.659260036932778
committed 1 2.995732273553991 2.995732273553991
committee 1 1.6607312068216509 1.6607312068216509
common 0 0.0 0.0
communism 1 3.2188758248682006 3.2188758248682006
communist 1 2.407945608651872 2.407945608651872
community 1 1.6094379124341003 1.6094379124341003
compactambox 1 3.912023005428146 3.912023005428146
compared 1 2.120263536200091 2.120263536200091
comparison 1 3.506557897319982 3.506557897319982
compelling 1 4.605170185988092 4.605170185988092
completing 1 3.2188758248682006 3.2188758248682006
complex 1 2.302585092994046 2.302585092994046
complicated 1 2.659260036932778 2.659260036932778
complication 0 3.912023005428146 0.0
complicit 1 4.605170185988092 4.605170185988092
computerbased 1 4.605170185988092 4.605170185988092
concern 1 3.912023005428146 3.912023005428146
concluded 1 3.2188758248682006 3.2188758248682006
conclusion 1 2.8134107167600364 2.8134107167600364
condemn 1 3.912023005428146 3.912023005428146
condemned 1 3.912023005428146 3.912023005428146
conduct 1 0.0 0.0
conducted 1 2.5257286443082556 2.5257286443082556
conference 1 1.3862943611198906 1.3862943611198906
confirmed 1 2.207274913189721 2.207274913189721
conformity 1 4.605170185988092 4.605170185988092
confucianism 1 4.605170185988092 4.605170185988092
congress 1 1.7147984280919266 1.7147984280919266
congressional 1 2.8134107167600364 2.8134107167600364
conscience 1 4.605170185988092 4.605170185988092
consent 1 3.912023005428146 3.912023005428146
consider 1 2.407945608651872 2.407945608651872
consideration 0 3.506557897319982 0.0
constitutes 1 4.605170185988092 4.605170185988092
constitution 1 2.5257286443082556 2.5257286443082556
consultative 1 4.605170185988092 4.605170185988092
contact 1 0.0 0.0
containing 1 1.4271163556401458 1.4271163556401458
content 1 0.0 0.0
context 1 0.010050335853501506 0.010050335853501506
continues 1 2.302585092994046 2.302585092994046
continuing 1 2.207274913189721 2.207274913189721
contradictory 1 4.605170185988092 4.605170185988092
contribute 1 0.0 0.0
contribution 0 0.0 0.0
control 1 0.7765287894989963 0.7765287894989963
convened 1 4.605170185988092 4.605170185988092
convenience 1 3.912023005428146 3.912023005428146
convicted 1 2.995732273553991 2.995732273553991
cookie 1 0.0 0.0
cookiematch 1 0.0 0.0
coonan 1 4.605170185988092 4.605170185988092
cooper 1 2.120263536200091 2.120263536200091
cooperation 1 2.5257286443082556 2.5257286443082556
coordinated 1 4.605170185988092 4.605170185988092
copy 1 1.9661128563728327 1.9661128563728327
cornea 0 4.605170185988092 0.0
corneal 1 4.605170185988092 4.605170185988092
cornell 1 3.2188758248682006 3.2188758248682006
corporation 1 1.8971199848858813 1.8971199848858813
corps 0 4.605170185988092 0.0
corresponded 1 4.605170185988092 4.605170185988092
corroborated 1 4.605170185988092 4.605170185988092
corruption 1 4.605170185988092 4.605170185988092
cost 0 2.0402208285265546 0.0
council 1 1.4696759700589417 1.4696759700589417
counterlistitema 1 0.127833371509885 0.127833371509885
countriessuch 1 4.605170185988092 4.605170185988092
country 1 0.843970070294529 0.843970070294529
court 1 1.5141277326297755 1.5141277326297755
covered 1 2.995732273553991 2.995732273553991
covering 1 2.995732273553991 2.995732273553991
covid 1 3.2188758248682006 3.2188758248682006
crackdown 1 4.605170185988092 4.605170185988092
create 1 0.0 0.0
created 1 1.5606477482646683 1.5606477482646683
creative 1 0.0 0.0
credibility 1 4.605170185988092 4.605170185988092
credible 1 4.605170185988092 4.605170185988092
cremated 1 4.605170185988092 4.605170185988092
crematorium 1 4.605170185988092 4.605170185988092
crime 1 1.9661128563728327 1.9661128563728327
criminal 0 3.2188758248682006 0.0
crisis 1 2.302585092994046 2.302585092994046
criterion 0 3.2188758248682006 0.0
critic 0 1.9661128563728327 0.0
criticised 1 2.659260036932778 2.659260036932778
cross 1 1.8325814637483102 1.8325814637483102
crossing 0 3.912023005428146 0.0
csmaintcolorf 1 0.06187540371808745 0.06187540371808745
csmaintcolorfmedia 1 0.0408219945202552 0.0408219945202552
cswsicon 1 0.0408219945202552 0.0408219945202552
cuisine 1 3.912023005428146 3.912023005428146
cultural 1 2.5257286443082556 2.5257286443082556
culture 1 1.6094379124341003 1.6094379124341003
curb 1 4.605170185988092 4.605170185988092
currency 1 3.912023005428146 3.912023005428146
current 1 0.0 0.0
custom 0 2.995732273553991 0.0
cutting 1 3.912023005428146 3.912023005428146
cyberwarfare 1 4.605170185988092 4.605170185988092
cyclosporine 1 4.605170185988092 4.605170185988092
daily 1 1.4271163556401458 1.4271163556401458
damon 1 3.912023005428146 3.912023005428146
dance 1 2.407945608651872 2.407945608651872
danovitch 1 4.605170185988092 4.605170185988092
daopei 1 4.605170185988092 4.605170185988092
data 1 1.3862943611198906 1.3862943611198906
datasets 1 4.605170185988092 4.605170185988092
date 0 0.3147107448397002 0.0
dated 1 2.995732273553991 2.995732273553991
david 1 0.9942522733438669 0.9942522733438669
day 0 0.5276327420823719 0.0
daz 1 3.506557897319982 3.506557897319982
death 1 1.171182981502945 1.171182981502945
deathrow 1 4.605170185988092 4.605170185988092
deceased 1 2.995732273553991 2.995732273553991
december 1 0.37106368139083196 0.37106368139083196
declaration 1 3.506557897319982 3.506557897319982
declared 1 2.407945608651872 2.407945608651872
decline 1 2.5257286443082556 2.5257286443082556
defense 1 1.7719568419318754 1.7719568419318754
deficiency 1 3.912023005428146 3.912023005428146
del 1 2.302585092994046 2.302585092994046
deliberately 1 3.2188758248682006 3.2188758248682006
delmonico 1 4.605170185988092 4.605170185988092
delta 1 3.2188758248682006 3.2188758248682006
demand 1 2.407945608651872 2.407945608651872
demanded 1 2.995732273553991 2.995732273553991
demikhov 1 4.605170185988092 4.605170185988092
democracy 1 2.302585092994046 2.302585092994046
demographic 0 2.995732273553991 0.0
deng 1 4.605170185988092 4.605170185988092
denied 1 2.8134107167600364 2.8134107167600364
department 1 1.7719568419318754 1.7719568419318754
deputy 1 2.302585092994046 2.302585092994046
der 1 2.302585092994046 2.302585092994046
derived 1 2.659260036932778 2.659260036932778
described 1 1.5141277326297755 1.5141277326297755
description 1 0.07257069283483537 0.07257069283483537
desert 0 2.8134107167600364 0.0
despite 1 1.1394342831883648 1.1394342831883648
destiny 1 2.995732273553991 2.995732273553991
detailed 1 3.506557897319982 3.506557897319982
detainee 0 3.912023005428146 0.0
detention 1 3.912023005428146 3.912023005428146
deutsch 1 0.9416085398584451 0.9416085398584451
developer 0 0.0 0.0
development 1 1.3093333199837622 1.3093333199837622
diagnostic 1 4.605170185988092 4.605170185988092
dialysis 1 4.605170185988092 4.605170185988092
different 1 0.3424903089467759 0.3424903089467759
difficulty 1 2.995732273553991 2.995732273553991
diplomat 1 2.659260036932778 2.659260036932778
disappear 1 3.506557897319982 3.506557897319982
disaster 0 2.659260036932778 0.0
disclaimer 0 0.0 0.0
discovered 1 2.995732273553991 2.995732273553991
discovery 1 2.995732273553991 2.995732273553991
discrimination 1 3.506557897319982 3.506557897319982
discus 0 3.2188758248682006 0.0
discusses 1 3.506557897319982 3.506557897319982
discussion 0 2.8134107167600364 0.0
disease 1 2.5257286443082556 2.5257286443082556
diseaserelated 1 4.605170185988092 4.605170185988092
disorder 1 3.912023005428146 3.912023005428146
display 1 2.659260036932778 2.659260036932778
dissident 1 3.506557897319982 3.506557897319982
dkm 0 4.605170185988092 0.0
dmy 1 1.4271163556401458 1.4271163556401458
doctor 1 1.6607312068216509 1.6607312068216509
document 0 2.120263536200091 0.0
documentation 1 3.506557897319982 3.506557897319982
doi 1 2.0402208285265546 2.0402208285265546
doibmj 1 4.605170185988092 4.605170185988092
doibmjm 1 4.605170185988092 4.605170185988092
doijeururo 1 4.605170185988092 4.605170185988092
doiwjgvi 1 4.605170185988092 4.605170185988092
dominant 1 2.995732273553991 2.995732273553991
donate 1 0.0 0.0
donation 1 3.506557897319982 3.506557897319982
donationbased 1 4.605170185988092 4.605170185988092
donna 1 2.8134107167600364 2.8134107167600364
donor 1 3.506557897319982 3.506557897319982
dossetor 1 4.605170185988092 4.605170185988092
double 1 2.407945608651872 2.407945608651872
doubt 1 2.995732273553991 2.995732273553991
download 1 0.0 0.0
draft 1 2.5257286443082556 2.5257286443082556
drafting 1 3.912023005428146 3.912023005428146
draw 1 2.302585092994046 2.302585092994046
drawn 1 3.2188758248682006 3.2188758248682006
dream 1 2.0402208285265546 2.0402208285265546
driver 0 2.207274913189721 0.0
driving 1 2.302585092994046 2.302585092994046
drug 1 2.8134107167600364 2.8134107167600364
dtaftercontent 1 0.127833371509885 0.127833371509885
dubbio 1 4.605170185988092 4.605170185988092
dubernard 1 4.605170185988092 4.605170185988092
due 1 0.9416085398584451 0.9416085398584451
dust 1 3.912023005428146 3.912023005428146
dynasty 1 2.8134107167600364 2.8134107167600364
early 1 0.6348782724359695 0.6348782724359695
east 1 1.0498221244986776 1.0498221244986776
ecommerce 1 4.605170185988092 4.605170185988092
economic 1 1.7719568419318754 1.7719568419318754
economy 1 2.8134107167600364 2.8134107167600364
ed 0 2.120263536200091 0.0
edmonton 1 3.912023005428146 3.912023005428146
education 1 1.3470736479666094 1.3470736479666094
edward 1 1.5606477482646683 1.5606477482646683
effort 0 1.5141277326297755 0.0
election 0 1.9661128563728327 0.0
elizabeth 1 1.9661128563728327 1.9661128563728327
elliott 1 2.8134107167600364 2.8134107167600364
embassy 1 2.995732273553991 2.995732273553991
emblem 1 2.995732273553991 2.995732273553991
emerged 1 2.659260036932778 2.659260036932778
emigration 1 3.912023005428146 3.912023005428146
emma 1 2.8134107167600364 2.8134107167600364
employee 1 2.0402208285265546 2.0402208285265546
empty 1 2.407945608651872 2.407945608651872
enabled 1 3.506557897319982 3.506557897319982
encountering 1 3.506557897319982 3.506557897319982
encouraged 1 2.995732273553991 2.995732273553991
encyclopedia 1 0.0 0.0
endemann 1 4.605170185988092 4.605170185988092
endorsed 1 3.2188758248682006 3.2188758248682006
energy 1 1.6607312068216509 1.6607312068216509
enforce 1 3.912023005428146 3.912023005428146
enforcement 1 3.912023005428146 3.912023005428146
english 1 0.0 0.0
enterovirus 1 4.605170185988092 4.605170185988092
entirely 1 2.407945608651872 2.407945608651872
environment 1 2.407945608651872 2.407945608651872
environmental 1 2.8134107167600364 2.8134107167600364
equation 1 3.912023005428146 3.912023005428146
eradicate 1 4.605170185988092 4.605170185988092
espaol 1 1.1394342831883648 1.1394342831883648
essay 0 2.5257286443082556 0.0
established 1 1.1086626245216111 1.1086626245216111
establishment 0 1.9661128563728327 0.0
estate 1 2.120263536200091 2.120263536200091
estimate 0 3.506557897319982 0.0
etc 1 2.659260036932778 2.659260036932778
ethan 1 3.2188758248682006 3.2188758248682006
ethic 0 3.506557897319982 0.0
ethical 1 4.605170185988092 4.605170185988092
ethnic 1 3.2188758248682006 3.2188758248682006
eunuch 1 4.605170185988092 4.605170185988092
european 1 1.3093333199837622 1.3093333199837622
eurotransplant 1 4.605170185988092 4.605170185988092
eve 1 2.659260036932778 2.659260036932778
even 1 1.1394342831883648 1.1394342831883648
event 0 0.0 0.0
eviction 0 3.506557897319982 0.0
evidence 1 2.302585092994046 2.302585092994046
exam 0 3.912023005428146 0.0
examination 0 3.912023005428146 0.0
examining 1 4.605170185988092 4.605170185988092
except 1 2.659260036932778 2.659260036932778
executed 1 3.506557897319982 3.506557897319982
execution 1 2.995732273553991 2.995732273553991
executive 1 1.8325814637483102 1.8325814637483102
exp 1 0.0 0.0
expansion 1 2.0402208285265546 2.0402208285265546
expectancy 1 4.605170185988092 4.605170185988092
experience 1 1.8325814637483102 1.8325814637483102
experienced 1 2.659260036932778 2.659260036932778
experiment 0 2.5257286443082556 0.0
experimental 1 2.995732273553991 2.995732273553991
experimentation 1 4.605170185988092 4.605170185988092
expert 1 2.995732273553991 2.995732273553991
expertise 1 4.605170185988092 4.605170185988092
explain 1 3.912023005428146 3.912023005428146
explores 1 3.912023005428146 3.912023005428146
express 1 1.9661128563728327 1.9661128563728327
extensive 1 2.995732273553991 2.995732273553991
extent 1 2.5257286443082556 2.5257286443082556
extracting 1 4.605170185988092 4.605170185988092
extraction 1 4.605170185988092 4.605170185988092
extreme 1 2.8134107167600364 2.8134107167600364
extremely 1 2.995732273553991 2.995732273553991
extremism 1 4.605170185988092 4.605170185988092
eye 1 1.6607312068216509 1.6607312068216509
face 1 1.9661128563728327 1.9661128563728327
facilitated 1 4.605170185988092 4.605170185988092
facility 0 2.407945608651872 0.0
fact 0 1.5141277326297755 0.0
falsification 1 4.605170185988092 4.605170185988092
falsifying 1 4.605170185988092 4.605170185988092
falun 1 4.605170185988092 4.605170185988092
family 1 0.9162907318741551 0.9162907318741551
famous 1 2.659260036932778 2.659260036932778
fan 1 1.7147984280919266 1.7147984280919266
fangfang 1 4.605170185988092 4.605170185988092
far 1 1.6607312068216509 1.6607312068216509
fast 1 2.5257286443082556 2.5257286443082556
fate 1 2.407945608651872 2.407945608651872
fauna 1 3.506557897319982 3.506557897319982
favourably 1 4.605170185988092 4.605170185988092
february 1 0.27443684570176036 0.27443684570176036
fell 1 2.5257286443082556 2.5257286443082556
fiatarone 1 4.605170185988092 4.605170185988092
field 1 1.0498221244986776 1.0498221244986776
fifteen 1 3.506557897319982 3.506557897319982
figure 1 1.3470736479666094 1.3470736479666094
fikri 1 4.605170185988092 4.605170185988092
file 1 0.0 0.0
final 1 0.9942522733438669 0.9942522733438669
find 1 1.3093333199837622 1.3093333199837622
finding 0 1.9661128563728327 0.0
fine 0 2.5257286443082556 0.0
first 1 0.1508228897345837 0.1508228897345837
five 1 1.0216512475319812 1.0216512475319812
flag 1 1.7147984280919266 1.7147984280919266
flesh 1 2.995732273553991 2.995732273553991
flock 1 3.2188758248682006 3.2188758248682006
flora 1 4.605170185988092 4.605170185988092
flower 0 2.5257286443082556 0.0
flu 1 4.605170185988092 4.605170185988092
foe 0 2.995732273553991 0.0
folk 1 2.8134107167600364 2.8134107167600364
followed 1 1.3093333199837622 1.3093333199837622
following 1 0.7133498878774648 0.7133498878774648
food 1 1.9661128563728327 1.9661128563728327
force 1 1.2378743560016172 1.2378743560016172
forced 1 2.207274913189721 2.207274913189721
forcibly 1 3.506557897319982 3.506557897319982
foreign 1 1.8971199848858813 1.8971199848858813
foreigner 0 2.8134107167600364 0.0
formed 1 1.7719568419318754 1.7719568419318754
former 1 0.9675840262617057 0.9675840262617057
found 1 1.2039728043259361 1.2039728043259361
foundation 1 0.0 0.0
four 1 0.7985076962177716 0.7985076962177716
fourth 1 1.4696759700589417 1.4696759700589417
framework 1 3.912023005428146 3.912023005428146
france 0 1.2039728043259361 0.0
francis 1 1.6607312068216509 1.6607312068216509
frankenstein 0 3.912023005428146 0.0
free 1 0.0 0.0
freedom 1 2.302585092994046 2.302585092994046
french 1 1.3862943611198906 1.3862943611198906
front 1 1.7147984280919266 1.7147984280919266
fuelling 1 4.605170185988092 4.605170185988092
fujian 1 3.912023005428146 3.912023005428146
full 1 1.1086626245216111 1.1086626245216111
fund 0 2.407945608651872 0.0
fury 1 2.995732273553991 2.995732273553991
gabriel 1 2.659260036932778 2.659260036932778
gang 1 2.5257286443082556 2.5257286443082556
gareth 1 3.506557897319982 3.506557897319982
gastroenterology 1 4.605170185988092 4.605170185988092
gdp 1 4.605170185988092 4.605170185988092
general 1 0.0 0.0
geneva 1 3.2188758248682006 3.2188758248682006
gentleman 0 2.995732273553991 0.0
geography 1 3.506557897319982 3.506557897319982
geology 1 3.506557897319982 3.506557897319982
gerlin 1 4.605170185988092 4.605170185988092
get 1 0.0 0.0
getlen 1 4.605170185988092 4.605170185988092
getting 1 2.207274913189721 2.207274913189721
ghazali 1 4.605170185988092 4.605170185988092
gift 1 2.8134107167600364 2.8134107167600364
given 1 1.2378743560016172 1.2378743560016172
giving 1 2.207274913189721 2.207274913189721
global 1 1.7719568419318754 1.7719568419318754
globally 1 3.506557897319982 3.506557897319982
globe 1 2.995732273553991 2.995732273553991
go 0 2.120263536200091 0.0
gold 1 1.6094379124341003 1.6094379124341003
gone 1 2.659260036932778 2.659260036932778
gong 1 4.605170185988092 4.605170185988092
google 1 2.995732273553991 2.995732273553991
govcn 1 4.605170185988092 4.605170185988092
government 1 1.1086626245216111 1.1086626245216111
grafting 1 4.605170185988092 4.605170185988092
graftversushost 1 4.605170185988092 4.605170185988092
grassland 0 4.605170185988092 0.0
great 1 0.9675840262617057 0.9675840262617057
grew 1 2.302585092994046 2.302585092994046
grim 1 3.912023005428146 3.912023005428146
ground 1 1.8325814637483102 1.8325814637483102
group 1 0.8209805520698303 0.8209805520698303
grow 1 3.506557897319982 3.506557897319982
growing 1 2.5257286443082556 2.5257286443082556
growth 1 2.8134107167600364 2.8134107167600364
gruesome 1 4.605170185988092 4.605170185988092
guangzhou 1 4.605170185988092 4.605170185988092
guard 1 2.0402208285265546 2.0402208285265546
guardian 1 2.302585092994046 2.302585092994046
guide 1 1.8971199848858813 1.8971199848858813
guideline 1 2.8134107167600364 2.8134107167600364
guiding 1 4.605170185988092 4.605170185988092
guillermo 1 2.995732273553991 2.995732273553991
guo 1 4.605170185988092 4.605170185988092
guoqi 1 4.605170185988092 4.605170185988092
guoxing 1 4.605170185988092 4.605170185988092
gurgaon 1 4.605170185988092 4.605170185988092
gutmann 1 4.605170185988092 4.605170185988092
haaretz 1 3.912023005428146 3.912023005428146
haibo 1 4.605170185988092 4.605170185988092
halachic 1 4.605170185988092 4.605170185988092
hampered 1 4.605170185988092 4.605170185988092
han 1 2.407945608651872 2.407945608651872
hand 1 1.3862943611198906 1.3862943611198906
hangzhou 1 4.605170185988092 4.605170185988092
hard 1 2.302585092994046 2.302585092994046
hardy 1 3.912023005428146 3.912023005428146
harmonious 1 4.605170185988092 4.605170185988092
harold 1 2.659260036932778 2.659260036932778
harrison 1 2.302585092994046 2.302585092994046
harry 1 2.120263536200091 2.120263536200091
hartwell 1 4.605170185988092 4.605170185988092
harvest 1 3.912023005428146 3.912023005428146
harvested 1 4.605170185988092 4.605170185988092
harvesting 1 4.605170185988092 4.605170185988092
hatnote 1 0.843970070294529 0.843970070294529
hayes 1 2.5257286443082556 2.5257286443082556
head 1 1.1086626245216111 1.1086626245216111
health 1 1.6607312068216509 1.6607312068216509
healthcare 1 3.506557897319982 3.506557897319982
hear 1 3.2188758248682006 3.2188758248682006
hearing 1 2.8134107167600364 2.8134107167600364
hears 1 3.912023005428146 3.912023005428146
heart 1 1.4696759700589417 1.4696759700589417
heartlung 1 4.605170185988092 4.605170185988092
held 1 1.171182981502945 1.171182981502945
help 1 0.0 0.0
hepatitis 1 4.605170185988092 4.605170185988092
herald 1 1.8971199848858813 1.8971199848858813
heritage 1 2.207274913189721 2.207274913189721
hidden 1 0.010050335853501506 0.010050335853501506
hide 1 0.0 0.0
high 1 0.9416085398584451 0.9416085398584451
highly 1 2.120263536200091 2.120263536200091
hill 0 1.2039728043259361 0.0
hillman 1 4.605170185988092 4.605170185988092
hinde 1 4.605170185988092 4.605170185988092
historical 1 1.8325814637483102 1.8325814637483102
historiography 1 4.605170185988092 4.605170185988092
history 1 0.0 0.0
hivaids 1 4.605170185988092 4.605170185988092
hlist 1 0.127833371509885 0.127833371509885
hlistinline 1 0.127833371509885 0.127833371509885
holiday 0 2.659260036932778 0.0
holocaust 1 3.912023005428146 3.912023005428146
holy 1 1.8971199848858813 1.8971199848858813
hong 1 3.2188758248682006 3.2188758248682006
hope 1 1.6607312068216509 1.6607312068216509
hospital 1 1.9661128563728327 1.9661128563728327
house 1 1.0216512475319812 1.0216512475319812
housing 1 2.8134107167600364 2.8134107167600364
however 1 0.6931471805599453 0.6931471805599453
huang 1 4.605170185988092 4.605170185988092
huazhong 1 4.605170185988092 4.605170185988092
human 1 1.3862943611198906 1.3862943611198906
humandirected 1 4.605170185988092 4.605170185988092
humanity 1 2.659260036932778 2.659260036932778
humanrights 1 4.605170185988092 4.605170185988092
humiliation 1 4.605170185988092 4.605170185988092
hundred 1 2.302585092994046 2.302585092994046
iacobucci 1 4.605170185988092 4.605170185988092
ian 1 2.5257286443082556 2.5257286443082556
icrcorg 1 4.605170185988092 4.605170185988092
identity 1 2.207274913189721 2.207274913189721
idlockfree 1 0.0408219945202552 0.0408219945202552
idlockfreeidlockfree 1 0.0408219945202552 0.0408219945202552
idlocklimited 1 0.0408219945202552 0.0408219945202552
idlockregistration 1 0.0408219945202552 0.0408219945202552
idlocksubscription 1 0.0408219945202552 0.0408219945202552
illegal 1 3.2188758248682006 3.2188758248682006
imagine 1 3.2188758248682006 3.2188758248682006
immediate 1 2.995732273553991 2.995732273553991
immunosuppressant 1 4.605170185988092 4.605170185988092
immunosuppressive 1 4.605170185988092 4.605170185988092
impact 1 2.302585092994046 2.302585092994046
imperial 1 2.5257286443082556 2.5257286443082556
implausible 1 4.605170185988092 4.605170185988092
implemented 1 3.506557897319982 3.506557897319982
importance 1 3.2188758248682006 3.2188758248682006
impossible 1 2.995732273553991 2.995732273553991
imprisoned 1 2.5257286443082556 2.5257286443082556
improve 1 1.8325814637483102 1.8325814637483102
inc 1 0.0 0.0
incident 0 2.8134107167600364 0.0
include 1 1.3093333199837622 1.3093333199837622
included 1 1.3093333199837622 1.3093333199837622
including 1 0.7133498878774648 0.7133498878774648
income 1 2.659260036932778 2.659260036932778
incorporate 1 3.506557897319982 3.506557897319982
increase 1 2.302585092994046 2.302585092994046
increased 1 2.302585092994046 2.302585092994046
indeed 1 3.2188758248682006 3.2188758248682006
independent 1 1.4271163556401458 1.4271163556401458
index 1 1.9661128563728327 1.9661128563728327
india 1 1.7147984280919266 1.7147984280919266
indiato 1 4.605170185988092 4.605170185988092
indicating 1 2.8134107167600364 2.8134107167600364
individual 1 1.5606477482646683 1.5606477482646683
indonesia 1 1.7719568419318754 1.7719568419318754
industry 1 1.8325814637483102 1.8325814637483102
inequality 1 3.912023005428146 3.912023005428146
infection 1 4.605170185988092 4.605170185988092
inference 1 3.506557897319982 3.506557897319982
inferred 1 3.912023005428146 3.912023005428146
influenza 1 3.912023005428146 3.912023005428146
informal 1 3.912023005428146 3.912023005428146
informatics 1 4.605170185988092 4.605170185988092
information 1 0.0 0.0
informed 1 2.659260036932778 2.659260036932778
infrastructure 1 2.659260036932778 2.659260036932778
initial 1 2.120263536200091 2.120263536200091
initiative 0 2.8134107167600364 0.0
inmate 1 3.506557897319982 3.506557897319982
innovative 1 3.912023005428146 3.912023005428146
insider 1 3.2188758248682006 3.2188758248682006
insisting 1 3.912023005428146 3.912023005428146
instance 1 3.2188758248682006 3.2188758248682006
institute 1 1.5141277326297755 1.5141277326297755
institution 0 2.120263536200091 0.0
integrated 1 2.407945608651872 2.407945608651872
integrity 1 3.912023005428146 3.912023005428146
intellectualism 1 4.605170185988092 4.605170185988092
intensive 1 4.605170185988092 4.605170185988092
interaction 0 2.659260036932778 0.0
interim 1 3.506557897319982 3.506557897319982
internal 1 2.995732273553991 2.995732273553991
international 1 0.5978370007556204 0.5978370007556204
internationally 1 4.605170185988092 4.605170185988092
internet 1 2.302585092994046 2.302585092994046
interning 1 4.605170185988092 4.605170185988092
internment 1 4.605170185988092 4.605170185988092
interpreting 1 4.605170185988092 4.605170185988092
interview 1 1.8325814637483102 1.8325814637483102
intestine 1 4.605170185988092 4.605170185988092
introduction 1 2.207274913189721 2.207274913189721
invention 0 4.605170185988092 0.0
investigate 1 2.8134107167600364 2.8134107167600364
investigates 1 3.912023005428146 3.912023005428146
investigation 1 2.120263536200091 2.120263536200091
investigative 1 3.912023005428146 3.912023005428146
involuntary 1 4.605170185988092 4.605170185988092
involved 1 1.5606477482646683 1.5606477482646683
involving 1 2.5257286443082556 2.5257286443082556
iodine 1 4.605170185988092 4.605170185988092
iona 1 4.605170185988092 4.605170185988092
irradiation 1 4.605170185988092 4.605170185988092
irreligion 1 4.605170185988092 4.605170185988092
isbn 1 0.9942522733438669 0.9942522733438669
islam 1 2.995732273553991 2.995732273553991
island 0 1.5141277326297755 0.0
islet 1 3.912023005428146 3.912023005428146
israel 1 1.7147984280919266 1.7147984280919266
issn 1 1.8971199848858813 1.8971199848858813
issue 1 1.1086626245216111 1.1086626245216111
issued 1 3.2188758248682006 3.2188758248682006
istanbul 1 3.506557897319982 3.506557897319982
item 1 0.010050335853501506 0.010050335853501506
jacob 1 2.120263536200091 2.120263536200091
james 1 1.0498221244986776 1.0498221244986776
jamestown 1 4.605170185988092 4.605170185988092
jane 1 2.5257286443082556 2.5257286443082556
january 1 0.3424903089467759 0.3424903089467759
japan 1 1.7719568419318754 1.7719568419318754
japanese 1 2.0402208285265546 2.0402208285265546
jay 1 2.5257286443082556 2.5257286443082556
jean 1 1.7719568419318754 1.7719568419318754
jensen 1 3.912023005428146 3.912023005428146
jewish 1 2.207274913189721 2.207274913189721
jiang 1 4.605170185988092 4.605170185988092
jiefu 1 4.605170185988092 4.605170185988092
jin 1 3.506557897319982 3.506557897319982
jinghua 1 4.605170185988092 4.605170185988092
jintao 1 4.605170185988092 4.605170185988092
joel 1 3.506557897319982 3.506557897319982
john 1 0.49429632181478017 0.49429632181478017
joint 1 2.302585092994046 2.302585092994046
jointly 1 3.912023005428146 3.912023005428146
jos 1 2.302585092994046 2.302585092994046
joseph 1 1.5141277326297755 1.5141277326297755
journal 1 1.3093333199837622 1.3093333199837622
journalist 1 2.8134107167600364 2.8134107167600364
judgement 1 3.2188758248682006 3.2188758248682006
judicial 1 3.2188758248682006 3.2188758248682006
july 1 0.43078291609245434 0.43078291609245434
jump 1 0.0 0.0
jun 1 2.5257286443082556 2.5257286443082556
june 1 0.40047756659712536 0.40047756659712536
jurisdiction 0 2.995732273553991 0.0
justice 1 1.9661128563728327 1.9661128563728327
kantrowitz 1 4.605170185988092 4.605170185988092
kidney 1 3.2188758248682006 3.2188758248682006
kilgour 1 4.605170185988092 4.605170185988092
killed 1 1.9661128563728327 1.9661128563728327
killing 1 2.5257286443082556 2.5257286443082556
kingdom 0 1.5141277326297755 0.0
kirsten 1 4.605170185988092 4.605170185988092
kirstin 1 4.605170185988092 4.605170185988092
klaus 1 3.506557897319982 3.506557897319982
knowing 1 2.8134107167600364 2.8134107167600364
knowledge 1 2.302585092994046 2.302585092994046
known 1 0.7985076962177716 0.7985076962177716
kong 1 3.506557897319982 3.506557897319982
korean 1 3.2188758248682006 3.2188758248682006
kuropatwa 1 4.605170185988092 4.605170185988092
labor 1 2.659260036932778 2.659260036932778
lack 1 2.120263536200091 2.120263536200091
lag 0 3.912023005428146 0.0
lake 0 1.8325814637483102 0.0
lancet 1 4.605170185988092 4.605170185988092
land 1 1.5141277326297755 1.5141277326297755
landmark 1 2.995732273553991 2.995732273553991
lane 0 2.120263536200091 0.0
lang 1 1.9661128563728327 1.9661128563728327
language 1 0.0 0.0
laogai 1 4.605170185988092 4.605170185988092
large 1 1.4696759700589417 1.4696759700589417
largescale 1 3.912023005428146 3.912023005428146
largest 1 2.407945608651872 2.407945608651872
larry 1 2.207274913189721 2.207274913189721
last 1 0.0 0.0
late 1 1.3093333199837622 1.3093333199837622
later 1 0.5621189181535412 0.5621189181535412
launched 1 1.9661128563728327 1.9661128563728327
lavee 1 4.605170185988092 4.605170185988092
law 1 1.4271163556401458 1.4271163556401458
lawson 1 3.2188758248682006 3.2188758248682006
lawyer 1 2.120263536200091 2.120263536200091
layout 1 2.659260036932778 2.659260036932778
ldlt 1 4.605170185988092 4.605170185988092
lead 1 1.6607312068216509 1.6607312068216509
leading 1 1.3093333199837622 1.3093333199837622
learn 1 0.0 0.0
least 1 1.8971199848858813 1.8971199848858813
led 1 1.07880966137193 1.07880966137193
lee 1 1.6607312068216509 1.6607312068216509
legal 1 1.9661128563728327 1.9661128563728327
legislation 1 2.659260036932778 2.659260036932778
legitimate 1 3.506557897319982 3.506557897319982
length 0 1.7719568419318754 0.0
leod 1 3.912023005428146 3.912023005428146
leprosy 1 3.912023005428146 3.912023005428146
letter 1 2.207274913189721 2.207274913189721
leukaemia 1 4.605170185988092 4.605170185988092
lgbt 1 4.605170185988092 4.605170185988092
liaftercontent 1 0.127833371509885 0.127833371509885
liao 1 4.605170185988092 4.605170185988092
liberation 1 2.407945608651872 2.407945608651872
library 1 1.6094379124341003 1.6094379124341003
licence 1 3.2188758248682006 3.2188758248682006
license 1 0.0 0.0
lichao 1 4.605170185988092 4.605170185988092
lie 0 2.302585092994046 0.0
life 1 0.5447271754416719 0.5447271754416719
likely 1 2.5257286443082556 2.5257286443082556
lillehei 1 4.605170185988092 4.605170185988092
lin 1 4.605170185988092 4.605170185988092
line 1 1.4696759700589417 1.4696759700589417
linguistic 1 3.2188758248682006 3.2188758248682006
link 1 0.0 0.0
lip 1 3.912023005428146 3.912023005428146
list 1 0.6348782724359695 0.6348782724359695
literacy 1 4.605170185988092 4.605170185988092
literature 1 1.9661128563728327 1.9661128563728327
liu 1 3.2188758248682006 3.2188758248682006
liver 1 3.912023005428146 3.912023005428146
livertransplant 1 4.605170185988092 4.605170185988092
living 1 1.07880966137193 1.07880966137193
lobe 1 4.605170185988092 4.605170185988092
local 1 1.4696759700589417 1.4696759700589417
log 1 0.0 0.0
logged 1 0.0 0.0
london 1 1.5141277326297755 1.5141277326297755
long 1 1.1086626245216111 1.1086626245216111
longitudinal 1 4.605170185988092 4.605170185988092
loss 1 1.7147984280919266 1.7147984280919266
lower 1 1.8325814637483102 1.8325814637483102
lum 1 4.605170185988092 4.605170185988092
lung 1 3.506557897319982 3.506557897319982
lymphoproliferative 1 4.605170185988092 4.605170185988092
mac 1 2.0402208285265546 2.0402208285265546
macartney 1 4.605170185988092 4.605170185988092
macau 1 4.605170185988092 4.605170185988092
machine 1 1.4696759700589417 1.4696759700589417
made 1 0.653926467406664 0.653926467406664
madrid 1 3.2188758248682006 3.2188758248682006
magnitude 1 3.912023005428146 3.912023005428146
mail 1 2.8134107167600364 2.8134107167600364
main 1 0.0 0.0
mainland 1 3.912023005428146 3.912023005428146
maint 1 1.6607312068216509 1.6607312068216509
maintenance 1 2.995732273553991 2.995732273553991
major 1 1.1086626245216111 1.1086626245216111
make 0 1.0498221244986776 0.0
male 1 1.6607312068216509 1.6607312068216509
man 1 1.0498221244986776 1.0498221244986776
management 1 1.7719568419318754 1.7719568419318754
manipulated 1 4.605170185988092 4.605170185988092
manipulation 1 4.605170185988092 4.605170185988092
mansell 1 3.912023005428146 3.912023005428146
manufacture 1 3.912023005428146 3.912023005428146
many 1 0.7550225842780328 0.7550225842780328
march 1 0.3147107448397002 0.3147107448397002
maria 1 1.9661128563728327 1.9661128563728327
maritime 1 2.5257286443082556 2.5257286443082556
mark 1 1.1394342831883648 1.1394342831883648
market 1 2.120263536200091 2.120263536200091
marrow 1 4.605170185988092 4.605170185988092
martel 1 3.912023005428146 3.912023005428146
martial 1 3.2188758248682006 3.2188758248682006
martin 1 1.3470736479666094 1.3470736479666094
martyrdom 1 4.605170185988092 4.605170185988092
mass 1 1.9661128563728327 1.9661128563728327
massacre 0 3.2188758248682006 0.0
master 0 1.3093333199837622 0.0
matas 1 3.506557897319982 3.506557897319982
match 0 0.8675005677047231 0.0
matthew 1 1.8325814637483102 1.8325814637483102
mauled 1 4.605170185988092 4.605170185988092
maximum 1 2.659260036932778 2.659260036932778
may 1 0.0 0.0
mechanism 0 3.506557897319982 0.0
med 1 4.605170185988092 4.605170185988092
median 1 4.605170185988092 4.605170185988092
medical 1 2.5257286443082556 2.5257286443082556
medicine 1 2.8134107167600364 2.8134107167600364
medium 0 0.49429632181478017 0.0
meet 1 1.6607312068216509 1.6607312068216509
meeting 1 1.8971199848858813 1.8971199848858813
member 1 0.6733445532637655 0.6733445532637655
memorial 1 2.0402208285265546 2.0402208285265546
menopause 1 4.605170185988092 4.605170185988092
mental 1 2.8134107167600364 2.8134107167600364
menu 1 0.0 0.0
merrill 1 3.506557897319982 3.506557897319982
merwe 1 4.605170185988092 4.605170185988092
message 1 1.5606477482646683 1.5606477482646683
met 1 1.8325814637483102 1.8325814637483102
mette 1 4.605170185988092 4.605170185988092
michael 1 1.171182981502945 1.171182981502945
michel 1 2.659260036932778 2.659260036932778
mids 1 2.995732273553991 2.995732273553991
might 1 2.995732273553991 2.995732273553991
migration 1 3.506557897319982 3.506557897319982
milestone 0 3.912023005428146 0.0
military 1 1.4696759700589417 1.4696759700589417
militia 1 3.912023005428146 3.912023005428146
millan 1 3.2188758248682006 3.2188758248682006
millis 1 4.605170185988092 4.605170185988092
ming 1 3.2188758248682006 3.2188758248682006
mining 1 3.506557897319982 3.506557897319982
minister 1 1.5606477482646683 1.5606477482646683
ministry 1 2.120263536200091 2.120263536200091
minority 1 2.659260036932778 2.659260036932778
missing 1 1.8971199848858813 1.8971199848858813
mobile 1 0.0 0.0
model 1 1.8971199848858813 1.8971199848858813
modern 1 1.5606477482646683 1.5606477482646683
monarch 0 3.912023005428146 0.0
monitoring 1 3.506557897319982 3.506557897319982
monster 1 2.8134107167600364 2.8134107167600364
month 1 0.8915981192837835 0.8915981192837835
morning 1 1.8325814637483102 1.8325814637483102
mountain 0 1.8971199848858813 0.0
move 1 0.0 0.0
movement 1 1.6607312068216509 1.6607312068216509
moving 1 2.407945608651872 2.407945608651872
mufson 1 4.605170185988092 4.605170185988092
multicenter 1 4.605170185988092 4.605170185988092
multiple 1 1.6607312068216509 1.6607312068216509
multipleissues 1 3.912023005428146 3.912023005428146
murray 1 2.302585092994046 2.302585092994046
music 1 1.3862943611198906 1.3862943611198906
muslim 1 2.5257286443082556 2.5257286443082556
must 1 2.0402208285265546 2.0402208285265546
name 0 0.5276327420823719 0.0
naming 1 4.605170185988092 4.605170185988092
nation 0 1.2729656758128876 0.0
national 1 0.5108256237659907 0.5108256237659907
nationality 1 2.302585092994046 2.302585092994046
nationwide 1 4.605170185988092 4.605170185988092
natl 1 4.605170185988092 4.605170185988092
natural 1 1.8325814637483102 1.8325814637483102
nature 1 2.0402208285265546 2.0402208285265546
navbar 1 0.23572233352106994 0.23572233352106994
navbarmini 1 0.23572233352106994 0.23572233352106994
navbox 1 0.1392620673335076 0.1392620673335076
navboximage 1 0.1392620673335076 0.1392620673335076
navboxsubgroup 1 0.1392620673335076 0.1392620673335076
navboxtitle 1 0.1392620673335076 0.1392620673335076
navigation 1 0.0 0.0
navy 1 2.207274913189721 2.207274913189721
nearly 1 2.8134107167600364 2.8134107167600364
need 1 1.2039728043259361 1.2039728043259361
needing 1 1.8971199848858813 1.8971199848858813
negotiation 0 3.2188758248682006 0.0
neill 1 3.912023005428146 3.912023005428146
neolithic 1 4.605170185988092 4.605170185988092
nephrology 1 4.605170185988092 4.605170185988092
network 1 1.3470736479666094 1.3470736479666094
networksand 1 4.605170185988092 4.605170185988092
new 1 0.24846135929849972 0.24846135929849972
newly 1 2.5257286443082556 2.5257286443082556
news 1 0.843970070294529 0.843970070294529
newsit 1 4.605170185988092 4.605170185988092
nexus 1 3.912023005428146 3.912023005428146
nh 0 4.605170185988092 0.0
nie 1 4.605170185988092 4.605170185988092
nodlb 1 4.605170185988092 4.605170185988092
nolan 1 3.912023005428146 3.912023005428146
nonheartbeating 1 4.605170185988092 4.605170185988092
nonprofit 1 0.0 0.0
nordlinger 1 4.605170185988092 4.605170185988092
norman 1 2.302585092994046 2.302585092994046
north 1 0.8209805520698303 0.8209805520698303
northeast 1 2.8134107167600364 2.8134107167600364
northern 1 1.3093333199837622 1.3093333199837622
northwestern 1 3.2188758248682006 3.2188758248682006
nose 1 3.912023005428146 3.912023005428146
note 1 0.8209805520698303 0.8209805520698303
noted 1 2.120263536200091 2.120263536200091
notice 1 2.8134107167600364 2.8134107167600364
noto 1 3.912023005428146 3.912023005428146
novel 0 2.5257286443082556 0.0
november 1 0.3011050927839216 0.3011050927839216
nuez 1 3.912023005428146 3.912023005428146
number 1 0.7550225842780328 0.7550225842780328
numerous 1 1.9661128563728327 1.9661128563728327
nurse 0 3.2188758248682006 0.0
obesity 1 4.605170185988092 4.605170185988092
obliged 1 4.605170185988092 4.605170185988092
observation 0 3.2188758248682006 0.0
obtained 1 2.8134107167600364 2.8134107167600364
oclc 1 2.5257286443082556 2.5257286443082556
october 1 0.28768207245178085 0.28768207245178085
office 1 1.1086626245216111 1.1086626245216111
officer 1 1.7719568419318754 1.7719568419318754
official 1 0.7550225842780328 0.7550225842780328
old 0 1.07880966137193 0.0
ollibeforecontent 1 0.127833371509885 0.127833371509885
omicron 1 4.605170185988092 4.605170185988092
one 1 0.23572233352106994 0.23572233352106994
online 1 1.4696759700589417 1.4696759700589417
onset 1 4.605170185988092 4.605170185988092
opening 1 1.9661128563728327 1.9661128563728327
operation 1 1.7147984280919266 1.7147984280919266
opined 1 3.506557897319982 3.506557897319982
opium 1 4.605170185988092 4.605170185988092
option 1 2.120263536200091 2.120263536200091
order 0 1.171182981502945 0.0
organ 1 3.506557897319982 3.506557897319982
organi 1 4.605170185988092 4.605170185988092
organisation 0 2.302585092994046 0.0
organised 1 3.912023005428146 3.912023005428146
organization 1 0.0 0.0
organizationname 1 0.010050335853501506 0.010050335853501506
organize 1 3.2188758248682006 3.2188758248682006
original 1 0.4155154439616658 0.4155154439616658
ottawa 1 3.506557897319982 3.506557897319982
outbreak 1 3.912023005428146 3.912023005428146
outlet 0 3.2188758248682006 0.0
outline 1 2.8134107167600364 2.8134107167600364
outlining 1 4.605170185988092 4.605170185988092
outside 1 1.7147984280919266 1.7147984280919266
outstrips 1 4.605170185988092 4.605170185988092
ovary 1 4.605170185988092 4.605170185988092
overall 1 1.8325814637483102 1.8325814637483102
overhaul 1 3.912023005428146 3.912023005428146
oversight 1 3.506557897319982 3.506557897319982
overtook 1 4.605170185988092 4.605170185988092
overview 0 2.0402208285265546 0.0
oxford 1 2.5257286443082556 2.5257286443082556
pact 1 3.912023005428146 3.912023005428146
page 1 0.0 0.0
paleolithic 1 4.605170185988092 4.605170185988092
pancreas 1 4.605170185988092 4.605170185988092
pandemic 1 3.2188758248682006 3.2188758248682006
panel 1 2.8134107167600364 2.8134107167600364
paper 1 1.6607312068216509 1.6607312068216509
paragon 0 4.605170185988092 0.0
paramilitary 1 4.605170185988092 4.605170185988092
park 0 1.3093333199837622 0.0
parliament 1 2.407945608651872 2.407945608651872
parsimony 1 4.605170185988092 4.605170185988092
part 1 0.6348782724359695 0.6348782724359695
partial 1 3.2188758248682006 3.2188758248682006
particular 1 2.120263536200091 2.120263536200091
party 1 1.2378743560016172 1.2378743560016172
pass 0 2.407945608651872 0.0
patient 1 3.506557897319982 3.506557897319982
patriarchy 1 3.912023005428146 3.912023005428146
patriotic 1 3.2188758248682006 3.2188758248682006
paulo 1 3.506557897319982 3.506557897319982
pdf 1 1.0498221244986776 1.0498221244986776
pdfprintable 1 0.0 0.0
peak 1 2.8134107167600364 2.8134107167600364
peaking 1 4.605170185988092 4.605170185988092
pei 1 4.605170185988092 4.605170185988092
peking 1 3.912023005428146 3.912023005428146
penal 1 4.605170185988092 4.605170185988092
penalty 1 2.8134107167600364 2.8134107167600364
peng 1 3.912023005428146 3.912023005428146
penile 1 4.605170185988092 4.605170185988092
peninsula 0 3.912023005428146 0.0
penis 1 4.605170185988092 4.605170185988092
people 1 0.49429632181478017 0.49429632181478017
per 1 1.7147984280919266 1.7147984280919266
perfect 1 2.207274913189721 2.207274913189721
perform 1 2.302585092994046 2.302585092994046
performed 1 2.120263536200091 2.120263536200091
performing 1 2.995732273553991 2.995732273553991
perfusion 1 4.605170185988092 4.605170185988092
period 1 1.4271163556401458 1.4271163556401458
permanent 1 0.0 0.0
permit 0 2.8134107167600364 0.0
persecution 1 3.506557897319982 3.506557897319982
person 0 1.5606477482646683 0.0
personal 1 0.0 0.0
perspective 1 2.8134107167600364 2.8134107167600364
pertaining 1 4.605170185988092 4.605170185988092
pest 0 4.605170185988092 0.0
peter 1 1.3093333199837622 1.3093333199837622
petroleum 1 4.605170185988092 4.605170185988092
pharmaceutical 1 3.506557897319982 3.506557897319982
pharmacy 1 4.605170185988092 4.605170185988092
phase 1 2.302585092994046 2.302585092994046
phasing 1 3.912023005428146 3.912023005428146
philosophy 1 2.407945608651872 2.407945608651872
pillar 0 3.912023005428146 0.0
pilot 1 2.659260036932778 2.659260036932778
ping 1 4.605170185988092 4.605170185988092
pinto 0 4.605170185988092 0.0
pioneering 1 3.506557897319982 3.506557897319982
place 1 0.653926467406664 0.653926467406664
plague 1 3.912023005428146 3.912023005428146
plain 0 2.659260036932778 0.0
plan 1 1.4696759700589417 1.4696759700589417
planning 1 2.8134107167600364 2.8134107167600364
plasma 1 4.605170185988092 4.605170185988092
please 1 1.7719568419318754 1.7719568419318754
pmc 1 3.506557897319982 3.506557897319982
pmid 1 3.2188758248682006 3.2188758248682006
pneumonic 1 4.605170185988092 4.605170185988092
poetry 1 3.2188758248682006 3.2188758248682006
point 0 1.2729656758128876 0.0
pointed 1 3.2188758248682006 3.2188758248682006
poisoning 1 3.912023005428146 3.912023005428146
police 1 1.7719568419318754 1.7719568419318754
policy 1 0.0 0.0
politburo 1 3.912023005428146 3.912023005428146
political 1 1.3470736479666094 1.3470736479666094
politics 1 1.9661128563728327 1.9661128563728327
pollution 1 3.912023005428146 3.912023005428146
pool 1 2.995732273553991 2.995732273553991
poorer 1 4.605170185988092 4.605170185988092
population 1 2.207274913189721 2.207274913189721
portal 1 0.0 0.0
portion 1 2.8134107167600364 2.8134107167600364
position 1 1.1394342831883648 1.1394342831883648
possible 1 1.8971199848858813 1.8971199848858813
post 1 1.07880966137193 1.07880966137193
posthumous 1 3.2188758248682006 3.2188758248682006
posttransplant 1 4.605170185988092 4.605170185988092
potentially 1 3.2188758248682006 3.2188758248682006
poverty 1 3.506557897319982 3.506557897319982
practice 1 2.0402208285265546 2.0402208285265546
practitioner 1 3.2188758248682006 3.2188758248682006
prc 1 4.605170185988092 4.605170185988092
precipitously 1 4.605170185988092 4.605170185988092
predation 1 4.605170185988092 4.605170185988092
pregnant 1 3.912023005428146 3.912023005428146
prehistoric 1 4.605170185988092 4.605170185988092
preliminary 1 3.2188758248682006 3.2188758248682006
premier 1 2.5257286443082556 2.5257286443082556
present 1 0.9675840262617057 0.9675840262617057
presented 1 1.9661128563728327 1.9661128563728327
president 1 1.3470736479666094 1.3470736479666094
press 1 0.7550225842780328 0.7550225842780328
prevalent 1 3.912023005428146 3.912023005428146
prevent 1 2.659260036932778 2.659260036932778
preventing 1 3.912023005428146 3.912023005428146
prevention 1 4.605170185988092 4.605170185988092
previous 1 1.6607312068216509 1.6607312068216509
primary 1 2.0402208285265546 2.0402208285265546
principle 0 2.407945608651872 0.0
printbodyns 1 0.09431067947124142 0.09431067947124142
printexport 1 0.0 0.0
prior 1 1.8325814637483102 1.8325814637483102
priority 1 3.506557897319982 3.506557897319982
prisionersssic 1 4.605170185988092 4.605170185988092
prison 1 2.302585092994046 2.302585092994046
prisoner 1 2.407945608651872 2.407945608651872
privacy 1 0.0 0.0
problem 1 2.120263536200091 2.120263536200091
procedure 1 3.2188758248682006 3.2188758248682006
process 1 1.5141277326297755 1.5141277326297755
procured 1 4.605170185988092 4.605170185988092
procurement 1 4.605170185988092 4.605170185988092
prodemocratisation 1 4.605170185988092 4.605170185988092
produced 1 1.7719568419318754 1.7719568419318754
product 0 2.302585092994046 0.0
profession 1 2.995732273553991 2.995732273553991
professional 1 1.6607312068216509 1.6607312068216509
professor 1 2.207274913189721 2.207274913189721
profit 1 3.2188758248682006 3.2188758248682006
profitable 1 4.605170185988092 4.605170185988092
program 1 1.7719568419318754 1.7719568419318754
programme 1 2.5257286443082556 2.5257286443082556
prohibit 1 3.2188758248682006 3.2188758248682006
project 1 0.0 0.0
prometheus 1 4.605170185988092 4.605170185988092
promised 1 3.912023005428146 3.912023005428146
prompted 1 3.506557897319982 3.506557897319982
promptly 1 3.506557897319982 3.506557897319982
promulgated 1 3.506557897319982 3.506557897319982
propaganda 1 2.995732273553991 2.995732273553991
proper 1 2.8134107167600364 2.8134107167600364
property 1 1.7147984280919266 1.7147984280919266
proposal 1 3.506557897319982 3.506557897319982
prostitution 1 4.605170185988092 4.605170185988092
protected 1 3.912023005428146 3.912023005428146
protecting 1 3.506557897319982 3.506557897319982
protest 1 2.407945608651872 2.407945608651872
protestantism 1 3.506557897319982 3.506557897319982
protocol 1 2.995732273553991 2.995732273553991
province 1 2.120263536200091 2.120263536200091
provincelevel 1 4.605170185988092 4.605170185988092
provincial 1 2.995732273553991 2.995732273553991
provision 0 2.407945608651872 0.0
provisional 1 3.506557897319982 3.506557897319982
psychological 1 3.2188758248682006 3.2188758248682006
pub 1 3.912023005428146 3.912023005428146
public 1 0.9675840262617057 0.9675840262617057
published 1 1.3862943611198906 1.3862943611198906
punishment 1 3.912023005428146 3.912023005428146
purchase 1 2.407945608651872 2.407945608651872
purported 1 4.605170185988092 4.605170185988092
put 1 1.8971199848858813 1.8971199848858813
qamp 1 3.506557897319982 3.506557897319982
qian 1 4.605170185988092 4.605170185988092
qin 1 4.605170185988092 4.605170185988092
qing 1 3.912023005428146 3.912023005428146
qiu 1 4.605170185988092 4.605170185988092
qiyou 1 4.605170185988092 4.605170185988092
quadratic 1 4.605170185988092 4.605170185988092
queensland 1 3.912023005428146 3.912023005428146
question 1 1.7719568419318754 1.7719568419318754
questioned 1 2.995732273553991 2.995732273553991
quota 0 3.912023005428146 0.0
quoted 1 3.506557897319982 3.506557897319982
racism 1 3.2188758248682006 3.2188758248682006
radio 1 1.4696759700589417 1.4696759700589417
rail 1 2.995732273553991 2.995732273553991
raise 0 2.302585092994046 0.0
random 1 0.0 0.0
range 0 2.5257286443082556 0.0
rapid 1 2.8134107167600364 2.8134107167600364
rapporteur 0 4.605170185988092 0.0
rate 1 2.407945608651872 2.407945608651872
reach 0 2.302585092994046 0.0
reached 1 2.302585092994046 2.302585092994046
reaching 1 2.995732273553991 2.995732273553991
reaction 0 3.2188758248682006 0.0
read 1 0.0 0.0
real 1 1.4271163556401458 1.4271163556401458
reality 1 2.5257286443082556 2.5257286443082556
reasonable 1 3.506557897319982 3.506557897319982
rebeca 1 4.605170185988092 4.605170185988092
rebellion 1 2.659260036932778 2.659260036932778
received 1 1.1394342831883648 1.1394342831883648
receiving 1 1.8971199848858813 1.8971199848858813
recent 1 0.0 0.0
recently 1 2.302585092994046 2.302585092994046
recipient 1 2.995732273553991 2.995732273553991
record 0 0.7765287894989963 0.0
recorded 1 1.6607312068216509 1.6607312068216509
recounted 1 3.912023005428146 3.912023005428146
red 1 1.07880966137193 1.07880966137193
reddy 1 3.506557897319982 3.506557897319982
redoubled 1 4.605170185988092 4.605170185988092
reduce 1 3.2188758248682006 3.2188758248682006
reduced 1 2.995732273553991 2.995732273553991
reference 0 0.03045920748470844 0.0
reflect 1 2.5257286443082556 2.5257286443082556
reflist 1 0.06187540371808745 0.06187540371808745
reflistcolumns 1 0.06187540371808745 0.06187540371808745
reform 1 2.0402208285265546 2.0402208285265546
reformin 1 4.605170185988092 4.605170185988092
refusal 1 4.605170185988092 4.605170185988092
reg 1 0.0 0.0
regime 1 3.506557897319982 3.506557897319982
region 0 1.6607312068216509 0.0
regional 1 2.407945608651872 2.407945608651872
registered 1 0.0 0.0
registry 1 3.912023005428146 3.912023005428146
regulation 1 2.407945608651872 2.407945608651872
regulatory 1 3.506557897319982 3.506557897319982
reiterate 1 4.605170185988092 4.605170185988092
reiterated 1 4.605170185988092 4.605170185988092
reitz 1 4.605170185988092 4.605170185988092
reject 0 2.5257286443082556 0.0
rejection 1 3.912023005428146 3.912023005428146
related 1 0.0 0.0
relating 1 2.995732273553991 2.995732273553991
relation 0 1.7719568419318754 0.0
relationship 1 1.8971199848858813 1.8971199848858813
relative 0 2.5257286443082556 0.0
release 1 1.3093333199837622 1.3093333199837622
religion 1 2.207274913189721 2.207274913189721
religious 1 2.0402208285265546 2.0402208285265546
rely 1 3.912023005428146 3.912023005428146
removal 1 2.8134107167600364 2.8134107167600364
remove 1 1.6607312068216509 1.6607312068216509
removed 1 1.6094379124341003 1.6094379124341003
removing 1 3.2188758248682006 3.2188758248682006
renal 1 4.605170185988092 4.605170185988092
renewable 1 3.912023005428146 3.912023005428146
renewed 1 2.8134107167600364 2.8134107167600364
repeated 1 2.995732273553991 2.995732273553991
replacement 1 3.2188758248682006 3.2188758248682006
report 1 1.1086626245216111 1.1086626245216111
reported 1 1.8325814637483102 1.8325814637483102
republic 1 1.5141277326297755 1.5141277326297755
request 1 2.0402208285265546 2.0402208285265546
required 1 2.407945608651872 2.407945608651872
requirement 0 3.2188758248682006 0.0
research 1 1.6094379124341003 1.6094379124341003
researcher 0 3.2188758248682006 0.0
reserve 0 2.207274913189721 0.0
resistance 1 2.995732273553991 2.995732273553991
resolution 1 2.407945608651872 2.407945608651872
resource 0 1.7147984280919266 0.0
respond 1 3.506557897319982 3.506557897319982
response 1 2.120263536200091 2.120263536200091
responsible 1 2.302585092994046 2.302585092994046
result 1 0.9942522733438669 0.9942522733438669
resulted 1 2.120263536200091 2.120263536200091
resurfaced 1 3.912023005428146 3.912023005428146
retirement 1 2.207274913189721 2.207274913189721
retrieved 1 0.0 0.0
reuters 1 3.2188758248682006 3.2188758248682006
reveals 1 2.659260036932778 2.659260036932778
revers 0 3.2188758248682006 0.0
reversed 1 3.506557897319982 3.506557897319982
review 1 1.07880966137193 1.07880966137193
revised 1 2.407945608651872 2.407945608651872
revolution 1 1.9661128563728327 1.9661128563728327
rewritten 1 3.912023005428146 3.912023005428146
rich 1 2.207274913189721 2.207274913189721
richard 1 1.1394342831883648 1.1394342831883648
richer 1 4.605170185988092 4.605170185988092
right 1 0.9675840262617057 0.9675840262617057
rise 1 1.8325814637483102 1.8325814637483102
rising 1 3.506557897319982 3.506557897319982
river 1 1.4271163556401458 1.4271163556401458
robertson 1 2.659260036932778 2.659260036932778
rocket 1 3.506557897319982 3.506557897319982
row 1 2.302585092994046 2.302585092994046
royal 1 1.8325814637483102 1.8325814637483102
rule 0 1.4696759700589417 0.0
rumor 0 3.2188758248682006 0.0
run 1 1.171182981502945 1.171182981502945
rupert 1 3.912023005428146 3.912023005428146
rural 1 2.8134107167600364 2.8134107167600364
safeguard 0 3.912023005428146 0.0
safety 1 2.407945608651872 2.407945608651872
said 1 1.5606477482646683 1.5606477482646683
sale 1 1.8971199848858813 1.8971199848858813
sample 1 2.995732273553991 2.995732273553991
sanitation 1 4.605170185988092 4.605170185988092
sars 1 4.605170185988092 4.605170185988092
sarsco 1 4.605170185988092 4.605170185988092
saving 1 2.407945608651872 2.407945608651872
say 1 1.7719568419318754 1.7719568419318754
saying 1 1.8325814637483102 1.8325814637483102
scale 1 2.8134107167600364 2.8134107167600364
scandal 1 2.8134107167600364 2.8134107167600364
schedule 1 2.302585092994046 2.302585092994046
scheme 1 2.995732273553991 2.995732273553991
school 0 0.7765287894989963 0.0
scid 1 2.659260036932778 2.659260036932778
science 1 1.171182981502945 1.171182981502945
scientist 1 3.506557897319982 3.506557897319982
score 1 1.6607312068216509 1.6607312068216509
scott 1 1.2729656758128876 1.2729656758128876
screen 1 0.010050335853501506 0.010050335853501506
sdir 1 3.912023005428146 3.912023005428146
sea 0 2.0402208285265546 0.0
search 1 0.0 0.0
season 0 1.1394342831883648 0.0
second 1 0.49429632181478017 0.49429632181478017
secret 1 2.0402208285265546 2.0402208285265546
secretariat 1 3.912023005428146 3.912023005428146
secretary 1 1.9661128563728327 1.9661128563728327
section 1 1.8325814637483102 1.8325814637483102
sector 1 2.995732273553991 2.995732273553991
security 1 1.6607312068216509 1.6607312068216509
see 1 0.40047756659712536 0.40047756659712536
seen 1 1.8971199848858813 1.8971199848858813
segment 0 2.995732273553991 0.0
seizure 0 4.605170185988092 0.0
selling 1 2.8134107167600364 2.8134107167600364
semiconductor 0 3.912023005428146 0.0
senate 1 2.5257286443082556 2.5257286443082556
sentence 0 3.506557897319982 0.0
sentenced 1 2.995732273553991 2.995732273553991
separated 1 3.2188758248682006 3.2188758248682006
separatism 1 4.605170185988092 4.605170185988092
september 1 0.43078291609245434 0.43078291609245434
series 1 0.8675005677047231 0.8675005677047231
service 1 1.2378743560016172 1.2378743560016172
session 1 2.0402208285265546 2.0402208285265546
seven 1 1.6094379124341003 1.6094379124341003
several 1 0.8209805520698303 0.8209805520698303
sex 1 2.5257286443082556 2.5257286443082556
sexuality 1 3.912023005428146 3.912023005428146
shang 1 4.605170185988092 4.605170185988092
shanghai 1 3.2188758248682006 3.2188758248682006
shanghaigovcn 1 4.605170185988092 4.605170185988092
share 1 0.0 0.0
sharer 0 4.605170185988092 0.0
sharing 1 2.995732273553991 2.995732273553991
sheep 1 3.912023005428146 3.912023005428146
shen 1 3.506557897319982 3.506557897319982
sheng 1 4.605170185988092 4.605170185988092
shenzhen 1 4.605170185988092 4.605170185988092
shipping 1 3.912023005428146 3.912023005428146
short 1 0.06187540371808745 0.06187540371808745
shortage 1 3.506557897319982 3.506557897319982
shortdescription 1 0.2613647641344075 0.2613647641344075
shortened 1 0.0 0.0
shortest 1 4.605170185988092 4.605170185988092
showed 1 2.995732273553991 2.995732273553991
shumway 1 4.605170185988092 4.605170185988092
shuzhong 1 4.605170185988092 4.605170185988092
sichuan 1 4.605170185988092 4.605170185988092
sick 1 3.506557897319982 3.506557897319982
sidebar 1 0.0 0.0
sidney 1 2.995732273553991 2.995732273553991
similar 1 1.9661128563728327 1.9661128563728327
simple 1 2.407945608651872 2.407945608651872
since 1 0.7985076962177716 0.7985076962177716
singh 1 2.8134107167600364 2.8134107167600364
single 1 1.4696759700589417 1.4696759700589417
sister 1 1.8325814637483102 1.8325814637483102
site 1 0.0 0.0
situation 1 2.407945608651872 2.407945608651872
six 1 1.3470736479666094 1.3470736479666094
sixteen 1 3.2188758248682006 3.2188758248682006
skin 1 3.506557897319982 3.506557897319982
slam 1 3.506557897319982 3.506557897319982
slaughter 1 4.605170185988092 4.605170185988092
smoking 1 4.605170185988092 4.605170185988092
smoother 1 4.605170185988092 4.605170185988092
snatching 1 4.605170185988092 4.605170185988092
socalled 1 3.912023005428146 3.912023005428146
social 1 1.3093333199837622 1.3093333199837622
socialism 1 3.2188758248682006 3.2188758248682006
society 1 1.4271163556401458 1.4271163556401458
sold 1 2.0402208285265546 2.0402208285265546
sole 1 2.659260036932778 2.659260036932778
solid 1 0.09431067947124142 0.09431067947124142
solution 1 2.5257286443082556 2.5257286443082556
song 1 1.3470736479666094 1.3470736479666094
soon 1 1.8325814637483102 1.8325814637483102
source 1 0.5798184952529422 0.5798184952529422
sourced 1 3.912023005428146 3.912023005428146
south 1 0.9162907318741551 0.9162907318741551
southern 1 1.6607312068216509 1.6607312068216509
southwestern 1 4.605170185988092 4.605170185988092
space 1 1.7719568419318754 1.7719568419318754
speaks 1 3.2188758248682006 3.2188758248682006
special 1 0.0 0.0
specialist 1 3.506557897319982 3.506557897319982
specifically 1 2.5257286443082556 2.5257286443082556
speculated 1 4.605170185988092 4.605170185988092
spending 1 3.2188758248682006 3.2188758248682006
spiritual 1 2.120263536200091 2.120263536200091
spleen 1 4.605170185988092 4.605170185988092
spokesperson 1 3.506557897319982 3.506557897319982
sport 1 1.1394342831883648 1.1394342831883648
spotlight 1 3.2188758248682006 3.2188758248682006
spread 1 2.302585092994046 2.302585092994046
spreading 1 3.912023005428146 3.912023005428146
spring 1 1.5606477482646683 1.5606477482646683
springer 1 3.912023005428146 3.912023005428146
square 1 2.120263536200091 2.120263536200091
staff 1 1.6607312068216509 1.6607312068216509
stage 1 1.9661128563728327 1.9661128563728327
stamp 1 3.506557897319982 3.506557897319982
standard 1 1.6607312068216509 1.6607312068216509
standardise 1 4.605170185988092 4.605170185988092
standing 1 1.8971199848858813 1.8971199848858813
star 1 0.9675840262617057 0.9675840262617057
starting 1 1.8971199848858813 1.8971199848858813
starzl 1 4.605170185988092 4.605170185988092
state 1 0.3147107448397002 0.3147107448397002
stated 1 2.120263536200091 2.120263536200091
statement 1 0.0 0.0
stating 1 2.120263536200091 2.120263536200091
statistic 0 0.0 0.0
steel 1 2.207274913189721 2.207274913189721
stem 1 4.605170185988092 4.605170185988092
step 0 2.120263536200091 0.0
steven 1 2.207274913189721 2.207274913189721
still 1 0.9416085398584451 0.9416085398584451
stipulated 1 3.912023005428146 3.912023005428146
stockholm 1 3.912023005428146 3.912023005428146
stop 1 2.120263536200091 2.120263536200091
stopped 1 2.995732273553991 2.995732273553991
stopping 1 4.605170185988092 4.605170185988092
storm 0 2.302585092994046 0.0
strategic 1 2.995732273553991 2.995732273553991
stravrou 1 4.605170185988092 4.605170185988092
streamline 1 3.912023005428146 3.912023005428146
strike 1 2.207274913189721 2.207274913189721
stroke 1 3.2188758248682006 3.2188758248682006
strong 1 1.6607312068216509 1.6607312068216509
structure 1 1.8325814637483102 1.8325814637483102
study 1 1.2729656758128876 1.2729656758128876
subcommittee 1 3.912023005428146 3.912023005428146
subdivision 0 3.912023005428146 0.0
subjected 1 3.912023005428146 3.912023005428146
submission 0 2.995732273553991 0.0
subnational 1 4.605170185988092 4.605170185988092
subsection 1 0.3424903089467759 0.3424903089467759
subsequent 1 2.5257286443082556 2.5257286443082556
success 1 1.8325814637483102 1.8325814637483102
successful 1 2.0402208285265546 2.0402208285265546
successfully 1 2.659260036932778 2.659260036932778
sudden 1 3.506557897319982 3.506557897319982
suffered 1 2.659260036932778 2.659260036932778
suggests 1 2.659260036932778 2.659260036932778
sui 1 3.912023005428146 3.912023005428146
suicide 1 2.995732273553991 2.995732273553991
suitable 1 3.2188758248682006 3.2188758248682006
sujiatun 1 4.605170185988092 4.605170185988092
summit 1 3.2188758248682006 3.2188758248682006
sun 1 1.6607312068216509 1.6607312068216509
suppl 1 4.605170185988092 4.605170185988092
supplement 1 3.506557897319982 3.506557897319982
supply 1 2.5257286443082556 2.5257286443082556
support 1 1.2729656758128876 1.2729656758128876
supported 1 1.8325814637483102 1.8325814637483102
suppression 1 3.2188758248682006 3.2188758248682006
supreme 1 2.120263536200091 2.120263536200091
surgeon 1 4.605170185988092 4.605170185988092
surgery 1 2.8134107167600364 2.8134107167600364
surgical 1 4.605170185988092 4.605170185988092
surgically 1 4.605170185988092 4.605170185988092
surveillance 1 4.605170185988092 4.605170185988092
survivor 1 2.8134107167600364 2.8134107167600364
suspension 0 2.995732273553991 0.0
suspicion 0 3.912023005428146 0.0
sustained 1 3.506557897319982 3.506557897319982
swine 1 4.605170185988092 4.605170185988092
switched 1 3.506557897319982 3.506557897319982
sydney 1 2.5257286443082556 2.5257286443082556
symbol 0 2.0402208285265546 0.0
symbolic 1 3.912023005428146 3.912023005428146
symposium 1 3.912023005428146 3.912023005428146
system 1 0.9162907318741551 0.9162907318741551
systematic 1 3.2188758248682006 3.2188758248682006
table 1 0.0 0.0
tactic 0 3.912023005428146 0.0
taiping 1 3.912023005428146 3.912023005428146
take 1 0.9675840262617057 0.9675840262617057
taken 1 2.0402208285265546 2.0402208285265546
talk 1 0.0 0.0
tang 1 3.506557897319982 3.506557897319982
tank 1 2.5257286443082556 2.5257286443082556
taoism 1 4.605170185988092 4.605170185988092
targeted 1 3.506557897319982 3.506557897319982
targeting 1 3.912023005428146 3.912023005428146
task 1 2.5257286443082556 2.5257286443082556
taxation 1 3.506557897319982 3.506557897319982
tdhlist 1 0.1392620673335076 0.1392620673335076
tea 1 3.2188758248682006 3.2188758248682006
team 1 1.0498221244986776 1.0498221244986776
technically 1 4.605170185988092 4.605170185988092
technique 1 2.5257286443082556 2.5257286443082556
technology 1 1.7719568419318754 1.7719568419318754
telecommunication 0 3.912023005428146 0.0
telegraph 1 2.8134107167600364 2.8134107167600364
tell 0 2.407945608651872 0.0
template 1 0.0 0.0
ten 1 1.5141277326297755 1.5141277326297755
term 0 0.0 0.0
terrain 1 3.506557897319982 3.506557897319982
terrorism 1 3.506557897319982 3.506557897319982
test 0 2.207274913189721 0.0
testified 1 3.912023005428146 3.912023005428146
testifying 1 3.912023005428146 3.912023005428146
testimony 1 3.2188758248682006 3.2188758248682006
text 1 0.0 0.0
textile 0 4.605170185988092 0.0
thediplomatcom 1 4.605170185988092 4.605170185988092
therapy 1 3.506557897319982 3.506557897319982
thereby 1 2.995732273553991 2.995732273553991
think 1 2.207274913189721 2.207274913189721
thomas 1 1.1394342831883648 1.1394342831883648
though 1 1.6607312068216509 1.6607312068216509
thousand 1 1.9661128563728327 1.9661128563728327
three 1 0.5798184952529422 0.5798184952529422
thriving 1 3.912023005428146 3.912023005428146
throughout 1 1.171182981502945 1.171182981502945
thymus 1 4.605170185988092 4.605170185988092
tiananmen 1 4.605170185988092 4.605170185988092
tianjin 1 3.912023005428146 3.912023005428146
tibell 1 4.605170185988092 4.605170185988092
tibet 1 3.912023005428146 3.912023005428146
tibetan 1 3.912023005428146 3.912023005428146
tide 1 4.605170185988092 4.605170185988092
tidy 1 4.605170185988092 4.605170185988092
tim 1 1.6607312068216509 1.6607312068216509
time 1 0.28768207245178085 0.28768207245178085
timed 1 4.605170185988092 4.605170185988092
timeline 1 2.207274913189721 2.207274913189721
ting 1 2.407945608651872 2.407945608651872
tissue 1 3.912023005428146 3.912023005428146
title 1 0.9162907318741551 0.9162907318741551
today 1 1.4696759700589417 1.4696759700589417
toggle 1 0.010050335853501506 0.010050335853501506
tom 1 1.2378743560016172 1.2378743560016172
tongji 1 4.605170185988092 4.605170185988092
took 1 1.171182981502945 1.171182981502945
tool 0 0.0 0.0
top 1 0.010050335853501506 0.010050335853501506
topic 1 0.0 0.0
toronto 1 2.0402208285265546 2.0402208285265546
torsten 1 4.605170185988092 4.605170185988092
torture 1 3.912023005428146 3.912023005428146
total 1 0.0 0.0
tourism 1 3.912023005428146 3.912023005428146
tourist 0 2.995732273553991 0.0
towards 1 2.120263536200091 2.120263536200091
trade 1 1.7147984280919266 1.7147984280919266
trademark 1 0.0 0.0
trading 1 2.995732273553991 2.995732273553991
tradition 1 2.207274913189721 2.207274913189721
traditional 1 2.302585092994046 2.302585092994046
traffic 1 2.995732273553991 2.995732273553991
trafficking 1 3.506557897319982 3.506557897319982
training 1 1.6094379124341003 1.6094379124341003
transition 1 2.407945608651872 2.407945608651872
translation 1 2.302585092994046 2.302585092994046
transparency 1 4.605170185988092 4.605170185988092
transplant 1 3.912023005428146 3.912023005428146
transplantation 1 3.912023005428146 3.912023005428146
transplanted 1 3.912023005428146 3.912023005428146
transport 1 2.5257286443082556 2.5257286443082556
trapianti 1 4.605170185988092 4.605170185988092
trauma 1 3.506557897319982 3.506557897319982
travelling 1 3.506557897319982 3.506557897319982
treasure 1 3.2188758248682006 3.2188758248682006
trend 1 3.506557897319982 3.506557897319982
trey 1 3.506557897319982 3.506557897319982
trial 1 1.8971199848858813 1.8971199848858813
trialled 1 4.605170185988092 4.605170185988092
tribunal 1 3.912023005428146 3.912023005428146
tribune 1 1.9661128563728327 1.9661128563728327
tried 1 2.5257286443082556 2.5257286443082556
trillium 1 4.605170185988092 4.605170185988092
tube 1 1.8971199848858813 1.8971199848858813
tuberculosis 1 3.2188758248682006 3.2188758248682006
turnbull 1 4.605170185988092 4.605170185988092
two 1 0.43078291609245434 0.43078291609245434
type 0 1.2729656758128876 0.0
typically 1 2.995732273553991 2.995732273553991
uighur 1 4.605170185988092 4.605170185988092
ulpaddingem 1 0.1392620673335076 0.1392620673335076
ultimate 1 2.302585092994046 2.302585092994046
ultrasound 1 4.605170185988092 4.605170185988092
un 0 3.506557897319982 0.0
unclaimed 1 3.912023005428146 3.912023005428146
undercover 1 4.605170185988092 4.605170185988092
undergo 1 4.605170185988092 4.605170185988092
undermine 1 3.506557897319982 3.506557897319982
underoccupied 1 4.605170185988092 4.605170185988092
underway 1 2.995732273553991 2.995732273553991
undesirable 1 4.605170185988092 4.605170185988092
unemployment 1 3.506557897319982 3.506557897319982
unesco 1 3.912023005428146 3.912023005428146
unexplained 1 3.912023005428146 3.912023005428146
united 1 0.4155154439616658 0.4155154439616658
university 1 0.616186139423817 0.616186139423817
unknown 1 2.207274913189721 2.207274913189721
unwilling 1 4.605170185988092 4.605170185988092
update 1 2.659260036932778 2.659260036932778
updated 1 2.302585092994046 2.302585092994046
updating 1 3.506557897319982 3.506557897319982
upload 1 0.0 0.0
upper 1 2.0402208285265546 2.0402208285265546
urban 1 2.120263536200091 2.120263536200091
urbanization 1 4.605170185988092 4.605170185988092
urged 1 3.506557897319982 3.506557897319982
urology 1 4.605170185988092 4.605170185988092
usa 1 1.9661128563728327 1.9661128563728327
use 1 0.0 0.0
used 1 0.8675005677047231 0.8675005677047231
using 1 0.0 0.0
utc 1 0.0 0.0
uterus 1 4.605170185988092 4.605170185988092
utilizing 1 3.2188758248682006 3.2188758248682006
uyghur 1 4.605170185988092 4.605170185988092
uyghurs 1 4.605170185988092 4.605170185988092
vagina 1 4.605170185988092 4.605170185988092
valley 0 2.120263536200091 0.0
value 0 1.9661128563728327 0.0
van 1 1.7147984280919266 1.7147984280919266
var 1 0.0 0.0
variant 1 3.2188758248682006 3.2188758248682006
variety 1 2.5257286443082556 2.5257286443082556
various 1 1.5141277326297755 1.5141277326297755
vascular 1 4.605170185988092 4.605170185988092
vast 1 3.2188758248682006 3.2188758248682006
vegetarianism 1 4.605170185988092 4.605170185988092
ventilation 1 4.605170185988092 4.605170185988092
verify 1 3.2188758248682006 3.2188758248682006
verlag 1 4.605170185988092 4.605170185988092
version 1 0.0 0.0
vessel 1 2.659260036932778 2.659260036932778
via 1 1.4271163556401458 1.4271163556401458
viable 1 3.912023005428146 3.912023005428146
vice 1 1.6607312068216509 1.6607312068216509
victim 1 2.407945608651872 2.407945608651872
view 1 0.0 0.0
violence 1 2.8134107167600364 2.8134107167600364
visit 1 2.0402208285265546 2.0402208285265546
vit 1 2.407945608651872 2.407945608651872
vital 1 2.995732273553991 2.995732273553991
vladimir 1 3.506557897319982 3.506557897319982
voiced 1 2.995732273553991 2.995732273553991
vol 1 1.5606477482646683 1.5606477482646683
volcano 0 3.2188758248682006 0.0
volume 1 1.6094379124341003 1.6094379124341003
voluntarily 1 3.912023005428146 3.912023005428146
voluntary 1 3.2188758248682006 3.2188758248682006
vow 0 3.912023005428146 0.0
vte 1 0.7550225842780328 0.7550225842780328
wait 1 2.995732273553991 2.995732273553991
waiting 1 3.2188758248682006 3.2188758248682006
wan 1 2.995732273553991 2.995732273553991
wang 1 3.912023005428146 3.912023005428146
wangs 1 4.605170185988092 4.605170185988092
war 1 0.7985076962177716 0.7985076962177716
ward 1 2.302585092994046 2.302585092994046
warring 1 4.605170185988092 4.605170185988092
washington 1 1.2378743560016172 1.2378743560016172
water 1 1.5606477482646683 1.5606477482646683
waterfall 0 4.605170185988092 0.0
way 1 1.1086626245216111 1.1086626245216111
wayback 1 1.8971199848858813 1.8971199848858813
web 1 1.4696759700589417 1.4696759700589417
webarchive 1 2.0402208285265546 2.0402208285265546
website 1 1.6094379124341003 1.6094379124341003
week 1 1.2729656758128876 1.2729656758128876
weekly 1 2.5257286443082556 2.5257286443082556
wei 1 3.506557897319982 3.506557897319982
weilie 1 4.605170185988092 4.605170185988092
weisstub 1 4.605170185988092 4.605170185988092
welfare 1 2.8134107167600364 2.8134107167600364
well 1 0.7765287894989963 0.7765287894989963
wen 1 4.605170185988092 4.605170185988092
west 1 1.171182981502945 1.171182981502945
western 1 1.2039728043259361 1.2039728043259361
wetland 0 3.912023005428146 0.0
wha 1 4.605170185988092 4.605170185988092
whole 1 2.120263536200091 2.120263536200091
widespread 1 2.995732273553991 2.995732273553991
widespreadas 1 4.605170185988092 4.605170185988092
wife 1 1.7719568419318754 1.7719568419318754
wiki 1 2.120263536200091 2.120263536200091
wikidata 1 0.010050335853501506 0.010050335853501506
wikify 1 4.605170185988092 4.605170185988092
wikimedia 1 0.0 0.0
wikipedia 1 0.0 0.0
wildlife 1 3.506557897319982 3.506557897319982
wingfield 1 4.605170185988092 4.605170185988092
wish 1 2.995732273553991 2.995732273553991
wishing 1 3.912023005428146 3.912023005428146
withdrew 1 2.995732273553991 2.995732273553991
within 1 1.3862943611198906 1.3862943611198906
without 1 1.3093333199837622 1.3093333199837622
witness 0 2.407945608651872 0.0
wma 1 4.605170185988092 4.605170185988092
woke 1 2.995732273553991 2.995732273553991
woman 0 1.171182981502945 0.0
womens 1 2.0402208285265546 2.0402208285265546
woodford 1 3.912023005428146 3.912023005428146
woodruff 1 3.912023005428146 3.912023005428146
wording 1 4.605170185988092 4.605170185988092
worked 1 1.6607312068216509 1.6607312068216509
world 1 0.5108256237659907 0.5108256237659907
worldcatorg 1 4.605170185988092 4.605170185988092
worldfirst 1 4.605170185988092 4.605170185988092
worldwide 1 2.407945608651872 2.407945608651872
worry 0 4.605170185988092 0.0
worst 1 2.5257286443082556 2.5257286443082556
would 1 0.7550225842780328 0.7550225842780328
writing 1 1.8325814637483102 1.8325814637483102
written 1 0.9416085398584451 0.9416085398584451
wrote 1 1.3470736479666094 1.3470736479666094
wu 0 4.605170185988092 0.0
wuhan 1 4.605170185988092 4.605170185988092
wwwamericanedu 1 4.605170185988092 4.605170185988092
wwwreuterscom 1 4.605170185988092 4.605170185988092
wwwsmhcomau 1 4.605170185988092 4.605170185988092
xenotransplantation 1 4.605170185988092 4.605170185988092
xia 1 3.912023005428146 3.912023005428146
xian 1 4.605170185988092 4.605170185988092
xiaofu 1 4.605170185988092 4.605170185988092
xijing 1 4.605170185988092 4.605170185988092
xinhua 1 3.912023005428146 3.912023005428146
xinjiang 1 4.605170185988092 4.605170185988092
xrays 1 4.605170185988092 4.605170185988092
xxx 1 4.605170185988092 4.605170185988092
yan 1 4.605170185988092 4.605170185988092
yang 1 3.2188758248682006 3.2188758248682006
yangtze 1 4.605170185988092 4.605170185988092
year 1 0.3424903089467759 0.3424903089467759
yearold 1 2.5257286443082556 2.5257286443082556
yellow 1 1.9661128563728327 1.9661128563728327
ying 1 4.605170185988092 4.605170185988092
yongbing 1 4.605170185988092 4.605170185988092
york 1 0.8209805520698303 0.8209805520698303
yorkshire 1 3.912023005428146 3.912023005428146
yuan 1 4.605170185988092 4.605170185988092
yunsong 1 4.605170185988092 4.605170185988092
zeng 1 3.912023005428146 3.912023005428146
zhang 1 2.995732273553991 2.995732273553991
zhao 1 4.605170185988092 4.605170185988092
zhejiang 1 3.912023005428146 3.912023005428146
zheng 1 3.912023005428146 3.912023005428146
zhixiong 1 4.605170185988092 4.605170185988092
zhonghua 1 4.605170185988092 4.605170185988092
zhou 1 4.605170185988092 4.605170185988092
zhu 1 4.605170185988092 4.605170185988092
zone 0 2.407945608651872 0.0
