aabclearbothmarginem 1 3.506557897319982 3.506557897319982
aabmargin 1 3.506557897319982 3.506557897319982
abrupt 1 3.912023005428146 3.912023005428146
absent 1 3.506557897319982 3.506557897319982
absolute 1 2.5257286443082556 2.5257286443082556
abstract 1 3.2188758248682006 3.2188758248682006
abundance 1 4.605170185988092 4.605170185988092
abundant 1 3.506557897319982 3.506557897319982
accordance 1 3.506557897319982 3.506557897319982
accordingly 1 3.506557897319982 3.506557897319982
account 1 0.0 0.0
accretion 1 4.605170185988092 4.605170185988092
acid 1 3.2188758248682006 3.2188758248682006
acidic 1 4.605170185988092 4.605170185988092
across 1 1.8325814637483102 1.8325814637483102
action 0 0.0 0.0
activity 1 1.8325814637483102 1.8325814637483102
actual 1 2.8134107167600364 2.8134107167600364
adapted 1 2.995732273553991 2.995732273553991
add 1 0.0 0.0
additional 1 0.0 0.0
adjacent 1 3.912023005428146 3.912023005428146
advocacy 1 3.912023005428146 3.912023005428146
age 1 0.7985076962177716 0.7985076962177716
aged 1 2.120263536200091 2.120263536200091
agestage 1 4.605170185988092 4.605170185988092
ago 1 1.9661128563728327 1.9661128563728327
agree 1 0.0 0.0
alba 1 3.912023005428146 3.912023005428146
albedo 1 4.605170185988092 4.605170185988092
alester 1 4.605170185988092 4.605170185988092
alike 1 0.0 0.0
also 1 0.127833371509885 0.127833371509885
alternative 1 2.207274913189721 2.207274913189721
although 1 1.4696759700589417 1.4696759700589417
altieri 1 3.912023005428146 3.912023005428146
amazonian 1 4.605170185988092 4.605170185988092
america 1 0.8675005677047231 0.8675005677047231
amount 0 2.5257286443082556 0.0
amp 1 0.4620354595965586 0.4620354595965586
analogous 1 3.506557897319982 3.506557897319982
annual 1 1.6607312068216509 1.6607312068216509
another 1 0.9675840262617057 0.9675840262617057
anywhere 1 3.506557897319982 3.506557897319982
appear 1 2.407945608651872 2.407945608651872
appearance 1 0.0 0.0
appears 1 2.120263536200091 2.120263536200091
applied 1 2.659260036932778 2.659260036932778
apply 1 0.0 0.0
approach 1 1.9661128563728327 1.9661128563728327
approximate 1 4.605170185988092 4.605170185988092
apron 1 4.605170185988092 4.605170185988092
apt 1 3.912023005428146 3.912023005428146
aqueous 1 4.605170185988092 4.605170185988092
arabia 1 2.995732273553991 2.995732273553991
archean 1 4.605170185988092 4.605170185988092
area 1 1.2729656758128876 1.2729656758128876
arepsn 1 4.605170185988092 4.605170185988092
arid 1 4.605170185988092 4.605170185988092
arizona 1 2.659260036932778 2.659260036932778
around 1 1.0216512475319812 1.0216512475319812
article 1 0.0 0.0
artificial 1 3.2188758248682006 3.2188758248682006
arvidson 1 4.605170185988092 4.605170185988092
asteroid 0 4.605170185988092 0.0
astronomy 1 4.605170185988092 4.605170185988092
atlas 1 2.8134107167600364 2.8134107167600364
atmosphere 1 3.506557897319982 3.506557897319982
atmospheric 1 4.605170185988092 4.605170185988092
attribution 1 0.0 0.0
australe 1 4.605170185988092 4.605170185988092
auto 1 0.1392620673335076 0.1392620673335076
autopaddingem 1 3.506557897319982 3.506557897319982
available 1 0.0 0.0
avb 1 4.605170185988092 4.605170185988092
average 1 2.0402208285265546 2.0402208285265546
back 1 1.0216512475319812 1.0216512475319812
bahasa 1 1.8325814637483102 1.8325814637483102
barlow 1 4.605170185988092 4.605170185988092
basalt 0 4.605170185988092 0.0
basaltic 1 4.605170185988092 4.605170185988092
base 1 1.4696759700589417 1.4696759700589417
based 1 1.07880966137193 1.07880966137193
basin 1 3.912023005428146 3.912023005428146
batson 1 4.605170185988092 4.605170185988092
became 1 0.7133498878774648 0.7133498878774648
become 1 1.2378743560016172 1.2378743560016172
began 1 0.8675005677047231 0.8675005677047231
beginning 1 1.6607312068216509 1.6607312068216509
begun 1 2.8134107167600364 2.8134107167600364
behavior 1 2.8134107167600364 2.8134107167600364
belluci 1 4.605170185988092 4.605170185988092
berthe 1 3.912023005428146 3.912023005428146
better 1 1.8971199848858813 1.8971199848858813
bibcode 1 3.506557897319982 3.506557897319982
bibliography 1 2.207274913189721 2.207274913189721
bibring 1 4.605170185988092 4.605170185988092
birth 1 1.1394342831883648 1.1394342831883648
body 1 1.4271163556401458 1.4271163556401458
bombardment 1 3.506557897319982 3.506557897319982
book 1 0.6348782724359695 0.6348782724359695
borealis 1 3.912023005428146 3.912023005428146
boreum 1 4.605170185988092 4.605170185988092
bottom 1 2.302585092994046 2.302585092994046
bound 1 3.2188758248682006 3.2188758248682006
boundary 1 2.995732273553991 2.995732273553991
boyce 1 3.912023005428146 3.912023005428146
brain 1 2.995732273553991 2.995732273553991
broad 1 3.2188758248682006 3.2188758248682006
bulge 1 4.605170185988092 4.605170185988092
bulletin 1 2.5257286443082556 2.5257286443082556
bury 1 3.912023005428146 3.912023005428146
calendar 1 2.5257286443082556 2.5257286443082556
called 1 0.8209805520698303 0.8209805520698303
cambridge 1 2.120263536200091 2.120263536200091
canal 0 3.506557897319982 0.0
canyon 1 2.8134107167600364 2.8134107167600364
cap 0 2.995732273553991 0.0
capaccioni 1 4.605170185988092 4.605170185988092
carbonate 0 4.605170185988092 0.0
carr 1 3.506557897319982 3.506557897319982
carved 1 3.912023005428146 3.912023005428146
carving 1 4.605170185988092 4.605170185988092
case 1 1.3862943611198906 1.3862943611198906
cataclysmic 1 4.605170185988092 4.605170185988092
catastrophic 1 4.605170185988092 4.605170185988092
category 1 0.0 0.0
catena 0 4.605170185988092 0.0
catling 1 4.605170185988092 4.605170185988092
causing 1 2.659260036932778 2.659260036932778
celestial 1 3.912023005428146 3.912023005428146
center 1 1.171182981502945 1.171182981502945
centerpx 1 0.0408219945202552 0.0408219945202552
central 1 1.07880966137193 1.07880966137193
cerberus 1 3.912023005428146 3.912023005428146
cerroni 1 4.605170185988092 4.605170185988092
change 0 0.0 0.0
changed 1 1.6607312068216509 1.6607312068216509
channel 0 2.302585092994046 0.0
chaos 1 2.995732273553991 2.995732273553991
chapman 1 2.995732273553991 2.995732273553991
characteristic 0 2.5257286443082556 0.0
characterization 1 4.605170185988092 4.605170185988092
characterized 1 2.659260036932778 2.659260036932778
chart 1 2.659260036932778 2.659260036932778
cheese 1 3.506557897319982 3.506557897319982
chron 1 4.605170185988092 4.605170185988092
chronological 1 3.2188758248682006 3.2188758248682006
chronology 1 2.407945608651872 2.407945608651872
chronostratigraphic 1 4.605170185988092 4.605170185988092
chronostratigraphy 1 4.605170185988092 4.605170185988092
chronozone 1 4.605170185988092 4.605170185988092
cimmeria 1 4.605170185988092 4.605170185988092
cincinnati 1 2.8134107167600364 2.8134107167600364
circulation 1 3.912023005428146 3.912023005428146
circumpolar 1 4.605170185988092 4.605170185988092
citation 1 0.0408219945202552 0.0408219945202552
cite 1 0.0 0.0
cited 1 3.2188758248682006 3.2188758248682006
citejournal 1 1.9661128563728327 1.9661128563728327
clay 1 2.8134107167600364 2.8134107167600364
clearly 1 4.605170185988092 4.605170185988092
cliff 0 2.995732273553991 0.0
clifford 1 2.5257286443082556 2.5257286443082556
climate 1 2.995732273553991 2.995732273553991
climatic 1 4.605170185988092 4.605170185988092
code 1 0.0 0.0
coincident 1 4.605170185988092 4.605170185988092
cold 1 2.207274913189721 2.207274913189721
collect 1 3.506557897319982 3.506557897319982
colonization 1 4.605170185988092 4.605170185988092
color 1 2.0402208285265546 2.0402208285265546
colorized 1 4.605170185988092 4.605170185988092
column 1 2.8134107167600364 2.8134107167600364
combes 1 4.605170185988092 4.605170185988092
comet 0 3.506557897319982 0.0
commission 1 1.7147984280919266 1.7147984280919266
common 0 0.0 0.0
complete 1 1.8325814637483102 1.8325814637483102
complex 1 2.302585092994046 2.302585092994046
composition 1 2.407945608651872 2.407945608651872
compressive 1 4.605170185988092 4.605170185988092
conceived 1 3.2188758248682006 3.2188758248682006
concentric 1 4.605170185988092 4.605170185988092
concept 0 2.120263536200091 0.0
condition 0 2.0402208285265546 0.0
conduct 1 0.0 0.0
cone 0 2.995732273553991 0.0
conference 1 1.3862943611198906 1.3862943611198906
confused 1 2.8134107167600364 2.8134107167600364
confusing 1 3.506557897319982 3.506557897319982
consist 1 3.506557897319982 3.506557897319982
consists 1 2.407945608651872 2.407945608651872
construct 0 2.8134107167600364 0.0
contact 1 0.0 0.0
contain 1 2.995732273553991 2.995732273553991
content 1 0.0 0.0
context 1 0.010050335853501506 0.010050335853501506
contribute 1 0.0 0.0
contribution 0 0.0 0.0
cookie 1 0.0 0.0
cookiematch 1 0.0 0.0
cooled 1 4.605170185988092 4.605170185988092
coradini 1 4.605170185988092 4.605170185988092
cord 1 3.506557897319982 3.506557897319982
correlated 1 4.605170185988092 4.605170185988092
corresponding 1 2.8134107167600364 2.8134107167600364
corresponds 1 4.605170185988092 4.605170185988092
costard 1 4.605170185988092 4.605170185988092
could 1 1.2378743560016172 1.2378743560016172
count 0 2.407945608651872 0.0
counterlistitema 1 0.127833371509885 0.127833371509885
cover 1 1.6094379124341003 1.6094379124341003
covered 1 2.995732273553991 2.995732273553991
crack 0 3.506557897319982 0.0
crater 1 3.912023005428146 3.912023005428146
cratered 1 4.605170185988092 4.605170185988092
cratering 1 4.605170185988092 4.605170185988092
create 1 0.0 0.0
creative 1 0.0 0.0
cretaceous 1 4.605170185988092 4.605170185988092
crisp 1 4.605170185988092 4.605170185988092
croft 1 3.912023005428146 3.912023005428146
cross 1 1.8325814637483102 1.8325814637483102
crosscutting 1 4.605170185988092 4.605170185988092
crust 1 4.605170185988092 4.605170185988092
crustal 1 4.605170185988092 4.605170185988092
cryosphere 1 4.605170185988092 4.605170185988092
csmaintcolorf 1 0.06187540371808745 0.06187540371808745
csmaintcolorfmedia 1 0.0408219945202552 0.0408219945202552
cswsicon 1 0.0408219945202552 0.0408219945202552
current 1 0.0 0.0
currently 1 2.207274913189721 2.207274913189721
cydonia 1 4.605170185988092 4.605170185988092
darian 1 4.605170185988092 4.605170185988092
dark 1 2.207274913189721 2.207274913189721
darktoned 1 4.605170185988092 4.605170185988092
data 1 1.3862943611198906 1.3862943611198906
date 1 0.3147107448397002 0.3147107448397002
dating 1 3.506557897319982 3.506557897319982
day 1 0.5276327420823719 0.5276327420823719
debate 1 2.8134107167600364 2.8134107167600364
debris 1 4.605170185988092 4.605170185988092
decade 0 2.659260036932778 0.0
decline 1 2.5257286443082556 2.5257286443082556
declined 1 2.8134107167600364 2.8134107167600364
declining 1 3.912023005428146 3.912023005428146
deep 1 2.407945608651872 2.407945608651872
deeper 1 3.506557897319982 3.506557897319982
defined 1 2.207274913189721 2.207274913189721
definition 1 2.8134107167600364 2.8134107167600364
deformational 1 4.605170185988092 4.605170185988092
deimos 1 3.912023005428146 3.912023005428146
density 1 3.912023005428146 3.912023005428146
dependent 1 3.2188758248682006 3.2188758248682006
deposit 1 3.912023005428146 3.912023005428146
deposited 1 4.605170185988092 4.605170185988092
derived 1 2.659260036932778 2.659260036932778
description 1 0.07257069283483537 0.07257069283483537
designated 1 3.506557897319982 3.506557897319982
despite 1 1.1394342831883648 1.1394342831883648
detailed 1 3.506557897319982 3.506557897319982
determine 1 2.659260036932778 2.659260036932778
determined 1 2.407945608651872 2.407945608651872
deutsch 1 0.9416085398584451 0.9416085398584451
developer 0 0.0 0.0
devil 1 2.207274913189721 2.207274913189721
diameter 1 4.605170185988092 4.605170185988092
dichotomy 1 3.506557897319982 3.506557897319982
different 1 0.3424903089467759 0.3424903089467759
difficulty 1 2.995732273553991 2.995732273553991
dimension 0 3.2188758248682006 0.0
dioxide 1 4.605170185988092 4.605170185988092
disclaimer 0 0.0 0.0
discrete 1 3.506557897319982 3.506557897319982
distinct 1 3.506557897319982 3.506557897319982
distinctive 1 3.2188758248682006 3.2188758248682006
distinctly 1 3.912023005428146 3.912023005428146
distinguish 1 3.912023005428146 3.912023005428146
doi 1 2.0402208285265546 2.0402208285265546
doiannurevearth 1 4.605170185988092 4.605170185988092
doijepsl 1 4.605170185988092 4.605170185988092
doijicarus 1 4.605170185988092 4.605170185988092
doiscience 1 4.605170185988092 4.605170185988092
dominant 1 2.995732273553991 2.995732273553991
dominantly 1 4.605170185988092 4.605170185988092
donate 1 0.0 0.0
dont 1 1.9661128563728327 1.9661128563728327
doubt 1 2.995732273553991 2.995732273553991
doute 1 4.605170185988092 4.605170185988092
download 1 0.0 0.0
dramatic 1 3.2188758248682006 3.2188758248682006
driver 1 2.207274913189721 2.207274913189721
drossart 1 4.605170185988092 4.605170185988092
dry 1 3.506557897319982 3.506557897319982
dtaftercontent 1 0.127833371509885 0.127833371509885
due 1 0.9416085398584451 0.9416085398584451
dust 1 3.912023005428146 3.912023005428146
dusty 1 3.912023005428146 3.912023005428146
duxbury 1 4.605170185988092 4.605170185988092
earliest 1 2.995732273553991 2.995732273553991
early 1 0.6348782724359695 0.6348782724359695
earth 1 2.407945608651872 2.407945608651872
earthbased 1 4.605170185988092 4.605170185988092
easily 1 2.995732273553991 2.995732273553991
eastern 1 1.5606477482646683 1.5606477482646683
easy 1 2.659260036932778 2.659260036932778
eclipse 0 3.912023005428146 0.0
ed 0 2.120263536200091 0.0
eicher 1 4.605170185988092 4.605170185988092
ejecta 1 4.605170185988092 4.605170185988092
elevation 1 3.506557897319982 3.506557897319982
embay 1 4.605170185988092 4.605170185988092
emflex 1 3.506557897319982 3.506557897319982
encrenaz 1 4.605170185988092 4.605170185988092
encyclopedia 1 0.0 0.0
end 1 0.7985076962177716 0.7985076962177716
englewood 1 4.605170185988092 4.605170185988092
english 1 0.0 0.0
enormous 1 3.506557897319982 3.506557897319982
enough 1 2.207274913189721 2.207274913189721
entirely 1 2.407945608651872 2.407945608651872
environment 0 2.407945608651872 0.0
environmental 1 2.8134107167600364 2.8134107167600364
eon 1 4.605170185988092 4.605170185988092
eonothem 1 4.605170185988092 4.605170185988092
episode 1 1.6094379124341003 1.6094379124341003
epoch 1 3.912023005428146 3.912023005428146
epslc 1 4.605170185988092 4.605170185988092
equatorial 1 3.912023005428146 3.912023005428146
equivalent 1 2.8134107167600364 2.8134107167600364
era 1 2.120263536200091 2.120263536200091
erathem 1 4.605170185988092 4.605170185988092
eridania 1 4.605170185988092 4.605170185988092
erosion 1 4.605170185988092 4.605170185988092
error 1 2.407945608651872 2.407945608651872
erupted 1 2.995732273553991 2.995732273553991
especially 1 2.207274913189721 2.207274913189721
esperanto 1 2.5257286443082556 2.5257286443082556
eureka 1 3.912023005428146 3.912023005428146
evaporitic 1 4.605170185988092 4.605170185988092
even 1 1.1394342831883648 1.1394342831883648
event 0 0.0 0.0
evidence 1 2.302585092994046 2.302585092994046
evolution 1 2.5257286443082556 2.5257286443082556
evolutionary 1 3.506557897319982 3.506557897319982
example 1 1.8325814637483102 1.8325814637483102
except 1 2.659260036932778 2.659260036932778
exp 1 0.0 0.0
exploration 1 3.2188758248682006 3.2188758248682006
express 1 1.9661128563728327 1.9661128563728327
extension 1 2.207274913189721 2.207274913189721
extensional 1 4.605170185988092 4.605170185988092
extent 1 2.5257286443082556 2.5257286443082556
factor 1 2.5257286443082556 2.5257286443082556
fassett 1 4.605170185988092 4.605170185988092
fauna 1 3.506557897319982 3.506557897319982
feature 1 1.4696759700589417 1.4696759700589417
fewer 1 3.912023005428146 3.912023005428146
fiction 1 2.5257286443082556 2.5257286443082556
fig 1 3.506557897319982 3.506557897319982
file 1 0.0 0.0
fill 1 3.912023005428146 3.912023005428146
film 0 1.4696759700589417 0.0
fissure 0 4.605170185988092 0.0
flag 1 1.7147984280919266 1.7147984280919266
flaw 0 3.912023005428146 0.0
flood 1 3.506557897319982 3.506557897319982
flooding 1 4.605170185988092 4.605170185988092
flow 1 2.659260036932778 2.659260036932778
flowed 1 4.605170185988092 4.605170185988092
flyby 1 4.605170185988092 4.605170185988092
followed 1 1.3093333199837622 1.3093333199837622
following 1 0.7133498878774648 0.7133498878774648
fonti 1 4.605170185988092 4.605170185988092
forget 1 2.995732273553991 2.995732273553991
form 1 1.3470736479666094 1.3470736479666094
formal 1 2.659260036932778 2.659260036932778
formation 1 2.407945608651872 2.407945608651872
formed 1 1.7719568419318754 1.7719568419318754
forming 1 2.8134107167600364 2.8134107167600364
formisano 1 4.605170185988092 4.605170185988092
fossa 0 4.605170185988092 0.0
fossil 1 4.605170185988092 4.605170185988092
fouchet 1 4.605170185988092 4.605170185988092
foundation 1 0.0 0.0
four 1 0.7985076962177716 0.7985076962177716
fracture 0 3.912023005428146 0.0
fractured 1 3.912023005428146 3.912023005428146
franais 1 0.8675005677047231 0.8675005677047231
free 1 0.0 0.0
freeze 1 4.605170185988092 4.605170185988092
frequently 1 2.659260036932778 2.659260036932778
fretted 1 4.605170185988092 4.605170185988092
gadget 1 3.2188758248682006 3.2188758248682006
gap 0 2.995732273553991 0.0
gendrin 1 4.605170185988092 4.605170185988092
general 1 0.0 0.0
generally 1 2.407945608651872 2.407945608651872
geochronologic 1 4.605170185988092 4.605170185988092
geochronological 1 4.605170185988092 4.605170185988092
geochronology 1 4.605170185988092 4.605170185988092
geography 1 3.506557897319982 3.506557897319982
geologic 1 4.605170185988092 4.605170185988092
geological 1 3.912023005428146 3.912023005428146
geologist 0 3.912023005428146 0.0
geology 1 3.506557897319982 3.506557897319982
geomorphologic 1 4.605170185988092 4.605170185988092
geophysical 1 4.605170185988092 4.605170185988092
geophysics 1 4.605170185988092 4.605170185988092
get 1 0.0 0.0
geyser 0 4.605170185988092 0.0
given 1 1.2378743560016172 1.2378743560016172
glacial 1 4.605170185988092 4.605170185988092
glacier 0 3.912023005428146 0.0
global 1 1.7719568419318754 1.7719568419318754
globally 1 3.506557897319982 3.506557897319982
gomez 1 3.2188758248682006 3.2188758248682006
gondet 1 4.605170185988092 4.605170185988092
graphical 1 4.605170185988092 4.605170185988092
gravity 1 3.912023005428146 3.912023005428146
great 1 0.9675840262617057 0.9675840262617057
greater 1 2.302585092994046 2.302585092994046
greeley 1 3.506557897319982 3.506557897319982
greenblue 1 4.605170185988092 4.605170185988092
grew 1 2.302585092994046 2.302585092994046
groundwater 1 3.912023005428146 3.912023005428146
group 1 0.8209805520698303 0.8209805520698303
grouped 1 3.912023005428146 3.912023005428146
gsabb 1 4.605170185988092 4.605170185988092
gspg 1 4.605170185988092 4.605170185988092
guest 1 2.302585092994046 2.302585092994046
guide 1 1.8971199848858813 1.8971199848858813
gully 0 4.605170185988092 0.0
hal 1 3.506557897319982 3.506557897319982
hall 1 1.3470736479666094 1.3470736479666094
hare 1 3.912023005428146 3.912023005428146
hartmann 1 4.605170185988092 4.605170185988092
hatnote 1 0.843970070294529 0.843970070294529
hauber 1 4.605170185988092 4.605170185988092
head 1 1.1086626245216111 1.1086626245216111
heavily 1 2.8134107167600364 2.8134107167600364
heavy 1 2.407945608651872 2.407945608651872
height 1 3.506557897319982 3.506557897319982
hellas 1 3.912023005428146 3.912023005428146
help 1 0.0 0.0
hemisphere 1 3.2188758248682006 3.2188758248682006
heperian 1 4.605170185988092 4.605170185988092
hepserian 1 4.605170185988092 4.605170185988092
hesperia 1 3.912023005428146 3.912023005428146
hesperian 1 4.605170185988092 4.605170185988092
hesperianaged 1 4.605170185988092 4.605170185988092
hesperianearly 1 4.605170185988092 4.605170185988092
hesperians 1 4.605170185988092 4.605170185988092
hidden 1 0.010050335853501506 0.010050335853501506
hide 1 0.0 0.0
high 1 0.9416085398584451 0.9416085398584451
higher 1 2.0402208285265546 2.0402208285265546
highest 1 1.7719568419318754 1.7719568419318754
highland 1 2.995732273553991 2.995732273553991
history 1 0.0 0.0
hlist 1 0.127833371509885 0.127833371509885
hlistinline 1 0.127833371509885 0.127833371509885
hoffmann 1 3.912023005428146 3.912023005428146
houston 1 1.9661128563728327 1.9661128563728327
however 1 0.6931471805599453 0.6931471805599453
huge 1 2.8134107167600364 2.8134107167600364
human 1 1.3862943611198906 1.3862943611198906
hydrogen 1 4.605170185988092 4.605170185988092
hydrologic 1 4.605170185988092 4.605170185988092
iani 1 4.605170185988092 4.605170185988092
ic 0 3.506557897319982 0.0
icar 1 4.605170185988092 4.605170185988092
icarus 1 4.605170185988092 4.605170185988092
ice 1 2.659260036932778 2.659260036932778
icerelated 1 4.605170185988092 4.605170185988092
idealized 1 4.605170185988092 4.605170185988092
identified 1 2.659260036932778 2.659260036932778
idlockfree 1 0.0408219945202552 0.0408219945202552
idlockfreeidlockfree 1 0.0408219945202552 0.0408219945202552
idlocklimited 1 0.0408219945202552 0.0408219945202552
idlockregistration 1 0.0408219945202552 0.0408219945202552
idlocksubscription 1 0.0408219945202552 0.0408219945202552
ignatiev 1 4.605170185988092 4.605170185988092
illustrated 1 2.659260036932778 2.659260036932778
illustrating 1 3.912023005428146 3.912023005428146
image 1 2.120263536200091 2.120263536200091
imagination 1 4.605170185988092 4.605170185988092
imbrian 1 4.605170185988092 4.605170185988092
immense 1 4.605170185988092 4.605170185988092
impact 1 2.302585092994046 2.302585092994046
inc 1 0.0 0.0
include 1 1.3093333199837622 1.3093333199837622
including 1 0.7133498878774648 0.7133498878774648
increasingly 1 2.659260036932778 2.659260036932778
index 1 1.9661128563728327 1.9661128563728327
indicate 1 2.302585092994046 2.302585092994046
indicates 1 2.995732273553991 2.995732273553991
indicating 1 2.8134107167600364 2.8134107167600364
indonesia 1 1.7719568419318754 1.7719568419318754
inferred 1 3.912023005428146 3.912023005428146
infobox 1 0.3011050927839216 0.3011050927839216
infoboxtable 1 0.3147107448397002 0.3147107448397002
informally 1 4.605170185988092 4.605170185988092
information 1 0.0 0.0
inner 1 2.995732273553991 2.995732273553991
inspiration 1 3.2188758248682006 3.2188758248682006
instead 1 1.6607312068216509 1.6607312068216509
institute 1 1.5141277326297755 1.5141277326297755
intense 1 3.506557897319982 3.506557897319982
interacted 1 3.506557897319982 3.506557897319982
interchangeable 1 4.605170185988092 4.605170185988092
interior 1 2.5257286443082556 2.5257286443082556
intermediate 1 4.605170185988092 4.605170185988092
international 1 0.5978370007556204 0.5978370007556204
interpretation 1 3.2188758248682006 3.2188758248682006
interpreted 1 3.912023005428146 3.912023005428146
interval 1 3.506557897319982 3.506557897319982
investigation 0 2.120263536200091 0.0
isbn 1 0.9942522733438669 0.9942522733438669
isbnx 1 3.912023005428146 3.912023005428146
isochron 1 4.605170185988092 4.605170185988092
issi 1 4.605170185988092 4.605170185988092
italiano 1 1.07880966137193 1.07880966137193
item 1 0.010050335853501506 0.010050335853501506
ivanov 1 3.912023005428146 3.912023005428146
january 1 0.3424903089467759 0.3424903089467759
jaumann 1 4.605170185988092 4.605170185988092
jbi 1 4.605170185988092 4.605170185988092
jgrc 1 4.605170185988092 4.605170185988092
jgrei 1 4.605170185988092 4.605170185988092
joseph 1 1.5141277326297755 1.5141277326297755
jouglet 1 4.605170185988092 4.605170185988092
journal 1 1.3093333199837622 1.3093333199837622
jump 1 0.0 0.0
keller 1 3.912023005428146 3.912023005428146
key 1 1.6094379124341003 1.6094379124341003
kieffer 1 4.605170185988092 4.605170185988092
know 1 1.7147984280919266 1.7147984280919266
konecky 1 4.605170185988092 4.605170185988092
korablev 1 4.605170185988092 4.605170185988092
kottsov 1 4.605170185988092 4.605170185988092
labyrinthi 1 4.605170185988092 4.605170185988092
lake 1 1.8325814637483102 1.8325814637483102
landforms 1 4.605170185988092 4.605170185988092
landing 1 2.995732273553991 2.995732273553991
landscape 0 3.506557897319982 0.0
langevin 1 4.605170185988092 4.605170185988092
language 0 0.0 0.0
large 1 1.4696759700589417 1.4696759700589417
larger 1 2.407945608651872 2.407945608651872
last 1 0.0 0.0
late 1 1.3093333199837622 1.3093333199837622
later 1 0.5621189181535412 0.5621189181535412
latina 1 3.506557897319982 3.506557897319982
lava 1 3.506557897319982 3.506557897319982
law 1 1.4271163556401458 1.4271163556401458
layer 0 3.912023005428146 0.0
learn 1 0.0 0.0
left 1 1.171182981502945 1.171182981502945
length 1 1.7719568419318754 1.7719568419318754
leovy 1 4.605170185988092 4.605170185988092
let 0 1.8325814637483102 0.0
letter 0 2.207274913189721 0.0
liaftercontent 1 0.127833371509885 0.127833371509885
license 1 0.0 0.0
life 1 0.5447271754416719 0.5447271754416719
lighttoned 1 4.605170185988092 4.605170185988092
limtoc 1 4.605170185988092 4.605170185988092
lineae 1 4.605170185988092 4.605170185988092
link 1 0.0 0.0
liquid 1 3.2188758248682006 3.2188758248682006
list 1 0.6348782724359695 0.6348782724359695
literature 1 1.9661128563728327 1.9661128563728327
lobate 1 4.605170185988092 4.605170185988092
localized 1 3.912023005428146 3.912023005428146
location 1 1.171182981502945 1.171182981502945
log 1 0.0 0.0
logged 1 0.0 0.0
loiseau 1 4.605170185988092 4.605170185988092
lower 1 1.8325814637483102 1.8325814637483102
lowest 1 3.506557897319982 3.506557897319982
lowland 1 4.605170185988092 4.605170185988092
lowlying 1 4.605170185988092 4.605170185988092
lpsct 1 4.605170185988092 4.605170185988092
lunae 1 4.605170185988092 4.605170185988092
lunar 1 3.912023005428146 3.912023005428146
lying 1 3.912023005428146 3.912023005428146
main 1 0.0 0.0
major 1 1.1086626245216111 1.1086626245216111
malea 1 4.605170185988092 4.605170185988092
mangold 1 4.605170185988092 4.605170185988092
many 1 0.7550225842780328 0.7550225842780328
map 1 2.0402208285265546 2.0402208285265546
mapper 0 4.605170185988092 0.0
mapping 1 3.2188758248682006 3.2188758248682006
mar 0 2.0402208285265546 0.0
mare 1 3.912023005428146 3.912023005428146
marginal 1 4.605170185988092 4.605170185988092
maria 1 1.9661128563728327 1.9661128563728327
marineris 1 4.605170185988092 4.605170185988092
marscrossers 1 4.605170185988092 4.605170185988092
marsquake 1 4.605170185988092 4.605170185988092
martian 1 4.605170185988092 4.605170185988092
masson 1 4.605170185988092 4.605170185988092
material 0 1.3093333199837622 0.0
may 1 0.0 0.0
measured 1 4.605170185988092 4.605170185988092
megaregolith 1 4.605170185988092 4.605170185988092
memorial 0 2.0402208285265546 0.0
mensae 1 4.605170185988092 4.605170185988092
menu 1 0.0 0.0
merchiorri 1 4.605170185988092 4.605170185988092
mercury 1 2.995732273553991 2.995732273553991
meridiani 1 4.605170185988092 4.605170185988092
meteorite 0 4.605170185988092 0.0
methane 1 4.605170185988092 4.605170185988092
michael 1 1.171182981502945 1.171182981502945
mid 1 2.407945608651872 2.407945608651872
million 1 1.6094379124341003 1.6094379124341003
mineral 0 3.2188758248682006 0.0
mineralogical 1 4.605170185988092 4.605170185988092
mineralogy 1 4.605170185988092 4.605170185988092
mini 1 3.2188758248682006 3.2188758248682006
miscellaneous 1 2.995732273553991 2.995732273553991
missing 1 1.8971199848858813 1.8971199848858813
mission 1 2.302585092994046 2.302585092994046
mobile 1 0.0 0.0
model 1 1.8971199848858813 1.8971199848858813
moderate 1 2.995732273553991 2.995732273553991
moderately 1 3.912023005428146 3.912023005428146
mola 1 4.605170185988092 4.605170185988092
mold 1 3.912023005428146 3.912023005428146
mon 0 2.995732273553991 0.0
monolith 1 4.605170185988092 4.605170185988092
moon 1 2.407945608651872 2.407945608651872
moroz 1 4.605170185988092 4.605170185988092
morton 1 2.659260036932778 2.659260036932778
mosaic 1 3.506557897319982 3.506557897319982
mountain 0 1.8971199848858813 0.0
move 1 0.0 0.0
much 1 1.171182981502945 1.171182981502945
mud 1 3.912023005428146 3.912023005428146
mustard 1 4.605170185988092 4.605170185988092
mutch 1 4.605170185988092 4.605170185988092
mya 1 3.912023005428146 3.912023005428146
mysterious 1 2.5257286443082556 2.5257286443082556
mythology 1 2.8134107167600364 2.8134107167600364
name 1 0.5276327420823719 0.5276327420823719
named 1 1.2039728043259361 1.2039728043259361
navbar 1 0.23572233352106994 0.23572233352106994
navbarfontsizemedia 1 0.3147107448397002 0.3147107448397002
navbarmini 1 0.23572233352106994 0.23572233352106994
navbox 1 0.1392620673335076 0.1392620673335076
navboximage 1 0.1392620673335076 0.1392620673335076
navboxsubgroup 1 0.1392620673335076 0.1392620673335076
navboxtitle 1 0.1392620673335076 0.1392620673335076
navigation 1 0.0 0.0
necessary 1 2.659260036932778 2.659260036932778
need 1 1.2039728043259361 1.2039728043259361
network 1 1.3470736479666094 1.3470736479666094
neukum 1 4.605170185988092 4.605170185988092
nevertheless 1 2.5257286443082556 2.5257286443082556
new 1 0.24846135929849972 0.24846135929849972
nimmo 1 3.912023005428146 3.912023005428146
noachian 1 4.605170185988092 4.605170185988092
noachianaged 1 4.605170185988092 4.605170185988092
nomenclature 1 4.605170185988092 4.605170185988092
nondeposition 1 4.605170185988092 4.605170185988092
nongeologists 1 4.605170185988092 4.605170185988092
nonprofit 1 0.0 0.0
norsk 1 1.9661128563728327 1.9661128563728327
north 1 0.8209805520698303 0.8209805520698303
northeast 1 2.8134107167600364 2.8134107167600364
northern 1 1.3093333199837622 1.3093333199837622
note 1 0.8209805520698303 0.8209805520698303
npl 1 4.605170185988092 4.605170185988092
numberdensity 1 4.605170185988092 4.605170185988092
numerous 1 1.9661128563728327 1.9661128563728327
nynorsk 1 2.8134107167600364 2.8134107167600364
object 0 2.659260036932778 0.0
observation 1 3.2188758248682006 3.2188758248682006
observed 1 2.5257286443082556 2.5257286443082556
obtaining 1 3.506557897319982 3.506557897319982
occasionally 1 3.506557897319982 3.506557897319982
occurred 1 2.407945608651872 2.407945608651872
ocean 1 2.407945608651872 2.407945608651872
often 1 1.6607312068216509 1.6607312068216509
ohio 1 2.207274913189721 2.207274913189721
old 1 1.07880966137193 1.07880966137193
older 1 2.302585092994046 2.302585092994046
oldest 1 3.506557897319982 3.506557897319982
oliver 1 2.407945608651872 2.407945608651872
ollibeforecontent 1 0.127833371509885 0.127833371509885
olympia 1 3.506557897319982 3.506557897319982
olympus 1 4.605170185988092 4.605170185988092
omegamars 1 4.605170185988092 4.605170185988092
one 1 0.23572233352106994 0.23572233352106994
orbit 1 3.506557897319982 3.506557897319982
orbiter 1 4.605170185988092 4.605170185988092
ordovician 1 4.605170185988092 4.605170185988092
ore 1 3.912023005428146 3.912023005428146
organization 1 0.0 0.0
organizationname 1 0.010050335853501506 0.010050335853501506
origin 1 2.407945608651872 2.407945608651872
originally 1 1.9661128563728327 1.9661128563728327
originating 1 4.605170185988092 4.605170185988092
outcrop 1 4.605170185988092 4.605170185988092
outflow 1 3.912023005428146 3.912023005428146
outgassing 1 4.605170185988092 4.605170185988092
outline 1 2.8134107167600364 2.8134107167600364
overlie 1 4.605170185988092 4.605170185988092
overlies 1 4.605170185988092 4.605170185988092
overlying 1 4.605170185988092 4.605170185988092
oxford 1 2.5257286443082556 2.5257286443082556
page 1 0.0 0.0
pagetype 1 1.2729656758128876 1.2729656758128876
paleogene 1 4.605170185988092 4.605170185988092
pamphlet 1 3.912023005428146 3.912023005428146
paper 1 1.6607312068216509 1.6607312068216509
partially 1 3.506557897319982 3.506557897319982
patera 1 4.605170185988092 4.605170185988092
paterae 1 4.605170185988092 4.605170185988092
pdf 1 1.0498221244986776 1.0498221244986776
pdfprintable 1 0.0 0.0
per 1 1.7147984280919266 1.7147984280919266
perhaps 1 3.2188758248682006 3.2188758248682006
period 1 1.4271163556401458 1.4271163556401458
permanent 1 0.0 0.0
personal 1 0.0 0.0
perspective 0 2.8134107167600364 0.0
phase 1 2.302585092994046 2.302585092994046
phobos 1 4.605170185988092 4.605170185988092
photo 1 2.120263536200091 2.120263536200091
photogeologic 1 4.605170185988092 4.605170185988092
phyllosilicate 1 4.605170185988092 4.605170185988092
physical 1 2.5257286443082556 2.5257286443082556
physicalfeatures 1 4.605170185988092 4.605170185988092
picador 1 4.605170185988092 4.605170185988092
pictured 1 3.506557897319982 3.506557897319982
pinet 1 4.605170185988092 4.605170185988092
pioneered 1 3.506557897319982 3.506557897319982
place 1 0.653926467406664 0.653926467406664
plain 1 2.659260036932778 2.659260036932778
plana 1 4.605170185988092 4.605170185988092
planet 1 2.659260036932778 2.659260036932778
planetary 1 4.605170185988092 4.605170185988092
planetwide 1 4.605170185988092 4.605170185988092
planum 1 4.605170185988092 4.605170185988092
plateau 1 4.605170185988092 4.605170185988092
pmid 1 3.2188758248682006 3.2188758248682006
polar 1 3.912023005428146 3.912023005428146
policy 1 0.0 0.0
polski 1 1.3470736479666094 1.3470736479666094
pooled 1 4.605170185988092 4.605170185988092
popular 1 1.4696759700589417 1.4696759700589417
portal 1 0.0 0.0
portugus 1 1.171182981502945 1.171182981502945
position 1 1.1394342831883648 1.1394342831883648
postdate 1 4.605170185988092 4.605170185988092
poulet 1 4.605170185988092 4.605170185988092
pre 1 2.5257286443082556 2.5257286443082556
precipitated 1 3.506557897319982 3.506557897319982
preliminary 1 3.2188758248682006 3.2188758248682006
prentice 1 3.506557897319982 3.506557897319982
present 1 0.9675840262617057 0.9675840262617057
press 1 0.7550225842780328 0.7550225842780328
primary 1 2.0402208285265546 2.0402208285265546
princeton 1 3.2188758248682006 3.2188758248682006
principle 1 2.407945608651872 2.407945608651872
printbodyns 1 0.09431067947124142 0.09431067947124142
printexport 1 0.0 0.0
privacy 1 0.0 0.0
probably 1 3.2188758248682006 3.2188758248682006
process 1 1.5141277326297755 1.5141277326297755
produce 1 2.5257286443082556 2.5257286443082556
produced 1 1.7719568419318754 1.7719568419318754
producing 1 2.995732273553991 2.995732273553991
professional 1 1.6607312068216509 1.6607312068216509
project 1 0.0 0.0
prominent 1 2.407945608651872 2.407945608651872
property 1 1.7147984280919266 1.7147984280919266
provenance 1 4.605170185988092 4.605170185988092
pulse 1 3.506557897319982 3.506557897319982
punctuated 1 3.912023005428146 3.912023005428146
quadrangle 1 4.605170185988092 4.605170185988092
quantity 0 3.912023005428146 0.0
quiescent 1 4.605170185988092 4.605170185988092
race 1 1.7147984280919266 1.7147984280919266
radioactive 1 3.912023005428146 3.912023005428146
radiometric 1 4.605170185988092 4.605170185988092
random 1 0.0 0.0
range 1 2.5257286443082556 2.5257286443082556
ranging 1 3.506557897319982 3.506557897319982
rapidly 1 3.912023005428146 3.912023005428146
rate 1 2.407945608651872 2.407945608651872
read 1 0.0 0.0
reading 1 1.5606477482646683 1.5606477482646683
recent 1 0.0 0.0
recognizable 1 4.605170185988092 4.605170185988092
recommended 1 2.995732273553991 2.995732273553991
reconsidered 1 4.605170185988092 4.605170185988092
record 1 0.7765287894989963 0.7765287894989963
recurring 1 3.2188758248682006 3.2188758248682006
red 1 1.07880966137193 1.07880966137193
redefined 1 3.912023005428146 3.912023005428146
reference 0 0.03045920748470844 0.0
referent 1 4.605170185988092 4.605170185988092
referred 1 2.302585092994046 2.302585092994046
refined 1 3.912023005428146 3.912023005428146
refinement 1 3.912023005428146 3.912023005428146
reflist 1 0.06187540371808745 0.06187540371808745
reflistcolumns 1 0.06187540371808745 0.06187540371808745
reg 1 0.0 0.0
region 1 1.6607312068216509 1.6607312068216509
registered 1 0.0 0.0
related 1 0.0 0.0
relationship 1 1.8971199848858813 1.8971199848858813
relative 1 2.5257286443082556 2.5257286443082556
released 1 1.2729656758128876 1.2729656758128876
releasing 1 3.912023005428146 3.912023005428146
relief 1 2.8134107167600364 2.8134107167600364
remnant 1 3.506557897319982 3.506557897319982
replaced 1 1.8971199848858813 1.8971199848858813
represent 1 2.8134107167600364 2.8134107167600364
represented 1 1.7719568419318754 1.7719568419318754
representing 1 2.407945608651872 2.407945608651872
represents 1 2.5257286443082556 2.5257286443082556
research 1 1.6094379124341003 1.6094379124341003
resemble 1 3.912023005428146 3.912023005428146
resembling 1 4.605170185988092 4.605170185988092
resource 0 1.7147984280919266 0.0
result 1 0.9942522733438669 0.9942522733438669
retrieved 1 0.0 0.0
return 1 1.07880966137193 1.07880966137193
review 1 1.07880966137193 1.07880966137193
reworked 1 3.912023005428146 3.912023005428146
rgip 1 4.605170185988092 4.605170185988092
ridge 0 3.506557897319982 0.0
ridged 1 4.605170185988092 4.605170185988092
right 1 0.9675840262617057 0.9675840262617057
rigid 1 3.912023005428146 3.912023005428146
ring 1 1.8971199848858813 1.8971199848858813
rise 1 1.8325814637483102 1.8325814637483102
rock 1 1.6094379124341003 1.6094379124341003
rolling 1 2.8134107167600364 2.8134107167600364
rootless 1 3.912023005428146 3.912023005428146
roughly 1 3.2188758248682006 3.2188758248682006
rover 1 3.506557897319982 3.506557897319982
rsl 1 4.605170185988092 4.605170185988092
sabaea 1 4.605170185988092 4.605170185988092
sample 1 2.995732273553991 2.995732273553991
satellite 1 3.506557897319982 3.506557897319982
saybrook 1 4.605170185988092 4.605170185988092
scale 1 2.8134107167600364 2.8134107167600364
scandia 1 4.605170185988092 4.605170185988092
scheme 1 2.995732273553991 2.995732273553991
schmitt 1 3.506557897319982 3.506557897319982
sci 1 4.605170185988092 4.605170185988092
scid 1 2.659260036932778 2.659260036932778
science 1 1.171182981502945 1.171182981502945
scientific 1 2.659260036932778 2.659260036932778
scientist 1 3.506557897319982 3.506557897319982
scopuli 1 4.605170185988092 4.605170185988092
scott 1 1.2729656758128876 1.2729656758128876
screen 1 0.010050335853501506 0.010050335853501506
sea 1 2.0402208285265546 2.0402208285265546
search 1 0.0 0.0
seasonal 1 3.2188758248682006 3.2188758248682006
section 1 1.8325814637483102 1.8325814637483102
sediment 0 4.605170185988092 0.0
see 1 0.40047756659712536 0.40047756659712536
seen 1 1.8971199848858813 1.8971199848858813
segment 0 2.995732273553991 0.0
sens 0 3.912023005428146 0.0
sequence 1 2.302585092994046 2.302585092994046
series 1 0.8675005677047231 0.8675005677047231
set 1 0.9942522733438669 0.9942522733438669
settlement 1 2.407945608651872 2.407945608651872
several 1 0.8209805520698303 0.8209805520698303
share 1 0.0 0.0
sheetlike 1 4.605170185988092 4.605170185988092
shield 1 3.2188758248682006 3.2188758248682006
short 1 0.06187540371808745 0.06187540371808745
shortdescription 1 0.2613647641344075 0.2613647641344075
shortened 1 0.0 0.0
shown 1 2.302585092994046 2.302585092994046
sidebar 1 0.0 0.0
siding 1 4.605170185988092 4.605170185988092
similar 1 1.9661128563728327 1.9661128563728327
sinai 1 3.506557897319982 3.506557897319982
since 1 0.7985076962177716 0.7985076962177716
sinus 1 4.605170185988092 4.605170185988092
site 1 0.0 0.0
skinner 1 3.2188758248682006 3.2188758248682006
slope 1 4.605170185988092 4.605170185988092
slow 1 3.506557897319982 3.506557897319982
small 1 1.4271163556401458 1.4271163556401458
smaller 1 2.659260036932778 2.659260036932778
smithsonian 1 3.506557897319982 3.506557897319982
society 1 1.4271163556401458 1.4271163556401458
softening 1 4.605170185988092 4.605170185988092
soil 1 3.912023005428146 3.912023005428146
sol 1 4.605170185988092 4.605170185988092
solar 1 2.995732273553991 2.995732273553991
solid 1 0.09431067947124142 0.09431067947124142
solis 1 4.605170185988092 4.605170185988092
sort 1 3.2188758248682006 3.2188758248682006
sotin 1 4.605170185988092 4.605170185988092
soufflot 1 4.605170185988092 4.605170185988092
southern 1 1.6607312068216509 1.6607312068216509
space 1 1.7719568419318754 1.7719568419318754
spacecraft 1 4.605170185988092 4.605170185988092
special 1 0.0 0.0
spectral 1 3.912023005428146 3.912023005428146
spherule 0 4.605170185988092 0.0
spring 1 1.5606477482646683 1.5606477482646683
spudis 1 4.605170185988092 4.605170185988092
ssrv 1 4.605170185988092 4.605170185988092
stage 1 1.9661128563728327 1.9661128563728327
start 1 1.4271163556401458 1.4271163556401458
state 0 0.3147107448397002 0.0
statement 1 0.0 0.0
statistic 0 0.0 0.0
stickney 1 4.605170185988092 4.605170185988092
still 1 0.9416085398584451 0.9416085398584451
stored 1 4.605170185988092 4.605170185988092
stratigraphic 1 4.605170185988092 4.605170185988092
stratigraphy 1 4.605170185988092 4.605170185988092
stratum 1 4.605170185988092 4.605170185988092
streak 1 3.2188758248682006 3.2188758248682006
stress 0 2.995732273553991 0.0
stressed 1 3.506557897319982 3.506557897319982
strom 1 3.912023005428146 3.912023005428146
structure 1 1.8325814637483102 1.8325814637483102
study 0 1.2729656758128876 0.0
style 1 1.8325814637483102 1.8325814637483102
sub 1 3.506557897319982 3.506557897319982
subdivided 1 4.605170185988092 4.605170185988092
subdivision 1 3.912023005428146 3.912023005428146
subsection 1 0.3424903089467759 0.3424903089467759
subsequent 1 2.5257286443082556 2.5257286443082556
successfully 1 2.659260036932778 2.659260036932778
suggests 1 2.659260036932778 2.659260036932778
sulfate 1 4.605170185988092 4.605170185988092
sulfide 1 4.605170185988092 4.605170185988092
sulfur 1 4.605170185988092 4.605170185988092
sulfuric 1 4.605170185988092 4.605170185988092
sulfuricacid 1 4.605170185988092 4.605170185988092
superposition 1 4.605170185988092 4.605170185988092
superpositioning 1 4.605170185988092 4.605170185988092
surface 1 2.8134107167600364 2.8134107167600364
surrounding 1 3.506557897319982 3.506557897319982
survey 1 2.5257286443082556 2.5257286443082556
swift 1 2.8134107167600364 2.8134107167600364
swiss 1 2.995732273553991 2.995732273553991
synonymous 1 4.605170185988092 4.605170185988092
syria 1 3.2188758248682006 3.2188758248682006
syrtis 1 4.605170185988092 4.605170185988092
system 1 0.9162907318741551 0.9162907318741551
systemportal 1 4.605170185988092 4.605170185988092
table 1 0.0 0.0
tabular 1 4.605170185988092 4.605170185988092
tail 1 3.912023005428146 3.912023005428146
talk 1 0.0 0.0
tanaka 1 3.2188758248682006 3.2188758248682006
tdhlist 1 0.1392620673335076 0.1392620673335076
tectonic 1 4.605170185988092 4.605170185988092
tempe 1 3.912023005428146 3.912023005428146
template 1 0.0 0.0
term 0 0.0 0.0
terra 1 4.605170185988092 4.605170185988092
terraforming 1 4.605170185988092 4.605170185988092
terrain 1 3.506557897319982 3.506557897319982
text 1 0.0 0.0
texture 1 4.605170185988092 4.605170185988092
tharsis 1 4.605170185988092 4.605170185988092
thbodyskinresponsive 1 0.3147107448397002 0.3147107448397002
themis 1 4.605170185988092 4.605170185988092
theory 1 2.302585092994046 2.302585092994046
thick 1 3.2188758248682006 3.2188758248682006
thinned 1 4.605170185988092 4.605170185988092
third 1 0.9162907318741551 0.9162907318741551
three 1 0.5798184952529422 0.5798184952529422
throughout 1 1.171182981502945 1.171182981502945
thus 1 1.7147984280919266 1.7147984280919266
time 1 0.28768207245178085 0.28768207245178085
timekeeping 1 4.605170185988092 4.605170185988092
timeline 1 2.207274913189721 2.207274913189721
timescale 1 3.912023005428146 3.912023005428146
timestratigraphic 1 4.605170185988092 4.605170185988092
timing 1 3.912023005428146 3.912023005428146
titov 1 3.912023005428146 3.912023005428146
today 1 1.4696759700589417 1.4696759700589417
toggle 1 0.010050335853501506 0.010050335853501506
tool 0 0.0 0.0
top 1 0.010050335853501506 0.010050335853501506
topic 1 0.0 0.0
topographic 1 4.605170185988092 4.605170185988092
topography 1 4.605170185988092 4.605170185988092
total 1 0.0 0.0
track 0 1.7719568419318754 0.0
trademark 1 0.0 0.0
transient 1 4.605170185988092 4.605170185988092
transit 0 2.8134107167600364 0.0
transition 1 2.407945608651872 2.407945608651872
transitional 1 4.605170185988092 4.605170185988092
traveler 0 4.605170185988092 0.0
trilobite 1 4.605170185988092 4.605170185988092
trojan 0 4.605170185988092 0.0
tube 0 1.8971199848858813 0.0
tucson 1 3.912023005428146 3.912023005428146
turned 1 2.5257286443082556 2.5257286443082556
two 1 0.43078291609245434 0.43078291609245434
type 1 1.2729656758128876 1.2729656758128876
typically 1 2.995732273553991 2.995732273553991
typified 1 4.605170185988092 4.605170185988092
tyrrhenum 1 4.605170185988092 4.605170185988092
ulpaddingem 1 0.1392620673335076 0.1392620673335076
ultimi 1 4.605170185988092 4.605170185988092
uncertain 1 2.995732273553991 2.995732273553991
unconformities 1 4.605170185988092 4.605170185988092
undae 1 4.605170185988092 4.605170185988092
underlies 1 4.605170185988092 4.605170185988092
understanding 1 2.659260036932778 2.659260036932778
unique 1 2.207274913189721 2.207274913189721
unit 1 2.207274913189721 2.207274913189721
united 1 0.4155154439616658 0.4155154439616658
university 1 0.616186139423817 0.616186139423817
unknown 1 2.207274913189721 2.207274913189721
upload 1 0.0 0.0
upon 1 1.2729656758128876 1.2729656758128876
upper 1 2.0402208285265546 2.0402208285265546
usage 1 2.995732273553991 2.995732273553991
use 1 0.0 0.0
used 1 0.8675005677047231 0.8675005677047231
usgs 1 4.605170185988092 4.605170185988092
using 1 0.0 0.0
usually 1 2.995732273553991 2.995732273553991
utc 1 0.0 0.0
valles 1 4.605170185988092 4.605170185988092
valley 1 2.120263536200091 2.120263536200091
var 1 0.0 0.0
vast 1 3.2188758248682006 3.2188758248682006
vastitas 1 4.605170185988092 4.605170185988092
version 1 0.0 0.0
view 1 0.0 0.0
viking 1 2.995732273553991 2.995732273553991
vincendon 1 4.605170185988092 4.605170185988092
visit 1 2.0402208285265546 2.0402208285265546
volcanic 1 4.605170185988092 4.605170185988092
volcanism 1 4.605170185988092 4.605170185988092
volcano 1 3.2188758248682006 3.2188758248682006
voltaire 1 3.506557897319982 3.506557897319982
wander 1 4.605170185988092 4.605170185988092
warmer 1 3.912023005428146 3.912023005428146
water 1 1.5606477482646683 1.5606477482646683
way 1 1.1086626245216111 1.1086626245216111
weathering 1 4.605170185988092 4.605170185988092
wedgelike 1 4.605170185988092 4.605170185988092
weight 1 2.120263536200091 2.120263536200091
werner 1 3.912023005428146 3.912023005428146
western 1 1.2039728043259361 1.2039728043259361
wetter 1 4.605170185988092 4.605170185988092
whether 1 2.302585092994046 2.302585092994046
whose 1 1.7147984280919266 1.7147984280919266
widespread 1 2.995732273553991 2.995732273553991
wiki 1 2.120263536200091 2.120263536200091
wikidata 1 0.010050335853501506 0.010050335853501506
wikimedia 1 0.0 0.0
wikipedia 1 0.0 0.0
wilhelms 1 4.605170185988092 4.605170185988092
william 1 1.171182981502945 1.171182981502945
wilson 1 1.7719568419318754 1.7719568419318754
windstreaked 1 4.605170185988092 4.605170185988092
wood 1 1.7147984280919266 1.7147984280919266
workman 1 3.506557897319982 3.506557897319982
world 1 0.5108256237659907 0.5108256237659907
wrapflex 1 3.506557897319982 3.506557897319982
wrinkle 1 4.605170185988092 4.605170185988092
wxfeff 1 4.605170185988092 4.605170185988092
xfeff 1 3.912023005428146 3.912023005428146
yardangs 1 4.605170185988092 4.605170185988092
year 0 0.3424903089467759 0.0
yellow 1 1.9661128563728327 1.9661128563728327
york 1 0.8209805520698303 0.8209805520698303
younger 1 2.120263536200091 2.120263536200091
youngest 1 2.8134107167600364 2.8134107167600364
zasova 1 4.605170185988092 4.605170185988092
zone 1 2.407945608651872 2.407945608651872
