abbott 1 2.995732273553991 2.995732273553991
abigail 1 4.605170185988092 4.605170185988092
abram 1 3.912023005428146 3.912023005428146
account 1 0.0 0.0
achelous 1 4.605170185988092 4.605170185988092
acheson 1 4.605170185988092 4.605170185988092
achilles 1 3.506557897319982 3.506557897319982
acosta 1 3.912023005428146 3.912023005428146
acquired 1 3.2188758248682006 3.2188758248682006
act 1 1.3470736479666094 1.3470736479666094
action 0 0.0 0.0
ada 1 3.2188758248682006 3.2188758248682006
adam 0 1.5141277326297755 0.0
add 1 0.0 0.0
adder 1 3.912023005428146 3.912023005428146
addison 1 3.912023005428146 3.912023005428146
additional 1 0.0 0.0
adelphi 1 3.912023005428146 3.912023005428146
adhara 1 4.605170185988092 4.605170185988092
adolph 1 3.912023005428146 3.912023005428146
adoniram 1 4.605170185988092 4.605170185988092
adonis 1 3.912023005428146 3.912023005428146
adoo 1 4.605170185988092 4.605170185988092
aeolus 1 4.605170185988092 4.605170185988092
age 1 0.7985076962177716 0.7985076962177716
agenor 1 4.605170185988092 4.605170185988092
agenors 1 4.605170185988092 4.605170185988092
agree 1 0.0 0.0
air 1 1.8971199848858813 1.8971199848858813
aka 1 2.8134107167600364 2.8134107167600364
aklan 1 4.605170185988092 4.605170185988092
alameda 1 3.506557897319982 3.506557897319982
alamosa 1 4.605170185988092 4.605170185988092
albert 1 2.0402208285265546 2.0402208285265546
albireo 1 4.605170185988092 4.605170185988092
albuquerque 1 3.912023005428146 3.912023005428146
alcona 1 4.605170185988092 4.605170185988092
alexander 1 1.5141277326297755 1.5141277326297755
alfred 1 2.5257286443082556 2.5257286443082556
alice 1 3.2188758248682006 3.2188758248682006
alike 1 0.0 0.0
alkes 1 4.605170185988092 4.605170185988092
allegheny 1 3.506557897319982 3.506557897319982
allen 1 2.207274913189721 2.207274913189721
allioth 1 4.605170185988092 4.605170185988092
alnitah 1 4.605170185988092 4.605170185988092
aludra 1 4.605170185988092 4.605170185988092
alvarado 1 4.605170185988092 4.605170185988092
amador 1 4.605170185988092 4.605170185988092
ambrose 1 3.912023005428146 3.912023005428146
american 1 0.5276327420823719 0.5276327420823719
amerigo 1 4.605170185988092 4.605170185988092
amphibious 1 4.605170185988092 4.605170185988092
amphitrite 1 4.605170185988092 4.605170185988092
amycus 1 4.605170185988092 4.605170185988092
anchor 1 2.995732273553991 2.995732273553991
anchorage 1 4.605170185988092 4.605170185988092
andawards 1 4.605170185988092 4.605170185988092
andrew 1 1.5141277326297755 1.5141277326297755
anniston 1 3.912023005428146 3.912023005428146
anson 1 3.506557897319982 3.506557897319982
anteo 1 4.605170185988092 4.605170185988092
anthony 1 1.5141277326297755 1.5141277326297755
antiaircraft 1 4.605170185988092 4.605170185988092
antoine 1 2.995732273553991 2.995732273553991
antonin 1 4.605170185988092 4.605170185988092
antrim 1 4.605170185988092 4.605170185988092
apl 1 4.605170185988092 4.605170185988092
appearance 1 0.0 0.0
appleby 1 4.605170185988092 4.605170185988092
apply 1 0.0 0.0
april 1 0.44628710262841953 0.44628710262841953
arb 1 4.605170185988092 4.605170185988092
archer 1 3.2188758248682006 3.2188758248682006
area 1 1.2729656758128876 1.2729656758128876
argentine 1 2.659260036932778 2.659260036932778
arided 1 4.605170185988092 4.605170185988092
aristaeus 1 4.605170185988092 4.605170185988092
arl 1 4.605170185988092 4.605170185988092
armament 1 3.506557897319982 3.506557897319982
armstrong 1 2.8134107167600364 2.8134107167600364
army 1 1.6094379124341003 1.6094379124341003
arosemena 1 4.605170185988092 4.605170185988092
arrived 1 2.5257286443082556 2.5257286443082556
arthur 1 1.7147984280919266 1.7147984280919266
article 1 0.0 0.0
asbury 1 3.912023005428146 3.912023005428146
asiatic 1 3.506557897319982 3.506557897319982
askari 1 4.605170185988092 4.605170185988092
aspinwall 1 4.605170185988092 4.605170185988092
assault 1 2.5257286443082556 2.5257286443082556
assigned 1 2.659260036932778 2.659260036932778
assistance 1 2.302585092994046 2.302585092994046
atchison 1 4.605170185988092 4.605170185988092
atlas 1 2.8134107167600364 2.8134107167600364
attack 1 1.7147984280919266 1.7147984280919266
attacked 1 2.995732273553991 2.995732273553991
attribution 1 0.0 0.0
audubon 1 4.605170185988092 4.605170185988092
august 1 0.3424903089467759 0.3424903089467759
augustana 1 3.912023005428146 3.912023005428146
augustin 1 3.912023005428146 3.912023005428146
augustus 1 2.995732273553991 2.995732273553991
aultman 1 4.605170185988092 4.605170185988092
australia 1 1.4696759700589417 1.4696759700589417
autauga 1 4.605170185988092 4.605170185988092
auto 1 0.1392620673335076 0.1392620673335076
auxiliary 1 3.2188758248682006 3.2188758248682006
available 1 0.0 0.0
award 0 1.171182981502945 0.0
azimech 1 4.605170185988092 4.605170185988092
baaran 1 4.605170185988092 4.605170185988092
babbitt 1 4.605170185988092 4.605170185988092
bache 1 4.605170185988092 4.605170185988092
back 1 1.0216512475319812 1.0216512475319812
baker 1 2.120263536200091 2.120263536200091
ballou 1 4.605170185988092 4.605170185988092
bamberg 1 3.912023005428146 3.912023005428146
bamberger 1 4.605170185988092 4.605170185988092
baranof 1 4.605170185988092 4.605170185988092
barbosa 1 3.912023005428146 3.912023005428146
barnard 1 3.912023005428146 3.912023005428146
barth 1 3.506557897319982 3.506557897319982
bartram 1 4.605170185988092 4.605170185988092
base 1 1.4696759700589417 1.4696759700589417
bassett 1 4.605170185988092 4.605170185988092
bates 1 3.912023005428146 3.912023005428146
battle 1 1.3862943611198906 1.3862943611198906
battlefield 1 4.605170185988092 4.605170185988092
bay 1 1.6094379124341003 1.6094379124341003
bayard 1 3.912023005428146 3.912023005428146
beamft 1 4.605170185988092 4.605170185988092
bear 1 2.302585092994046 2.302585092994046
beard 1 3.506557897319982 3.506557897319982
beatrice 1 4.605170185988092 4.605170185988092
beaumont 1 4.605170185988092 4.605170185988092
beaverhead 1 4.605170185988092 4.605170185988092
bedford 1 3.912023005428146 3.912023005428146
begin 1 1.7147984280919266 1.7147984280919266
belasco 1 4.605170185988092 4.605170185988092
bellerophon 1 3.912023005428146 3.912023005428146
bellona 1 4.605170185988092 4.605170185988092
beltrami 1 4.605170185988092 4.605170185988092
benjamin 1 2.0402208285265546 2.0402208285265546
bennett 1 2.659260036932778 2.659260036932778
benton 1 4.605170185988092 4.605170185988092
benzie 1 4.605170185988092 4.605170185988092
berea 1 4.605170185988092 4.605170185988092
bergh 1 4.605170185988092 4.605170185988092
bering 1 4.605170185988092 4.605170185988092
berkeley 1 3.506557897319982 3.506557897319982
berkshire 1 4.605170185988092 4.605170185988092
berliner 1 3.912023005428146 3.912023005428146
bernalillo 1 4.605170185988092 4.605170185988092
bernardo 1 3.506557897319982 3.506557897319982
berry 1 2.8134107167600364 2.8134107167600364
berwyn 1 4.605170185988092 4.605170185988092
betsy 1 4.605170185988092 4.605170185988092
bibliography 1 2.207274913189721 2.207274913189721
bickerdyke 1 4.605170185988092 4.605170185988092
bierce 1 4.605170185988092 4.605170185988092
bingham 1 3.912023005428146 3.912023005428146
black 1 0.8915981192837835 0.8915981192837835
blackwell 1 4.605170185988092 4.605170185988092
blair 1 2.5257286443082556 2.5257286443082556
blanco 1 3.2188758248682006 3.2188758248682006
blasdel 1 4.605170185988092 4.605170185988092
blatchford 1 4.605170185988092 4.605170185988092
bledsoe 1 4.605170185988092 4.605170185988092
bliss 1 3.912023005428146 3.912023005428146
blood 1 2.302585092994046 2.302585092994046
blount 1 3.912023005428146 3.912023005428146
bofors 1 4.605170185988092 4.605170185988092
bolivarian 1 4.605170185988092 4.605170185988092
bomber 0 3.912023005428146 0.0
bong 1 4.605170185988092 4.605170185988092
bonneville 1 3.912023005428146 3.912023005428146
book 1 0.6348782724359695 0.6348782724359695
boone 1 3.506557897319982 3.506557897319982
boulder 1 3.2188758248682006 3.2188758248682006
bound 1 3.2188758248682006 3.2188758248682006
boutwell 1 4.605170185988092 4.605170185988092
bowditch 1 4.605170185988092 4.605170185988092
bowdoin 1 4.605170185988092 4.605170185988092
bowman 1 3.912023005428146 3.912023005428146
boyce 1 3.912023005428146 3.912023005428146
boyle 1 3.912023005428146 3.912023005428146
bradley 1 2.407945608651872 2.407945608651872
brady 1 2.8134107167600364 2.8134107167600364
branch 1 2.207274913189721 2.207274913189721
brander 1 4.605170185988092 4.605170185988092
brannon 1 4.605170185988092 4.605170185988092
breasted 1 4.605170185988092 4.605170185988092
brevard 1 3.506557897319982 3.506557897319982
brewer 1 3.2188758248682006 3.2188758248682006
brewster 1 3.2188758248682006 3.2188758248682006
brigham 1 3.912023005428146 3.912023005428146
bristow 1 4.605170185988092 4.605170185988092
brooke 1 2.995732273553991 2.995732273553991
brownsville 1 4.605170185988092 4.605170185988092
bryan 1 3.2188758248682006 3.2188758248682006
bucknell 1 4.605170185988092 4.605170185988092
bucyrus 1 4.605170185988092 4.605170185988092
builder 1 3.506557897319982 3.506557897319982
built 1 1.6607312068216509 1.6607312068216509
bullock 1 3.912023005428146 3.912023005428146
bundy 1 4.605170185988092 4.605170185988092
burbank 1 4.605170185988092 4.605170185988092
burgess 1 4.605170185988092 4.605170185988092
burnett 1 3.2188758248682006 3.2188758248682006
burnham 1 3.506557897319982 3.506557897319982
burnside 1 4.605170185988092 4.605170185988092
bushnell 1 4.605170185988092 4.605170185988092
butler 1 2.302585092994046 2.302585092994046
byers 1 3.912023005428146 3.912023005428146
cabell 1 4.605170185988092 4.605170185988092
caledonia 1 3.506557897319982 3.506557897319982
caliber 1 4.605170185988092 4.605170185988092
california 1 1.4696759700589417 1.4696759700589417
callan 1 3.912023005428146 3.912023005428146
callbackcall 1 3.2188758248682006 3.2188758248682006
callbacknew 1 4.605170185988092 4.605170185988092
callbackredirect 1 4.605170185988092 4.605170185988092
callsign 1 4.605170185988092 4.605170185988092
camp 1 2.120263536200091 2.120263536200091
campaign 1 1.6607312068216509 1.6607312068216509
campbell 1 2.207274913189721 2.207274913189721
cancelled 1 2.8134107167600364 2.8134107167600364
cannon 1 2.8134107167600364 2.8134107167600364
canton 1 3.912023005428146 3.912023005428146
capture 1 2.995732273553991 2.995732273553991
career 1 1.2729656758128876 1.2729656758128876
carey 1 2.995732273553991 2.995732273553991
cargo 1 3.506557897319982 3.506557897319982
carina 1 4.605170185988092 4.605170185988092
carl 1 2.407945608651872 2.407945608651872
carleton 1 3.912023005428146 3.912023005428146
carlisle 1 3.912023005428146 3.912023005428146
carolines 1 4.605170185988092 4.605170185988092
carolus 0 3.506557897319982 0.0
carpenter 1 3.506557897319982 3.506557897319982
carried 1 2.659260036932778 2.659260036932778
carroll 1 3.2188758248682006 3.2188758248682006
carson 1 2.995732273553991 2.995732273553991
carthage 1 4.605170185988092 4.605170185988092
carver 1 3.912023005428146 3.912023005428146
casey 1 2.659260036932778 2.659260036932778
casper 1 4.605170185988092 4.605170185988092
cassatt 1 4.605170185988092 4.605170185988092
cassiopeia 1 4.605170185988092 4.605170185988092
catawba 1 3.912023005428146 3.912023005428146
category 0 0.0 0.0
cecil 1 3.912023005428146 3.912023005428146
celeno 1 4.605170185988092 4.605170185988092
centerpx 1 0.0408219945202552 0.0408219945202552
central 1 1.07880966137193 1.07880966137193
cerberus 1 3.912023005428146 3.912023005428146
cetus 1 4.605170185988092 4.605170185988092
champlain 1 4.605170185988092 4.605170185988092
chandra 1 2.995732273553991 2.995732273553991
chang 1 3.912023005428146 3.912023005428146
change 0 0.0 0.0
changed 1 1.6607312068216509 1.6607312068216509
characteristic 0 2.5257286443082556 0.0
charles 1 1.171182981502945 1.171182981502945
charlot 1 4.605170185988092 4.605170185988092
charlotte 1 2.5257286443082556 2.5257286443082556
cheleb 1 4.605170185988092 4.605170185988092
chie 1 4.605170185988092 4.605170185988092
chief 1 1.3862943611198906 1.3862943611198906
chilean 1 2.659260036932778 2.659260036932778
chimaera 1 3.912023005428146 3.912023005428146
chimbote 1 4.605170185988092 4.605170185988092
china 1 2.0402208285265546 2.0402208285265546
chios 1 4.605170185988092 4.605170185988092
choice 1 2.659260036932778 2.659260036932778
chouteau 1 4.605170185988092 4.605170185988092
christenson 1 4.605170185988092 4.605170185988092
christopher 1 1.9661128563728327 1.9661128563728327
christy 1 4.605170185988092 4.605170185988092
chuan 1 3.912023005428146 3.912023005428146
chung 1 4.605170185988092 4.605170185988092
chunk 1 3.912023005428146 3.912023005428146
citadel 1 4.605170185988092 4.605170185988092
citation 1 0.0408219945202552 0.0408219945202552
cite 1 0.0 0.0
citerefdanfs 1 4.605170185988092 4.605170185988092
citerefkaiser 1 4.605170185988092 4.605170185988092
citerefnavsource 1 4.605170185988092 4.605170185988092
citerefsilverstone 1 4.605170185988092 4.605170185988092
city 1 0.6348782724359695 0.6348782724359695
clagett 1 4.605170185988092 4.605170185988092
clarence 1 3.2188758248682006 3.2188758248682006
clark 1 1.6607312068216509 1.6607312068216509
claus 1 3.912023005428146 3.912023005428146
clearwater 1 4.605170185988092 4.605170185988092
clede 1 4.605170185988092 4.605170185988092
clellan 1 4.605170185988092 4.605170185988092
clement 1 3.2188758248682006 3.2188758248682006
cleveland 1 2.0402208285265546 2.0402208285265546
clone 1 2.8134107167600364 2.8134107167600364
clyde 1 3.912023005428146 3.912023005428146
cmav 1 4.605170185988092 4.605170185988092
cmw 1 2.995732273553991 2.995732273553991
cmwtitleluau 1 4.605170185988092 4.605170185988092
cobb 1 3.506557897319982 3.506557897319982
code 1 0.0 0.0
coen 1 4.605170185988092 4.605170185988092
coggeshall 1 4.605170185988092 4.605170185988092
cohasset 1 4.605170185988092 4.605170185988092
colden 1 4.605170185988092 4.605170185988092
collins 1 2.0402208285265546 2.0402208285265546
colman 1 3.912023005428146 3.912023005428146
colorado 1 1.8971199848858813 1.8971199848858813
colter 1 4.605170185988092 4.605170185988092
colton 1 4.605170185988092 4.605170185988092
combat 1 2.120263536200091 2.120263536200091
command 1 2.5257286443082556 2.5257286443082556
commandante 1 4.605170185988092 4.605170185988092
commission 1 1.7147984280919266 1.7147984280919266
commissioned 1 2.995732273553991 2.995732273553991
common 0 0.0 0.0
complement 1 3.506557897319982 3.506557897319982
completed 1 2.0402208285265546 2.0402208285265546
completion 1 3.2188758248682006 3.2188758248682006
conduct 1 0.0 0.0
conrad 1 3.506557897319982 3.506557897319982
constant 1 2.659260036932778 2.659260036932778
constantine 1 3.506557897319982 3.506557897319982
construction 1 1.8325814637483102 1.8325814637483102
contact 1 0.0 0.0
content 1 0.0 0.0
context 1 0.010050335853501506 0.010050335853501506
continued 1 1.5141277326297755 1.5141277326297755
contribute 1 0.0 0.0
contribution 0 0.0 0.0
conus 1 4.605170185988092 4.605170185988092
convert 1 2.8134107167600364 2.8134107167600364
converted 1 3.2188758248682006 3.2188758248682006
convoy 1 4.605170185988092 4.605170185988092
cook 1 2.8134107167600364 2.8134107167600364
cooke 1 4.605170185988092 4.605170185988092
cookie 1 0.0 0.0
cookiematch 1 0.0 0.0
cooley 1 3.2188758248682006 3.2188758248682006
cooper 1 2.120263536200091 2.120263536200091
cor 1 3.2188758248682006 3.2188758248682006
corbett 1 3.912023005428146 3.912023005428146
corliss 1 4.605170185988092 4.605170185988092
cormick 1 3.912023005428146 3.912023005428146
cornelius 1 3.912023005428146 3.912023005428146
coronis 1 4.605170185988092 4.605170185988092
corporation 1 1.8971199848858813 1.8971199848858813
cortelyou 1 4.605170185988092 4.605170185988092
corwin 1 3.506557897319982 3.506557897319982
costa 1 2.995732273553991 2.995732273553991
costigan 1 4.605170185988092 4.605170185988092
cotabato 1 4.605170185988092 4.605170185988092
coulter 1 4.605170185988092 4.605170185988092
counterlistitema 1 0.127833371509885 0.127833371509885
county 1 1.6607312068216509 1.6607312068216509
cousin 0 3.2188758248682006 0.0
coutant 1 4.605170185988092 4.605170185988092
craft 1 3.2188758248682006 3.2188758248682006
crain 1 3.506557897319982 3.506557897319982
crane 1 2.659260036932778 2.659260036932778
crary 1 4.605170185988092 4.605170185988092
crater 1 3.912023005428146 3.912023005428146
crawford 1 2.995732273553991 2.995732273553991
create 1 0.0 0.0
creative 1 0.0 0.0
creek 1 2.995732273553991 2.995732273553991
creel 1 4.605170185988092 4.605170185988092
creon 1 4.605170185988092 4.605170185988092
crile 1 4.605170185988092 4.605170185988092
csa 1 3.912023005428146 3.912023005428146
csmaintcolorf 1 0.06187540371808745 0.06187540371808745
csmaintcolorfmedia 1 0.0408219945202552 0.0408219945202552
cswsicon 1 0.0408219945202552 0.0408219945202552
cuba 1 3.2188758248682006 3.2188758248682006
cuhel 1 4.605170185988092 4.605170185988092
culloch 1 4.605170185988092 4.605170185988092
current 1 0.0 0.0
currier 1 3.912023005428146 3.912023005428146
curtis 1 2.302585092994046 2.302585092994046
curwood 1 4.605170185988092 4.605170185988092
cushing 1 4.605170185988092 4.605170185988092
cushman 1 3.912023005428146 3.912023005428146
cvt 1 4.605170185988092 4.605170185988092
cyrus 1 3.506557897319982 3.506557897319982
daedalus 1 4.605170185988092 4.605170185988092
dagu 1 4.605170185988092 4.605170185988092
daily 1 1.4271163556401458 1.4271163556401458
daly 1 3.2188758248682006 3.2188758248682006
damage 1 2.995732273553991 2.995732273553991
dan 1 1.7719568419318754 1.7719568419318754
danfs 1 4.605170185988092 4.605170185988092
dangerous 1 3.506557897319982 3.506557897319982
daniel 1 1.3862943611198906 1.3862943611198906
date 0 0.3147107448397002 0.0
daulton 1 4.605170185988092 4.605170185988092
david 1 0.9942522733438669 0.9942522733438669
davis 1 1.6607312068216509 1.6607312068216509
day 0 0.5276327420823719 0.0
dean 1 2.659260036932778 2.659260036932778
december 1 0.37106368139083196 0.37106368139083196
decommissioned 1 4.605170185988092 4.605170185988092
defaultsortagenor 1 4.605170185988092 4.605170185988092
defense 1 1.7719568419318754 1.7719568419318754
deimos 1 3.912023005428146 3.912023005428146
del 1 2.302585092994046 2.302585092994046
delano 1 3.506557897319982 3.506557897319982
denison 1 3.912023005428146 3.912023005428146
deok 1 4.605170185988092 4.605170185988092
dern 1 4.605170185988092 4.605170185988092
description 1 0.07257069283483537 0.07257069283483537
despite 1 1.1394342831883648 1.1394342831883648
developer 0 0.0 0.0
devens 1 4.605170185988092 4.605170185988092
devereux 1 4.605170185988092 4.605170185988092
devil 0 2.207274913189721 0.0
dickinson 1 3.506557897319982 3.506557897319982
dictionary 1 2.407945608651872 2.407945608651872
diesel 1 3.912023005428146 3.912023005428146
different 1 0.3424903089467759 0.3424903089467759
disclaimer 0 0.0 0.0
displacement 1 2.995732273553991 2.995732273553991
dmy 1 1.4271163556401458 1.4271163556401458
dodd 1 3.506557897319982 3.506557897319982
dodge 1 3.912023005428146 3.912023005428146
dolliver 1 4.605170185988092 4.605170185988092
domain 1 2.5257286443082556 2.5257286443082556
donald 1 2.120263536200091 2.120263536200091
donate 1 0.0 0.0
douglas 1 2.407945608651872 2.407945608651872
dowell 1 2.995732273553991 2.995732273553991
download 1 0.0 0.0
draco 1 4.605170185988092 4.605170185988092
draftft 1 4.605170185988092 4.605170185988092
drain 1 3.506557897319982 3.506557897319982
drake 1 2.659260036932778 2.659260036932778
drexel 1 4.605170185988092 4.605170185988092
dropped 1 2.0402208285265546 2.0402208285265546
drury 1 3.912023005428146 3.912023005428146
dtaftercontent 1 0.127833371509885 0.127833371509885
dualpurpose 1 4.605170185988092 4.605170185988092
duarte 1 3.912023005428146 3.912023005428146
dubuque 1 4.605170185988092 4.605170185988092
dudley 1 3.2188758248682006 3.2188758248682006
due 1 0.9416085398584451 0.9416085398584451
duk 1 4.605170185988092 4.605170185988092
duke 1 2.120263536200091 2.120263536200091
duluth 1 3.912023005428146 3.912023005428146
dumont 1 4.605170185988092 4.605170185988092
durango 1 3.912023005428146 3.912023005428146
duryea 1 4.605170185988092 4.605170185988092
duty 1 2.5257286443082556 2.5257286443082556
dvorak 1 4.605170185988092 4.605170185988092
earlham 1 4.605170185988092 4.605170185988092
early 1 0.6348782724359695 0.6348782724359695
earned 1 2.207274913189721 2.207274913189721
eastman 1 4.605170185988092 4.605170185988092
ecsc 1 4.605170185988092 4.605170185988092
edgar 1 2.659260036932778 2.659260036932778
edward 1 1.5606477482646683 1.5606477482646683
edwin 1 2.5257286443082556 2.5257286443082556
egeria 1 4.605170185988092 4.605170185988092
egyptian 1 2.8134107167600364 2.8134107167600364
eielson 1 4.605170185988092 4.605170185988092
eight 1 1.8971199848858813 1.8971199848858813
eilers 1 4.605170185988092 4.605170185988092
electro 1 3.912023005428146 3.912023005428146
elgin 1 4.605170185988092 4.605170185988092
eli 1 3.912023005428146 3.912023005428146
elihu 1 4.605170185988092 4.605170185988092
elisha 1 4.605170185988092 4.605170185988092
elizabeth 1 1.9661128563728327 1.9661128563728327
elko 1 4.605170185988092 4.605170185988092
ellery 1 4.605170185988092 4.605170185988092
ellida 1 4.605170185988092 4.605170185988092
eltinge 1 4.605170185988092 4.605170185988092
elwood 1 4.605170185988092 4.605170185988092
emedia 1 2.995732273553991 2.995732273553991
emerson 1 3.2188758248682006 3.2188758248682006
emery 1 4.605170185988092 4.605170185988092
emile 1 3.912023005428146 3.912023005428146
emmet 1 4.605170185988092 4.605170185988092
empey 1 4.605170185988092 4.605170185988092
encyclopedia 1 0.0 0.0
endicott 1 3.912023005428146 3.912023005428146
endymion 1 4.605170185988092 4.605170185988092
engine 0 2.0402208285265546 0.0
english 1 0.0 0.0
enid 1 3.506557897319982 3.506557897319982
enlisted 1 4.605170185988092 4.605170185988092
entered 1 1.9661128563728327 1.9661128563728327
entity 0 2.5257286443082556 0.0
eridanus 1 4.605170185988092 4.605170185988092
ernst 1 3.506557897319982 3.506557897319982
escalante 1 4.605170185988092 4.605170185988092
etamin 1 4.605170185988092 4.605170185988092
ethan 1 3.2188758248682006 3.2188758248682006
ethiopia 1 3.506557897319982 3.506557897319982
evans 1 2.207274913189721 2.207274913189721
event 0 0.0 0.0
everett 1 3.506557897319982 3.506557897319982
evers 1 4.605170185988092 4.605170185988092
exp 1 0.0 0.0
extension 1 2.207274913189721 2.207274913189721
external 1 0.44628710262841953 0.44628710262841953
eye 1 1.6607312068216509 1.6607312068216509
fairchild 1 4.605170185988092 4.605170185988092
fairfield 1 3.912023005428146 3.912023005428146
falk 1 3.912023005428146 3.912023005428146
fall 0 1.07880966137193 0.0
farer 1 4.605170185988092 4.605170185988092
faribault 1 3.912023005428146 3.912023005428146
farland 1 3.2188758248682006 3.2188758248682006
farrington 1 3.912023005428146 3.912023005428146
fate 1 2.407945608651872 2.407945608651872
fdt 1 4.605170185988092 4.605170185988092
february 1 0.27443684570176036 0.27443684570176036
fenn 1 4.605170185988092 4.605170185988092
fentress 1 4.605170185988092 4.605170185988092
ferdinand 1 2.995732273553991 2.995732273553991
fergus 1 3.912023005428146 3.912023005428146
feronia 1 4.605170185988092 4.605170185988092
field 1 1.0498221244986776 1.0498221244986776
fighting 1 2.207274913189721 2.207274913189721
file 1 0.0 0.0
first 1 0.1508228897345837 0.1508228897345837
fisk 1 3.2188758248682006 3.2188758248682006
fitch 1 3.912023005428146 3.912023005428146
flag 1 1.7147984280919266 1.7147984280919266
flagler 1 4.605170185988092 4.605170185988092
flaherty 1 3.912023005428146 3.912023005428146
floyd 1 2.8134107167600364 2.8134107167600364
folger 1 4.605170185988092 4.605170185988092
followed 1 1.3093333199837622 1.3093333199837622
forbes 1 2.995732273553991 2.995732273553991
force 1 1.2378743560016172 1.2378743560016172
ford 1 2.5257286443082556 2.5257286443082556
fordham 1 4.605170185988092 4.605170185988092
forest 1 2.302585092994046 2.302585092994046
fork 0 3.506557897319982 0.0
foster 1 2.207274913189721 2.207274913189721
found 1 1.2039728043259361 1.2039728043259361
foundation 1 0.0 0.0
foxworth 1 4.605170185988092 4.605170185988092
france 1 1.2039728043259361 1.2039728043259361
francis 1 1.6607312068216509 1.6607312068216509
francisco 1 1.7719568419318754 1.7719568419318754
franco 1 2.120263536200091 2.120263536200091
frank 1 1.7147984280919266 1.7147984280919266
franz 1 2.8134107167600364 2.8134107167600364
frederic 1 4.605170185988092 4.605170185988092
frederick 1 2.302585092994046 2.302585092994046
free 1 0.0 0.0
freeman 1 3.2188758248682006 3.2188758248682006
fremont 1 4.605170185988092 4.605170185988092
french 1 1.3862943611198906 1.3862943611198906
frigate 0 3.912023005428146 0.0
full 1 1.1086626245216111 1.1086626245216111
fuller 1 4.605170185988092 4.605170185988092
function 1 2.207274913189721 2.207274913189721
functionu 1 4.605170185988092 4.605170185988092
furuseth 1 4.605170185988092 4.605170185988092
gadda 1 4.605170185988092 4.605170185988092
gage 1 4.605170185988092 4.605170185988092
gaillard 1 3.912023005428146 3.912023005428146
gallery 1 2.659260036932778 2.659260036932778
gammon 1 4.605170185988092 4.605170185988092
ganymede 1 4.605170185988092 4.605170185988092
gatling 1 3.912023005428146 3.912023005428146
gear 0 2.995732273553991 0.0
general 1 0.0 0.0
generator 1 2.5257286443082556 2.5257286443082556
generatorchunk 1 3.912023005428146 3.912023005428146
george 1 1.07880966137193 1.07880966137193
geronimo 1 3.912023005428146 3.912023005428146
get 1 0.0 0.0
gianella 1 4.605170185988092 4.605170185988092
gilbert 1 2.995732273553991 2.995732273553991
gipp 1 4.605170185988092 4.605170185988092
glenn 1 2.5257286443082556 2.5257286443082556
gompers 1 4.605170185988092 4.605170185988092
goodfellow 1 4.605170185988092 4.605170185988092
gordius 1 4.605170185988092 4.605170185988092
got 1 2.302585092994046 2.302585092994046
government 1 1.1086626245216111 1.1086626245216111
graf 0 3.506557897319982 0.0
grand 1 1.7719568419318754 1.7719568419318754
gray 1 2.995732273553991 2.995732273553991
great 1 0.9675840262617057 0.9675840262617057
greek 1 2.407945608651872 2.407945608651872
greeley 1 3.506557897319982 3.506557897319982
greely 1 4.605170185988092 4.605170185988092
greenville 1 3.2188758248682006 3.2188758248682006
grenville 1 4.605170185988092 4.605170185988092
gretna 1 4.605170185988092 4.605170185988092
griffith 1 2.995732273553991 2.995732273553991
grinnell 1 3.506557897319982 3.506557897319982
groarty 1 4.605170185988092 4.605170185988092
group 1 0.8209805520698303 0.8209805520698303
grove 1 3.506557897319982 3.506557897319982
grumium 1 4.605170185988092 4.605170185988092
guam 1 3.912023005428146 3.912023005428146
guatemala 1 3.912023005428146 3.912023005428146
guayana 1 4.605170185988092 4.605170185988092
guire 1 2.995732273553991 2.995732273553991
gun 1 2.207274913189721 2.207274913189721
gunner 0 4.605170185988092 0.0
guthrie 1 2.995732273553991 2.995732273553991
gye 1 4.605170185988092 4.605170185988092
haan 1 3.912023005428146 3.912023005428146
haiti 1 2.995732273553991 2.995732273553991
halaula 1 4.605170185988092 4.605170185988092
hale 1 3.506557897319982 3.506557897319982
hall 1 1.3470736479666094 1.3470736479666094
halstead 1 4.605170185988092 4.605170185988092
hamilton 1 2.120263536200091 2.120263536200091
hamlin 1 3.912023005428146 3.912023005428146
han 0 2.407945608651872 0.0
handed 1 3.2188758248682006 3.2188758248682006
hank 0 2.659260036932778 0.0
hannibal 1 4.605170185988092 4.605170185988092
hapgood 1 4.605170185988092 4.605170185988092
harbor 1 2.995732273553991 2.995732273553991
harlan 1 3.912023005428146 3.912023005428146
harmon 1 3.912023005428146 3.912023005428146
harriet 1 3.912023005428146 3.912023005428146
harris 1 2.302585092994046 2.302585092994046
harrison 1 2.302585092994046 2.302585092994046
harry 1 2.120263536200091 2.120263536200091
harvard 1 3.2188758248682006 3.2188758248682006
hase 1 4.605170185988092 4.605170185988092
hastings 1 2.995732273553991 2.995732273553991
hatnote 1 0.843970070294529 0.843970070294529
hawaii 1 2.302585092994046 2.302585092994046
hawaiian 1 3.506557897319982 3.506557897319982
hay 0 2.995732273553991 0.0
haynes 1 3.912023005428146 3.912023005428146
heavy 1 2.407945608651872 2.407945608651872
heber 1 4.605170185988092 4.605170185988092
heg 1 4.605170185988092 4.605170185988092
heintzelman 1 4.605170185988092 4.605170185988092
hellenic 1 3.912023005428146 3.912023005428146
help 1 0.0 0.0
henderson 1 2.5257286443082556 2.5257286443082556
hendy 1 4.605170185988092 4.605170185988092
heng 1 4.605170185988092 4.605170185988092
hennepin 1 4.605170185988092 4.605170185988092
henry 1 1.5606477482646683 1.5606477482646683
heritage 1 2.207274913189721 2.207274913189721
herrick 1 4.605170185988092 4.605170185988092
hersey 1 4.605170185988092 4.605170185988092
hewes 1 4.605170185988092 4.605170185988092
hewitt 1 4.605170185988092 4.605170185988092
hickok 1 4.605170185988092 4.605170185988092
hidden 1 0.010050335853501506 0.010050335853501506
hide 1 0.0 0.0
hill 1 1.2039728043259361 1.2039728043259361
hillsdale 1 3.912023005428146 3.912023005428146
hiram 1 3.912023005428146 3.912023005428146
hirondelle 1 4.605170185988092 4.605170185988092
history 1 0.0 0.0
historycom 1 4.605170185988092 4.605170185988092
hitch 1 3.912023005428146 3.912023005428146
hitchcock 1 3.912023005428146 3.912023005428146
hlist 1 0.127833371509885 0.127833371509885
hlistinline 1 0.127833371509885 0.127833371509885
hobart 1 4.605170185988092 4.605170185988092
hobbs 1 4.605170185988092 4.605170185988092
hodesh 1 4.605170185988092 4.605170185988092
hodges 1 3.2188758248682006 3.2188758248682006
hoe 1 3.912023005428146 3.912023005428146
holmes 1 3.2188758248682006 3.2188758248682006
holt 1 3.506557897319982 3.506557897319982
holyoke 1 4.605170185988092 4.605170185988092
homer 1 3.506557897319982 3.506557897319982
honduras 1 3.506557897319982 3.506557897319982
honor 0 1.8325814637483102 0.0
hooker 1 3.912023005428146 3.912023005428146
hope 1 1.6607312068216509 1.6607312068216509
hopkins 1 3.912023005428146 3.912023005428146
hoquiam 1 4.605170185988092 4.605170185988092
horace 1 3.506557897319982 3.506557897319982
hough 1 3.912023005428146 3.912023005428146
howard 1 2.120263536200091 2.120263536200091
howell 1 3.506557897319982 3.506557897319982
howells 1 4.605170185988092 4.605170185988092
howze 1 4.605170185988092 4.605170185988092
hoyt 1 3.506557897319982 3.506557897319982
hsing 1 4.605170185988092 4.605170185988092
hugh 1 3.506557897319982 3.506557897319982
hull 1 4.605170185988092 4.605170185988092
hunt 1 2.995732273553991 2.995732273553991
hunter 1 2.0402208285265546 2.0402208285265546
huntington 1 3.506557897319982 3.506557897319982
hutchinson 1 3.506557897319982 3.506557897319982
hyperion 1 4.605170185988092 4.605170185988092
ic 0 3.506557897319982 0.0
identification 1 3.506557897319982 3.506557897319982
idlockfree 1 0.0408219945202552 0.0408219945202552
idlockfreeidlockfree 1 0.0408219945202552 0.0408219945202552
idlocklimited 1 0.0408219945202552 0.0408219945202552
idlockregistration 1 0.0408219945202552 0.0408219945202552
idlocksubscription 1 0.0408219945202552 0.0408219945202552
image 1 2.120263536200091 2.120263536200091
imperial 1 2.5257286443082556 2.5257286443082556
inc 1 0.0 0.0
inch 1 2.5257286443082556 2.5257286443082556
incorporates 1 3.2188758248682006 3.2188758248682006
increase 1 2.302585092994046 2.302585092994046
india 1 1.7147984280919266 1.7147984280919266
indochina 1 3.912023005428146 3.912023005428146
indonesian 1 2.995732273553991 2.995732273553991
indra 1 3.506557897319982 3.506557897319982
infobox 1 0.3011050927839216 0.3011050927839216
information 1 0.0 0.0
ingeniero 1 4.605170185988092 4.605170185988092
initluau 1 2.995732273553991 2.995732273553991
inness 1 4.605170185988092 4.605170185988092
installed 1 2.995732273553991 2.995732273553991
invasion 1 2.407945608651872 2.407945608651872
iranian 1 3.2188758248682006 3.2188758248682006
iraq 1 2.8134107167600364 2.8134107167600364
iribas 1 4.605170185988092 4.605170185988092
irvin 1 3.912023005428146 3.912023005428146
irving 1 3.506557897319982 3.506557897319982
isaac 1 3.506557897319982 3.506557897319982
isbn 1 0.9942522733438669 0.9942522733438669
island 1 1.5141277326297755 1.5141277326297755
item 1 0.010050335853501506 0.010050335853501506
ives 1 4.605170185988092 4.605170185988092
iwo 1 4.605170185988092 4.605170185988092
jackson 1 1.9661128563728327 1.9661128563728327
jacques 1 2.302585092994046 2.302585092994046
james 1 1.0498221244986776 1.0498221244986776
jan 1 2.0402208285265546 2.0402208285265546
jane 1 2.5257286443082556 2.5257286443082556
january 1 0.3424903089467759 0.3424903089467759
japanese 1 2.0402208285265546 2.0402208285265546
jay 1 2.5257286443082556 2.5257286443082556
jaya 1 4.605170185988092 4.605170185988092
jean 1 1.7719568419318754 1.7719568419318754
jeremiah 1 3.912023005428146 3.912023005428146
jima 1 4.605170185988092 4.605170185988092
joaquin 1 4.605170185988092 4.605170185988092
joe 1 1.5141277326297755 1.5141277326297755
john 1 0.49429632181478017 0.49429632181478017
johnson 1 1.6094379124341003 1.6094379124341003
joined 1 1.6607312068216509 1.6607312068216509
joliet 1 4.605170185988092 4.605170185988092
jonathan 1 2.302585092994046 2.302585092994046
jones 1 1.5141277326297755 1.5141277326297755
jordan 1 1.7147984280919266 1.7147984280919266
jose 1 2.120263536200091 2.120263536200091
joseph 1 1.5141277326297755 1.5141277326297755
joshua 1 2.995732273553991 2.995732273553991
josiah 1 3.912023005428146 3.912023005428146
juan 1 2.302585092994046 2.302585092994046
judson 1 4.605170185988092 4.605170185988092
julia 1 2.995732273553991 2.995732273553991
julien 1 2.995732273553991 2.995732273553991
july 1 0.43078291609245434 0.43078291609245434
jump 1 0.0 0.0
june 1 0.40047756659712536 0.40047756659712536
justin 1 2.407945608651872 2.407945608651872
justo 1 4.605170185988092 4.605170185988092
kaiser 1 4.605170185988092 4.605170185988092
kamagong 1 4.605170185988092 4.605170185988092
kate 1 2.8134107167600364 2.8134107167600364
kearns 1 4.605170185988092 4.605170185988092
kearny 1 4.605170185988092 4.605170185988092
keelung 1 3.912023005428146 3.912023005428146
keith 1 2.407945608651872 2.407945608651872
kelley 1 2.8134107167600364 2.8134107167600364
kelly 1 2.407945608651872 2.407945608651872
kent 1 3.2188758248682006 3.2188758248682006
kerr 1 3.506557897319982 3.506557897319982
key 1 1.6094379124341003 1.6094379124341003
kimbro 1 4.605170185988092 4.605170185988092
king 1 1.3093333199837622 1.3093333199837622
kinkaid 1 4.605170185988092 4.605170185988092
kinyoun 1 4.605170185988092 4.605170185988092
kit 1 3.2188758248682006 3.2188758248682006
kmh 1 3.506557897319982 3.506557897319982
knapp 1 3.912023005428146 3.912023005428146
knot 1 3.912023005428146 3.912023005428146
knute 1 4.605170185988092 4.605170185988092
kohrs 1 4.605170185988092 4.605170185988092
korea 1 2.5257286443082556 2.5257286443082556
krishna 1 3.506557897319982 3.506557897319982
la 0 2.407945608651872 0.0
labaudt 1 4.605170185988092 4.605170185988092
lafayette 1 3.912023005428146 3.912023005428146
laguna 1 3.912023005428146 3.912023005428146
lahaina 1 4.605170185988092 4.605170185988092
laid 1 2.8134107167600364 2.8134107167600364
laita 1 4.605170185988092 4.605170185988092
lake 1 1.8325814637483102 1.8325814637483102
lakeland 1 3.912023005428146 3.912023005428146
lakewood 1 4.605170185988092 4.605170185988092
landing 1 2.995732273553991 2.995732273553991
langfitt 1 4.605170185988092 4.605170185988092
language 0 0.0 0.0
lapham 1 4.605170185988092 4.605170185988092
laramie 1 4.605170185988092 4.605170185988092
lardner 1 4.605170185988092 4.605170185988092
laredo 1 3.912023005428146 3.912023005428146
last 1 0.0 0.0
later 1 0.5621189181535412 0.5621189181535412
launched 1 1.9661128563728327 1.9661128563728327
launching 1 3.506557897319982 3.506557897319982
lawrence 1 2.302585092994046 2.302585092994046
lea 1 4.605170185988092 4.605170185988092
lean 1 3.2188758248682006 3.2188758248682006
learn 1 0.0 0.0
leeds 1 3.506557897319982 3.506557897319982
left 1 1.171182981502945 1.171182981502945
legion 1 2.995732273553991 2.995732273553991
lemnos 1 4.605170185988092 4.605170185988092
lengthft 1 4.605170185988092 4.605170185988092
leon 1 2.659260036932778 2.659260036932778
leonidas 1 4.605170185988092 4.605170185988092
leonis 1 4.605170185988092 4.605170185988092
leopard 1 4.605170185988092 4.605170185988092
lesbos 1 4.605170185988092 4.605170185988092
leslie 1 2.8134107167600364 2.8134107167600364
lew 1 4.605170185988092 4.605170185988092
lewis 1 1.8325814637483102 1.8325814637483102
liaftercontent 1 0.127833371509885 0.127833371509885
liamone 1 4.605170185988092 4.605170185988092
liberation 1 2.407945608651872 2.407945608651872
liberty 1 2.8134107167600364 2.8134107167600364
license 1 0.0 0.0
lick 1 4.605170185988092 4.605170185988092
light 1 1.3862943611198906 1.3862943611198906
lillian 1 3.912023005428146 3.912023005428146
lincoln 1 2.5257286443082556 2.5257286443082556
lind 1 3.506557897319982 3.506557897319982
lindenwood 1 3.912023005428146 3.912023005428146
lindsay 1 2.8134107167600364 2.8134107167600364
link 1 0.0 0.0
list 1 0.6348782724359695 0.6348782724359695
livermore 1 4.605170185988092 4.605170185988092
load 1 3.912023005428146 3.912023005428146
loaded 1 2.995732273553991 2.995732273553991
log 1 0.0 0.0
logan 1 2.995732273553991 2.995732273553991
logged 1 0.0 0.0
london 1 1.5141277326297755 1.5141277326297755
long 1 1.1086626245216111 1.1086626245216111
louis 1 1.5141277326297755 1.5141277326297755
louverture 1 4.605170185988092 4.605170185988092
loyola 1 3.912023005428146 3.912023005428146
lsaacson 1 4.605170185988092 4.605170185988092
lse 1 4.605170185988092 4.605170185988092
lselc 1 4.605170185988092 4.605170185988092
lst 1 4.605170185988092 4.605170185988092
lstfrancefreefr 1 4.605170185988092 4.605170185988092
lsth 1 4.605170185988092 4.605170185988092
lsts 1 4.605170185988092 4.605170185988092
lua 1 2.995732273553991 2.995732273553991
lubin 1 4.605170185988092 4.605170185988092
lucas 1 2.995732273553991 2.995732273553991
lucien 1 3.506557897319982 3.506557897319982
lucy 1 2.995732273553991 2.995732273553991
luks 1 4.605170185988092 4.605170185988092
luther 1 2.8134107167600364 2.8134107167600364
lyman 1 4.605170185988092 4.605170185988092
lyon 1 2.8134107167600364 2.8134107167600364
lyra 1 4.605170185988092 4.605170185988092
mac 1 2.0402208285265546 2.0402208285265546
mack 1 3.506557897319982 3.506557897319982
mackay 1 4.605170185988092 4.605170185988092
maguire 1 4.605170185988092 4.605170185988092
main 1 0.0 0.0
major 0 1.1086626245216111 0.0
manderson 1 4.605170185988092 4.605170185988092
mann 1 3.506557897319982 3.506557897319982
march 1 0.3147107448397002 0.3147107448397002
marcom 1 4.605170185988092 4.605170185988092
marcus 1 3.2188758248682006 3.2188758248682006
maria 1 1.9661128563728327 1.9661128563728327
marianas 1 4.605170185988092 4.605170185988092
marina 1 4.605170185988092 4.605170185988092
marine 1 2.407945608651872 2.407945608651872
marion 1 4.605170185988092 4.605170185988092
mariscal 1 3.912023005428146 3.912023005428146
marlingspike 1 4.605170185988092 4.605170185988092
marquette 1 4.605170185988092 4.605170185988092
marshall 1 2.407945608651872 2.407945608651872
mary 1 1.7719568419318754 1.7719568419318754
massillon 1 4.605170185988092 4.605170185988092
mateo 1 4.605170185988092 4.605170185988092
mathewson 1 4.605170185988092 4.605170185988092
matson 1 3.912023005428146 3.912023005428146
matthew 1 1.8325814637483102 1.8325814637483102
maurice 1 2.407945608651872 2.407945608651872
maxim 1 3.912023005428146 3.912023005428146
may 1 0.0 0.0
mayfield 1 4.605170185988092 4.605170185988092
mayo 1 3.506557897319982 3.506557897319982
mears 1 3.912023005428146 3.912023005428146
medal 1 2.5257286443082556 2.5257286443082556
medina 1 2.995732273553991 2.995732273553991
medium 0 0.49429632181478017 0.0
meiggs 1 4.605170185988092 4.605170185988092
meldrum 1 4.605170185988092 4.605170185988092
mello 1 4.605170185988092 4.605170185988092
melville 1 3.912023005428146 3.912023005428146
men 1 1.2039728043259361 1.2039728043259361
menelaus 1 4.605170185988092 4.605170185988092
menu 1 0.0 0.0
mercer 1 3.912023005428146 3.912023005428146
merritt 1 3.912023005428146 3.912023005428146
metal 0 2.207274913189721 0.0
meyer 1 3.506557897319982 3.506557897319982
michael 1 1.171182981502945 1.171182981502945
middlebury 1 4.605170185988092 4.605170185988092
middlemas 1 4.605170185988092 4.605170185988092
mifflin 1 4.605170185988092 4.605170185988092
militare 1 4.605170185988092 4.605170185988092
militarynavigation 1 3.912023005428146 3.912023005428146
mill 0 2.302585092994046 0.0
millan 1 3.2188758248682006 3.2188758248682006
millen 1 4.605170185988092 4.605170185988092
miller 1 1.6094379124341003 1.6094379124341003
millimetre 0 4.605170185988092 0.0
mindoro 1 4.605170185988092 4.605170185988092
minerva 1 4.605170185988092 4.605170185988092
minos 1 4.605170185988092 4.605170185988092
minotaur 1 4.605170185988092 4.605170185988092
miscellaneous 1 2.995732273553991 2.995732273553991
miss 0 2.302585092994046 0.0
missoula 1 4.605170185988092 4.605170185988092
mitchell 1 2.302585092994046 2.302585092994046
mobile 1 0.0 0.0
moczkowski 1 4.605170185988092 4.605170185988092
moline 1 3.912023005428146 3.912023005428146
monroe 1 3.912023005428146 3.912023005428146
montrose 1 4.605170185988092 4.605170185988092
moody 1 2.8134107167600364 2.8134107167600364
moore 1 2.120263536200091 2.120263536200091
mooring 1 4.605170185988092 4.605170185988092
morazan 1 4.605170185988092 4.605170185988092
morelos 1 4.605170185988092 4.605170185988092
morgan 1 2.207274913189721 2.207274913189721
morrill 1 4.605170185988092 4.605170185988092
morris 1 2.659260036932778 2.659260036932778
morrison 1 2.995732273553991 2.995732273553991
morse 1 3.912023005428146 3.912023005428146
morton 1 2.659260036932778 2.659260036932778
moses 1 3.506557897319982 3.506557897319982
motive 1 4.605170185988092 4.605170185988092
mount 1 2.995732273553991 2.995732273553991
mountrail 1 4.605170185988092 4.605170185988092
move 1 0.0 0.0
moved 1 1.7719568419318754 1.7719568419318754
mph 1 3.506557897319982 3.506557897319982
muchneeded 1 4.605170185988092 4.605170185988092
muir 1 3.506557897319982 3.506557897319982
muncie 1 4.605170185988092 4.605170185988092
munsan 1 4.605170185988092 4.605170185988092
munsey 1 4.605170185988092 4.605170185988092
murat 1 3.912023005428146 3.912023005428146
murray 1 2.302585092994046 2.302585092994046
musick 1 4.605170185988092 4.605170185988092
mutual 1 3.2188758248682006 3.2188758248682006
myrmidon 1 4.605170185988092 4.605170185988092
myron 1 3.912023005428146 3.912023005428146
mythology 1 2.8134107167600364 2.8134107167600364
name 1 0.5276327420823719 0.5276327420823719
named 1 1.2039728043259361 1.2039728043259361
namesake 1 3.2188758248682006 3.2188758248682006
nancy 1 2.302585092994046 2.302585092994046
narra 1 4.605170185988092 4.605170185988092
nathan 1 2.5257286443082556 2.5257286443082556
nathaniel 1 3.506557897319982 3.506557897319982
natrona 1 4.605170185988092 4.605170185988092
nav 1 3.912023005428146 3.912023005428146
naval 1 2.5257286443082556 2.5257286443082556
navarro 1 3.912023005428146 3.912023005428146
navbar 1 0.23572233352106994 0.23572233352106994
navbarmini 1 0.23572233352106994 0.23572233352106994
navbox 1 0.1392620673335076 0.1392620673335076
navboximage 1 0.1392620673335076 0.1392620673335076
navboxsubgroup 1 0.1392620673335076 0.1392620673335076
navboxtitle 1 0.1392620673335076 0.1392620673335076
navigation 1 0.0 0.0
navsource 1 4.605170185988092 4.605170185988092
navsourceorg 1 4.605170185988092 4.605170185988092
navy 1 2.207274913189721 2.207274913189721
navymndgovtw 1 4.605170185988092 4.605170185988092
near 1 1.8325814637483102 1.8325814637483102
neshoba 1 4.605170185988092 4.605170185988092
new 1 0.24846135929849972 0.24846135929849972
newberry 1 3.912023005428146 3.912023005428146
newcastle 1 3.2188758248682006 3.2188758248682006
newlands 1 4.605170185988092 4.605170185988092
nicaragua 1 3.912023005428146 3.912023005428146
nichols 1 3.506557897319982 3.506557897319982
nicolay 1 4.605170185988092 4.605170185988092
njvb 1 4.605170185988092 4.605170185988092
nnarticlewhitelist 1 2.407945608651872 2.407945608651872
nnciterefpatterns 1 2.407945608651872 2.407945608651872
nnlimitreportprofile 1 4.605170185988092 4.605170185988092
nntemplatelist 1 2.407945608651872 2.407945608651872
noah 1 3.506557897319982 3.506557897319982
noble 1 2.659260036932778 2.659260036932778
none 1 2.995732273553991 2.995732273553991
nonprofit 1 0.0 0.0
norman 1 2.302585092994046 2.302585092994046
norris 1 2.995732273553991 2.995732273553991
norte 1 4.605170185988092 4.605170185988092
north 1 0.8209805520698303 0.8209805520698303
northeastern 1 3.2188758248682006 3.2188758248682006
norwegian 1 2.659260036932778 2.659260036932778
note 0 0.8209805520698303 0.0
notelist 1 3.506557897319982 3.506557897319982
november 1 0.3011050927839216 0.3011050927839216
nowrap 1 3.912023005428146 3.912023005428146
nuclear 1 3.2188758248682006 3.2188758248682006
number 1 0.7550225842780328 0.7550225842780328
numerous 1 1.9661128563728327 1.9661128563728327
numitor 1 4.605170185988092 4.605170185988092
nye 1 3.506557897319982 3.506557897319982
oak 1 3.2188758248682006 3.2188758248682006
oberlin 1 4.605170185988092 4.605170185988092
occidental 1 3.912023005428146 3.912023005428146
occupation 1 1.8971199848858813 1.8971199848858813
oceanus 1 4.605170185988092 4.605170185988092
october 1 0.28768207245178085 0.28768207245178085
oerlikon 1 4.605170185988092 4.605170185988092
officer 0 1.7719568419318754 0.0
offshore 1 4.605170185988092 4.605170185988092
ogden 1 3.506557897319982 3.506557897319982
ohiggins 1 4.605170185988092 4.605170185988092
okaloosa 1 4.605170185988092 4.605170185988092
okanogan 1 4.605170185988092 4.605170185988092
older 1 2.302585092994046 2.302585092994046
ole 1 3.912023005428146 3.912023005428146
oliver 1 2.407945608651872 2.407945608651872
ollibeforecontent 1 0.127833371509885 0.127833371509885
olson 1 3.912023005428146 3.912023005428146
omar 1 3.506557897319982 3.506557897319982
one 1 0.23572233352106994 0.23572233352106994
oneida 1 3.912023005428146 3.912023005428146
oneil 1 3.912023005428146 3.912023005428146
online 1 1.4696759700589417 1.4696759700589417
operating 1 2.5257286443082556 2.5257286443082556
operation 1 1.7147984280919266 1.7147984280919266
operator 0 2.8134107167600364 0.0
orestes 1 4.605170185988092 4.605170185988092
organization 1 0.0 0.0
organizationname 1 0.010050335853501506 0.010050335853501506
oriental 1 3.2188758248682006 3.2188758248682006
original 1 0.4155154439616658 0.4155154439616658
originally 1 1.9661128563728327 1.9661128563728327
osgood 1 4.605170185988092 4.605170185988092
others 1 1.1394342831883648 1.1394342831883648
otis 1 4.605170185988092 4.605170185988092
otto 1 2.995732273553991 2.995732273553991
ouray 1 4.605170185988092 4.605170185988092
overhaul 1 3.912023005428146 3.912023005428146
ovid 1 4.605170185988092 4.605170185988092
owensboro 1 4.605170185988092 4.605170185988092
pablo 1 2.995732273553991 2.995732273553991
pacific 1 2.302585092994046 2.302585092994046
page 1 0.0 0.0
paillotte 1 4.605170185988092 4.605170185988092
palmer 1 2.995732273553991 2.995732273553991
pan 1 2.659260036932778 2.659260036932778
pandemus 1 4.605170185988092 4.605170185988092
park 1 1.3093333199837622 1.3093333199837622
parrington 1 4.605170185988092 4.605170185988092
parser 1 3.2188758248682006 3.2188758248682006
part 1 0.6348782724359695 0.6348782724359695
participating 1 2.995732273553991 2.995732273553991
pasco 1 4.605170185988092 4.605170185988092
pasteur 1 3.912023005428146 3.912023005428146
patrick 1 1.8971199848858813 1.8971199848858813
patroclus 1 4.605170185988092 4.605170185988092
patrol 1 3.912023005428146 3.912023005428146
patten 1 3.506557897319982 3.506557897319982
paul 1 0.8675005677047231 0.8675005677047231
pauw 1 4.605170185988092 4.605170185988092
payne 1 2.995732273553991 2.995732273553991
pdf 1 1.0498221244986776 1.0498221244986776
pdfprintable 1 0.0 0.0
pdnotice 1 4.605170185988092 4.605170185988092
pearl 1 3.506557897319982 3.506557897319982
peary 1 4.605170185988092 4.605170185988092
peckham 1 4.605170185988092 4.605170185988092
pedro 1 2.995732273553991 2.995732273553991
peffer 1 4.605170185988092 4.605170185988092
penn 1 2.995732273553991 2.995732273553991
pentheus 1 4.605170185988092 4.605170185988092
people 0 0.49429632181478017 0.0
perch 1 3.912023005428146 3.912023005428146
percy 1 3.506557897319982 3.506557897319982
pere 1 4.605170185988092 4.605170185988092
perkins 1 2.8134107167600364 2.8134107167600364
permanent 1 0.0 0.0
permanente 1 4.605170185988092 4.605170185988092
personal 1 0.0 0.0
peruvian 1 3.506557897319982 3.506557897319982
peter 1 1.3093333199837622 1.3093333199837622
phaon 1 4.605170185988092 4.605170185988092
phelan 1 4.605170185988092 4.605170185988092
philip 1 1.7147984280919266 1.7147984280919266
philippine 1 2.302585092994046 2.302585092994046
phillips 1 2.995732273553991 2.995732273553991
phinney 1 3.912023005428146 3.912023005428146
photo 1 2.120263536200091 2.120263536200091
pickaway 1 4.605170185988092 4.605170185988092
pickering 1 3.506557897319982 3.506557897319982
pierre 1 2.302585092994046 2.302585092994046
pieterszoon 1 4.605170185988092 4.605170185988092
pitt 1 3.506557897319982 3.506557897319982
pittman 1 4.605170185988092 4.605170185988092
placed 1 1.7147984280919266 1.7147984280919266
pocatello 1 3.912023005428146 3.912023005428146
policy 1 0.0 0.0
pontus 1 3.912023005428146 3.912023005428146
pope 1 2.8134107167600364 2.8134107167600364
portal 1 0.0 0.0
porter 1 2.659260036932778 2.659260036932778
portugus 1 1.171182981502945 1.171182981502945
portunus 1 4.605170185988092 4.605170185988092
poseidon 1 4.605170185988092 4.605170185988092
powell 1 2.8134107167600364 2.8134107167600364
power 1 1.0216512475319812 1.0216512475319812
preceded 1 2.302585092994046 2.302585092994046
prentice 1 3.506557897319982 3.506557897319982
prepare 1 3.506557897319982 3.506557897319982
present 1 0.9675840262617057 0.9675840262617057
prince 1 2.207274913189721 2.207274913189721
princeton 1 3.2188758248682006 3.2188758248682006
printbodyns 1 0.09431067947124142 0.09431067947124142
printexport 1 0.0 0.0
privacy 1 0.0 0.0
private 1 1.8325814637483102 1.8325814637483102
proctor 1 4.605170185988092 4.605170185988092
project 0 0.0 0.0
projected 1 3.506557897319982 3.506557897319982
propeller 0 3.912023005428146 0.0
propulsion 1 3.506557897319982 3.506557897319982
proserpine 1 4.605170185988092 4.605170185988092
prouse 1 4.605170185988092 4.605170185988092
provided 1 1.8971199848858813 1.8971199848858813
provo 1 3.912023005428146 3.912023005428146
public 1 0.9675840262617057 0.9675840262617057
pueblo 1 3.2188758248682006 3.2188758248682006
pullman 1 4.605170185988092 4.605170185988092
pupin 1 4.605170185988092 4.605170185988092
purdue 1 3.912023005428146 3.912023005428146
put 1 1.8971199848858813 1.8971199848858813
quad 1 4.605170185988092 4.605170185988092
quinone 0 4.605170185988092 0.0
quirinus 1 4.605170185988092 4.605170185988092
radcliffe 1 3.912023005428146 3.912023005428146
rae 1 3.912023005428146 3.912023005428146
raid 0 4.605170185988092 0.0
ralph 1 2.120263536200091 2.120263536200091
ralston 1 3.506557897319982 3.506557897319982
ramsey 1 4.605170185988092 4.605170185988092
rance 1 4.605170185988092 4.605170185988092
randall 1 2.659260036932778 2.659260036932778
random 1 0.0 0.0
rawlins 1 3.912023005428146 3.912023005428146
raymond 1 2.302585092994046 2.302585092994046
reached 1 2.302585092994046 2.302585092994046
read 1 0.0 0.0
received 1 1.1394342831883648 1.1394342831883648
recent 1 0.0 0.0
record 1 0.7765287894989963 0.7765287894989963
red 1 1.07880966137193 1.07880966137193
redesignated 1 4.605170185988092 4.605170185988092
redfield 1 4.605170185988092 4.605170185988092
reduction 1 2.8134107167600364 2.8134107167600364
reed 1 2.659260036932778 2.659260036932778
reeving 1 4.605170185988092 4.605170185988092
ref 1 1.8971199848858813 1.8971199848858813
refbegin 1 3.912023005428146 3.912023005428146
refbegincolumns 1 2.659260036932778 2.659260036932778
refbeginfontsize 1 2.659260036932778 2.659260036932778
refend 1 3.912023005428146 3.912023005428146
reflist 1 0.06187540371808745 0.06187540371808745
reflistcolumns 1 0.06187540371808745 0.06187540371808745
reg 1 0.0 0.0
register 1 2.995732273553991 2.995732273553991
registered 1 0.0 0.0
rehan 1 4.605170185988092 4.605170185988092
reid 1 2.659260036932778 2.659260036932778
reinhold 1 4.605170185988092 4.605170185988092
related 1 0.0 0.0
remained 1 1.7719568419318754 1.7719568419318754
remington 1 4.605170185988092 4.605170185988092
remus 1 4.605170185988092 4.605170185988092
renamed 1 2.5257286443082556 2.5257286443082556
reno 1 4.605170185988092 4.605170185988092
repair 1 2.995732273553991 2.995732273553991
repairing 1 4.605170185988092 4.605170185988092
reported 1 1.8325814637483102 1.8325814637483102
reporting 1 2.8134107167600364 2.8134107167600364
republic 1 1.5141277326297755 1.5141277326297755
reserve 1 2.207274913189721 2.207274913189721
resource 0 1.7147984280919266 0.0
retreat 1 3.506557897319982 3.506557897319982
retrieved 1 0.0 0.0
returned 1 1.4271163556401458 1.4271163556401458
rf 0 4.605170185988092 0.0
rica 1 3.506557897319982 3.506557897319982
rice 1 2.995732273553991 2.995732273553991
richard 1 1.1394342831883648 1.1394342831883648
richardson 1 2.995732273553991 2.995732273553991
richmond 1 2.8134107167600364 2.8134107167600364
richter 1 3.506557897319982 3.506557897319982
ring 1 1.8971199848858813 1.8971199848858813
ripley 1 4.605170185988092 4.605170185988092
ripon 1 4.605170185988092 4.605170185988092
ritter 1 3.912023005428146 3.912023005428146
roach 1 3.912023005428146 3.912023005428146
robert 1 0.8675005677047231 0.8675005677047231
robertson 1 2.659260036932778 2.659260036932778
robinson 1 2.120263536200091 2.120263536200091
roc 0 4.605170185988092 0.0
rockne 1 4.605170185988092 4.605170185988092
rodgers 1 3.506557897319982 3.506557897319982
rodman 1 3.912023005428146 3.912023005428146
rodos 1 4.605170185988092 4.605170185988092
roger 1 1.9661128563728327 1.9661128563728327
rogers 1 3.506557897319982 3.506557897319982
rolph 1 4.605170185988092 4.605170185988092
rolvaag 1 4.605170185988092 4.605170185988092
romulus 1 4.605170185988092 4.605170185988092
rose 1 1.8325814637483102 1.8325814637483102
ross 1 2.0402208285265546 2.0402208285265546
rosseter 1 4.605170185988092 4.605170185988092
routledge 1 2.659260036932778 2.659260036932778
rowan 1 3.506557897319982 3.506557897319982
rowe 1 3.2188758248682006 3.2188758248682006
rowland 1 3.506557897319982 3.506557897319982
roy 1 2.120263536200091 2.120263536200091
royal 1 1.8325814637483102 1.8325814637483102
rumsey 1 4.605170185988092 4.605170185988092
rusk 1 3.912023005428146 3.912023005428146
russell 1 2.0402208285265546 2.0402208285265546
rutledge 1 4.605170185988092 4.605170185988092
safely 1 4.605170185988092 4.605170185988092
sailed 1 3.506557897319982 3.506557897319982
saipan 1 4.605170185988092 4.605170185988092
sakipia 1 4.605170185988092 4.605170185988092
salina 1 3.506557897319982 3.506557897319982
salvage 1 3.506557897319982 3.506557897319982
samar 1 4.605170185988092 4.605170185988092
sambre 1 4.605170185988092 4.605170185988092
sambridge 1 4.605170185988092 4.605170185988092
samore 1 4.605170185988092 4.605170185988092
samos 1 4.605170185988092 4.605170185988092
samovar 1 4.605170185988092 4.605170185988092
samuel 1 2.302585092994046 2.302585092994046
samwash 1 4.605170185988092 4.605170185988092
san 1 1.2378743560016172 1.2378743560016172
sandbox 1 2.995732273553991 2.995732273553991
sanford 1 4.605170185988092 4.605170185988092
sara 1 3.912023005428146 3.912023005428146
sarasota 1 3.506557897319982 3.506557897319982
sargent 1 4.605170185988092 4.605170185988092
satyr 1 3.912023005428146 3.912023005428146
saugrain 1 4.605170185988092 4.605170185988092
sausalito 1 4.605170185988092 4.605170185988092
schirmer 1 4.605170185988092 4.605170185988092
schofield 1 4.605170185988092 4.605170185988092
schoolcraft 1 4.605170185988092 4.605170185988092
scott 1 1.2729656758128876 1.2729656758128876
screen 1 0.010050335853501506 0.010050335853501506
scribunto 1 2.995732273553991 2.995732273553991
sea 0 2.0402208285265546 0.0
seaman 1 3.912023005428146 3.912023005428146
search 1 0.0 0.0
seavey 1 4.605170185988092 4.605170185988092
seaward 1 4.605170185988092 4.605170185988092
see 1 0.40047756659712536 0.40047756659712536
seghers 1 4.605170185988092 4.605170185988092
selden 1 3.912023005428146 3.912023005428146
selfmodified 1 4.605170185988092 4.605170185988092
seller 0 3.912023005428146 0.0
sengteller 1 4.605170185988092 4.605170185988092
september 1 0.43078291609245434 0.43078291609245434
serious 1 2.659260036932778 2.659260036932778
served 1 1.4696759700589417 1.4696759700589417
service 1 1.2378743560016172 1.2378743560016172
several 1 0.8209805520698303 0.8209805520698303
sfn 1 2.5257286443082556 2.5257286443082556
sgt 1 3.912023005428146 3.912023005428146
shafroth 1 4.605170185988092 4.605170185988092
share 1 0.0 0.0
sharon 1 2.659260036932778 2.659260036932778
shaw 1 3.506557897319982 3.506557897319982
sheldon 1 3.2188758248682006 3.2188758248682006
sherburne 1 4.605170185988092 4.605170185988092
sheridan 1 4.605170185988092 4.605170185988092
sherman 1 2.995732273553991 2.995732273553991
shifted 1 3.912023005428146 3.912023005428146
ship 1 2.0402208285265546 2.0402208285265546
shipboxflag 1 4.605170185988092 4.605170185988092
shipbuilding 1 3.506557897319982 3.506557897319982
shipyard 0 3.912023005428146 0.0
short 1 0.06187540371808745 0.06187540371808745
shortened 1 0.0 0.0
shoup 1 4.605170185988092 4.605170185988092
shp 1 4.605170185988092 4.605170185988092
shung 1 4.605170185988092 4.605170185988092
sibley 1 4.605170185988092 4.605170185988092
sidebar 1 0.0 0.0
sidney 1 2.995732273553991 2.995732273553991
sieur 1 4.605170185988092 4.605170185988092
sigel 1 4.605170185988092 4.605170185988092
silcox 1 4.605170185988092 4.605170185988092
sill 1 4.605170185988092 4.605170185988092
silverstone 1 4.605170185988092 4.605170185988092
silvestre 1 4.605170185988092 4.605170185988092
simon 1 2.0402208285265546 2.0402208285265546
singapore 1 3.2188758248682006 3.2188758248682006
sinnet 1 4.605170185988092 4.605170185988092
site 1 0.0 0.0
skinner 1 3.2188758248682006 3.2188758248682006
sloss 1 4.605170185988092 4.605170185988092
smith 1 1.2039728043259361 1.2039728043259361
smk 1 4.605170185988092 4.605170185988092
snapper 1 3.912023005428146 3.912023005428146
snelling 1 4.605170185988092 4.605170185988092
sohrab 1 4.605170185988092 4.605170185988092
solid 1 0.09431067947124142 0.09431067947124142
solomon 1 2.995732273553991 2.995732273553991
song 1 1.3470736479666094 1.3470736479666094
soo 1 4.605170185988092 4.605170185988092
soon 1 1.8325814637483102 1.8325814637483102
source 1 0.5798184952529422 0.5798184952529422
spark 1 2.995732273553991 2.995732273553991
special 1 0.0 0.0
speedkn 1 4.605170185988092 4.605170185988092
sphinx 1 4.605170185988092 4.605170185988092
spindle 1 4.605170185988092 4.605170185988092
spool 1 4.605170185988092 4.605170185988092
sprague 1 4.605170185988092 4.605170185988092
spreckles 1 4.605170185988092 4.605170185988092
spring 0 1.5606477482646683 0.0
sproule 1 4.605170185988092 4.605170185988092
squadron 1 3.2188758248682006 3.2188758248682006
square 1 2.120263536200091 2.120263536200091
squier 1 4.605170185988092 4.605170185988092
ssaq 1 4.605170185988092 4.605170185988092
stanley 1 2.8134107167600364 2.8134107167600364
star 0 0.9675840262617057 0.0
starr 1 3.912023005428146 3.912023005428146
state 0 0.3147107448397002 0.0
statement 1 0.0 0.0
stationed 1 3.912023005428146 3.912023005428146
statistic 0 0.0 0.0
steinmetz 1 4.605170185988092 4.605170185988092
stentor 1 4.605170185988092 4.605170185988092
stephen 1 1.8971199848858813 1.8971199848858813
stephenson 1 3.912023005428146 3.912023005428146
sterling 1 2.8134107167600364 2.8134107167600364
stevens 1 3.506557897319982 3.506557897319982
stevenson 1 4.605170185988092 4.605170185988092
stewart 1 2.207274913189721 2.207274913189721
still 1 0.9416085398584451 0.9416085398584451
stockton 1 3.912023005428146 3.912023005428146
stoddard 1 4.605170185988092 4.605170185988092
stone 1 1.8971199848858813 1.8971199848858813
stratton 1 3.912023005428146 3.912023005428146
stricken 1 3.506557897319982 3.506557897319982
struck 1 3.2188758248682006 3.2188758248682006
stuart 1 3.2188758248682006 3.2188758248682006
sturgis 1 4.605170185988092 4.605170185988092
subic 1 4.605170185988092 4.605170185988092
subsection 1 0.3424903089467759 0.3424903089467759
successfully 1 2.659260036932778 2.659260036932778
sucre 1 4.605170185988092 4.605170185988092
sullivan 1 2.659260036932778 2.659260036932778
suo 1 3.912023005428146 3.912023005428146
supply 1 2.5257286443082556 2.5257286443082556
support 1 1.2729656758128876 1.2729656758128876
suriago 1 4.605170185988092 4.605170185988092
surrender 1 3.506557897319982 3.506557897319982
sutro 1 4.605170185988092 4.605170185988092
swallow 1 3.2188758248682006 3.2188758248682006
swarthmore 1 3.912023005428146 3.912023005428146
swayne 1 4.605170185988092 4.605170185988092
swett 1 4.605170185988092 4.605170185988092
syros 1 4.605170185988092 4.605170185988092
table 1 0.0 0.0
tacoma 1 3.912023005428146 3.912023005428146
tai 1 4.605170185988092 4.605170185988092
taiwan 1 2.8134107167600364 2.8134107167600364
talk 1 0.0 0.0
talladega 1 4.605170185988092 4.605170185988092
tank 1 2.5257286443082556 2.5257286443082556
tantalus 1 4.605170185988092 4.605170185988092
targetrecursive 1 4.605170185988092 4.605170185988092
tarlac 1 4.605170185988092 4.605170185988092
task 1 2.5257286443082556 2.5257286443082556
taylor 1 1.7719568419318754 1.7719568419318754
tazewell 1 4.605170185988092 4.605170185988092
tdhlist 1 0.1392620673335076 0.1392620673335076
teasdale 1 4.605170185988092 4.605170185988092
tecumseh 1 4.605170185988092 4.605170185988092
telfair 1 4.605170185988092 4.605170185988092
teller 1 3.506557897319982 3.506557897319982
teluk 1 4.605170185988092 4.605170185988092
template 1 0.0 0.0
term 0 0.0 0.0
terminal 1 4.605170185988092 4.605170185988092
terry 1 2.407945608651872 2.407945608651872
text 1 0.0 0.0
thomas 1 1.1394342831883648 1.1394342831883648
thompson 1 2.0402208285265546 2.0402208285265546
thomson 1 3.912023005428146 3.912023005428146
thornton 1 3.2188758248682006 3.2188758248682006
threat 1 2.407945608651872 2.407945608651872
three 1 0.5798184952529422 0.5798184952529422
timeconsuming 1 4.605170185988092 4.605170185988092
timothy 1 2.302585092994046 2.302585092994046
tinian 1 4.605170185988092 4.605170185988092
title 1 0.9162907318741551 0.9162907318741551
titlefor 1 4.605170185988092 4.605170185988092
tlst 1 4.605170185988092 4.605170185988092
toggle 1 0.010050335853501506 0.010050335853501506
tomini 1 4.605170185988092 4.605170185988092
ton 0 3.506557897319982 0.0
took 1 1.171182981502945 1.171182981502945
tool 0 0.0 0.0
toole 1 4.605170185988092 4.605170185988092
top 1 0.010050335853501506 0.010050335853501506
topic 1 0.0 0.0
toro 1 3.506557897319982 3.506557897319982
torpedo 1 3.912023005428146 3.912023005428146
total 1 0.0 0.0
toussaint 1 4.605170185988092 4.605170185988092
trademark 1 0.0 0.0
transferred 1 1.9661128563728327 1.9661128563728327
transport 1 2.5257286443082556 2.5257286443082556
transporting 1 4.605170185988092 4.605170185988092
trinity 1 2.5257286443082556 2.5257286443082556
troop 0 2.5257286443082556 0.0
truman 1 3.912023005428146 3.912023005428146
trumble 1 4.605170185988092 4.605170185988092
tulane 1 3.912023005428146 3.912023005428146
turkish 1 2.5257286443082556 2.5257286443082556
turner 1 2.207274913189721 2.207274913189721
twin 1 2.407945608651872 2.407945608651872
type 1 1.2729656758128876 1.2729656758128876
typhon 1 4.605170185988092 4.605170185988092
tyre 1 3.912023005428146 3.912023005428146
ulithi 1 4.605170185988092 4.605170185988092
ulpaddingem 1 0.1392620673335076 0.1392620673335076
undergoing 1 3.912023005428146 3.912023005428146
underway 1 2.995732273553991 2.995732273553991
united 1 0.4155154439616658 0.4155154439616658
upload 1 0.0 0.0
upon 1 1.2729656758128876 1.2729656758128876
uriah 1 4.605170185988092 4.605170185988092
us 0 1.6094379124341003 0.0
use 1 0.0 0.0
using 1 0.0 0.0
usn 1 4.605170185988092 4.605170185988092
utc 1 0.0 0.0
vachel 1 4.605170185988092 4.605170185988092
vanderbilt 1 3.912023005428146 3.912023005428146
var 1 0.0 0.0
varela 1 3.506557897319982 3.506557897319982
varuna 1 4.605170185988092 4.605170185988092
vaughn 1 3.506557897319982 3.506557897319982
vawter 1 4.605170185988092 4.605170185988092
vcsap 1 4.605170185988092 4.605170185988092
veagh 1 4.605170185988092 4.605170185988092
vega 0 2.8134107167600364 0.0
venezuela 1 2.995732273553991 2.995732273553991
venus 1 3.506557897319982 3.506557897319982
vernon 1 4.605170185988092 4.605170185988092
version 1 0.0 0.0
vespucci 1 4.605170185988092 4.605170185988092
vessel 1 2.659260036932778 2.659260036932778
victoria 1 2.407945608651872 2.407945608651872
victory 1 1.6094379124341003 1.6094379124341003
vietnam 1 2.659260036932778 2.659260036932778
view 1 0.0 0.0
vila 0 2.995732273553991 0.0
vire 1 4.605170185988092 4.605170185988092
virginia 1 1.8971199848858813 1.8971199848858813
vitus 1 4.605170185988092 4.605170185988092
vnh 1 4.605170185988092 4.605170185988092
von 1 2.120263536200091 2.120263536200091
vte 1 0.7550225842780328 0.7550225842780328
vulcain 1 4.605170185988092 4.605170185988092
waite 1 3.506557897319982 3.506557897319982
wake 1 2.407945608651872 2.407945608651872
wald 1 3.912023005428146 3.912023005428146
walker 1 2.207274913189721 2.207274913189721
wallace 1 2.659260036932778 2.659260036932778
walter 1 1.7147984280919266 1.7147984280919266
waltham 1 4.605170185988092 4.605170185988092
war 1 0.7985076962177716 0.7985076962177716
wardwell 1 4.605170185988092 4.605170185988092
warfare 1 3.506557897319982 3.506557897319982
warner 1 2.995732273553991 2.995732273553991
washington 1 1.2378743560016172 1.2378743560016172
water 0 1.5606477482646683 0.0
waterhouse 1 4.605170185988092 4.605170185988092
wayne 1 2.302585092994046 2.302585092994046
web 1 1.4696759700589417 1.4696759700589417
weir 1 3.506557897319982 3.506557897319982
well 0 0.7765287894989963 0.0
wesleyan 1 3.506557897319982 3.506557897319982
westdahl 1 4.605170185988092 4.605170185988092
westinghouse 1 4.605170185988092 4.605170185988092
weule 1 4.605170185988092 4.605170185988092
whipple 1 4.605170185988092 4.605170185988092
white 1 1.171182981502945 1.171182981502945
whitney 1 3.506557897319982 3.506557897319982
wiggin 1 4.605170185988092 4.605170185988092
wijaya 1 4.605170185988092 4.605170185988092
wiki 1 2.120263536200091 2.120263536200091
wikibase 1 2.995732273553991 2.995732273553991
wikidata 1 0.010050335853501506 0.010050335853501506
wikimedia 1 0.0 0.0
wikipedia 1 0.0 0.0
wilbur 1 4.605170185988092 4.605170185988092
wilkes 1 3.912023005428146 3.912023005428146
wilkie 1 4.605170185988092 4.605170185988092
willard 1 3.506557897319982 3.506557897319982
willet 1 4.605170185988092 4.605170185988092
william 1 1.171182981502945 1.171182981502945
williams 1 1.8971199848858813 1.8971199848858813
williston 1 4.605170185988092 4.605170185988092
wilson 1 1.7719568419318754 1.7719568419318754
windom 1 4.605170185988092 4.605170185988092
winfield 1 4.605170185988092 4.605170185988092
wing 1 2.5257286443082556 2.5257286443082556
wise 1 2.5257286443082556 2.5257286443082556
wolcott 1 4.605170185988092 4.605170185988092
woolcott 1 4.605170185988092 4.605170185988092
work 1 0.7133498878774648 0.7133498878774648
world 1 0.5108256237659907 0.5108256237659907
wright 1 2.302585092994046 2.302585092994046
wyman 1 4.605170185988092 4.605170185988092
xavier 1 3.2188758248682006 3.2188758248682006
yakal 1 4.605170185988092 4.605170185988092
yale 1 3.912023005428146 3.912023005428146
yard 1 3.506557897319982 3.506557897319982
yates 1 3.506557897319982 3.506557897319982
york 1 0.8209805520698303 0.8209805520698303
yost 1 4.605170185988092 4.605170185988092
young 1 1.2378743560016172 1.2378743560016172
zachary 1 3.912023005428146 3.912023005428146
zeus 1 3.912023005428146 3.912023005428146
zhejiang 1 3.912023005428146 3.912023005428146
