aaron 1 2.207274913189721 2.207274913189721
according 1 1.3093333199837622 1.3093333199837622
account 1 0.0 0.0
acoustified 1 4.605170185988092 4.605170185988092
acting 1 1.8971199848858813 1.8971199848858813
action 0 0.0 0.0
add 1 0.0 0.0
addition 1 1.3862943611198906 1.3862943611198906
additional 1 0.0 0.0
afterworld 1 4.605170185988092 4.605170185988092
agree 1 0.0 0.0
album 1 2.407945608651872 2.407945608651872
albumby 1 2.995732273553991 2.995732273553991
alibi 0 4.605170185988092 0.0
alike 1 0.0 0.0
also 1 0.127833371509885 0.127833371509885
alternate 1 2.995732273553991 2.995732273553991
alternative 1 2.207274913189721 2.207274913189721
although 1 1.4696759700589417 1.4696759700589417
american 1 0.5276327420823719 0.5276327420823719
amp 1 0.4620354595965586 0.4620354595965586
another 1 0.9675840262617057 0.9675840262617057
answer 1 2.659260036932778 2.659260036932778
appearance 1 0.0 0.0
apply 1 0.0 0.0
approximately 1 2.407945608651872 2.407945608651872
april 1 0.44628710262841953 0.44628710262841953
archive 1 1.6094379124341003 1.6094379124341003
archived 1 0.47803580094299974 0.47803580094299974
arguably 1 4.605170185988092 4.605170185988092
around 1 1.0216512475319812 1.0216512475319812
arranged 1 3.2188758248682006 3.2188758248682006
article 1 0.0 0.0
artwork 1 2.995732273553991 2.995732273553991
asked 1 2.120263536200091 2.120263536200091
assistance 1 2.302585092994046 2.302585092994046
assistant 1 1.7147984280919266 1.7147984280919266
attribution 1 0.0 0.0
audio 1 2.207274913189721 2.207274913189721
august 1 0.3424903089467759 0.3424903089467759
authority 1 0.8915981192837835 0.8915981192837835
auto 1 0.1392620673335076 0.1392620673335076
available 1 0.0 0.0
avmedianotes 1 3.912023005428146 3.912023005428146
awarded 1 2.207274913189721 2.207274913189721
babhu 1 4.605170185988092 4.605170185988092
baby 1 2.407945608651872 2.407945608651872
backcatalogue 1 4.605170185988092 4.605170185988092
backing 1 3.2188758248682006 3.2188758248682006
ball 1 1.8971199848858813 1.8971199848858813
bam 1 4.605170185988092 4.605170185988092
band 1 2.207274913189721 2.207274913189721
bass 1 2.659260036932778 2.659260036932778
bassist 1 4.605170185988092 4.605170185988092
becoming 1 1.8971199848858813 1.8971199848858813
began 1 0.8675005677047231 0.8675005677047231
behind 1 1.8971199848858813 1.8971199848858813
being 0 3.2188758248682006 0.0
benjamin 1 2.0402208285265546 2.0402208285265546
bestselling 1 4.605170185988092 4.605170185988092
biography 1 1.6607312068216509 1.6607312068216509
bitter 1 4.605170185988092 4.605170185988092
blaster 0 3.912023005428146 0.0
blitz 1 3.912023005428146 3.912023005428146
blog 1 2.8134107167600364 2.8134107167600364
blood 1 2.302585092994046 2.302585092994046
blue 1 1.4696759700589417 1.4696759700589417
bokml 1 2.120263536200091 2.120263536200091
bonus 1 2.8134107167600364 2.8134107167600364
brainz 1 2.995732273553991 2.995732273553991
bravo 1 3.912023005428146 3.912023005428146
breakdown 1 2.659260036932778 2.659260036932778
bret 1 4.605170185988092 4.605170185988092
brother 1 1.6607312068216509 1.6607312068216509
bruni 1 4.605170185988092 4.605170185988092
bsides 1 4.605170185988092 4.605170185988092
budd 1 3.912023005428146 3.912023005428146
called 1 0.8209805520698303 0.8209805520698303
camp 1 2.120263536200091 2.120263536200091
carver 1 3.912023005428146 3.912023005428146
case 1 1.3862943611198906 1.3862943611198906
catalog 1 3.2188758248682006 3.2188758248682006
category 0 0.0 0.0
centerpx 1 0.0408219945202552 0.0408219945202552
chad 1 2.659260036932778 2.659260036932778
challenge 0 2.302585092994046 0.0
change 0 0.0 0.0
changed 1 1.6607312068216509 1.6607312068216509
chart 0 2.659260036932778 0.0
chris 1 1.6607312068216509 1.6607312068216509
chronology 1 2.407945608651872 2.407945608651872
citation 1 0.0408219945202552 0.0408219945202552
cite 1 0.0 0.0
city 1 0.6348782724359695 0.6348782724359695
cky 1 4.605170185988092 4.605170185988092
ckyband 1 4.605170185988092 4.605170185988092
ckys 1 4.605170185988092 4.605170185988092
ckyv 1 4.605170185988092 4.605170185988092
claim 1 2.0402208285265546 2.0402208285265546
close 1 1.9661128563728327 1.9661128563728327
code 1 0.0 0.0
color 0 2.0402208285265546 0.0
colour 0 2.5257286443082556 0.0
common 0 0.0 0.0
company 1 1.2729656758128876 1.2729656758128876
compilation 1 2.8134107167600364 2.8134107167600364
completed 1 2.0402208285265546 2.0402208285265546
conduct 1 0.0 0.0
consistently 1 3.912023005428146 3.912023005428146
contact 1 0.0 0.0
content 1 0.0 0.0
context 1 0.010050335853501506 0.010050335853501506
continued 1 1.5141277326297755 1.5141277326297755
contraption 1 4.605170185988092 4.605170185988092
contribute 1 0.0 0.0
contribution 1 0.0 0.0
control 1 0.7765287894989963 0.7765287894989963
cookie 1 0.0 0.0
cookiematch 1 0.0 0.0
copy 1 1.9661128563728327 1.9661128563728327
cosmetic 1 3.912023005428146 3.912023005428146
cost 1 2.0402208285265546 2.0402208285265546
counterlistitema 1 0.127833371509885 0.127833371509885
cover 1 1.6094379124341003 1.6094379124341003
create 1 0.0 0.0
creative 1 0.0 0.0
crew 1 2.207274913189721 2.207274913189721
critic 1 1.9661128563728327 1.9661128563728327
criticised 1 2.659260036932778 2.659260036932778
csmaintcolorf 1 0.06187540371808745 0.06187540371808745
csmaintcolorfmedia 1 0.0408219945202552 0.0408219945202552
cswsicon 1 0.0408219945202552 0.0408219945202552
current 1 0.0 0.0
daniel 1 1.3862943611198906 1.3862943611198906
database 0 0.9675840262617057 0.0
date 1 0.3147107448397002 0.3147107448397002
daughter 1 1.5141277326297755 1.5141277326297755
davy 0 2.995732273553991 0.0
dawes 1 3.912023005428146 3.912023005428146
day 0 0.5276327420823719 0.0
dca 1 3.912023005428146 3.912023005428146
debut 1 1.8325814637483102 1.8325814637483102
december 1 0.37106368139083196 0.37106368139083196
deemed 1 3.2188758248682006 3.2188758248682006
deep 1 2.407945608651872 2.407945608651872
def 1 4.605170185988092 4.605170185988092
deis 1 4.605170185988092 4.605170185988092
depicting 1 3.506557897319982 3.506557897319982
deron 1 4.605170185988092 4.605170185988092
described 1 1.5141277326297755 1.5141277326297755
describing 1 3.506557897319982 3.506557897319982
description 1 0.07257069283483537 0.07257069283483537
despite 1 1.1394342831883648 1.1394342831883648
destroy 1 3.2188758248682006 3.2188758248682006
destruction 1 2.659260036932778 2.659260036932778
developer 0 0.0 0.0
different 1 0.3424903089467759 0.3424903089467759
disc 1 2.407945608651872 2.407945608651872
disclaimer 0 0.0 0.0
discography 1 2.995732273553991 2.995732273553991
disengage 1 4.605170185988092 4.605170185988092
dissolution 1 3.2188758248682006 3.2188758248682006
distant 1 3.2188758248682006 3.2188758248682006
donate 1 0.0 0.0
donna 0 2.8134107167600364 0.0
download 1 0.0 0.0
drive 1 2.0402208285265546 2.0402208285265546
drum 0 2.995732273553991 0.0
drummer 1 3.506557897319982 3.506557897319982
dtaftercontent 1 0.127833371509885 0.127833371509885
dubbed 1 3.2188758248682006 3.2188758248682006
due 1 0.9416085398584451 0.9416085398584451
dwyer 1 4.605170185988092 4.605170185988092
elvis 1 4.605170185988092 4.605170185988092
encyclopedia 1 0.0 0.0
engineer 0 2.302585092994046 0.0
engineered 1 3.912023005428146 3.912023005428146
engineering 1 2.302585092994046 2.302585092994046
english 1 0.0 0.0
entertaining 1 3.912023005428146 3.912023005428146
entertainment 1 1.8325814637483102 1.8325814637483102
entire 1 2.0402208285265546 2.0402208285265546
episode 1 1.6094379124341003 1.6094379124341003
erickson 1 4.605170185988092 4.605170185988092
europe 1 1.5141277326297755 1.5141277326297755
event 0 0.0 0.0
except 1 2.659260036932778 2.659260036932778
exclusive 1 2.302585092994046 2.302585092994046
exp 1 0.0 0.0
extended 1 2.207274913189721 2.207274913189721
facebook 1 3.506557897319982 3.506557897319982
fake 1 3.2188758248682006 3.2188758248682006
familiar 1 2.995732273553991 2.995732273553991
fan 0 1.7147984280919266 0.0
far 1 1.6607312068216509 1.6607312068216509
father 1 1.3093333199837622 1.3093333199837622
featured 1 2.120263536200091 2.120263536200091
featuring 1 2.659260036932778 2.659260036932778
february 1 0.27443684570176036 0.27443684570176036
file 1 0.0 0.0
final 1 0.9942522733438669 0.9942522733438669
finally 1 1.8971199848858813 1.8971199848858813
financial 1 1.8325814637483102 1.8325814637483102
first 1 0.1508228897345837 0.1508228897345837
five 1 1.0216512475319812 1.0216512475319812
flesh 1 2.995732273553991 2.995732273553991
flooded 1 3.912023005428146 3.912023005428146
foreign 1 1.8971199848858813 1.8971199848858813
format 1 2.5257286443082556 2.5257286443082556
formation 1 2.407945608651872 2.407945608651872
found 1 1.2039728043259361 1.2039728043259361
foundation 1 0.0 0.0
free 1 0.0 0.0
full 1 1.1086626245216111 1.1086626245216111
fulltime 1 3.506557897319982 3.506557897319982
funded 1 3.2188758248682006 3.2188758248682006
future 1 1.6607312068216509 1.6607312068216509
gear 1 2.995732273553991 2.995732273553991
gee 1 3.2188758248682006 3.2188758248682006
general 1 0.0 0.0
genre 1 2.207274913189721 2.207274913189721
get 1 0.0 0.0
ginsburg 1 4.605170185988092 4.605170185988092
ginsburgs 1 4.605170185988092 4.605170185988092
gnarkill 1 4.605170185988092 4.605170185988092
greg 1 2.302585092994046 2.302585092994046
ground 1 1.8325814637483102 1.8325814637483102
group 1 0.8209805520698303 0.8209805520698303
guitar 1 2.8134107167600364 2.8134107167600364
guitarist 1 4.605170185988092 4.605170185988092
halfway 1 3.912023005428146 3.912023005428146
hard 1 2.302585092994046 2.302585092994046
head 1 1.1086626245216111 1.1086626245216111
hellion 0 4.605170185988092 0.0
hellview 1 4.605170185988092 4.605170185988092
help 1 0.0 0.0
hidden 1 0.010050335853501506 0.010050335853501506
hide 1 0.0 0.0
hired 1 2.8134107167600364 2.8134107167600364
history 1 0.0 0.0
hlist 1 0.127833371509885 0.127833371509885
hlistinline 1 0.127833371509885 0.127833371509885
hog 1 4.605170185988092 4.605170185988092
holland 1 2.8134107167600364 2.8134107167600364
hour 1 1.7719568419318754 1.7719568419318754
house 1 1.0216512475319812 1.0216512475319812
human 1 1.3862943611198906 1.3862943611198906
idlockfree 1 0.0408219945202552 0.0408219945202552
idlockfreeidlockfree 1 0.0408219945202552 0.0408219945202552
idlocklimited 1 0.0408219945202552 0.0408219945202552
idlockregistration 1 0.0408219945202552 0.0408219945202552
idlocksubscription 1 0.0408219945202552 0.0408219945202552
impromptu 1 4.605170185988092 4.605170185988092
inc 1 0.0 0.0
includes 1 1.9661128563728327 1.9661128563728327
including 1 0.7133498878774648 0.7133498878774648
increment 0 4.605170185988092 0.0
individuality 1 4.605170185988092 4.605170185988092
infamous 1 3.912023005428146 3.912023005428146
infiltrate 1 4.605170185988092 4.605170185988092
infobox 1 0.3011050927839216 0.3011050927839216
infoboxalbum 1 2.995732273553991 2.995732273553991
infoboxtable 1 0.3147107448397002 0.3147107448397002
information 1 0.0 0.0
initial 1 2.120263536200091 2.120263536200091
interesting 1 2.8134107167600364 2.8134107167600364
international 1 0.5978370007556204 0.5978370007556204
interview 1 1.8325814637483102 1.8325814637483102
island 1 1.5141277326297755 1.5141277326297755
italiano 1 1.07880966137193 1.07880966137193
item 1 0.010050335853501506 0.010050335853501506
jackass 1 4.605170185988092 4.605170185988092
jam 1 3.2188758248682006 3.2188758248682006
james 1 1.0498221244986776 1.0498221244986776
janaitis 1 4.605170185988092 4.605170185988092
jess 1 3.2188758248682006 3.2188758248682006
join 1 1.6607312068216509 1.6607312068216509
joined 1 1.6607312068216509 1.6607312068216509
july 1 0.43078291609245434 0.43078291609245434
jump 1 0.0 0.0
june 1 0.40047756659712536 0.40047756659712536
kill 1 1.7719568419318754 1.7719568419318754
knee 1 3.2188758248682006 3.2188758248682006
label 1 2.5257286443082556 2.5257286443082556
lance 1 2.995732273553991 2.995732273553991
language 0 0.0 0.0
last 1 0.0 0.0
late 1 1.3093333199837622 1.3093333199837622
later 1 0.5621189181535412 0.5621189181535412
layout 1 2.659260036932778 2.659260036932778
lead 1 1.6607312068216509 1.6607312068216509
learn 1 0.0 0.0
leatherman 1 3.912023005428146 3.912023005428146
led 1 1.07880966137193 1.07880966137193
length 1 1.7719568419318754 1.7719568419318754
liaftercontent 1 0.127833371509885 0.127833371509885
license 1 0.0 0.0
limited 1 2.0402208285265546 2.0402208285265546
link 1 0.0 0.0
listed 1 2.302585092994046 2.302585092994046
listing 1 2.407945608651872 2.407945608651872
live 1 1.2378743560016172 1.2378743560016172
log 1 0.0 0.0
logged 1 0.0 0.0
lost 1 1.171182981502945 1.171182981502945
love 1 1.4271163556401458 1.4271163556401458
made 1 0.653926467406664 0.653926467406664
magazine 0 1.8971199848858813 0.0
main 1 0.0 0.0
maint 1 1.6607312068216509 1.6607312068216509
making 1 1.6607312068216509 1.6607312068216509
many 1 0.7550225842780328 0.7550225842780328
map 1 2.0402208285265546 2.0402208285265546
march 1 0.3147107448397002 0.3147107448397002
marcussen 1 4.605170185988092 4.605170185988092
margera 1 4.605170185988092 4.605170185988092
margeras 1 4.605170185988092 4.605170185988092
marked 1 2.207274913189721 2.207274913189721
martin 1 1.3470736479666094 1.3470736479666094
mask 1 3.912023005428146 3.912023005428146
master 1 1.3093333199837622 1.3093333199837622
mastered 1 3.2188758248682006 3.2188758248682006
mastering 1 3.2188758248682006 3.2188758248682006
material 1 1.3093333199837622 1.3093333199837622
matt 1 1.8325814637483102 1.8325814637483102
may 1 0.0 0.0
mdy 1 1.3862943611198906 1.3862943611198906
measure 1 2.659260036932778 2.659260036932778
mecleary 1 4.605170185988092 4.605170185988092
medium 0 0.49429632181478017 0.0
member 1 0.6733445532637655 0.6733445532637655
menu 1 0.0 0.0
mercury 1 2.995732273553991 2.995732273553991
met 1 1.8325814637483102 1.8325814637483102
metalalternative 1 4.605170185988092 4.605170185988092
microformats 1 2.5257286443082556 2.5257286443082556
miller 1 1.6094379124341003 1.6094379124341003
misogyny 1 4.605170185988092 4.605170185988092
mix 1 2.659260036932778 2.659260036932778
mixed 1 2.5257286443082556 2.5257286443082556
mixing 1 3.2188758248682006 3.2188758248682006
mobile 1 0.0 0.0
month 1 0.8915981192837835 0.8915981192837835
moshpitfriendly 1 4.605170185988092 4.605170185988092
move 1 0.0 0.0
music 1 1.3862943611198906 1.3862943611198906
musical 1 1.8971199848858813 1.8971199848858813
musician 0 2.5257286443082556 0.0
name 1 0.5276327420823719 0.5276327420823719
navbar 1 0.23572233352106994 0.23572233352106994
navbarfontsizemedia 1 0.3147107448397002 0.3147107448397002
navbarmini 1 0.23572233352106994 0.23572233352106994
navbox 1 0.1392620673335076 0.1392620673335076
navboximage 1 0.1392620673335076 0.1392620673335076
navboxmusicalartist 1 3.2188758248682006 3.2188758248682006
navboxsubgroup 1 0.1392620673335076 0.1392620673335076
navboxtitle 1 0.1392620673335076 0.1392620673335076
navigation 1 0.0 0.0
new 1 0.24846135929849972 0.24846135929849972
none 1 2.995732273553991 2.995732273553991
nonprofit 1 0.0 0.0
normal 1 2.995732273553991 2.995732273553991
norsk 1 1.9661128563728327 1.9661128563728327
notable 1 1.7719568419318754 1.7719568419318754
note 1 0.8209805520698303 0.8209805520698303
noted 1 2.120263536200091 2.120263536200091
noting 1 3.2188758248682006 3.2188758248682006
november 1 0.3011050927839216 0.3011050927839216
number 1 0.7550225842780328 0.7550225842780328
object 0 2.659260036932778 0.0
october 1 0.28768207245178085 0.28768207245178085
offensive 1 3.506557897319982 3.506557897319982
official 1 0.7550225842780328 0.7550225842780328
oil 1 2.5257286443082556 2.5257286443082556
ollibeforecontent 1 0.127833371509885 0.127833371509885
one 1 0.23572233352106994 0.23572233352106994
onwards 1 3.912023005428146 3.912023005428146
opening 1 1.9661128563728327 1.9661128563728327
orange 1 2.5257286443082556 2.5257286443082556
organization 1 0.0 0.0
organizationname 1 0.010050335853501506 0.010050335853501506
original 1 0.4155154439616658 0.4155154439616658
originally 1 1.9661128563728327 1.9661128563728327
others 1 1.1394342831883648 1.1394342831883648
outfitter 0 4.605170185988092 0.0
owned 1 2.407945608651872 2.407945608651872
packaging 1 3.506557897319982 3.506557897319982
page 1 0.0 0.0
paid 1 2.407945608651872 2.407945608651872
painting 1 2.8134107167600364 2.8134107167600364
pair 1 2.407945608651872 2.407945608651872
pap 1 4.605170185988092 4.605170185988092
parade 1 3.912023005428146 3.912023005428146
part 1 0.6348782724359695 0.6348782724359695
pdfprintable 1 0.0 0.0
pennsylvania 1 2.302585092994046 2.302585092994046
per 1 1.7147984280919266 1.7147984280919266
performance 0 1.7719568419318754 0.0
performed 1 2.120263536200091 2.120263536200091
performing 1 2.995732273553991 2.995732273553991
permanent 1 0.0 0.0
personal 1 0.0 0.0
personnel 1 2.207274913189721 2.207274913189721
phoenix 1 2.8134107167600364 2.8134107167600364
photo 1 2.120263536200091 2.120263536200091
photography 1 3.2188758248682006 3.2188758248682006
picture 1 2.5257286443082556 2.5257286443082556
place 1 0.653926467406664 0.653926467406664
plagued 1 3.506557897319982 3.506557897319982
plainlist 1 0.7339691750802005 0.7339691750802005
play 1 1.2039728043259361 1.2039728043259361
played 1 1.3862943611198906 1.3862943611198906
policy 1 0.0 0.0
politician 1 1.8971199848858813 1.8971199848858813
portal 1 0.0 0.0
positive 1 2.659260036932778 2.659260036932778
praising 1 3.506557897319982 3.506557897319982
prato 1 3.912023005428146 3.912023005428146
pressed 1 3.912023005428146 3.912023005428146
pressing 0 4.605170185988092 0.0
price 0 1.9661128563728327 0.0
printbodyns 1 0.09431067947124142 0.09431067947124142
printexport 1 0.0 0.0
prior 1 1.8325814637483102 1.8325814637483102
privacy 1 0.0 0.0
process 1 1.5141277326297755 1.5141277326297755
produced 1 1.7719568419318754 1.7719568419318754
producer 1 2.0402208285265546 2.0402208285265546
production 1 1.6607312068216509 1.6607312068216509
professional 1 1.6607312068216509 1.6607312068216509
project 0 0.0 0.0
promiscuous 1 4.605170185988092 4.605170185988092
promotion 1 2.8134107167600364 2.8134107167600364
protest 1 2.407945608651872 2.407945608651872
public 1 0.9675840262617057 0.9675840262617057
purple 1 3.506557897319982 3.506557897319982
quite 1 2.8134107167600364 2.8134107167600364
radio 1 1.4696759700589417 1.4696759700589417
rager 1 4.605170185988092 4.605170185988092
random 1 0.0 0.0
rarity 0 4.605170185988092 0.0
rating 1 2.0402208285265546 2.0402208285265546
read 1 0.0 0.0
realm 1 3.506557897319982 3.506557897319982
rebuild 1 3.912023005428146 3.912023005428146
recent 1 0.0 0.0
reception 1 1.8971199848858813 1.8971199848858813
record 1 0.7765287894989963 0.7765287894989963
recorded 1 1.6607312068216509 1.6607312068216509
recording 1 2.5257286443082556 2.5257286443082556
red 1 1.07880966137193 1.07880966137193
reference 0 0.03045920748470844 0.0
reflist 1 0.06187540371808745 0.06187540371808745
reflistcolumns 1 0.06187540371808745 0.06187540371808745
refreshing 1 4.605170185988092 4.605170185988092
reg 1 0.0 0.0
regarding 1 2.659260036932778 2.659260036932778
region 1 1.6607312068216509 1.6607312068216509
registered 1 0.0 0.0
registering 1 4.605170185988092 4.605170185988092
rehearsal 1 3.912023005428146 3.912023005428146
reissue 1 4.605170185988092 4.605170185988092
reissued 1 4.605170185988092 4.605170185988092
reiterating 1 4.605170185988092 4.605170185988092
related 1 0.0 0.0
release 1 1.3093333199837622 1.3093333199837622
released 1 1.2729656758128876 1.2729656758128876
remastered 1 3.912023005428146 3.912023005428146
remix 1 3.2188758248682006 3.2188758248682006
removed 1 1.6094379124341003 1.6094379124341003
remy 1 4.605170185988092 4.605170185988092
replaceable 1 4.605170185988092 4.605170185988092
reportedly 1 3.506557897319982 3.506557897319982
reprise 1 4.605170185988092 4.605170185988092
response 1 2.120263536200091 2.120263536200091
retrieved 1 0.0 0.0
revenge 1 2.659260036932778 2.659260036932778
reversed 1 3.506557897319982 3.506557897319982
review 1 1.07880966137193 1.07880966137193
revolutionary 1 2.207274913189721 2.207274913189721
rhythm 1 2.995732273553991 2.995732273553991
riff 1 4.605170185988092 4.605170185988092
rio 1 2.995732273553991 2.995732273553991
rob 1 2.8134107167600364 2.8134107167600364
rock 1 1.6094379124341003 1.6094379124341003
rockexperimental 1 4.605170185988092 4.605170185988092
rockstoner 1 4.605170185988092 4.605170185988092
roll 1 3.2188758248682006 3.2188758248682006
roller 1 3.2188758248682006 3.2188758248682006
ronnie 1 3.912023005428146 3.912023005428146
rudy 1 3.506557897319982 3.506557897319982
run 1 1.171182981502945 1.171182981502945
ryan 1 1.8325814637483102 1.8325814637483102
sale 0 1.8971199848858813 0.0
saras 1 4.605170185988092 4.605170185988092
schedule 0 2.302585092994046 0.0
score 0 1.6607312068216509 0.0
scott 1 1.2729656758128876 1.2729656758128876
screen 1 0.010050335853501506 0.010050335853501506
search 1 0.0 0.0
second 1 0.49429632181478017 0.49429632181478017
self 1 2.659260036932778 2.659260036932778
selftitled 1 4.605170185988092 4.605170185988092
series 1 0.8675005677047231 0.8675005677047231
session 1 2.0402208285265546 2.0402208285265546
share 1 0.0 0.0
shippensburg 1 3.912023005428146 3.912023005428146
shock 1 3.2188758248682006 3.2188758248682006
short 1 0.06187540371808745 0.06187540371808745
shortdescription 1 0.2613647641344075 0.2613647641344075
shortened 1 0.0 0.0
show 1 1.0498221244986776 1.0498221244986776
sidebar 1 0.0 0.0
signature 1 2.8134107167600364 2.8134107167600364
signed 1 2.407945608651872 2.407945608651872
signing 1 3.912023005428146 3.912023005428146
simulator 1 4.605170185988092 4.605170185988092
since 1 0.7985076962177716 0.7985076962177716
single 1 1.4696759700589417 1.4696759700589417
sinner 0 3.912023005428146 0.0
site 1 0.0 0.0
skateboarding 1 4.605170185988092 4.605170185988092
skatepunk 1 4.605170185988092 4.605170185988092
skull 1 4.605170185988092 4.605170185988092
slant 1 3.912023005428146 3.912023005428146
small 0 1.4271163556401458 0.0
sold 1 2.0402208285265546 2.0402208285265546
solid 1 0.09431067947124142 0.09431067947124142
song 1 1.3470736479666094 1.3470736479666094
songwriting 1 4.605170185988092 4.605170185988092
sound 1 1.7719568419318754 1.7719568419318754
source 1 0.5798184952529422 0.5798184952529422
space 1 1.7719568419318754 1.7719568419318754
special 1 0.0 0.0
star 0 0.9675840262617057 0.0
started 1 1.6094379124341003 1.6094379124341003
state 0 0.3147107448397002 0.0
statement 1 0.0 0.0
statistic 0 0.0 0.0
stephen 1 1.8971199848858813 1.8971199848858813
still 1 0.9416085398584451 0.9416085398584451
stratton 1 3.912023005428146 3.912023005428146
studio 1 1.8971199848858813 1.8971199848858813
stunt 1 3.2188758248682006 3.2188758248682006
style 0 1.8325814637483102 0.0
subsection 1 0.3424903089467759 0.3424903089467759
suicide 1 2.995732273553991 2.995732273553991
superb 1 3.912023005428146 3.912023005428146
svenska 1 1.9661128563728327 1.9661128563728327
table 1 0.0 0.0
taken 1 2.0402208285265546 2.0402208285265546
taking 1 1.6607312068216509 1.6607312068216509
talk 1 0.0 0.0
tdhlist 1 0.1392620673335076 0.1392620673335076
teil 1 4.605170185988092 4.605170185988092
template 1 0.0 0.0
term 0 0.0 0.0
terror 1 3.2188758248682006 3.2188758248682006
text 1 0.0 0.0
thbodyskinresponsive 1 0.3147107448397002 0.3147107448397002
theatre 1 2.659260036932778 2.659260036932778
three 1 0.5798184952529422 0.5798184952529422
time 1 0.28768207245178085 0.28768207245178085
title 1 0.9162907318741551 0.9162907318741551
toggle 1 0.010050335853501506 0.010050335853501506
tom 1 1.2378743560016172 1.2378743560016172
took 1 1.171182981502945 1.171182981502945
tool 0 0.0 0.0
top 1 0.010050335853501506 0.010050335853501506
topic 1 0.0 0.0
total 1 0.0 0.0
tour 1 2.5257286443082556 2.5257286443082556
track 1 1.7719568419318754 1.7719568419318754
tracklist 1 2.995732273553991 2.995732273553991
tracklisttotallength 1 2.995732273553991 2.995732273553991
trademark 1 0.0 0.0
trio 1 3.506557897319982 3.506557897319982
tune 0 2.8134107167600364 0.0
two 1 0.43078291609245434 0.43078291609245434
ulpaddingem 1 0.1392620673335076 0.1392620673335076
ultimate 1 2.302585092994046 2.302585092994046
unfortunately 1 3.2188758248682006 3.2188758248682006
united 1 0.4155154439616658 0.4155154439616658
unlimited 1 2.995732273553991 2.995732273553991
upload 1 0.0 0.0
urban 1 2.120263536200091 2.120263536200091
use 1 0.0 0.0
used 1 0.8675005677047231 0.8675005677047231
using 1 0.0 0.0
utc 1 0.0 0.0
value 1 1.9661128563728327 1.9661128563728327
var 1 0.0 0.0
variety 1 2.5257286443082556 2.5257286443082556
various 1 1.5141277326297755 1.5141277326297755
vending 1 3.912023005428146 3.912023005428146
version 1 0.0 0.0
video 1 1.3862943611198906 1.3862943611198906
view 1 0.0 0.0
viking 1 2.995732273553991 2.995732273553991
vinyl 1 3.912023005428146 3.912023005428146
vocal 1 2.8134107167600364 2.8134107167600364
vocalist 1 3.912023005428146 3.912023005428146
vol 1 1.5606477482646683 1.5606477482646683
volcom 1 4.605170185988092 4.605170185988092
volcoms 1 4.605170185988092 4.605170185988092
volpicelli 1 4.605170185988092 4.605170185988092
volume 1 1.6094379124341003 1.6094379124341003
walt 1 3.912023005428146 3.912023005428146
want 0 1.9661128563728327 0.0
warped 1 3.912023005428146 3.912023005428146
website 1 1.6094379124341003 1.6094379124341003
wellknown 1 3.912023005428146 3.912023005428146
went 1 1.5141277326297755 1.5141277326297755
weyh 1 4.605170185988092 4.605170185988092
wikidata 1 0.010050335853501506 0.010050335853501506
wikimedia 1 0.0 0.0
wikipedia 1 0.0 0.0
work 1 0.7133498878774648 0.7133498878774648
worked 1 1.6607312068216509 1.6607312068216509
world 1 0.5108256237659907 0.5108256237659907
worldwide 1 2.407945608651872 2.407945608651872
writing 1 1.8325814637483102 1.8325814637483102
written 1 0.9416085398584451 0.9416085398584451
wrote 1 1.3470736479666094 1.3470736479666094
yae 1 4.605170185988092 4.605170185988092
yet 1 1.8971199848858813 1.8971199848858813
