aabborderleftpx 1 1.6607312068216509 1.6607312068216509
absorbed 1 3.2188758248682006 3.2188758248682006
academy 1 1.8325814637483102 1.8325814637483102
account 1 0.0 0.0
act 1 1.3470736479666094 1.3470736479666094
acting 1 1.8971199848858813 1.8971199848858813
action 1 0.0 0.0
active 1 2.0402208285265546 2.0402208285265546
actively 1 3.506557897319982 3.506557897319982
activity 1 1.8325814637483102 1.8325814637483102
add 1 0.0 0.0
adding 1 2.0402208285265546 2.0402208285265546
additional 1 0.0 0.0
additionally 1 2.8134107167600364 2.8134107167600364
adequate 1 3.912023005428146 3.912023005428146
adm 1 4.605170185988092 4.605170185988092
administering 1 3.912023005428146 3.912023005428146
administration 1 2.120263536200091 2.120263536200091
administrator 1 3.506557897319982 3.506557897319982
admiral 1 3.506557897319982 3.506557897319982
admirallower 1 4.605170185988092 4.605170185988092
admiralty 1 4.605170185988092 4.605170185988092
advance 1 2.5257286443082556 2.5257286443082556
advanced 1 2.407945608651872 2.407945608651872
affair 0 1.6094379124341003 0.0
agency 1 2.120263536200091 2.120263536200091
agree 1 0.0 0.0
aid 1 2.0402208285265546 2.0402208285265546
alameda 1 3.506557897319982 3.506557897319982
alike 1 0.0 0.0
allied 1 3.506557897319982 3.506557897319982
allowed 1 1.7719568419318754 1.7719568419318754
almost 1 1.7147984280919266 1.7147984280919266
also 1 0.127833371509885 0.127833371509885
ambox 1 1.6607312068216509 1.6607312068216509
amboxborderpx 1 1.6607312068216509 1.6607312068216509
amboxmargin 1 1.6607312068216509 1.6607312068216509
america 1 0.8675005677047231 0.8675005677047231
american 1 0.5276327420823719 0.5276327420823719
analysis 1 2.120263536200091 2.120263536200091
anchor 1 2.995732273553991 2.995732273553991
annually 1 3.2188758248682006 3.2188758248682006
another 1 0.9675840262617057 0.9675840262617057
appearance 1 0.0 0.0
apply 1 0.0 0.0
approved 1 2.659260036932778 2.659260036932778
april 1 0.44628710262841953 0.44628710262841953
archived 1 0.47803580094299974 0.47803580094299974
around 1 1.0216512475319812 1.0216512475319812
article 1 0.0 0.0
ascap 1 4.605170185988092 4.605170185988092
aspect 0 2.302585092994046 0.0
assigned 1 2.659260036932778 2.659260036932778
assistant 1 1.7147984280919266 1.7147984280919266
assumed 1 2.659260036932778 2.659260036932778
attribution 1 0.0 0.0
augment 1 4.605170185988092 4.605170185988092
authority 1 0.8915981192837835 0.8915981192837835
auto 1 0.1392620673335076 0.1392620673335076
available 1 0.0 0.0
avalon 1 4.605170185988092 4.605170185988092
avenue 1 2.659260036932778 2.659260036932778
aviation 1 3.2188758248682006 3.2188758248682006
award 0 1.171182981502945 0.0
balanced 1 3.912023005428146 3.912023005428146
bandleader 1 4.605170185988092 4.605170185988092
based 1 1.07880966137193 1.07880966137193
bay 1 1.6094379124341003 1.6094379124341003
bearing 1 2.659260036932778 2.659260036932778
become 1 1.2378743560016172 1.2378743560016172
began 1 0.8675005677047231 0.8675005677047231
behind 1 1.8971199848858813 1.8971199848858813
benefit 0 2.5257286443082556 0.0
beyond 1 2.407945608651872 2.407945608651872
board 1 1.5606477482646683 1.5606477482646683
bodymediawiki 1 1.6607312068216509 1.6607312068216509
bolt 0 3.506557897319982 0.0
book 0 0.6348782724359695 0.0
bottom 1 2.302585092994046 2.302585092994046
breast 1 3.2188758248682006 3.2188758248682006
brooklyn 1 3.506557897319982 3.506557897319982
budget 1 2.407945608651872 2.407945608651872
build 1 2.120263536200091 2.120263536200091
building 1 1.6607312068216509 1.6607312068216509
built 1 1.6607312068216509 1.6607312068216509
bureau 1 2.659260036932778 2.659260036932778
cadet 1 3.2188758248682006 3.2188758248682006
caduceus 1 4.605170185988092 4.605170185988092
california 1 1.4696759700589417 1.4696759700589417
called 1 0.8209805520698303 0.8209805520698303
candidate 1 2.207274913189721 2.207274913189721
cap 1 2.995732273553991 2.995732273553991
capt 1 3.912023005428146 3.912023005428146
captain 1 2.120263536200091 2.120263536200091
cargo 0 3.506557897319982 0.0
carried 1 2.659260036932778 2.659260036932778
carrier 1 3.2188758248682006 3.2188758248682006
carrying 1 2.8134107167600364 2.8134107167600364
category 0 0.0 0.0
cdr 1 4.605170185988092 4.605170185988092
center 1 1.171182981502945 1.171182981502945
centerpx 1 0.0408219945202552 0.0408219945202552
certified 1 2.995732273553991 2.995732273553991
chairman 1 1.8325814637483102 1.8325814637483102
chairperson 1 3.912023005428146 3.912023005428146
challenged 1 2.207274913189721 2.207274913189721
change 0 0.0 0.0
changed 1 1.6607312068216509 1.6607312068216509
chaplain 1 3.2188758248682006 3.2188758248682006
chief 1 1.3862943611198906 1.3862943611198906
christian 1 1.4696759700589417 1.4696759700589417
circled 1 4.605170185988092 4.605170185988092
citation 1 0.0408219945202552 0.0408219945202552
cite 1 0.0 0.0
citeweb 1 0.5447271754416719 0.5447271754416719
citizen 0 1.9661128563728327 0.0
civilian 1 2.407945608651872 2.407945608651872
claim 1 2.0402208285265546 2.0402208285265546
cleaning 1 4.605170185988092 4.605170185988092
coast 1 2.207274913189721 2.207274913189721
code 1 0.0 0.0
collar 1 4.605170185988092 4.605170185988092
college 1 1.1394342831883648 1.1394342831883648
combination 1 3.912023005428146 3.912023005428146
commandant 1 4.605170185988092 4.605170185988092
commander 1 2.120263536200091 2.120263536200091
commerce 1 2.5257286443082556 2.5257286443082556
commission 1 1.7147984280919266 1.7147984280919266
commissioned 1 2.995732273553991 2.995732273553991
commodore 1 3.912023005428146 3.912023005428146
common 0 0.0 0.0
companion 1 2.407945608651872 2.407945608651872
completed 1 2.0402208285265546 2.0402208285265546
compliance 1 4.605170185988092 4.605170185988092
complicated 1 2.659260036932778 2.659260036932778
comply 1 2.995732273553991 2.995732273553991
concentrate 1 4.605170185988092 4.605170185988092
concentrated 1 3.506557897319982 3.506557897319982
concurrent 1 3.912023005428146 3.912023005428146
conduct 1 0.0 0.0
congress 1 1.7147984280919266 1.7147984280919266
connecticut 1 2.207274913189721 2.207274913189721
considered 1 1.3862943611198906 1.3862943611198906
construction 1 1.8325814637483102 1.8325814637483102
contact 1 0.0 0.0
content 1 0.0 0.0
context 1 0.010050335853501506 0.010050335853501506
continued 1 1.5141277326297755 1.5141277326297755
contribute 1 0.0 0.0
contribution 0 0.0 0.0
control 1 0.7765287894989963 0.7765287894989963
cookie 1 0.0 0.0
cookiematch 1 0.0 0.0
cooking 1 3.912023005428146 3.912023005428146
corp 0 2.302585092994046 0.0
corporation 1 1.8971199848858813 1.8971199848858813
could 1 1.2378743560016172 1.2378743560016172
counterlistitema 1 0.127833371509885 0.127833371509885
country 1 0.843970070294529 0.843970070294529
cover 1 1.6094379124341003 1.6094379124341003
cowriter 1 4.605170185988092 4.605170185988092
cpo 1 3.912023005428146 3.912023005428146
crash 1 2.5257286443082556 2.5257286443082556
create 1 0.0 0.0
created 1 1.5606477482646683 1.5606477482646683
creation 1 2.659260036932778 2.659260036932778
creative 1 0.0 0.0
crescent 1 3.912023005428146 3.912023005428146
crew 0 2.207274913189721 0.0
crewed 1 4.605170185988092 4.605170185988092
crewmembers 1 4.605170185988092 4.605170185988092
crisis 1 2.302585092994046 2.302585092994046
cross 1 1.8325814637483102 1.8325814637483102
crossed 1 3.506557897319982 3.506557897319982
csmaintcolorf 1 0.06187540371808745 0.06187540371808745
csmaintcolorfmedia 1 0.0408219945202552 0.0408219945202552
csum 1 4.605170185988092 4.605170185988092
cswsicon 1 0.0408219945202552 0.0408219945202552
current 1 0.0 0.0
cwo 1 4.605170185988092 4.605170185988092
database 0 0.9675840262617057 0.0
david 1 0.9942522733438669 0.9942522733438669
dcagency 1 4.605170185988092 4.605170185988092
dealing 1 2.995732273553991 2.995732273553991
december 1 0.37106368139083196 0.37106368139083196
decline 1 2.5257286443082556 2.5257286443082556
defense 1 1.7719568419318754 1.7719568419318754
demonstrated 1 3.912023005428146 3.912023005428146
denote 1 4.605170185988092 4.605170185988092
department 1 1.7719568419318754 1.7719568419318754
depicts 1 3.2188758248682006 3.2188758248682006
deployed 1 3.912023005428146 3.912023005428146
deputy 1 2.302585092994046 2.302585092994046
description 1 0.07257069283483537 0.07257069283483537
design 1 1.8971199848858813 1.8971199848858813
determine 1 2.659260036932778 2.659260036932778
developer 0 0.0 0.0
development 1 1.3093333199837622 1.3093333199837622
device 1 2.8134107167600364 2.8134107167600364
difference 1 2.302585092994046 2.302585092994046
different 1 0.3424903089467759 0.3424903089467759
director 1 1.4271163556401458 1.4271163556401458
disastrous 1 3.912023005428146 3.912023005428146
disclaimer 0 0.0 0.0
dissolution 1 3.2188758248682006 3.2188758248682006
dissolved 1 3.506557897319982 3.506557897319982
distinctive 1 3.2188758248682006 3.2188758248682006
donate 1 0.0 0.0
dotagencies 1 4.605170185988092 4.605170185988092
download 1 0.0 0.0
dtaftercontent 1 0.127833371509885 0.127833371509885
duffy 1 2.995732273553991 2.995732273553991
eagle 1 1.9661128563728327 1.9661128563728327
early 1 0.6348782724359695 0.6348782724359695
earned 1 2.207274913189721 2.207274913189721
ebb 1 4.605170185988092 4.605170185988092
economist 1 3.506557897319982 3.506557897319982
effect 1 2.0402208285265546 2.0402208285265546
efficiency 1 3.2188758248682006 3.2188758248682006
effort 1 1.5141277326297755 1.5141277326297755
eligible 1 2.302585092994046 2.302585092994046
emergency 1 3.506557897319982 3.506557897319982
emory 1 4.605170185988092 4.605170185988092
en 0 4.605170185988092 0.0
encyclopedia 1 0.0 0.0
engineering 1 2.302585092994046 2.302585092994046
english 1 0.0 0.0
enrolled 1 2.995732273553991 2.995732273553991
enrollment 1 4.605170185988092 4.605170185988092
ensign 1 3.912023005428146 3.912023005428146
entered 1 1.9661128563728327 1.9661128563728327
entry 1 1.5606477482646683 1.5606477482646683
established 1 1.1086626245216111 1.1086626245216111
event 0 0.0 0.0
every 1 1.4271163556401458 1.4271163556401458
executive 1 1.8325814637483102 1.8325814637483102
exist 1 3.506557897319982 3.506557897319982
existing 1 3.506557897319982 3.506557897319982
exp 1 0.0 0.0
experienced 1 2.659260036932778 2.659260036932778
external 1 0.44628710262841953 0.44628710262841953
eye 0 1.6607312068216509 0.0
fall 0 1.07880966137193 0.0
faster 1 2.995732273553991 2.995732273553991
february 1 0.27443684570176036 0.27443684570176036
federal 1 1.8971199848858813 1.8971199848858813
field 1 1.0498221244986776 1.0498221244986776
file 1 0.0 0.0
finance 1 2.302585092994046 2.302585092994046
financial 1 1.8325814637483102 1.8325814637483102
find 1 1.3093333199837622 1.3093333199837622
first 1 0.1508228897345837 0.1508228897345837
fix 1 2.5257286443082556 2.5257286443082556
flag 1 1.7147984280919266 1.7147984280919266
fleet 1 2.995732273553991 2.995732273553991
followed 1 1.3093333199837622 1.3093333199837622
follows 1 2.302585092994046 2.302585092994046
footnote 0 2.5257286443082556 0.0
force 1 1.2378743560016172 1.2378743560016172
forgotten 1 3.506557897319982 3.506557897319982
form 1 1.3470736479666094 1.3470736479666094
formed 1 1.7719568419318754 1.7719568419318754
former 1 0.9675840262617057 0.9675840262617057
formerly 1 1.8325814637483102 1.8325814637483102
formulate 1 4.605170185988092 4.605170185988092
fort 1 2.120263536200091 2.120263536200091
foundation 1 0.0 0.0
four 1 0.7985076962177716 0.7985076962177716
free 1 0.0 0.0
freighter 0 4.605170185988092 0.0
frequently 1 2.659260036932778 2.659260036932778
front 1 1.7147984280919266 1.7147984280919266
function 1 2.207274913189721 2.207274913189721
galley 1 4.605170185988092 4.605170185988092
gallup 0 4.605170185988092 0.0
general 1 0.0 0.0
generally 1 2.407945608651872 2.407945608651872
get 1 0.0 0.0
gold 1 1.6094379124341003 1.6094379124341003
government 1 1.1086626245216111 1.1086626245216111
grade 1 3.506557897319982 3.506557897319982
graduate 0 3.2188758248682006 0.0
great 1 0.9675840262617057 0.9675840262617057
gross 1 2.995732273553991 2.995732273553991
growth 1 2.8134107167600364 2.8134107167600364
guard 1 2.0402208285265546 2.0402208285265546
half 1 2.207274913189721 2.207274913189721
hazardous 1 4.605170185988092 4.605170185988092
headquarters 1 2.207274913189721 2.207274913189721
heave 1 4.605170185988092 4.605170185988092
heavily 1 2.8134107167600364 2.8134107167600364
help 1 0.0 0.0
hidden 1 0.010050335853501506 0.010050335853501506
hide 1 0.0 0.0
highest 1 1.7719568419318754 1.7719568419318754
highway 1 2.8134107167600364 2.8134107167600364
history 1 0.0 0.0
hlist 1 0.127833371509885 0.127833371509885
hlistinline 1 0.127833371509885 0.127833371509885
hoffman 1 2.995732273553991 2.995732273553991
however 1 0.6931471805599453 0.6931471805599453
hueneme 1 4.605170185988092 4.605170185988092
hundred 0 2.302585092994046 0.0
huntington 1 3.506557897319982 3.506557897319982
identical 1 3.506557897319982 3.506557897319982
idlockfree 1 0.0408219945202552 0.0408219945202552
idlockfreeidlockfree 1 0.0408219945202552 0.0408219945202552
idlocklimited 1 0.0408219945202552 0.0408219945202552
idlockregistration 1 0.0408219945202552 0.0408219945202552
idlocksubscription 1 0.0408219945202552 0.0408219945202552
immediate 1 2.995732273553991 2.995732273553991
improve 1 1.8325814637483102 1.8325814637483102
inaugurated 1 3.912023005428146 3.912023005428146
inc 1 0.0 0.0
incentive 1 3.506557897319982 3.506557897319982
included 1 1.3093333199837622 1.3093333199837622
including 1 0.7133498878774648 0.7133498878774648
indicate 1 2.302585092994046 2.302585092994046
indicated 1 2.5257286443082556 2.5257286443082556
individual 0 1.5606477482646683 0.0
inefficient 1 4.605170185988092 4.605170185988092
inexperienced 1 4.605170185988092 4.605170185988092
infobox 1 0.3011050927839216 0.3011050927839216
infoboxtable 1 0.3147107448397002 0.3147107448397002
information 1 0.0 0.0
infrastructure 1 2.659260036932778 2.659260036932778
innovation 1 2.8134107167600364 2.8134107167600364
innovative 1 3.912023005428146 3.912023005428146
insignia 1 3.912023005428146 3.912023005428146
inspecting 1 4.605170185988092 4.605170185988092
inspection 1 4.605170185988092 4.605170185988092
inspector 1 3.2188758248682006 3.2188758248682006
institute 1 1.5141277326297755 1.5141277326297755
instructor 0 2.8134107167600364 0.0
intended 1 2.120263536200091 2.120263536200091
interest 1 1.6607312068216509 1.6607312068216509
international 1 0.5978370007556204 0.5978370007556204
island 1 1.5141277326297755 1.5141277326297755
issue 1 1.1086626245216111 1.1086626245216111
item 1 0.010050335853501506 0.010050335853501506
jack 1 1.4696759700589417 1.4696759700589417
jersey 1 2.120263536200091 2.120263536200091
jewish 1 2.207274913189721 2.207274913189721
joanna 1 3.2188758248682006 3.2188758248682006
john 1 0.49429632181478017 0.49429632181478017
jstor 1 1.5141277326297755 1.5141277326297755
jump 1 0.0 0.0
june 1 0.40047756659712536 0.40047756659712536
junior 1 2.0402208285265546 2.0402208285265546
justice 1 1.9661128563728327 1.9661128563728327
khaki 1 4.605170185988092 4.605170185988092
known 1 0.7985076962177716 0.7985076962177716
lad 0 3.2188758248682006 0.0
lake 0 1.8325814637483102 0.0
land 1 1.5141277326297755 1.5141277326297755
language 1 0.0 0.0
large 1 1.4696759700589417 1.4696759700589417
largely 1 2.5257286443082556 2.5257286443082556
last 1 0.0 0.0
lasted 1 2.8134107167600364 2.8134107167600364
later 1 0.5621189181535412 0.5621189181535412
law 1 1.4271163556401458 1.4271163556401458
lawrence 1 2.302585092994046 2.302585092994046
lcdr 1 4.605170185988092 4.605170185988092
leaf 1 2.302585092994046 2.302585092994046
learn 1 0.0 0.0
least 1 1.8971199848858813 1.8971199848858813
left 1 1.171182981502945 1.171182981502945
less 1 1.5141277326297755 1.5141277326297755
lessley 1 4.605170185988092 4.605170185988092
liaftercontent 1 0.127833371509885 0.127833371509885
liberty 1 2.8134107167600364 2.8134107167600364
license 1 0.0 0.0
licensed 1 2.8134107167600364 2.8134107167600364
licensing 1 3.2188758248682006 3.2188758248682006
lieutenant 1 2.659260036932778 2.659260036932778
lieutenantcommander 1 4.605170185988092 4.605170185988092
lieutenantjunior 1 4.605170185988092 4.605170185988092
lightning 1 3.2188758248682006 3.2188758248682006
limarginbottom 1 0.9675840262617057 0.9675840262617057
line 1 1.4696759700589417 1.4696759700589417
link 1 0.0 0.0
listing 1 2.407945608651872 2.407945608651872
log 1 0.0 0.0
logged 1 0.0 0.0
longer 1 2.207274913189721 2.207274913189721
longtime 1 2.8134107167600364 2.8134107167600364
loomed 1 4.605170185988092 4.605170185988092
ltjg 1 4.605170185988092 4.605170185988092
lucinda 1 3.912023005428146 3.912023005428146
lyricist 1 4.605170185988092 4.605170185988092
main 1 0.0 0.0
maine 1 2.659260036932778 2.659260036932778
maintenance 1 2.995732273553991 2.995732273553991
marine 1 2.407945608651872 2.407945608651872
mariner 1 4.605170185988092 4.605170185988092
maritime 1 2.5257286443082556 2.5257286443082556
maritimecommissioned 1 4.605170185988092 4.605170185988092
massachusetts 1 2.302585092994046 2.302585092994046
massproduced 1 4.605170185988092 4.605170185988092
master 1 1.3093333199837622 1.3093333199837622
match 1 0.8675005677047231 0.8675005677047231
material 1 1.3093333199837622 1.3093333199837622
may 1 0.0 0.0
mcpo 1 4.605170185988092 4.605170185988092
medical 1 2.5257286443082556 2.5257286443082556
medium 0 0.49429632181478017 0.0
meet 1 1.6607312068216509 1.6607312068216509
menu 1 0.0 0.0
merchant 1 3.912023005428146 3.912023005428146
merchantmarine 1 4.605170185988092 4.605170185988092
message 1 1.5606477482646683 1.5606477482646683
met 1 1.8325814637483102 1.8325814637483102
mids 1 2.995732273553991 2.995732273553991
military 1 1.4696759700589417 1.4696759700589417
min 1 2.995732273553991 2.995732273553991
mission 0 2.302585092994046 0.0
mobile 1 0.0 0.0
month 0 0.8915981192837835 0.0
moon 1 2.407945608651872 2.407945608651872
morale 1 3.912023005428146 3.912023005428146
motor 1 2.302585092994046 2.302585092994046
move 1 0.0 0.0
msc 0 3.912023005428146 0.0
much 1 1.171182981502945 1.171182981502945
must 1 2.0402208285265546 2.0402208285265546
myden 1 4.605170185988092 4.605170185988092
name 1 0.5276327420823719 0.5276327420823719
national 1 0.5108256237659907 0.5108256237659907
naval 1 2.5257286443082556 2.5257286443082556
navbar 1 0.23572233352106994 0.23572233352106994
navbarfontsizemedia 1 0.3147107448397002 0.3147107448397002
navbarmini 1 0.23572233352106994 0.23572233352106994
navbox 1 0.1392620673335076 0.1392620673335076
navboximage 1 0.1392620673335076 0.1392620673335076
navboxsubgroup 1 0.1392620673335076 0.1392620673335076
navboxtitle 1 0.1392620673335076 0.1392620673335076
navigation 1 0.0 0.0
navy 1 2.207274913189721 2.207274913189721
necessitated 1 4.605170185988092 4.605170185988092
need 1 1.2039728043259361 1.2039728043259361
needed 1 1.3862943611198906 1.3862943611198906
needing 1 1.8971199848858813 1.8971199848858813
new 1 0.24846135929849972 0.24846135929849972
newly 1 2.5257286443082556 2.5257286443082556
newspaper 0 1.5141277326297755 0.0
noncommissioned 1 4.605170185988092 4.605170185988092
nonprofit 1 0.0 0.0
nothing 1 2.5257286443082556 2.5257286443082556
november 1 0.3011050927839216 0.3011050927839216
number 1 0.7550225842780328 0.7550225842780328
nunan 1 4.605170185988092 4.605170185988092
obligation 0 3.506557897319982 0.0
occupation 1 1.8971199848858813 1.8971199848858813
odds 1 4.605170185988092 4.605170185988092
office 1 1.1086626245216111 1.1086626245216111
officer 1 1.7719568419318754 1.7719568419318754
official 1 0.7550225842780328 0.7550225842780328
old 1 1.07880966137193 1.07880966137193
ollibeforecontent 1 0.127833371509885 0.127833371509885
one 1 0.23572233352106994 0.23572233352106994
opened 1 2.407945608651872 2.407945608651872
operate 1 2.995732273553991 2.995732273553991
operation 0 1.7147984280919266 0.0
order 1 1.171182981502945 1.171182981502945
organization 1 0.0 0.0
organizationname 1 0.010050335853501506 0.010050335853501506
organized 1 2.302585092994046 2.302585092994046
organizing 1 3.506557897319982 3.506557897319982
original 1 0.4155154439616658 0.4155154439616658
overhead 1 4.605170185988092 4.605170185988092
overnight 1 3.912023005428146 3.912023005428146
overview 1 2.0402208285265546 2.0402208285265546
owner 0 1.7147984280919266 0.0
page 1 0.0 0.0
parent 1 1.9661128563728327 1.9661128563728327
part 1 0.6348782724359695 0.6348782724359695
pay 1 2.120263536200091 2.120263536200091
payment 1 3.2188758248682006 3.2188758248682006
pdfprintable 1 0.0 0.0
per 1 1.7147984280919266 1.7147984280919266
perched 1 4.605170185988092 4.605170185988092
performance 1 1.7719568419318754 1.7719568419318754
permanent 1 0.0 0.0
person 0 1.5606477482646683 0.0
personal 1 0.0 0.0
personnel 1 2.207274913189721 2.207274913189721
petty 1 3.506557897319982 3.506557897319982
pipeline 1 3.912023005428146 3.912023005428146
place 1 0.653926467406664 0.653926467406664
plainlist 1 0.7339691750802005 0.7339691750802005
planning 1 2.8134107167600364 2.8134107167600364
please 1 1.7719568419318754 1.7719568419318754
pocket 1 3.506557897319982 3.506557897319982
policy 1 0.0 0.0
port 1 2.302585092994046 2.302585092994046
portal 1 0.0 0.0
position 1 1.1394342831883648 1.1394342831883648
poster 1 2.407945608651872 2.407945608651872
prescribe 1 4.605170185988092 4.605170185988092
president 1 1.3470736479666094 1.3470736479666094
previous 1 1.6607312068216509 1.6607312068216509
printbodyns 1 0.09431067947124142 0.09431067947124142
printexport 1 0.0 0.0
privacy 1 0.0 0.0
problem 0 2.120263536200091 0.0
professional 1 1.6607312068216509 1.6607312068216509
program 1 1.7719568419318754 1.7719568419318754
project 0 0.0 0.0
promote 1 2.659260036932778 2.659260036932778
propeller 1 3.912023005428146 3.912023005428146
provide 1 2.302585092994046 2.302585092994046
provided 1 1.8971199848858813 1.8971199848858813
provision 0 2.407945608651872 0.0
psychologist 1 3.912023005428146 3.912023005428146
radio 1 1.4696759700589417 1.4696759700589417
radm 1 4.605170185988092 4.605170185988092
raider 0 3.2188758248682006 0.0
railroad 1 3.2188758248682006 3.2188758248682006
random 1 0.0 0.0
rank 1 2.5257286443082556 2.5257286443082556
rate 0 2.407945608651872 0.0
rating 0 2.0402208285265546 0.0
rdml 1 4.605170185988092 4.605170185988092
read 1 0.0 0.0
realized 1 3.2188758248682006 3.2188758248682006
rear 1 2.8134107167600364 2.8134107167600364
received 1 1.1394342831883648 1.1394342831883648
recent 1 0.0 0.0
recruiting 1 3.2188758248682006 3.2188758248682006
reference 0 0.03045920748470844 0.0
refimprove 1 3.912023005428146 3.912023005428146
reg 1 0.0 0.0
registered 1 0.0 0.0
related 1 0.0 0.0
reliable 1 1.9661128563728327 1.9661128563728327
remnant 0 3.506557897319982 0.0
remove 1 1.6607312068216509 1.6607312068216509
removed 1 1.6094379124341003 1.6094379124341003
replacement 0 3.2188758248682006 0.0
report 1 1.1086626245216111 1.1086626245216111
request 1 2.0402208285265546 2.0402208285265546
requested 1 2.659260036932778 2.659260036932778
required 1 2.407945608651872 2.407945608651872
research 1 1.6094379124341003 1.6094379124341003
resemble 1 3.912023005428146 3.912023005428146
reserve 1 2.207274913189721 2.207274913189721
resource 1 1.7147984280919266 1.7147984280919266
resumption 1 4.605170185988092 4.605170185988092
retirement 1 2.207274913189721 2.207274913189721
retrieved 1 0.0 0.0
right 1 0.9675840262617057 0.9675840262617057
role 1 1.3470736479666094 1.3470736479666094
russell 1 2.0402208285265546 2.0402208285265546
safety 1 2.407945608651872 2.407945608651872
sailor 0 3.2188758248682006 0.0
sank 1 4.605170185988092 4.605170185988092
scholar 1 1.7147984280919266 1.7147984280919266
school 0 0.7765287894989963 0.0
scpo 1 4.605170185988092 4.605170185988092
screen 1 0.010050335853501506 0.010050335853501506
scroll 1 3.912023005428146 3.912023005428146
sea 1 2.0402208285265546 2.0402208285265546
seal 1 2.8134107167600364 2.8134107167600364
sealift 1 4.605170185988092 4.605170185988092
seaman 0 3.912023005428146 0.0
sean 1 2.302585092994046 2.302585092994046
search 1 0.0 0.0
seaway 1 4.605170185988092 4.605170185988092
second 1 0.49429632181478017 0.49429632181478017
secretary 1 1.9661128563728327 1.9661128563728327
secretaryof 1 4.605170185988092 4.605170185988092
see 1 0.40047756659712536 0.40047756659712536
seen 1 1.8971199848858813 1.8971199848858813
senior 1 2.0402208285265546 2.0402208285265546
separately 1 3.912023005428146 3.912023005428146
september 1 0.43078291609245434 0.43078291609245434
serf 0 2.995732273553991 0.0
serve 1 2.207274913189721 2.207274913189721
served 1 1.4696759700589417 1.4696759700589417
service 1 1.2378743560016172 1.2378743560016172
servicenews 1 4.605170185988092 4.605170185988092
serving 1 2.120263536200091 2.120263536200091
set 1 0.9942522733438669 0.9942522733438669
setransportation 1 4.605170185988092 4.605170185988092
seven 1 1.6094379124341003 1.6094379124341003
several 1 0.8209805520698303 0.8209805520698303
share 1 0.0 0.0
sheepshead 1 4.605170185988092 4.605170185988092
shield 1 3.2188758248682006 3.2188758248682006
ship 1 2.0402208285265546 2.0402208285265546
shipbuilding 1 3.506557897319982 3.506557897319982
shipping 1 3.912023005428146 3.912023005428146
shipyard 0 3.912023005428146 0.0
short 1 0.06187540371808745 0.06187540371808745
shortdescription 1 0.2613647641344075 0.2613647641344075
shortened 1 0.0 0.0
shoulder 1 3.912023005428146 3.912023005428146
show 0 1.0498221244986776 0.0
sidebar 1 0.0 0.0
silver 1 1.8971199848858813 1.8971199848858813
similar 1 1.9661128563728327 1.9661128563728327
since 1 0.7985076962177716 0.7985076962177716
single 1 1.4696759700589417 1.4696759700589417
site 1 0.0 0.0
six 1 1.3470736479666094 1.3470736479666094
slab 0 4.605170185988092 0.0
solid 1 0.09431067947124142 0.09431067947124142
song 1 1.3470736479666094 1.3470736479666094
sophisticated 1 3.912023005428146 3.912023005428146
source 0 0.5798184952529422 0.0
spawned 1 3.912023005428146 3.912023005428146
special 1 0.0 0.0
specialized 1 3.506557897319982 3.506557897319982
staff 1 1.6607312068216509 1.6607312068216509
star 1 0.9675840262617057 0.9675840262617057
state 1 0.3147107448397002 0.3147107448397002
statement 1 0.0 0.0
station 1 1.8325814637483102 1.8325814637483102
statistic 0 0.0 0.0
status 1 1.7719568419318754 1.7719568419318754
steward 1 3.506557897319982 3.506557897319982
still 1 0.9416085398584451 0.9416085398584451
stint 1 3.506557897319982 3.506557897319982
strategic 1 2.995732273553991 2.995732273553991
stripe 0 3.912023005428146 0.0
structurally 1 4.605170185988092 4.605170185988092
structure 1 1.8325814637483102 1.8325814637483102
student 1 1.3862943611198906 1.3862943611198906
subjected 1 3.912023005428146 3.912023005428146
submarine 1 3.506557897319982 3.506557897319982
subsection 1 0.3424903089467759 0.3424903089467759
subsequent 1 2.5257286443082556 2.5257286443082556
subsidy 1 4.605170185988092 4.605170185988092
subtitle 1 3.506557897319982 3.506557897319982
suny 1 4.605170185988092 4.605170185988092
superintendent 1 3.2188758248682006 3.2188758248682006
supply 1 2.5257286443082556 2.5257286443082556
surface 1 2.8134107167600364 2.8134107167600364
sword 0 2.302585092994046 0.0
symbol 0 2.0402208285265546 0.0
system 1 0.9162907318741551 0.9162907318741551
table 1 0.0 0.0
take 1 0.9675840262617057 0.9675840262617057
talk 1 0.0 0.0
tanker 0 4.605170185988092 0.0
tdhlist 1 0.1392620673335076 0.1392620673335076
technology 1 1.7719568419318754 1.7719568419318754
template 1 0.0 0.0
ten 1 1.5141277326297755 1.5141277326297755
term 0 0.0 0.0
texas 1 1.8971199848858813 1.8971199848858813
text 1 0.0 0.0
thbodyskinresponsive 1 0.3147107448397002 0.3147107448397002
third 1 0.9162907318741551 0.9162907318741551
thousand 0 1.9661128563728327 0.0
three 1 0.5798184952529422 0.5798184952529422
threebladed 1 4.605170185988092 4.605170185988092
throughout 1 1.171182981502945 1.171182981502945
thus 1 1.7147984280919266 1.7147984280919266
time 1 0.28768207245178085 0.28768207245178085
today 1 1.4696759700589417 1.4696759700589417
toggle 1 0.010050335853501506 0.010050335853501506
ton 0 3.506557897319982 0.0
took 1 1.171182981502945 1.171182981502945
tool 0 0.0 0.0
top 1 0.010050335853501506 0.010050335853501506
topic 1 0.0 0.0
total 1 0.0 0.0
trade 1 1.7147984280919266 1.7147984280919266
trademark 1 0.0 0.0
traffic 1 2.995732273553991 2.995732273553991
train 1 2.8134107167600364 2.8134107167600364
trained 1 3.912023005428146 3.912023005428146
training 1 1.6094379124341003 1.6094379124341003
transfer 1 2.659260036932778 2.659260036932778
transferred 1 1.9661128563728327 1.9661128563728327
transit 1 2.8134107167600364 2.8134107167600364
transport 0 2.5257286443082556 0.0
transportation 1 2.659260036932778 2.659260036932778
trumbull 1 4.605170185988092 4.605170185988092
two 1 0.43078291609245434 0.43078291609245434
uboats 1 4.605170185988092 4.605170185988092
ulpaddingem 1 0.1392620673335076 0.1392620673335076
ultimately 1 2.5257286443082556 2.5257286443082556
uniform 1 2.302585092994046 2.302585092994046
uniformed 1 4.605170185988092 4.605170185988092
union 0 1.07880966137193 0.0
unique 1 2.207274913189721 2.207274913189721
united 1 0.4155154439616658 0.4155154439616658
university 1 0.616186139423817 0.616186139423817
unless 1 2.8134107167600364 2.8134107167600364
unlicensed 1 4.605170185988092 4.605170185988092
unrestricted 1 4.605170185988092 4.605170185988092
unsourced 1 1.3862943611198906 1.3862943611198906
upload 1 0.0 0.0
usc 1 3.912023005428146 3.912023005428146
uscb 1 4.605170185988092 4.605170185988092
uscc 1 4.605170185988092 4.605170185988092
uscg 1 4.605170185988092 4.605170185988092
uscodehousegov 1 4.605170185988092 4.605170185988092
use 1 0.0 0.0
used 1 0.8675005677047231 0.8675005677047231
using 1 0.0 0.0
usms 1 4.605170185988092 4.605170185988092
usnr 1 4.605170185988092 4.605170185988092
utc 1 0.0 0.0
utilized 1 3.912023005428146 3.912023005428146
utilizing 1 3.2188758248682006 3.2188758248682006
vacant 1 3.2188758248682006 3.2188758248682006
vadm 1 4.605170185988092 4.605170185988092
var 1 0.0 0.0
verification 1 2.120263536200091 2.120263536200091
version 1 0.0 0.0
vessel 0 2.659260036932778 0.0
veteran 1 2.5257286443082556 2.5257286443082556
viafnational 1 3.2188758248682006 3.2188758248682006
vice 1 1.6607312068216509 1.6607312068216509
victory 1 1.6094379124341003 1.6094379124341003
view 1 0.0 0.0
vital 1 2.995732273553991 2.995732273553991
volpe 1 4.605170185988092 4.605170185988092
voluntary 1 3.2188758248682006 3.2188758248682006
vte 1 0.7550225842780328 0.7550225842780328
waesche 1 4.605170185988092 4.605170185988092
wage 0 3.2188758248682006 0.0
walter 1 1.7147984280919266 1.7147984280919266
war 1 0.7985076962177716 0.7985076962177716
warfare 1 3.506557897319982 3.506557897319982
warrant 1 4.605170185988092 4.605170185988092
warship 0 3.912023005428146 0.0
wartime 1 3.2188758248682006 3.2188758248682006
washington 1 1.2378743560016172 1.2378743560016172
watchful 1 4.605170185988092 4.605170185988092
wear 0 2.302585092994046 0.0
week 0 1.2729656758128876 0.0
well 1 0.7765287894989963 0.7765287894989963
wikidata 1 0.010050335853501506 0.010050335853501506
wikimedia 1 0.0 0.0
wikipedia 1 0.0 0.0
winning 1 1.8971199848858813 1.8971199848858813
work 1 0.7133498878774648 0.7133498878774648
worked 1 1.6607312068216509 1.6607312068216509
world 1 0.5108256237659907 0.5108256237659907
worn 1 3.912023005428146 3.912023005428146
wreath 1 3.912023005428146 3.912023005428146
written 1 0.9416085398584451 0.9416085398584451
wwii 1 3.912023005428146 3.912023005428146
wwwcsumedu 1 4.605170185988092 4.605170185988092
wwwusmmorg 1 4.605170185988092 4.605170185988092
year 1 0.3424903089467759 0.3424903089467759
york 1 0.8209805520698303 0.8209805520698303
