academic 0 1.8971199848858813 0.0
account 1 0.0 0.0
achievement 0 2.5257286443082556 0.0
acrisure 1 4.605170185988092 4.605170185988092
action 0 0.0 0.0
add 1 0.0 0.0
added 1 1.8325814637483102 1.8325814637483102
additional 1 0.0 0.0
administration 1 2.120263536200091 2.120263536200091
afc 1 3.912023005428146 3.912023005428146
affiliate 0 3.2188758248682006 0.0
affiliation 0 2.995732273553991 0.0
afl 1 4.605170185988092 4.605170185988092
agree 1 0.0 0.0
ahl 1 3.912023005428146 3.912023005428146
airport 1 3.506557897319982 3.506557897319982
alice 1 3.2188758248682006 3.2188758248682006
alike 1 0.0 0.0
allegheny 1 3.506557897319982 3.506557897319982
allow 1 2.207274913189721 2.207274913189721
allowed 1 1.7719568419318754 1.7719568419318754
allowing 1 2.8134107167600364 2.8134107167600364
alltime 1 3.2188758248682006 3.2188758248682006
also 1 0.127833371509885 0.127833371509885
alumnus 0 2.207274913189721 0.0
american 1 0.5276327420823719 0.5276327420823719
ames 1 3.912023005428146 3.912023005428146
amid 1 2.995732273553991 2.995732273553991
amp 1 0.4620354595965586 0.4620354595965586
andrew 1 1.5141277326297755 1.5141277326297755
announced 1 1.2039728043259361 1.2039728043259361
announcement 1 2.302585092994046 2.302585092994046
app 1 3.506557897319982 3.506557897319982
appearance 1 0.0 0.0
application 1 2.0402208285265546 2.0402208285265546
apply 1 0.0 0.0
apps 1 3.2188758248682006 3.2188758248682006
april 1 0.44628710262841953 0.44628710262841953
architecture 1 2.5257286443082556 2.5257286443082556
area 1 1.2729656758128876 1.2729656758128876
arena 1 2.995732273553991 2.995732273553991
art 1 1.2039728043259361 1.2039728043259361
article 1 0.0 0.0
association 1 1.1394342831883648 1.1394342831883648
attorney 1 2.659260036932778 2.659260036932778
attribution 1 0.0 0.0
augmented 1 3.912023005428146 3.912023005428146
augmentedreality 1 4.605170185988092 4.605170185988092
august 1 0.3424903089467759 0.3424903089467759
australia 1 1.4696759700589417 1.4696759700589417
australian 1 1.9661128563728327 1.9661128563728327
authority 0 0.8915981192837835 0.0
auto 1 0.1392620673335076 0.1392620673335076
available 1 0.0 0.0
award 1 1.171182981502945 1.171182981502945
back 1 1.0216512475319812 1.0216512475319812
badge 0 3.506557897319982 0.0
baltimore 1 2.302585092994046 2.302585092994046
barclays 1 4.605170185988092 4.605170185988092
barre 1 3.912023005428146 3.912023005428146
based 1 1.07880966137193 1.07880966137193
basketball 1 2.659260036932778 2.659260036932778
batch 1 4.605170185988092 4.605170185988092
become 1 1.2378743560016172 1.2378743560016172
begin 0 1.7147984280919266 0.0
bell 1 2.0402208285265546 2.0402208285265546
bellefield 1 4.605170185988092 4.605170185988092
bengal 0 2.995732273553991 0.0
bettis 1 3.912023005428146 3.912023005428146
big 1 1.3862943611198906 1.3862943611198906
bill 1 1.171182981502945 1.171182981502945
biology 1 2.995732273553991 2.995732273553991
black 1 0.8915981192837835 0.8915981192837835
bleier 1 4.605170185988092 4.605170185988092
bliss 1 3.912023005428146 3.912023005428146
blizzard 1 3.2188758248682006 3.2188758248682006
blount 1 3.912023005428146 3.912023005428146
board 1 1.5606477482646683 1.5606477482646683
bob 1 1.8971199848858813 1.8971199848858813
boiler 1 3.506557897319982 3.506557897319982
botanical 1 4.605170185988092 4.605170185988092
bradshaw 1 4.605170185988092 4.605170185988092
branch 1 2.207274913189721 2.207274913189721
brawl 1 3.912023005428146 3.912023005428146
bring 1 1.8971199848858813 1.8971199848858813
broad 1 3.2188758248682006 3.2188758248682006
broadcaster 0 2.659260036932778 0.0
broadcasting 1 2.659260036932778 2.659260036932778
bronco 0 4.605170185988092 0.0
brown 0 1.6607312068216509 0.0
build 0 2.120263536200091 0.0
building 1 1.6607312068216509 1.6607312068216509
bureau 1 2.659260036932778 2.659260036932778
burgh 1 4.605170185988092 4.605170185988092
burkle 1 4.605170185988092 4.605170185988092
business 1 1.6094379124341003 1.6094379124341003
butler 1 2.302585092994046 2.302585092994046
cam 1 3.2188758248682006 3.2188758248682006
campo 1 3.912023005428146 3.912023005428146
campus 0 2.302585092994046 0.0
canadian 1 1.9661128563728327 1.9661128563728327
capital 0 2.302585092994046 0.0
captain 1 2.120263536200091 2.120263536200091
card 1 1.7147984280919266 1.7147984280919266
carnegie 1 3.506557897319982 3.506557897319982
category 1 0.0 0.0
cato 1 4.605170185988092 4.605170185988092
cavalier 0 4.605170185988092 0.0
cell 1 2.995732273553991 2.995732273553991
center 1 1.171182981502945 1.171182981502945
centerpx 1 0.0408219945202552 0.0408219945202552
century 1 1.3470736479666094 1.3470736479666094
cert 1 4.605170185988092 4.605170185988092
cfl 1 4.605170185988092 4.605170185988092
chair 1 3.506557897319982 3.506557897319982
chamber 1 2.995732273553991 2.995732273553991
championship 1 1.5606477482646683 1.5606477482646683
change 0 0.0 0.0
charlie 1 2.5257286443082556 2.5257286443082556
chief 1 1.3862943611198906 1.3862943611198906
chris 1 1.6607312068216509 1.6607312068216509
chuck 1 2.8134107167600364 2.8134107167600364
cincinnati 1 2.8134107167600364 2.8134107167600364
citation 1 0.0408219945202552 0.0408219945202552
cite 1 0.0 0.0
citenews 1 1.5606477482646683 1.5606477482646683
citeweb 1 0.5447271754416719 0.5447271754416719
citizen 0 1.9661128563728327 0.0
city 1 0.6348782724359695 0.6348782724359695
cityzen 1 4.605170185988092 4.605170185988092
civic 1 3.2188758248682006 3.2188758248682006
cleveland 1 2.0402208285265546 2.0402208285265546
club 1 1.4271163556401458 1.4271163556401458
cmmi 1 4.605170185988092 4.605170185988092
cmu 1 4.605170185988092 4.605170185988092
coach 1 1.7719568419318754 1.7719568419318754
coaster 1 3.912023005428146 3.912023005428146
code 1 0.0 0.0
college 1 1.1394342831883648 1.1394342831883648
combined 1 2.659260036932778 2.659260036932778
commerce 1 2.5257286443082556 2.5257286443082556
common 0 0.0 0.0
company 1 1.2729656758128876 1.2729656758128876
compete 1 2.5257286443082556 2.5257286443082556
complain 1 4.605170185988092 4.605170185988092
complaint 0 3.2188758248682006 0.0
complex 1 2.302585092994046 2.302585092994046
computational 1 3.912023005428146 3.912023005428146
computer 1 2.5257286443082556 2.5257286443082556
condition 0 2.0402208285265546 0.0
conduct 1 0.0 0.0
conference 1 1.3862943611198906 1.3862943611198906
conflict 1 2.0402208285265546 2.0402208285265546
connection 1 2.120263536200091 2.120263536200091
consol 1 4.605170185988092 4.605170185988092
consols 1 4.605170185988092 4.605170185988092
contact 1 0.0 0.0
conte 1 3.912023005428146 3.912023005428146
content 1 0.0 0.0
context 1 0.010050335853501506 0.010050335853501506
contribute 1 0.0 0.0
contribution 0 0.0 0.0
convention 1 2.995732273553991 2.995732273553991
cookie 1 0.0 0.0
cookiematch 1 0.0 0.0
coordination 1 2.995732273553991 2.995732273553991
cope 1 3.2188758248682006 3.2188758248682006
corporation 0 1.8971199848858813 0.0
could 1 1.2378743560016172 1.2378743560016172
council 1 1.4696759700589417 1.4696759700589417
councilman 1 4.605170185988092 4.605170185988092
counterlistitema 1 0.127833371509885 0.127833371509885
coupled 1 3.506557897319982 3.506557897319982
course 1 2.0402208285265546 2.0402208285265546
courthouse 1 4.605170185988092 4.605170185988092
cowboy 0 2.8134107167600364 0.0
cowher 1 4.605170185988092 4.605170185988092
craig 1 2.5257286443082556 2.5257286443082556
create 1 0.0 0.0
creating 1 2.0402208285265546 2.0402208285265546
creative 1 0.0 0.0
cronin 1 3.912023005428146 3.912023005428146
crosby 1 3.912023005428146 3.912023005428146
crowdsourcing 1 4.605170185988092 4.605170185988092
csmaintcolorf 1 0.06187540371808745 0.06187540371808745
csmaintcolorfmedia 1 0.0408219945202552 0.0408219945202552
cswsicon 1 0.0408219945202552 0.0408219945202552
culture 1 1.6094379124341003 1.6094379124341003
current 1 0.0 0.0
curtain 1 3.506557897319982 3.506557897319982
dallas 1 3.2188758248682006 3.2188758248682006
dan 1 1.7719568419318754 1.7719568419318754
data 1 1.3862943611198906 1.3862943611198906
dawson 1 3.506557897319982 3.506557897319982
death 1 1.171182981502945 1.171182981502945
december 1 0.37106368139083196 0.37106368139083196
decision 1 1.8971199848858813 1.8971199848858813
deflection 1 4.605170185988092 4.605170185988092
defunct 1 2.8134107167600364 2.8134107167600364
denver 1 2.8134107167600364 2.8134107167600364
department 1 1.7719568419318754 1.7719568419318754
description 1 0.07257069283483537 0.07257069283483537
design 1 1.8971199848858813 1.8971199848858813
developed 1 1.7147984280919266 1.7147984280919266
developer 1 0.0 0.0
development 1 1.3093333199837622 1.3093333199837622
dialect 1 3.912023005428146 3.912023005428146
dietrich 1 3.912023005428146 3.912023005428146
disclaimer 0 0.0 0.0
district 1 1.4271163556401458 1.4271163556401458
division 1 1.2729656758128876 1.2729656758128876
documentation 1 3.506557897319982 3.506557897319982
donate 1 0.0 0.0
download 1 0.0 0.0
downloaded 1 4.605170185988092 4.605170185988092
draft 1 2.5257286443082556 2.5257286443082556
drama 1 2.407945608651872 2.407945608651872
dtaftercontent 1 0.127833371509885 0.127833371509885
dubas 1 4.605170185988092 4.605170185988092
dudley 1 3.2188758248682006 3.2188758248682006
duquesne 1 4.605170185988092 4.605170185988092
eagle 0 1.9661128563728327 0.0
earn 1 3.912023005428146 3.912023005428146
echl 1 3.912023005428146 3.912023005428146
economic 1 1.7719568419318754 1.7719568419318754
economy 1 2.8134107167600364 2.8134107167600364
education 1 1.3470736479666094 1.3470736479666094
electrical 1 2.659260036932778 2.659260036932778
encyclopedia 1 0.0 0.0
energy 1 1.6607312068216509 1.6607312068216509
engineering 1 2.302585092994046 2.302585092994046
england 1 1.6607312068216509 1.6607312068216509
english 1 0.0 0.0
entertainment 1 1.8325814637483102 1.8325814637483102
entrepreneurship 1 4.605170185988092 4.605170185988092
er 0 3.506557897319982 0.0
evening 1 2.659260036932778 2.659260036932778
event 0 0.0 0.0
exchange 1 1.9661128563728327 1.9661128563728327
exp 1 0.0 0.0
expansion 1 2.0402208285265546 2.0402208285265546
experience 0 1.8325814637483102 0.0
facility 0 2.407945608651872 0.0
factor 1 2.5257286443082556 2.5257286443082556
faculty 1 3.506557897319982 3.506557897319982
fame 1 2.207274913189721 2.207274913189721
family 1 0.9162907318741551 0.9162907318741551
fan 1 1.7147984280919266 1.7147984280919266
faneca 1 4.605170185988092 4.605170185988092
february 1 0.27443684570176036 0.27443684570176036
fenway 1 3.912023005428146 3.912023005428146
fictional 1 2.995732273553991 2.995732273553991
field 1 1.0498221244986776 1.0498221244986776
fighting 1 2.207274913189721 2.207274913189721
figure 0 1.3470736479666094 0.0
file 1 0.0 0.0
film 0 1.4696759700589417 0.0
filming 1 2.8134107167600364 2.8134107167600364
fine 1 2.5257286443082556 2.5257286443082556
fire 1 1.7147984280919266 1.7147984280919266
firm 0 2.407945608651872 0.0
first 1 0.1508228897345837 0.1508228897345837
firstround 1 3.506557897319982 3.506557897319982
flag 1 1.7147984280919266 1.7147984280919266
flyer 0 3.912023005428146 0.0
followed 1 1.3093333199837622 1.3093333199837622
followup 1 3.506557897319982 3.506557897319982
football 1 1.8325814637483102 1.8325814637483102
footy 1 4.605170185988092 4.605170185988092
forbes 1 2.995732273553991 2.995732273553991
formerly 1 1.8325814637483102 1.8325814637483102
foundation 1 0.0 0.0
founded 1 1.7147984280919266 1.7147984280919266
founder 1 1.8971199848858813 1.8971199848858813
franchise 1 2.207274913189721 2.207274913189721
francisco 1 1.7719568419318754 1.7719568419318754
free 1 0.0 0.0
gadget 1 3.2188758248682006 3.2188758248682006
game 1 1.2378743560016172 1.2378743560016172
gamegoers 1 4.605170185988092 4.605170185988092
gazette 1 3.2188758248682006 3.2188758248682006
general 1 0.0 0.0
generally 1 2.407945608651872 2.407945608651872
gessner 1 4.605170185988092 4.605170185988092
get 1 0.0 0.0
gillette 1 4.605170185988092 4.605170185988092
global 1 1.7719568419318754 1.7719568419318754
goal 0 1.8971199848858813 0.0
gov 1 3.506557897319982 3.506557897319982
government 1 1.1086626245216111 1.1086626245216111
greek 1 2.407945608651872 2.407945608651872
green 1 1.171182981502945 1.171182981502945
greene 1 3.2188758248682006 3.2188758248682006
greenhouse 1 4.605170185988092 4.605170185988092
group 1 0.8209805520698303 0.8209805520698303
haircut 1 4.605170185988092 4.605170185988092
hall 1 1.3470736479666094 1.3470736479666094
ham 1 3.506557897319982 3.506557897319982
harris 1 2.302585092994046 2.302585092994046
hawk 0 3.2188758248682006 0.0
hawthorn 1 4.605170185988092 4.605170185988092
head 1 1.1086626245216111 1.1086626245216111
headquartered 1 3.912023005428146 3.912023005428146
headquarters 1 2.207274913189721 2.207274913189721
heinz 1 3.2188758248682006 3.2188758248682006
help 1 0.0 0.0
hidden 1 0.010050335853501506 0.010050335853501506
hide 1 0.0 0.0
hill 1 1.2039728043259361 1.2039728043259361
hillgrove 1 4.605170185988092 4.605170185988092
history 1 0.0 0.0
hlist 1 0.127833371509885 0.127833371509885
hlistinline 1 0.127833371509885 0.127833371509885
hockey 1 2.995732273553991 2.995732273553991
hoke 1 4.605170185988092 4.605170185988092
home 1 0.7339691750802005 0.7339691750802005
hospital 0 1.9661128563728327 0.0
human 1 1.3862943611198906 1.3862943611198906
humanity 0 2.659260036932778 0.0
hunt 1 2.995732273553991 2.995732273553991
hyp 1 4.605170185988092 4.605170185988092
ibcompany 1 3.912023005428146 3.912023005428146
ibcompanylogo 1 3.912023005428146 3.912023005428146
ica 1 4.605170185988092 4.605170185988092
iceburgh 1 4.605170185988092 4.605170185988092
idlockfree 1 0.0408219945202552 0.0408219945202552
idlockfreeidlockfree 1 0.0408219945202552 0.0408219945202552
idlocklimited 1 0.0408219945202552 0.0408219945202552
idlockregistration 1 0.0408219945202552 0.0408219945202552
idlocksubscription 1 0.0408219945202552 0.0408219945202552
iii 1 1.7147984280919266 1.7147984280919266
ilkin 1 4.605170185988092 4.605170185988092
immaculate 1 3.506557897319982 3.506557897319982
impassable 1 4.605170185988092 4.605170185988092
impressed 1 4.605170185988092 4.605170185988092
inc 1 0.0 0.0
include 1 1.3093333199837622 1.3093333199837622
including 1 0.7133498878774648 0.7133498878774648
incorporated 1 2.120263536200091 2.120263536200091
india 1 1.7147984280919266 1.7147984280919266
industrial 1 2.5257286443082556 2.5257286443082556
industry 1 1.8325814637483102 1.8325814637483102
infobox 1 0.3011050927839216 0.3011050927839216
infoboxcompany 1 3.912023005428146 3.912023005428146
infoboxtable 1 0.3147107448397002 0.3147107448397002
information 1 0.0 0.0
innovation 1 2.8134107167600364 2.8134107167600364
inside 1 2.0402208285265546 2.0402208285265546
instant 1 3.506557897319982 3.506557897319982
institute 1 1.5141277326297755 1.5141277326297755
integrated 1 2.407945608651872 2.407945608651872
intention 1 2.659260036932778 2.659260036932778
inter 1 2.659260036932778 2.659260036932778
interaction 1 2.659260036932778 2.659260036932778
interactive 1 2.995732273553991 2.995732273553991
iptv 1 4.605170185988092 4.605170185988092
islander 0 4.605170185988092 0.0
item 1 0.010050335853501506 0.010050335853501506
jagoff 1 4.605170185988092 4.605170185988092
january 1 0.3424903089467759 0.3424903089467759
jason 1 1.6607312068216509 1.6607312068216509
jeff 1 1.8325814637483102 1.8325814637483102
jerome 1 3.506557897319982 3.506557897319982
jewish 1 2.207274913189721 2.207274913189721
jimerson 1 4.605170185988092 4.605170185988092
john 1 0.49429632181478017 0.49429632181478017
johnson 1 1.6094379124341003 1.6094379124341003
july 1 0.43078291609245434 0.43078291609245434
jump 1 0.0 0.0
karen 1 2.8134107167600364 2.8134107167600364
kdkatv 1 4.605170185988092 4.605170185988092
keystoners 1 4.605170185988092 4.605170185988092
kiesling 1 4.605170185988092 4.605170185988092
killer 1 3.2188758248682006 3.2188758248682006
kim 1 2.407945608651872 2.407945608651872
kitchen 1 3.2188758248682006 3.2188758248682006
kraus 1 4.605170185988092 4.605170185988092
kyle 1 2.120263536200091 2.120263536200091
la 0 2.407945608651872 0.0
lab 1 3.506557897319982 3.506557897319982
laboratory 1 3.912023005428146 3.912023005428146
lambert 1 3.506557897319982 3.506557897319982
language 1 0.0 0.0
lascheid 1 4.605170185988092 4.605170185988092
last 1 0.0 0.0
launch 1 2.5257286443082556 2.5257286443082556
launched 1 1.9661128563728327 1.9661128563728327
layne 1 4.605170185988092 4.605170185988092
league 1 1.3470736479666094 1.3470736479666094
learn 1 0.0 0.0
learning 1 2.407945608651872 2.407945608651872
left 1 1.171182981502945 1.171182981502945
legacy 0 2.0402208285265546 0.0
legend 0 1.8325814637483102 0.0
lemieux 1 4.605170185988092 4.605170185988092
leonard 1 2.659260036932778 2.659260036932778
let 0 1.8325814637483102 0.0
liaftercontent 1 0.127833371509885 0.127833371509885
library 0 1.6094379124341003 0.0
license 1 0.0 0.0
life 1 0.5447271754416719 0.5447271754416719
liga 1 2.995732273553991 2.995732273553991
limited 1 2.0402208285265546 2.0402208285265546
link 1 0.0 0.0
live 1 1.2378743560016172 1.2378743560016172
local 1 1.4696759700589417 1.4696759700589417
location 1 1.171182981502945 1.171182981502945
log 1 0.0 0.0
logged 1 0.0 0.0
logo 1 2.302585092994046 2.302585092994046
lore 1 2.659260036932778 2.659260036932778
luke 1 2.8134107167600364 2.8134107167600364
mach 1 4.605170185988092 4.605170185988092
made 1 0.653926467406664 0.653926467406664
main 1 0.0 0.0
major 1 1.1086626245216111 1.1086626245216111
majority 1 1.8971199848858813 1.8971199848858813
man 1 1.0498221244986776 1.0498221244986776
manager 1 2.120263536200091 2.120263536200091
march 1 0.3147107448397002 0.3147107448397002
margaret 1 2.302585092994046 2.302585092994046
mario 1 2.407945608651872 2.407945608651872
master 0 1.3093333199837622 0.0
match 0 0.8675005677047231 0.0
may 1 0.0 0.0
mayor 1 2.8134107167600364 2.8134107167600364
medium 0 0.49429632181478017 0.0
mellon 1 4.605170185988092 4.605170185988092
member 0 0.6733445532637655 0.0
menu 1 0.0 0.0
mike 1 1.6094379124341003 1.6094379124341003
miller 1 1.6094379124341003 1.6094379124341003
million 1 1.6094379124341003 1.6094379124341003
mine 0 2.407945608651872 0.0
ml 0 3.506557897319982 0.0
mobile 1 0.0 0.0
mobilenet 1 4.605170185988092 4.605170185988092
morrison 1 2.995732273553991 2.995732273553991
move 1 0.0 0.0
much 1 1.171182981502945 1.171182981502945
mullet 1 4.605170185988092 4.605170185988092
multimedia 1 4.605170185988092 4.605170185988092
municipal 1 3.2188758248682006 3.2188758248682006
museum 0 2.302585092994046 0.0
music 1 1.3862943611198906 1.3862943611198906
myron 1 3.912023005428146 3.912023005428146
nailer 0 4.605170185988092 0.0
name 1 0.5276327420823719 0.5276327420823719
narasimhan 1 4.605170185988092 4.605170185988092
nation 1 1.2729656758128876 1.2729656758128876
national 1 0.5108256237659907 0.5108256237659907
natural 1 1.8325814637483102 1.8325814637483102
navbar 1 0.23572233352106994 0.23572233352106994
navbarfontsizemedia 1 0.3147107448397002 0.3147107448397002
navbarmini 1 0.23572233352106994 0.23572233352106994
navbox 1 0.1392620673335076 0.1392620673335076
navboximage 1 0.1392620673335076 0.1392620673335076
navboxsubgroup 1 0.1392620673335076 0.1392620673335076
navboxtitle 1 0.1392620673335076 0.1392620673335076
navigation 1 0.0 0.0
nba 1 3.506557897319982 3.506557897319982
nbak 1 4.605170185988092 4.605170185988092
nbas 1 4.605170185988092 4.605170185988092
nbawnba 1 4.605170185988092 4.605170185988092
necessity 1 4.605170185988092 4.605170185988092
neighborhood 0 3.2188758248682006 0.0
net 1 2.5257286443082556 2.5257286443082556
network 1 1.3470736479666094 1.3470736479666094
networking 1 3.506557897319982 3.506557897319982
new 1 0.24846135929849972 0.24846135929849972
newell 1 3.506557897319982 3.506557897319982
nfl 1 2.995732273553991 2.995732273553991
nhl 1 3.912023005428146 3.912023005428146
nickname 0 3.2188758248682006 0.0
noll 1 3.912023005428146 3.912023005428146
nonprofit 1 0.0 0.0
north 1 0.8209805520698303 0.8209805520698303
notable 1 1.7719568419318754 1.7719568419318754
note 0 0.8209805520698303 0.0
nulty 1 4.605170185988092 4.605170185988092
number 1 0.7550225842780328 0.7550225842780328
oct 1 2.5257286443082556 2.5257286443082556
october 1 0.28768207245178085 0.28768207245178085
offer 1 2.302585092994046 2.302585092994046
offered 1 2.659260036932778 2.659260036932778
offering 1 2.995732273553991 2.995732273553991
official 1 0.7550225842780328 0.7550225842780328
ollibeforecontent 1 0.127833371509885 0.127833371509885
opening 1 1.9661128563728327 1.9661128563728327
organization 1 0.0 0.0
organizationname 1 0.010050335853501506 0.010050335853501506
owner 0 1.7147984280919266 0.0
page 1 0.0 0.0
paid 1 2.407945608651872 2.407945608651872
paint 0 3.912023005428146 0.0
park 0 1.3093333199837622 0.0
parking 1 3.506557897319982 3.506557897319982
partnership 0 3.2188758248682006 0.0
patriot 0 3.2188758248682006 0.0
pdfprintable 1 0.0 0.0
peduto 1 4.605170185988092 4.605170185988092
penguin 1 3.2188758248682006 3.2188758248682006
pennsylvania 1 2.302585092994046 2.302585092994046
people 1 0.49429632181478017 0.49429632181478017
permanent 1 0.0 0.0
permit 1 2.8134107167600364 2.8134107167600364
personal 1 0.0 0.0
personality 0 2.207274913189721 0.0
personnel 1 2.207274913189721 2.207274913189721
pete 1 2.8134107167600364 2.8134107167600364
philadelphia 1 2.5257286443082556 2.5257286443082556
phone 1 2.8134107167600364 2.8134107167600364
photo 0 2.120263536200091 0.0
pick 0 2.407945608651872 0.0
picklesburgh 1 4.605170185988092 4.605170185988092
pirate 0 2.5257286443082556 0.0
pitt 1 3.506557897319982 3.506557897319982
pittsburgh 1 2.8134107167600364 2.8134107167600364
pittsburghers 1 4.605170185988092 4.605170185988092
place 1 0.653926467406664 0.653926467406664
plant 1 2.5257286443082556 2.5257286443082556
platform 0 2.659260036932778 0.0
play 1 1.2039728043259361 1.2039728043259361
player 0 1.6094379124341003 0.0
point 1 1.2729656758128876 1.2729656758128876
polamalu 1 4.605170185988092 4.605170185988092
police 1 1.7719568419318754 1.7719568419318754
policy 1 0.0 0.0
polka 1 4.605170185988092 4.605170185988092
popashot 1 4.605170185988092 4.605170185988092
port 1 2.302585092994046 2.302585092994046
portal 1 0.0 0.0
portion 0 2.8134107167600364 0.0
positioning 1 3.912023005428146 3.912023005428146
post 1 1.07880966137193 1.07880966137193
ppg 1 3.912023005428146 3.912023005428146
present 1 0.9675840262617057 0.9675840262617057
press 1 0.7550225842780328 0.7550225842780328
price 1 1.9661128563728327 1.9661128563728327
printbodyns 1 0.09431067947124142 0.09431067947124142
printexport 1 0.0 0.0
privacy 1 0.0 0.0
priya 1 4.605170185988092 4.605170185988092
problem 1 2.120263536200091 2.120263536200091
produced 1 1.7719568419318754 1.7719568419318754
prof 0 2.995732273553991 0.0
professional 1 1.6607312068216509 1.6607312068216509
professor 1 2.207274913189721 2.207274913189721
program 1 1.7719568419318754 1.7719568419318754
project 1 0.0 0.0
property 0 1.7147984280919266 0.0
public 1 0.9675840262617057 0.9675840262617057
qatar 1 3.506557897319982 3.506557897319982
quarterback 0 3.506557897319982 0.0
quickly 1 2.407945608651872 2.407945608651872
radio 1 1.4696759700589417 1.4696759700589417
raider 0 3.2188758248682006 0.0
random 1 0.0 0.0
raptor 0 4.605170185988092 0.0
raven 0 3.2188758248682006 0.0
ravenstahl 1 4.605170185988092 4.605170185988092
read 1 0.0 0.0
reality 1 2.5257286443082556 2.5257286443082556
realtime 1 4.605170185988092 4.605170185988092
receiving 1 1.8971199848858813 1.8971199848858813
recent 1 0.0 0.0
reception 1 1.8971199848858813 1.8971199848858813
record 0 0.7765287894989963 0.0
red 1 1.07880966137193 1.07880966137193
redemption 1 3.506557897319982 3.506557897319982
reference 0 0.03045920748470844 0.0
reflist 1 0.06187540371808745 0.06187540371808745
reflistcolumns 1 0.06187540371808745 0.06187540371808745
reg 1 0.0 0.0
region 1 1.6607312068216509 1.6607312068216509
regional 1 2.407945608651872 2.407945608651872
registered 1 0.0 0.0
related 1 0.0 0.0
released 1 1.2729656758128876 1.2729656758128876
renegade 1 3.912023005428146 3.912023005428146
replay 1 3.912023005428146 3.912023005428146
report 1 1.1086626245216111 1.1086626245216111
research 1 1.6094379124341003 1.6094379124341003
retired 1 1.7719568419318754 1.7719568419318754
retrieved 1 0.0 0.0
review 1 1.07880966137193 1.07880966137193
rise 1 1.8325814637483102 1.8325814637483102
rivalry 0 2.659260036932778 0.0
river 0 1.4271163556401458 0.0
road 1 1.3862943611198906 1.3862943611198906
robot 1 3.912023005428146 3.912023005428146
robotics 1 3.912023005428146 3.912023005428146
rocky 1 2.659260036932778 2.659260036932778
roller 1 3.2188758248682006 3.2188758248682006
ronald 1 2.659260036932778 2.659260036932778
rooney 1 4.605170185988092 4.605170185988092
rooneys 1 4.605170185988092 4.605170185988092
roster 1 2.8134107167600364 2.8134107167600364
rugby 1 2.995732273553991 2.995732273553991
rule 0 1.4696759700589417 0.0
russian 1 2.120263536200091 2.120263536200091
rwanda 1 3.912023005428146 3.912023005428146
san 1 1.2378743560016172 1.2378743560016172
school 1 0.7765287894989963 0.7765287894989963
science 1 1.171182981502945 1.171182981502945
score 1 1.6607312068216509 1.6607312068216509
scorer 1 2.995732273553991 2.995732273553991
scotchn 1 4.605170185988092 4.605170185988092
scranton 1 4.605170185988092 4.605170185988092
screen 1 0.010050335853501506 0.010050335853501506
screenshot 1 3.912023005428146 3.912023005428146
search 1 0.0 0.0
season 1 1.1394342831883648 1.1394342831883648
security 1 1.6607312068216509 1.6607312068216509
sends 1 3.912023005428146 3.912023005428146
series 1 0.8675005677047231 0.8675005677047231
setting 0 2.120263536200091 0.0
shade 1 3.2188758248682006 3.2188758248682006
share 1 0.0 0.0
shell 1 2.995732273553991 2.995732273553991
sheriff 1 3.912023005428146 3.912023005428146
shes 1 3.2188758248682006 3.2188758248682006
shooting 1 2.5257286443082556 2.5257286443082556
shop 1 2.659260036932778 2.659260036932778
short 1 0.06187540371808745 0.06187540371808745
shortdescription 1 0.2613647641344075 0.2613647641344075
shortened 1 0.0 0.0
show 1 1.0498221244986776 1.0498221244986776
sidebar 1 0.0 0.0
sidney 1 2.995732273553991 2.995732273553991
silicon 1 3.912023005428146 3.912023005428146
simon 1 2.0402208285265546 2.0402208285265546
site 1 0.0 0.0
sky 1 2.5257286443082556 2.5257286443082556
skyscraper 0 4.605170185988092 0.0
smart 1 2.659260036932778 2.659260036932778
smartphone 1 4.605170185988092 4.605170185988092
smartphones 1 3.912023005428146 3.912023005428146
soccer 1 2.659260036932778 2.659260036932778
social 1 1.3093333199837622 1.3093333199837622
soda 1 4.605170185988092 4.605170185988092
software 1 2.8134107167600364 2.8134107167600364
solid 1 0.09431067947124142 0.09431067947124142
song 1 1.3470736479666094 1.3470736479666094
spain 1 1.6607312068216509 1.6607312068216509
special 1 0.0 0.0
specializes 1 3.912023005428146 3.912023005428146
spinoff 1 3.506557897319982 3.506557897319982
sport 0 1.1394342831883648 0.0
squirrel 1 3.912023005428146 3.912023005428146
stadium 1 2.0402208285265546 2.0402208285265546
stallworth 1 4.605170185988092 4.605170185988092
starting 1 1.8971199848858813 1.8971199848858813
state 0 0.3147107448397002 0.0
statement 1 0.0 0.0
statistic 0 0.0 0.0
statistical 1 3.912023005428146 3.912023005428146
stautner 1 4.605170185988092 4.605170185988092
steagles 1 4.605170185988092 4.605170185988092
steel 1 2.207274913189721 2.207274913189721
steeler 1 4.605170185988092 4.605170185988092
steelerettes 1 4.605170185988092 4.605170185988092
steelers 1 3.912023005428146 3.912023005428146
steelmark 1 4.605170185988092 4.605170185988092
stock 1 2.302585092994046 2.302585092994046
story 1 1.5606477482646683 1.5606477482646683
streaming 1 3.2188758248682006 3.2188758248682006
street 1 1.4271163556401458 1.4271163556401458
structure 0 1.8325814637483102 0.0
student 1 1.3862943611198906 1.3862943611198906
sudden 1 3.506557897319982 3.506557897319982
sullivan 1 2.659260036932778 2.659260036932778
sunday 1 1.9661128563728327 1.9661128563728327
supercomputing 1 4.605170185988092 4.605170185988092
support 1 1.2729656758128876 1.2729656758128876
swann 1 4.605170185988092 4.605170185988092
swartz 1 4.605170185988092 4.605170185988092
synagogue 1 4.605170185988092 4.605170185988092
system 1 0.9162907318741551 0.9162907318741551
table 1 0.0 0.0
tablenotnotheme 1 2.302585092994046 2.302585092994046
tackle 1 3.2188758248682006 3.2188758248682006
take 0 0.9675840262617057 0.0
talk 1 0.0 0.0
tartan 1 4.605170185988092 4.605170185988092
tdhlist 1 0.1392620673335076 0.1392620673335076
team 1 1.0498221244986776 1.0498221244986776
tech 1 2.207274913189721 2.207274913189721
techfriendly 1 4.605170185988092 4.605170185988092
technology 1 1.7719568419318754 1.7719568419318754
television 1 1.6607312068216509 1.6607312068216509
template 1 0.0 0.0
tennessee 1 2.120263536200091 2.120263536200091
tepper 1 4.605170185988092 4.605170185988092
term 0 0.0 0.0
terrible 1 2.995732273553991 2.995732273553991
text 1 0.0 0.0
thbodyskinresponsive 1 0.3147107448397002 0.3147107448397002
theatre 1 2.659260036932778 2.659260036932778
three 1 0.5798184952529422 0.5798184952529422
throughout 1 1.171182981502945 1.171182981502945
time 1 0.28768207245178085 0.28768207245178085
timeline 1 2.207274913189721 2.207274913189721
timothy 1 2.302585092994046 2.302585092994046
titan 0 3.912023005428146 0.0
together 1 1.5141277326297755 1.5141277326297755
toggle 1 0.010050335853501506 0.010050335853501506
toilet 1 3.912023005428146 3.912023005428146
tool 1 0.0 0.0
top 1 0.010050335853501506 0.010050335853501506
topic 1 0.0 0.0
toronto 1 2.0402208285265546 2.0402208285265546
total 1 0.0 0.0
towel 1 3.912023005428146 3.912023005428146
toy 0 3.506557897319982 0.0
trade 1 1.7147984280919266 1.7147984280919266
trademark 1 0.0 0.0
tradition 0 2.207274913189721 0.0
training 1 1.6094379124341003 1.6094379124341003
transit 1 2.8134107167600364 2.8134107167600364
transportation 1 2.659260036932778 2.659260036932778
tribune 1 1.9661128563728327 1.9661128563728327
try 0 2.5257286443082556 0.0
tunch 1 4.605170185988092 4.605170185988092
ulpaddingem 1 0.1392620673335076 0.1392620673335076
uniform 0 2.302585092994046 0.0
unique 1 2.207274913189721 2.207274913189721
united 1 0.4155154439616658 0.4155154439616658
university 1 0.616186139423817 0.616186139423817
upload 1 0.0 0.0
upmc 1 4.605170185988092 4.605170185988092
usable 1 4.605170185988092 4.605170185988092
use 1 0.0 0.0
used 1 0.8675005677047231 0.8675005677047231
user 0 2.995732273553991 0.0
using 1 0.0 0.0
utc 1 0.0 0.0
valley 1 2.120263536200091 2.120263536200091
var 1 0.0 0.0
vega 0 2.8134107167600364 0.0
venue 1 2.407945608651872 2.407945608651872
version 1 0.0 0.0
via 1 1.4271163556401458 1.4271163556401458
video 1 1.3862943611198906 1.3862943611198906
view 1 0.0 0.0
vince 1 2.995732273553991 2.995732273553991
virtual 1 3.506557897319982 3.506557897319982
vte 1 0.7550225842780328 0.7550225842780328
waffle 1 4.605170185988092 4.605170185988092
walking 1 2.659260036932778 2.659260036932778
washington 1 1.2378743560016172 1.2378743560016172
water 1 1.5606477482646683 1.5606477482646683
wbgg 1 4.605170185988092 4.605170185988092
wbggam 1 4.605170185988092 4.605170185988092
wdvefm 1 4.605170185988092 4.605170185988092
webster 1 2.302585092994046 2.302585092994046
well 1 0.7765287894989963 0.7765287894989963
western 1 1.2039728043259361 1.2039728043259361
wheeling 1 4.605170185988092 4.605170185988092
wikidata 1 0.010050335853501506 0.010050335853501506
wikimedia 1 0.0 0.0
wikipedia 1 0.0 0.0
wilkes 1 3.912023005428146 3.912023005428146
winner 0 1.5141277326297755 0.0
winter 1 1.8325814637483102 1.8325814637483102
within 1 1.3862943611198906 1.3862943611198906
wnba 1 4.605170185988092 4.605170185988092
wolfley 1 4.605170185988092 4.605170185988092
womens 1 2.0402208285265546 2.0402208285265546
woodson 1 4.605170185988092 4.605170185988092
worked 1 1.6607312068216509 1.6607312068216509
wow 1 3.912023005428146 3.912023005428146
wpkdtv 1 4.605170185988092 4.605170185988092
wrct 1 4.605170185988092 4.605170185988092
wxdx 1 4.605170185988092 4.605170185988092
xiii 1 3.912023005428146 3.912023005428146
xiv 1 3.912023005428146 3.912023005428146
xliii 1 4.605170185988092 4.605170185988092
yappin 1 4.605170185988092 4.605170185988092
yellow 1 1.9661128563728327 1.9661128563728327
yinz 1 4.605170185988092 4.605170185988092
yinzer 1 4.605170185988092 4.605170185988092
yinzers 1 4.605170185988092 4.605170185988092
yinztagram 1 4.605170185988092 4.605170185988092
zen 1 4.605170185988092 4.605170185988092
zone 1 2.407945608651872 2.407945608651872
