abuse 1 2.5257286443082556 2.5257286443082556
access 1 2.5257286443082556 2.5257286443082556
account 1 0.0 0.0
achievement 1 2.5257286443082556 2.5257286443082556
action 0 0.0 0.0
add 1 0.0 0.0
additional 1 0.0 0.0
adoption 1 3.2188758248682006 3.2188758248682006
advanced 1 2.407945608651872 2.407945608651872
agency 1 2.120263536200091 2.120263536200091
agree 1 0.0 0.0
alike 1 0.0 0.0
allow 1 2.207274913189721 2.207274913189721
allows 1 2.5257286443082556 2.5257286443082556
also 1 0.127833371509885 0.127833371509885
although 1 1.4696759700589417 1.4696759700589417
alto 1 3.506557897319982 3.506557897319982
alzheimers 1 3.506557897319982 3.506557897319982
america 1 0.8675005677047231 0.8675005677047231
american 0 0.5276327420823719 0.0
amp 1 0.4620354595965586 0.4620354595965586
amy 1 2.659260036932778 2.659260036932778
analysis 1 2.120263536200091 2.120263536200091
animated 1 2.8134107167600364 2.8134107167600364
announced 1 1.2039728043259361 1.2039728043259361
announcement 1 2.302585092994046 2.302585092994046
announces 1 2.659260036932778 2.659260036932778
annual 1 1.6607312068216509 1.6607312068216509
appearance 1 0.0 0.0
application 0 2.0402208285265546 0.0
apply 1 0.0 0.0
april 1 0.44628710262841953 0.44628710262841953
archived 1 0.47803580094299974 0.47803580094299974
art 0 1.2039728043259361 0.0
article 1 0.0 0.0
artist 0 1.7147984280919266 0.0
ask 1 2.8134107167600364 2.8134107167600364
association 1 1.1394342831883648 1.1394342831883648
attracted 1 3.2188758248682006 3.2188758248682006
attribution 1 0.0 0.0
august 1 0.3424903089467759 0.3424903089467759
available 1 0.0 0.0
average 1 2.0402208285265546 2.0402208285265546
award 1 1.171182981502945 1.171182981502945
awarding 1 4.605170185988092 4.605170185988092
baby 1 2.407945608651872 2.407945608651872
ballroom 1 3.912023005428146 3.912023005428146
base 0 1.4696759700589417 0.0
based 1 1.07880966137193 1.07880966137193
become 1 1.2378743560016172 1.2378743560016172
benchmark 0 4.605170185988092 0.0
benefit 0 2.5257286443082556 0.0
berman 1 3.912023005428146 3.912023005428146
best 1 1.0216512475319812 1.0216512475319812
billion 1 3.2188758248682006 3.2188758248682006
board 1 1.5606477482646683 1.5606477482646683
boston 1 1.7719568419318754 1.7719568419318754
broadband 1 3.912023005428146 3.912023005428146
brokerage 1 3.506557897319982 3.506557897319982
bruckman 1 4.605170185988092 4.605170185988092
build 1 2.120263536200091 2.120263536200091
building 1 1.6607312068216509 1.6607312068216509
bulletin 1 2.5257286443082556 2.5257286443082556
business 1 1.6094379124341003 1.6094379124341003
cafe 1 4.605170185988092 4.605170185988092
california 1 1.4696759700589417 1.4696759700589417
call 1 1.7719568419318754 1.7719568419318754
carolina 1 1.7147984280919266 1.7147984280919266
category 1 0.0 0.0
categoryhandler 1 3.912023005428146 3.912023005428146
cavett 1 4.605170185988092 4.605170185988092
ccnet 1 4.605170185988092 4.605170185988092
center 1 1.171182981502945 1.171182981502945
centerpx 1 0.0408219945202552 0.0408219945202552
central 0 1.07880966137193 0.0
ceremony 1 2.302585092994046 2.302585092994046
chairman 1 1.8325814637483102 1.8325814637483102
champion 0 1.3862943611198906 0.0
change 0 0.0 0.0
changed 1 1.6607312068216509 1.6607312068216509
charles 1 1.171182981502945 1.171182981502945
charlotte 1 2.5257286443082556 2.5257286443082556
chicago 1 1.8971199848858813 1.8971199848858813
child 0 1.07880966137193 0.0
childrens 1 2.207274913189721 2.207274913189721
citation 1 0.0408219945202552 0.0408219945202552
cite 1 0.0 0.0
citenews 1 1.5606477482646683 1.5606477482646683
citeweb 1 0.5447271754416719 0.5447271754416719
citizen 0 1.9661128563728327 0.0
city 1 0.6348782724359695 0.6348782724359695
cityspace 1 4.605170185988092 4.605170185988092
cleveland 1 2.0402208285265546 2.0402208285265546
clinic 0 3.2188758248682006 0.0
clinical 1 3.506557897319982 3.506557897319982
code 1 0.0 0.0
collaboration 1 2.8134107167600364 2.8134107167600364
collaborative 1 3.912023005428146 3.912023005428146
college 1 1.1394342831883648 1.1394342831883648
comdex 1 4.605170185988092 4.605170185988092
comedian 1 3.506557897319982 3.506557897319982
comedy 1 2.8134107167600364 2.8134107167600364
commerce 1 2.5257286443082556 2.5257286443082556
common 0 0.0 0.0
communication 1 2.207274913189721 2.207274913189721
community 1 1.6094379124341003 1.6094379124341003
competition 1 1.8971199848858813 1.8971199848858813
computer 1 2.5257286443082556 2.5257286443082556
computerized 1 4.605170185988092 4.605170185988092
computing 1 4.605170185988092 4.605170185988092
conduct 1 0.0 0.0
conference 1 1.3862943611198906 1.3862943611198906
congress 1 1.7147984280919266 1.7147984280919266
conjunction 1 3.912023005428146 3.912023005428146
consulting 1 3.912023005428146 3.912023005428146
contact 1 0.0 0.0
content 1 0.0 0.0
contentdriven 1 4.605170185988092 4.605170185988092
context 1 0.010050335853501506 0.010050335853501506
contribute 1 0.0 0.0
contribution 0 0.0 0.0
cookie 1 0.0 0.0
cookiematch 1 0.0 0.0
cool 1 3.506557897319982 3.506557897319982
corporate 1 3.2188758248682006 3.2188758248682006
counterpart 1 2.995732273553991 2.995732273553991
country 1 0.843970070294529 0.843970070294529
coverage 1 2.995732273553991 2.995732273553991
create 1 0.0 0.0
created 1 1.5606477482646683 1.5606477482646683
creating 1 2.0402208285265546 2.0402208285265546
creative 1 0.0 0.0
criterion 0 3.2188758248682006 0.0
csmaintcolorf 1 0.06187540371808745 0.06187540371808745
csmaintcolorfmedia 1 0.0408219945202552 0.0408219945202552
cswsicon 1 0.0408219945202552 0.0408219945202552
culture 1 1.6094379124341003 1.6094379124341003
current 1 0.0 0.0
customer 0 3.2188758248682006 0.0
cyberspace 1 3.912023005428146 3.912023005428146
cygnus 1 4.605170185988092 4.605170185988092
data 1 1.3862943611198906 1.3862943611198906
davis 1 1.6607312068216509 1.6607312068216509
day 1 0.5276327420823719 0.5276327420823719
dead 1 1.5606477482646683 1.5606477482646683
deadline 1 3.506557897319982 3.506557897319982
deadlink 1 3.506557897319982 3.506557897319982
december 1 0.37106368139083196 0.37106368139083196
dedicated 1 2.407945608651872 2.407945608651872
definitive 1 4.605170185988092 4.605170185988092
delivered 1 3.2188758248682006 3.2188758248682006
demise 1 4.605170185988092 4.605170185988092
designed 1 2.5257286443082556 2.5257286443082556
developer 0 0.0 0.0
dia 1 3.506557897319982 3.506557897319982
dick 1 2.120263536200091 2.120263536200091
dietitian 1 4.605170185988092 4.605170185988092
difference 0 2.302585092994046 0.0
digital 1 1.9661128563728327 1.9661128563728327
dinner 1 3.912023005428146 3.912023005428146
disability 0 3.912023005428146 0.0
disclaimer 0 0.0 0.0
disease 1 2.5257286443082556 2.5257286443082556
distance 1 2.995732273553991 2.995732273553991
district 1 1.4271163556401458 1.4271163556401458
division 1 1.2729656758128876 1.2729656758128876
doctor 0 1.6607312068216509 0.0
doit 1 4.605170185988092 4.605170185988092
domain 1 2.5257286443082556 2.5257286443082556
donate 1 0.0 0.0
download 1 0.0 0.0
east 1 1.0498221244986776 1.0498221244986776
easy 1 2.659260036932778 2.659260036932778
ebert 1 4.605170185988092 4.605170185988092
ecic 1 4.605170185988092 4.605170185988092
economic 1 1.7719568419318754 1.7719568419318754
ed 0 2.120263536200091 0.0
education 1 1.3470736479666094 1.3470736479666094
educational 1 2.5257286443082556 2.5257286443082556
electronic 1 2.995732273553991 2.995732273553991
eleven 1 2.207274913189721 2.207274913189721
eligible 1 2.302585092994046 2.302585092994046
emceed 1 4.605170185988092 4.605170185988092
emceeed 1 4.605170185988092 4.605170185988092
emergency 1 3.506557897319982 3.506557897319982
empower 1 4.605170185988092 4.605170185988092
empowering 1 4.605170185988092 4.605170185988092
encouraging 1 3.912023005428146 3.912023005428146
encyclopedia 1 0.0 0.0
engage 1 3.506557897319982 3.506557897319982
english 1 0.0 0.0
enterprise 1 2.5257286443082556 2.5257286443082556
entertainment 1 1.8325814637483102 1.8325814637483102
entry 1 1.5606477482646683 1.5606477482646683
entrysubmit 1 4.605170185988092 4.605170185988092
environfacts 1 4.605170185988092 4.605170185988092
environmental 1 2.8134107167600364 2.8134107167600364
epanet 1 4.605170185988092 4.605170185988092
etrade 1 4.605170185988092 4.605170185988092
event 0 0.0 0.0
every 1 1.4271163556401458 1.4271163556401458
examined 1 4.605170185988092 4.605170185988092
example 0 1.8325814637483102 0.0
excellence 1 4.605170185988092 4.605170185988092
exchange 1 1.9661128563728327 1.9661128563728327
exp 1 0.0 0.0
expectant 1 4.605170185988092 4.605170185988092
expected 1 2.659260036932778 2.659260036932778
extended 1 2.207274913189721 2.207274913189721
external 1 0.44628710262841953 0.44628710262841953
face 0 1.9661128563728327 0.0
facilitates 1 4.605170185988092 4.605170185988092
fact 1 1.5141277326297755 1.5141277326297755
family 0 0.9162907318741551 0.0
fastlane 1 4.605170185988092 4.605170185988092
february 1 0.27443684570176036 0.27443684570176036
female 1 2.207274913189721 2.207274913189721
field 1 1.0498221244986776 1.0498221244986776
fifth 1 2.120263536200091 2.120263536200091
file 1 0.0 0.0
finalist 1 4.605170185988092 4.605170185988092
financial 1 1.8325814637483102 1.8325814637483102
firehousecom 1 4.605170185988092 4.605170185988092
first 1 0.1508228897345837 0.1508228897345837
fix 1 2.5257286443082556 2.5257286443082556
flosscom 1 4.605170185988092 4.605170185988092
flow 1 2.659260036932778 2.659260036932778
forecast 0 3.912023005428146 0.0
forget 1 2.995732273553991 2.995732273553991
formerly 1 1.8325814637483102 1.8325814637483102
foundation 1 0.0 0.0
fourth 1 1.4696759700589417 1.4696759700589417
fpsis 1 4.605170185988092 4.605170185988092
francis 1 1.6607312068216509 1.6607312068216509
francisco 1 1.7719568419318754 1.7719568419318754
free 1 0.0 0.0
friend 0 1.3470736479666094 0.0
future 1 1.6607312068216509 1.6607312068216509
game 1 1.2378743560016172 1.2378743560016172
gardencom 1 4.605170185988092 4.605170185988092
gardener 0 4.605170185988092 0.0
gene 1 2.995732273553991 2.995732273553991
general 1 0.0 0.0
generation 1 1.9661128563728327 1.9661128563728327
georgia 1 2.302585092994046 2.302585092994046
get 1 0.0 0.0
getting 1 2.207274913189721 2.207274913189721
gii 1 4.605170185988092 4.605170185988092
give 1 1.5141277326297755 1.5141277326297755
given 1 1.2378743560016172 1.2378743560016172
global 1 1.7719568419318754 1.7719568419318754
gore 1 4.605170185988092 4.605170185988092
government 1 1.1086626245216111 1.1086626245216111
grand 1 1.7719568419318754 1.7719568419318754
group 1 0.8209805520698303 0.8209805520698303
gun 1 2.207274913189721 2.207274913189721
hake 1 4.605170185988092 4.605170185988092
health 1 1.6607312068216509 1.6607312068216509
held 1 1.171182981502945 1.171182981502945
help 1 0.0 0.0
helping 1 2.995732273553991 2.995732273553991
hidden 1 0.010050335853501506 0.010050335853501506
hide 1 0.0 0.0
high 1 0.9416085398584451 0.9416085398584451
highway 1 2.8134107167600364 2.8134107167600364
hilton 1 3.2188758248682006 3.2188758248682006
history 1 0.0 0.0
home 1 0.7339691750802005 0.7339691750802005
honored 1 4.605170185988092 4.605170185988092
hope 1 1.6607312068216509 1.6607312068216509
hospital 0 1.9661128563728327 0.0
hot 1 2.8134107167600364 2.8134107167600364
hotel 1 2.5257286443082556 2.5257286443082556
hour 1 1.7719568419318754 1.7719568419318754
idlockfree 1 0.0408219945202552 0.0408219945202552
idlockfreeidlockfree 1 0.0408219945202552 0.0408219945202552
idlocklimited 1 0.0408219945202552 0.0408219945202552
idlockregistration 1 0.0408219945202552 0.0408219945202552
idlocksubscription 1 0.0408219945202552 0.0408219945202552
ill 1 2.995732273553991 2.995732273553991
improve 1 1.8325814637483102 1.8325814637483102
inc 1 0.0 0.0
include 1 1.3093333199837622 1.3093333199837622
indianapolis 1 2.659260036932778 2.659260036932778
individual 0 1.5606477482646683 0.0
industry 1 1.8325814637483102 1.8325814637483102
infectious 1 3.912023005428146 3.912023005428146
infobox 1 0.3011050927839216 0.3011050927839216
infoboxaward 1 3.912023005428146 3.912023005428146
infoboxtable 1 0.3147107448397002 0.3147107448397002
information 1 0.0 0.0
infrastructure 1 2.659260036932778 2.659260036932778
initiative 1 2.8134107167600364 2.8134107167600364
innovation 1 2.8134107167600364 2.8134107167600364
insight 1 4.605170185988092 4.605170185988092
institute 1 1.5141277326297755 1.5141277326297755
interaction 1 2.659260036932778 2.659260036932778
interactive 1 2.995732273553991 2.995732273553991
international 1 0.5978370007556204 0.5978370007556204
internet 1 2.302585092994046 2.302585092994046
internetworking 1 4.605170185988092 4.605170185988092
isoc 1 4.605170185988092 4.605170185988092
item 1 0.010050335853501506 0.010050335853501506
james 1 1.0498221244986776 1.0498221244986776
january 1 0.3424903089467759 0.3424903089467759
jason 1 1.6607312068216509 1.6607312068216509
jim 1 1.4696759700589417 1.4696759700589417
join 1 1.6607312068216509 1.6607312068216509
josh 1 2.120263536200091 2.120263536200091
journal 1 1.3093333199837622 1.3093333199837622
judge 0 2.302585092994046 0.0
judging 1 3.912023005428146 3.912023005428146
july 1 0.43078291609245434 0.43078291609245434
jump 1 0.0 0.0
june 1 0.40047756659712536 0.40047756659712536
kent 1 3.2188758248682006 3.2188758248682006
key 1 1.6094379124341003 1.6094379124341003
kid 0 1.8971199848858813 0.0
kidsites 1 4.605170185988092 4.605170185988092
known 1 0.7985076962177716 0.7985076962177716
language 0 0.0 0.0
largescale 1 3.912023005428146 3.912023005428146
last 1 0.0 0.0
later 1 0.5621189181535412 0.5621189181535412
law 1 1.4271163556401458 1.4271163556401458
learn 1 0.0 0.0
learner 0 4.605170185988092 0.0
learning 1 2.407945608651872 2.407945608651872
lest 1 4.605170185988092 4.605170185988092
library 1 1.6094379124341003 1.6094379124341003
license 1 0.0 0.0
lifelong 1 4.605170185988092 4.605170185988092
link 1 0.0 0.0
llc 1 3.912023005428146 3.912023005428146
log 1 0.0 0.0
logged 1 0.0 0.0
look 1 2.0402208285265546 2.0402208285265546
lucent 1 3.912023005428146 3.912023005428146
magazine 1 1.8971199848858813 1.8971199848858813
main 1 0.0 0.0
make 1 1.0498221244986776 1.0498221244986776
male 1 1.6607312068216509 1.6607312068216509
management 1 1.7719568419318754 1.7719568419318754
manager 1 2.120263536200091 2.120263536200091
march 1 0.3147107448397002 0.3147107448397002
market 0 2.120263536200091 0.0
marketing 1 2.8134107167600364 2.8134107167600364
material 0 1.3093333199837622 0.0
may 1 0.0 0.0
medium 0 0.49429632181478017 0.0
melanie 1 3.506557897319982 3.506557897319982
member 0 0.6733445532637655 0.0
mentoring 1 4.605170185988092 4.605170185988092
menu 1 0.0 0.0
million 1 1.6094379124341003 1.6094379124341003
mobile 1 0.0 0.0
model 1 1.8971199848858813 1.8971199848858813
monica 1 3.912023005428146 3.912023005428146
move 1 0.0 0.0
mullen 1 3.912023005428146 3.912023005428146
name 1 0.5276327420823719 0.5276327420823719
named 1 1.2039728043259361 1.2039728043259361
nation 1 1.2729656758128876 1.2729656758128876
national 1 0.5108256237659907 0.5108256237659907
navbarfontsizemedia 1 0.3147107448397002 0.3147107448397002
navigation 1 0.0 0.0
net 1 2.5257286443082556 2.5257286443082556
netpreneur 1 4.605170185988092 4.605170185988092
network 1 1.3470736479666094 1.3470736479666094
new 1 0.24846135929849972 0.24846135929849972
news 1 0.843970070294529 0.843970070294529
newspaperlike 1 4.605170185988092 4.605170185988092
newswire 1 4.605170185988092 4.605170185988092
next 1 1.1086626245216111 1.1086626245216111
nextravaganza 1 4.605170185988092 4.605170185988092
nfs 1 4.605170185988092 4.605170185988092
nii 1 2.8134107167600364 2.8134107167600364
nominationspermanent 1 4.605170185988092 4.605170185988092
nonprofit 1 0.0 0.0
north 1 0.8209805520698303 0.8209805520698303
november 1 0.3011050927839216 0.3011050927839216
nurse 1 3.2188758248682006 3.2188758248682006
office 1 1.1086626245216111 1.1086626245216111
official 0 0.7550225842780328 0.0
online 1 1.4696759700589417 1.4696759700589417
opportunity 0 2.5257286443082556 0.0
org 1 3.912023005428146 3.912023005428146
organization 1 0.0 0.0
organizationname 1 0.010050335853501506 0.010050335853501506
original 1 0.4155154439616658 0.4155154439616658
originally 1 1.9661128563728327 1.9661128563728327
outbreak 0 3.912023005428146 0.0
outstanding 1 3.2188758248682006 3.2188758248682006
page 1 0.0 0.0
palo 1 4.605170185988092 4.605170185988092
panel 1 2.8134107167600364 2.8134107167600364
parent 0 1.9661128563728327 0.0
park 1 1.3093333199837622 1.3093333199837622
patient 0 3.506557897319982 0.0
paula 1 2.995732273553991 2.995732273553991
pdfprintable 1 0.0 0.0
pen 1 2.207274913189721 2.207274913189721
people 1 0.49429632181478017 0.49429632181478017
permanent 1 0.0 0.0
permanently 1 2.5257286443082556 2.5257286443082556
personal 1 0.0 0.0
personality 1 2.207274913189721 2.207274913189721
philadelphia 1 2.5257286443082556 2.5257286443082556
pioneering 1 3.506557897319982 3.506557897319982
play 1 1.2039728043259361 1.2039728043259361
playground 1 3.506557897319982 3.506557897319982
plugged 1 4.605170185988092 4.605170185988092
pluggedinorg 1 4.605170185988092 4.605170185988092
policy 1 0.0 0.0
popular 1 1.4696759700589417 1.4696759700589417
portal 1 0.0 0.0
possible 1 1.8971199848858813 1.8971199848858813
poster 0 2.407945608651872 0.0
postponed 1 2.8134107167600364 2.8134107167600364
potential 1 2.659260036932778 2.659260036932778
poundstone 1 4.605170185988092 4.605170185988092
presentation 0 2.995732273553991 0.0
presented 1 1.9661128563728327 1.9661128563728327
president 1 1.3470736479666094 1.3470736479666094
press 1 0.7550225842780328 0.7550225842780328
prestigious 1 2.995732273553991 2.995732273553991
principally 1 4.605170185988092 4.605170185988092
printexport 1 0.0 0.0
privacy 1 0.0 0.0
production 0 1.6607312068216509 0.0
program 1 1.7719568419318754 1.7719568419318754
project 1 0.0 0.0
promise 1 2.659260036932778 2.659260036932778
protection 1 2.407945608651872 2.407945608651872
provide 1 2.302585092994046 2.302585092994046
provides 1 2.659260036932778 2.659260036932778
providing 1 2.8134107167600364 2.8134107167600364
public 1 0.9675840262617057 0.9675840262617057
publishing 1 1.7719568419318754 1.7719568419318754
purchased 1 2.120263536200091 2.120263536200091
quality 1 2.407945608651872 2.407945608651872
quest 1 2.5257286443082556 2.5257286443082556
quoted 1 3.506557897319982 3.506557897319982
random 1 0.0 0.0
read 1 0.0 0.0
reader 0 2.8134107167600364 0.0
ready 1 2.302585092994046 2.302585092994046
real 1 1.4271163556401458 1.4271163556401458
reallife 1 3.912023005428146 3.912023005428146
received 1 1.1394342831883648 1.1394342831883648
recent 1 0.0 0.0
recipient 0 2.995732273553991 0.0
recognize 1 2.995732273553991 2.995732273553991
recognized 1 2.659260036932778 2.659260036932778
recycling 1 4.605170185988092 4.605170185988092
reducing 1 2.995732273553991 2.995732273553991
reference 0 0.03045920748470844 0.0
reflist 1 0.06187540371808745 0.06187540371808745
reflistcolumns 1 0.06187540371808745 0.06187540371808745
reg 1 0.0 0.0
registered 1 0.0 0.0
related 1 0.0 0.0
release 1 1.3093333199837622 1.3093333199837622
represent 1 2.8134107167600364 2.8134107167600364
required 1 2.407945608651872 2.407945608651872
resource 1 1.7147984280919266 1.7147984280919266
retrieved 1 0.0 0.0
revolution 1 1.9661128563728327 1.9661128563728327
roger 1 1.9661128563728327 1.9661128563728327
rural 1 2.8134107167600364 2.8134107167600364
san 1 1.2378743560016172 1.2378743560016172
santa 1 2.659260036932778 2.659260036932778
scheduled 1 2.407945608651872 2.407945608651872
scholarship 0 4.605170185988092 0.0
school 1 0.7765287894989963 0.7765287894989963
schwab 1 3.912023005428146 3.912023005428146
science 1 1.171182981502945 1.171182981502945
screen 1 0.010050335853501506 0.010050335853501506
search 1 0.0 0.0
second 1 0.49429632181478017 0.49429632181478017
secondary 1 2.659260036932778 2.659260036932778
see 1 0.40047756659712536 0.40047756659712536
selected 1 2.207274913189721 2.207274913189721
semifinalist 1 4.605170185988092 4.605170185988092
seriously 1 3.2188758248682006 3.2188758248682006
serve 1 2.207274913189721 2.207274913189721
service 1 1.2378743560016172 1.2378743560016172
set 1 0.9942522733438669 0.9942522733438669
share 1 0.0 0.0
shortened 1 0.0 0.0
show 1 1.0498221244986776 1.0498221244986776
showcase 1 4.605170185988092 4.605170185988092
sidebar 1 0.0 0.0
siskel 1 4.605170185988092 4.605170185988092
site 1 0.0 0.0
six 1 1.3470736479666094 1.3470736479666094
smart 1 2.659260036932778 2.659260036932778
social 1 1.3093333199837622 1.3093333199837622
south 1 0.9162907318741551 0.9162907318741551
space 1 1.7719568419318754 1.7719568419318754
special 1 0.0 0.0
sponsor 1 2.995732273553991 2.995732273553991
sport 0 1.1394342831883648 0.0
spring 1 1.5606477482646683 1.5606477482646683
spun 1 4.605170185988092 4.605170185988092
starbright 1 4.605170185988092 4.605170185988092
starlight 1 4.605170185988092 4.605170185988092
state 0 0.3147107448397002 0.0
statement 1 0.0 0.0
statistic 0 0.0 0.0
street 1 1.4271163556401458 1.4271163556401458
structure 1 1.8325814637483102 1.8325814637483102
student 0 1.3862943611198906 0.0
studio 0 1.8971199848858813 0.0
submit 1 3.506557897319982 3.506557897319982
submitted 1 2.8134107167600364 2.8134107167600364
subsection 1 0.3424903089467759 0.3424903089467759
substance 1 3.912023005428146 3.912023005428146
superhighway 1 4.605170185988092 4.605170185988092
support 1 1.2729656758128876 1.2729656758128876
supported 1 1.8325814637483102 1.8325814637483102
system 1 0.9162907318741551 0.9162907318741551
table 1 0.0 0.0
tablet 1 3.506557897319982 3.506557897319982
talk 1 0.0 0.0
teaching 1 2.302585092994046 2.302585092994046
team 0 1.0498221244986776 0.0
technology 1 1.7719568419318754 1.7719568419318754
telecollaboration 1 4.605170185988092 4.605170185988092
television 1 1.6607312068216509 1.6607312068216509
template 1 0.0 0.0
term 0 0.0 0.0
text 1 0.0 0.0
thbodyskinresponsive 1 0.3147107448397002 0.3147107448397002
think 1 2.207274913189721 2.207274913189721
third 1 0.9162907318741551 0.9162907318741551
though 1 1.6607312068216509 1.6607312068216509
throughout 1 1.171182981502945 1.171182981502945
together 1 1.5141277326297755 1.5141277326297755
toggle 1 0.010050335853501506 0.010050335853501506
tool 0 0.0 0.0
top 1 0.010050335853501506 0.010050335853501506
topic 1 0.0 0.0
total 1 0.0 0.0
tower 0 2.5257286443082556 0.0
track 1 1.7719568419318754 1.7719568419318754
trademark 1 0.0 0.0
transaction 0 2.8134107167600364 0.0
turing 1 4.605170185988092 4.605170185988092
two 1 0.43078291609245434 0.43078291609245434
undersea 1 3.912023005428146 3.912023005428146
understand 1 3.506557897319982 3.506557897319982
unique 1 2.207274913189721 2.207274913189721
united 1 0.4155154439616658 0.4155154439616658
university 1 0.616186139423817 0.616186139423817
upload 1 0.0 0.0
us 0 1.6094379124341003 0.0
use 1 0.0 0.0
used 1 0.8675005677047231 0.8675005677047231
user 0 2.995732273553991 0.0
using 1 0.0 0.0
utah 1 2.302585092994046 2.302585092994046
utc 1 0.0 0.0
var 1 0.0 0.0
venue 0 2.407945608651872 0.0
version 1 0.0 0.0
vibrant 1 3.506557897319982 3.506557897319982
vice 1 1.6607312068216509 1.6607312068216509
victim 0 2.407945608651872 0.0
view 1 0.0 0.0
vii 1 2.995732273553991 2.995732273553991
violence 1 2.8134107167600364 2.8134107167600364
virtual 1 3.506557897319982 3.506557897319982
visit 1 2.0402208285265546 2.0402208285265546
visiting 1 3.912023005428146 3.912023005428146
vnsny 1 4.605170185988092 4.605170185988092
waiting 1 3.2188758248682006 3.2188758248682006
wall 1 1.9661128563728327 1.9661128563728327
warehouse 1 3.506557897319982 3.506557897319982
washington 1 1.2378743560016172 1.2378743560016172
waste 1 3.506557897319982 3.506557897319982
weather 1 3.506557897319982 3.506557897319982
web 1 1.4696759700589417 1.4696759700589417
webbased 1 3.912023005428146 3.912023005428146
well 1 0.7765287894989963 0.7765287894989963
wide 1 2.5257286443082556 2.5257286443082556
wikidata 1 0.010050335853501506 0.010050335853501506
wikimedia 1 0.0 0.0
wikipedia 1 0.0 0.0
win 1 1.1086626245216111 1.1086626245216111
winner 1 1.5141277326297755 1.5141277326297755
wired 1 4.605170185988092 4.605170185988092
work 1 0.7133498878774648 0.7133498878774648
world 1 0.5108256237659907 0.5108256237659907
worldwide 1 2.407945608651872 2.407945608651872
writer 1 1.5141277326297755 1.5141277326297755
yahoo 1 3.506557897319982 3.506557897319982
year 1 0.3424903089467759 0.3424903089467759
york 1 0.8209805520698303 0.8209805520698303
ziff 1 4.605170185988092 4.605170185988092
