account 1 0.0 0.0
accounting 1 2.995732273553991 2.995732273553991
act 1 1.3470736479666094 1.3470736479666094
action 0 0.0 0.0
add 1 0.0 0.0
additional 1 0.0 0.0
adopted 1 2.207274913189721 2.207274913189721
africa 1 2.5257286443082556 2.5257286443082556
agend 1 4.605170185988092 4.605170185988092
agepresent 1 4.605170185988092 4.605170185988092
aggregate 1 2.995732273553991 2.995732273553991
agree 1 0.0 0.0
alike 1 0.0 0.0
allowance 1 3.912023005428146 3.912023005428146
almost 1 1.7147984280919266 1.7147984280919266
also 1 0.127833371509885 0.127833371509885
alternative 1 2.207274913189721 2.207274913189721
america 1 0.8675005677047231 0.8675005677047231
american 1 0.5276327420823719 0.5276327420823719
amp 1 0.4620354595965586 0.4620354595965586
amsterdam 1 4.605170185988092 4.605170185988092
anli 1 4.605170185988092 4.605170185988092
announced 1 1.2039728043259361 1.2039728043259361
announcement 1 2.302585092994046 2.302585092994046
anson 1 3.506557897319982 3.506557897319982
appearance 1 0.0 0.0
appendix 1 3.912023005428146 3.912023005428146
apply 1 0.0 0.0
apprehension 1 4.605170185988092 4.605170185988092
april 1 0.44628710262841953 0.44628710262841953
arendal 1 4.605170185988092 4.605170185988092
argentine 1 2.659260036932778 2.659260036932778
armenian 1 3.506557897319982 3.506557897319982
around 1 1.0216512475319812 1.0216512475319812
arthur 1 1.7147984280919266 1.7147984280919266
article 1 0.0 0.0
artificial 1 3.2188758248682006 3.2188758248682006
asian 1 2.407945608651872 2.407945608651872
asset 1 3.2188758248682006 3.2188758248682006
associated 1 1.4696759700589417 1.4696759700589417
attempt 1 1.6607312068216509 1.6607312068216509
attribution 1 0.0 0.0
august 1 0.3424903089467759 0.3424903089467759
auspex 0 3.506557897319982 0.0
australia 1 1.4696759700589417 1.4696759700589417
australian 1 1.9661128563728327 1.9661128563728327
austrian 1 2.8134107167600364 2.8134107167600364
author 0 1.8971199848858813 0.0
auto 1 0.1392620673335076 0.1392620673335076
available 1 0.0 0.0
away 1 1.5606477482646683 1.5606477482646683
back 1 1.0216512475319812 1.0216512475319812
backed 1 3.912023005428146 3.912023005428146
background 1 1.7147984280919266 1.7147984280919266
backing 1 3.2188758248682006 3.2188758248682006
balance 1 2.5257286443082556 2.5257286443082556
bangladesh 1 3.912023005428146 3.912023005428146
bank 1 2.0402208285265546 2.0402208285265546
banking 1 2.995732273553991 2.995732273553991
banknote 0 4.605170185988092 0.0
bankruptcy 1 3.912023005428146 3.912023005428146
baring 1 4.605170185988092 4.605170185988092
based 1 1.07880966137193 1.07880966137193
bear 1 2.302585092994046 2.302585092994046
became 1 0.7133498878774648 0.7133498878774648
began 1 0.8675005677047231 0.8675005677047231
beginning 1 1.6607312068216509 1.6607312068216509
belgian 1 3.506557897319982 3.506557897319982
belize 1 3.912023005428146 3.912023005428146
bengal 1 2.995732273553991 2.995732273553991
bholat 1 4.605170185988092 4.605170185988092
bill 0 1.171182981502945 0.0
black 1 0.8915981192837835 0.8915981192837835
blockade 1 4.605170185988092 4.605170185988092
bloomsbury 1 3.912023005428146 3.912023005428146
blue 1 1.4696759700589417 1.4696759700589417
board 1 1.5606477482646683 1.5606477482646683
bond 1 2.659260036932778 2.659260036932778
book 1 0.6348782724359695 0.6348782724359695
boom 1 3.2188758248682006 3.2188758248682006
bordo 1 4.605170185988092 4.605170185988092
borrowing 1 3.912023005428146 3.912023005428146
botswana 1 3.912023005428146 3.912023005428146
bourse 1 4.605170185988092 4.605170185988092
boydell 1 4.605170185988092 4.605170185988092
brazilian 1 2.8134107167600364 2.8134107167600364
breach 1 4.605170185988092 4.605170185988092
brexit 1 4.605170185988092 4.605170185988092
britain 1 2.5257286443082556 2.5257286443082556
british 1 1.5606477482646683 1.5606477482646683
bubble 1 4.605170185988092 4.605170185988092
built 1 1.6607312068216509 1.6607312068216509
bullion 1 4.605170185988092 4.605170185988092
business 1 1.6094379124341003 1.6094379124341003
bust 0 3.2188758248682006 0.0
calming 1 3.912023005428146 3.912023005428146
cambridge 1 2.120263536200091 2.120263536200091
cameroonian 1 4.605170185988092 4.605170185988092
campbell 1 2.207274913189721 2.207274913189721
canada 1 1.4696759700589417 1.4696759700589417
capital 1 2.302585092994046 2.302585092994046
carry 1 2.5257286443082556 2.5257286443082556
category 0 0.0 0.0
centerpx 1 0.0408219945202552 0.0408219945202552
central 1 1.07880966137193 1.07880966137193
century 1 1.3470736479666094 1.3470736479666094
cham 1 4.605170185988092 4.605170185988092
chancellor 1 3.2188758248682006 3.2188758248682006
change 0 0.0 0.0
chapter 1 1.9661128563728327 1.9661128563728327
charles 1 1.171182981502945 1.171182981502945
charter 1 2.995732273553991 2.995732273553991
chicago 1 1.8971199848858813 1.8971199848858813
chilean 1 2.659260036932778 2.659260036932778
chinese 1 2.5257286443082556 2.5257286443082556
chronic 1 3.506557897319982 3.506557897319982
circulate 1 3.912023005428146 3.912023005428146
circulation 1 3.912023005428146 3.912023005428146
citation 1 0.0408219945202552 0.0408219945202552
cite 1 0.0 0.0
citebook 1 1.8971199848858813 1.8971199848858813
civil 1 1.7719568419318754 1.7719568419318754
cleared 1 3.912023005428146 3.912023005428146
code 1 0.0 0.0
collapse 1 3.2188758248682006 3.2188758248682006
collected 1 2.5257286443082556 2.5257286443082556
colonial 1 2.5257286443082556 2.5257286443082556
colony 0 2.8134107167600364 0.0
combat 1 2.120263536200091 2.120263536200091
commenced 1 3.2188758248682006 3.2188758248682006
commercial 1 2.0402208285265546 2.0402208285265546
commodity 1 4.605170185988092 4.605170185988092
common 0 0.0 0.0
commonwealth 1 2.995732273553991 2.995732273553991
commonwealthof 1 4.605170185988092 4.605170185988092
completely 1 2.5257286443082556 2.5257286443082556
composed 1 1.8971199848858813 1.8971199848858813
conduct 1 0.0 0.0
contact 1 0.0 0.0
contagion 1 4.605170185988092 4.605170185988092
contained 1 2.8134107167600364 2.8134107167600364
content 1 0.0 0.0
context 1 0.010050335853501506 0.010050335853501506
contribute 1 0.0 0.0
contribution 0 0.0 0.0
cookie 1 0.0 0.0
cookiematch 1 0.0 0.0
cooley 1 3.2188758248682006 3.2188758248682006
cooperation 1 2.5257286443082556 2.5257286443082556
copper 1 4.605170185988092 4.605170185988092
correction 1 3.912023005428146 3.912023005428146
correspondent 1 2.995732273553991 2.995732273553991
cost 1 2.0402208285265546 2.0402208285265546
could 1 1.2378743560016172 1.2378743560016172
counterlistitema 1 0.127833371509885 0.127833371509885
country 1 0.843970070294529 0.843970070294529
covid 1 3.2188758248682006 3.2188758248682006
crash 1 2.5257286443082556 2.5257286443082556
create 1 0.0 0.0
creative 1 0.0 0.0
crisis 1 2.302585092994046 2.302585092994046
crump 1 4.605170185988092 4.605170185988092
crunch 1 4.605170185988092 4.605170185988092
csmaintcolorf 1 0.06187540371808745 0.06187540371808745
csmaintcolorfmedia 1 0.0408219945202552 0.0408219945202552
cswsicon 1 0.0408219945202552 0.0408219945202552
cuban 1 3.912023005428146 3.912023005428146
currency 1 3.912023005428146 3.912023005428146
current 1 0.0 0.0
curve 1 4.605170185988092 4.605170185988092
cycle 1 2.5257286443082556 2.5257286443082556
cypriot 1 4.605170185988092 4.605170185988092
danish 1 3.2188758248682006 3.2188758248682006
dated 1 2.995732273553991 2.995732273553991
david 1 0.9942522733438669 0.9942522733438669
debasement 1 4.605170185988092 4.605170185988092
debt 1 2.995732273553991 2.995732273553991
december 1 0.37106368139083196 0.37106368139083196
decline 1 2.5257286443082556 2.5257286443082556
definite 1 3.506557897319982 3.506557897319982
deflation 1 4.605170185988092 4.605170185988092
demand 1 2.407945608651872 2.407945608651872
deposit 0 3.912023005428146 0.0
depression 1 3.2188758248682006 3.2188758248682006
described 1 1.5141277326297755 1.5141277326297755
description 1 0.07257069283483537 0.07257069283483537
developed 1 1.7147984280919266 1.7147984280919266
developer 0 0.0 0.0
dichotomy 1 3.506557897319982 3.506557897319982
direct 1 2.5257286443082556 2.5257286443082556
disclaimer 0 0.0 0.0
disinflation 1 4.605170185988092 4.605170185988092
documented 1 3.506557897319982 3.506557897319982
donate 1 0.0 0.0
dornbusch 1 4.605170185988092 4.605170185988092
dotcom 1 4.605170185988092 4.605170185988092
download 1 0.0 0.0
downturn 1 4.605170185988092 4.605170185988092
drain 0 3.506557897319982 0.0
drained 1 4.605170185988092 4.605170185988092
dtaftercontent 1 0.127833371509885 0.127833371509885
dubai 1 3.912023005428146 3.912023005428146
dutch 1 2.407945608651872 2.407945608651872
earl 1 2.659260036932778 2.659260036932778
early 1 0.6348782724359695 0.6348782724359695
economic 1 1.7719568419318754 1.7719568419318754
economist 1 3.506557897319982 3.506557897319982
economy 1 2.8134107167600364 2.8134107167600364
ecuador 1 3.912023005428146 3.912023005428146
ed 0 2.120263536200091 0.0
effect 1 2.0402208285265546 2.0402208285265546
effective 1 2.995732273553991 2.995732273553991
egyptian 1 2.8134107167600364 2.8134107167600364
encilhamento 1 4.605170185988092 4.605170185988092
encyclopedia 1 0.0 0.0
end 1 0.7985076962177716 0.7985076962177716
ended 1 2.0402208285265546 2.0402208285265546
energy 1 1.6607312068216509 1.6607312068216509
engels 1 4.605170185988092 4.605170185988092
england 1 1.6607312068216509 1.6607312068216509
english 1 0.0 0.0
entered 1 1.9661128563728327 1.9661128563728327
erupted 1 2.995732273553991 2.995732273553991
established 1 1.1086626245216111 1.1086626245216111
european 1 1.3093333199837622 1.3093333199837622
evans 1 2.207274913189721 2.207274913189721
event 0 0.0 0.0
evidence 1 2.302585092994046 2.302585092994046
exchequer 1 4.605170185988092 4.605170185988092
exp 1 0.0 0.0
expansion 1 2.0402208285265546 2.0402208285265546
explains 1 2.302585092994046 2.302585092994046
explanation 1 2.995732273553991 2.995732273553991
eyebrow 0 4.605170185988092 0.0
fact 0 1.5141277326297755 0.0
failed 1 2.302585092994046 2.302585092994046
failure 1 2.659260036932778 2.659260036932778
fall 1 1.07880966137193 1.07880966137193
falling 1 2.8134107167600364 2.8134107167600364
famine 1 3.912023005428146 3.912023005428146
favored 1 3.912023005428146 3.912023005428146
fiduciary 1 4.605170185988092 4.605170185988092
figure 0 1.3470736479666094 0.0
file 1 0.0 0.0
financial 1 1.8325814637483102 1.8325814637483102
finnish 1 3.506557897319982 3.506557897319982
firm 0 2.407945608651872 0.0
first 1 0.1508228897345837 0.1508228897345837
five 1 1.0216512475319812 1.0216512475319812
fixed 1 4.605170185988092 4.605170185988092
flash 1 3.506557897319982 3.506557897319982
focus 1 2.0402208285265546 2.0402208285265546
fold 1 4.605170185988092 4.605170185988092
following 1 0.7133498878774648 0.7133498878774648
food 1 1.9661128563728327 1.9661128563728327
foundation 1 0.0 0.0
france 1 1.2039728043259361 1.2039728043259361
frederick 1 2.302585092994046 2.302585092994046
free 1 0.0 0.0
frenkel 1 4.605170185988092 4.605170185988092
friday 1 2.8134107167600364 2.8134107167600364
frost 1 3.506557897319982 3.506557897319982
frosted 1 4.605170185988092 4.605170185988092
frustrated 1 3.912023005428146 3.912023005428146
fuel 1 2.995732273553991 2.995732273553991
fund 0 2.407945608651872 0.0
funding 1 2.995732273553991 2.995732273553991
furthermore 1 3.506557897319982 3.506557897319982
gareth 1 3.506557897319982 3.506557897319982
garland 1 3.506557897319982 3.506557897319982
general 1 0.0 0.0
german 1 1.7147984280919266 1.7147984280919266
get 1 0.0 0.0
ghana 1 3.912023005428146 3.912023005428146
gilded 1 4.605170185988092 4.605170185988092
glasner 1 4.605170185988092 4.605170185988092
glass 1 2.8134107167600364 2.8134107167600364
global 1 1.7719568419318754 1.7719568419318754
glut 1 4.605170185988092 4.605170185988092
gold 1 1.6094379124341003 1.6094379124341003
government 1 1.1086626245216111 1.1086626245216111
governmentdebt 1 4.605170185988092 4.605170185988092
governor 1 2.302585092994046 2.302585092994046
grain 1 4.605170185988092 4.605170185988092
great 1 0.9675840262617057 0.9675840262617057
greek 1 2.407945608651872 2.407945608651872
green 1 1.171182981502945 1.171182981502945
grey 1 2.995732273553991 2.995732273553991
growth 1 2.8134107167600364 2.8134107167600364
guaranteed 1 4.605170185988092 4.605170185988092
heavy 1 2.407945608651872 2.407945608651872
held 1 1.171182981502945 1.171182981502945
help 1 0.0 0.0
henry 1 1.5606477482646683 1.5606477482646683
hidden 1 0.010050335853501506 0.010050335853501506
hide 1 0.0 0.0
highland 1 2.995732273553991 2.995732273553991
historical 1 1.8325814637483102 1.8325814637483102
history 1 0.0 0.0
hit 1 2.407945608651872 2.407945608651872
hlist 1 0.127833371509885 0.127833371509885
hlistinline 1 0.127833371509885 0.127833371509885
house 0 1.0216512475319812 0.0
housing 1 2.8134107167600364 2.8134107167600364
however 1 0.6931471805599453 0.6931471805599453
huerta 1 3.912023005428146 3.912023005428146
hungarian 1 3.2188758248682006 3.2188758248682006
hyperinflation 1 4.605170185988092 4.605170185988092
icelandic 1 4.605170185988092 4.605170185988092
idlockfree 1 0.0408219945202552 0.0408219945202552
idlockfreeidlockfree 1 0.0408219945202552 0.0408219945202552
idlocklimited 1 0.0408219945202552 0.0408219945202552
idlockregistration 1 0.0408219945202552 0.0408219945202552
idlocksubscription 1 0.0408219945202552 0.0408219945202552
immediately 1 2.207274913189721 2.207274913189721
impact 1 2.302585092994046 2.302585092994046
import 0 2.8134107167600364 0.0
inc 1 0.0 0.0
increased 1 2.302585092994046 2.302585092994046
indemnifying 1 4.605170185988092 4.605170185988092
india 1 1.7147984280919266 1.7147984280919266
indian 1 1.9661128563728327 1.9661128563728327
indonesian 1 2.995732273553991 2.995732273553991
industrial 1 2.5257286443082556 2.5257286443082556
industry 1 1.8325814637483102 1.8325814637483102
inflation 1 3.506557897319982 3.506557897319982
information 1 0.0 0.0
interest 1 1.6607312068216509 1.6607312068216509
interesting 1 2.8134107167600364 2.8134107167600364
internally 1 4.605170185988092 4.605170185988092
international 1 0.5978370007556204 0.5978370007556204
interwar 1 4.605170185988092 4.605170185988092
inverted 1 3.912023005428146 3.912023005428146
investment 1 2.5257286443082556 2.5257286443082556
ireland 1 2.302585092994046 2.302585092994046
irish 1 2.659260036932778 2.659260036932778
isbn 1 0.9942522733438669 0.9942522733438669
island 1 1.5141277326297755 1.5141277326297755
israel 1 1.7147984280919266 1.7147984280919266
issuance 1 4.605170185988092 4.605170185988092
item 1 0.010050335853501506 0.010050335853501506
james 1 1.0498221244986776 1.0498221244986776
japanese 1 2.0402208285265546 2.0402208285265546
jesus 1 2.659260036932778 2.659260036932778
john 1 0.49429632181478017 0.49429632181478017
july 1 0.43078291609245434 0.43078291609245434
jump 1 0.0 0.0
kang 1 3.506557897319982 3.506557897319982
karl 1 2.659260036932778 2.659260036932778
kennedy 1 2.407945608651872 2.407945608651872
kilian 1 4.605170185988092 4.605170185988092
kingdom 1 1.5141277326297755 1.5141277326297755
kingdomth 1 4.605170185988092 4.605170185988092
kipper 1 4.605170185988092 4.605170185988092
known 1 0.7985076962177716 0.7985076962177716
kynaston 1 4.605170185988092 4.605170185988092
land 1 1.5141277326297755 1.5141277326297755
language 1 0.0 0.0
lanka 1 2.8134107167600364 2.8134107167600364
lankan 1 4.605170185988092 4.605170185988092
last 1 0.0 0.0
lasted 1 2.8134107167600364 2.8134107167600364
latin 1 2.5257286443082556 2.5257286443082556
latvian 1 4.605170185988092 4.605170185988092
learn 1 0.0 0.0
leaving 1 1.7147984280919266 1.7147984280919266
lebanese 1 3.912023005428146 3.912023005428146
led 1 1.07880966137193 1.07880966137193
legally 1 2.995732273553991 2.995732273553991
lender 0 3.912023005428146 0.0
letter 1 2.207274913189721 2.207274913189721
letts 1 3.912023005428146 3.912023005428146
level 1 1.9661128563728327 1.9661128563728327
liaftercontent 1 0.127833371509885 0.127833371509885
license 1 0.0 0.0
link 1 0.0 0.0
liquidity 1 4.605170185988092 4.605170185988092
list 1 0.6348782724359695 0.6348782724359695
listed 1 2.302585092994046 2.302585092994046
loan 1 2.5257286443082556 2.5257286443082556
local 1 1.4696759700589417 1.4696759700589417
location 1 1.171182981502945 1.171182981502945
log 1 0.0 0.0
logged 1 0.0 0.0
london 1 1.5141277326297755 1.5141277326297755
long 1 1.1086626245216111 1.1086626245216111
longmans 1 3.912023005428146 3.912023005428146
low 1 1.9661128563728327 1.9661128563728327
macmillan 1 3.506557897319982 3.506557897319982
main 1 0.0 0.0
mainother 1 1.5141277326297755 1.5141277326297755
maint 1 1.6607312068216509 1.6607312068216509
major 1 1.1086626245216111 1.1086626245216111
malaysia 1 3.2188758248682006 3.2188758248682006
management 1 1.7719568419318754 1.7719568419318754
manakh 1 4.605170185988092 4.605170185988092
mania 1 3.912023005428146 3.912023005428146
manual 1 2.5257286443082556 2.5257286443082556
many 1 0.7550225842780328 0.7550225842780328
march 1 0.3147107448397002 0.3147107448397002
market 1 2.120263536200091 2.120263536200091
marx 1 4.605170185988092 4.605170185988092
match 0 0.8675005677047231 0.0
mauritian 1 4.605170185988092 4.605170185988092
mauritius 1 3.912023005428146 3.912023005428146
maximum 1 2.659260036932778 2.659260036932778
may 1 0.0 0.0
measure 0 2.659260036932778 0.0
menu 1 0.0 0.0
mexican 1 2.5257286443082556 2.5257286443082556
miao 1 4.605170185988092 4.605170185988092
michael 1 1.171182981502945 1.171182981502945
mike 1 1.6094379124341003 1.6094379124341003
mile 0 1.8971199848858813 0.0
minicrash 1 4.605170185988092 4.605170185988092
minimize 1 4.605170185988092 4.605170185988092
minister 1 1.5606477482646683 1.5606477482646683
minor 1 2.207274913189721 2.207274913189721
minsky 1 4.605170185988092 4.605170185988092
missing 1 1.8971199848858813 1.8971199848858813
mississippi 1 2.407945608651872 2.407945608651872
mobile 1 0.0 0.0
model 1 1.8971199848858813 1.8971199848858813
moderation 1 4.605170185988092 4.605170185988092
moment 1 2.302585092994046 2.302585092994046
monday 1 2.8134107167600364 2.8134107167600364
monetarist 1 4.605170185988092 4.605170185988092
monetary 1 3.912023005428146 3.912023005428146
money 1 1.8325814637483102 1.8325814637483102
morier 1 4.605170185988092 4.605170185988092
mortgage 1 3.2188758248682006 3.2188758248682006
mostly 1 2.407945608651872 2.407945608651872
move 1 0.0 0.0
movement 1 1.6607312068216509 1.6607312068216509
multiple 1 1.6607312068216509 1.6607312068216509
myanmar 1 3.2188758248682006 3.2188758248682006
name 0 0.5276327420823719 0.0
namibia 1 4.605170185988092 4.605170185988092
napoleonic 1 3.2188758248682006 3.2188758248682006
nation 0 1.2729656758128876 0.0
nationsrecessions 1 4.605170185988092 4.605170185988092
navbar 1 0.23572233352106994 0.23572233352106994
navbarmini 1 0.23572233352106994 0.23572233352106994
navbox 1 0.1392620673335076 0.1392620673335076
navboximage 1 0.1392620673335076 0.1392620673335076
navboxsubgroup 1 0.1392620673335076 0.1392620673335076
navboxtitle 1 0.1392620673335076 0.1392620673335076
navigation 1 0.0 0.0
nepal 1 3.912023005428146 3.912023005428146
neutrality 1 4.605170185988092 4.605170185988092
nevertheless 1 2.5257286443082556 2.5257286443082556
neville 1 3.506557897319982 3.506557897319982
new 1 0.24846135929849972 0.24846135929849972
nominal 1 3.506557897319982 3.506557897319982
nonbank 1 4.605170185988092 4.605170185988092
nonprofit 1 0.0 0.0
norwegian 1 2.659260036932778 2.659260036932778
note 1 0.8209805520698303 0.8209805520698303
november 1 0.3011050927839216 0.3011050927839216
number 1 0.7550225842780328 0.7550225842780328
numeric 1 4.605170185988092 4.605170185988092
occurred 1 2.407945608651872 2.407945608651872
oclccite 1 3.506557897319982 3.506557897319982
october 1 0.28768207245178085 0.28768207245178085
oil 1 2.5257286443082556 2.5257286443082556
ollibeforecontent 1 0.127833371509885 0.127833371509885
one 1 0.23572233352106994 0.23572233352106994
organization 1 0.0 0.0
organizationname 1 0.010050335853501506 0.010050335853501506
outcome 0 3.2188758248682006 0.0
outflow 0 3.912023005428146 0.0
overemphasized 1 4.605170185988092 4.605170185988092
overproduction 1 4.605170185988092 4.605170185988092
overwhelmed 1 3.912023005428146 3.912023005428146
oxford 1 2.5257286443082556 2.5257286443082556
page 1 0.0 0.0
pagetype 1 1.2729656758128876 1.2729656758128876
pakistan 1 2.995732273553991 2.995732273553991
pakistani 1 3.2188758248682006 3.2188758248682006
palgrave 1 3.912023005428146 3.912023005428146
pandemic 1 3.2188758248682006 3.2188758248682006
panic 1 3.2188758248682006 3.2188758248682006
paper 0 1.6607312068216509 0.0
paradox 1 3.506557897319982 3.506557897319982
paris 1 2.0402208285265546 2.0402208285265546
particular 1 2.120263536200091 2.120263536200091
particularly 1 2.120263536200091 2.120263536200091
passed 1 2.5257286443082556 2.5257286443082556
pay 1 2.120263536200091 2.120263536200091
pdf 1 1.0498221244986776 1.0498221244986776
pdfprintable 1 0.0 0.0
peel 1 3.506557897319982 3.506557897319982
peng 1 3.912023005428146 3.912023005428146
period 1 1.4271163556401458 1.4271163556401458
perkins 1 2.8134107167600364 2.8134107167600364
permanent 1 0.0 0.0
personal 1 0.0 0.0
peso 1 4.605170185988092 4.605170185988092
phase 0 2.302585092994046 0.0
plan 0 1.4696759700589417 0.0
policy 1 0.0 0.0
polski 1 1.3470736479666094 1.3470736479666094
portal 1 0.0 0.0
portuguese 1 2.302585092994046 2.302585092994046
possibly 1 2.659260036932778 2.659260036932778
post 1 1.07880966137193 1.07880966137193
potato 1 4.605170185988092 4.605170185988092
ppcite 1 4.605170185988092 4.605170185988092
pre 1 2.5257286443082556 2.5257286443082556
present 1 0.9675840262617057 0.9675840262617057
presented 1 1.9661128563728327 1.9661128563728327
press 1 0.7550225842780328 0.7550225842780328
price 1 1.9661128563728327 1.9661128563728327
priceandwage 1 4.605170185988092 4.605170185988092
prime 1 2.0402208285265546 2.0402208285265546
printbodyns 1 0.09431067947124142 0.09431067947124142
printexport 1 0.0 0.0
privacy 1 0.0 0.0
productivity 1 4.605170185988092 4.605170185988092
progress 1 3.2188758248682006 3.2188758248682006
prohibited 1 2.995732273553991 2.995732273553991
project 0 0.0 0.0
property 1 1.7147984280919266 1.7147984280919266
proportionately 1 4.605170185988092 4.605170185988092
provision 1 2.407945608651872 2.407945608651872
publisher 1 1.8325814637483102 1.8325814637483102
publishing 1 1.7719568419318754 1.7719568419318754
puerto 1 3.2188758248682006 3.2188758248682006
quantity 1 3.912023005428146 3.912023005428146
railroad 1 3.2188758248682006 3.2188758248682006
railway 1 3.2188758248682006 3.2188758248682006
raised 1 2.8134107167600364 2.8134107167600364
raising 1 3.506557897319982 3.506557897319982
random 1 0.0 0.0
rate 1 2.407945608651872 2.407945608651872
rationing 1 4.605170185988092 4.605170185988092
reached 1 2.302585092994046 2.302585092994046
read 1 0.0 0.0
real 1 1.4271163556401458 1.4271163556401458
recent 1 0.0 0.0
recession 1 4.605170185988092 4.605170185988092
recovery 1 3.2188758248682006 3.2188758248682006
reduced 1 2.995732273553991 2.995732273553991
reference 0 0.03045920748470844 0.0
reflist 1 0.06187540371808745 0.06187540371808745
reflistcolumns 1 0.06187540371808745 0.06187540371808745
reg 1 0.0 0.0
registered 1 0.0 0.0
regression 1 4.605170185988092 4.605170185988092
relate 1 3.912023005428146 3.912023005428146
related 1 0.0 0.0
relation 1 1.7719568419318754 1.7719568419318754
relentless 1 3.912023005428146 3.912023005428146
relief 1 2.8134107167600364 2.8134107167600364
relieve 1 4.605170185988092 4.605170185988092
represented 1 1.7719568419318754 1.7719568419318754
republic 1 1.5141277326297755 1.5141277326297755
required 1 2.407945608651872 2.407945608651872
reserve 1 2.207274913189721 2.207274913189721
resumed 1 4.605170185988092 4.605170185988092
retrieved 1 0.0 0.0
retrospective 1 4.605170185988092 4.605170185988092
revolution 1 1.9661128563728327 1.9661128563728327
rhode 1 3.2188758248682006 3.2188758248682006
rican 1 3.912023005428146 3.912023005428146
ricardo 0 2.995732273553991 0.0
ridgewaycite 1 4.605170185988092 4.605170185988092
rieder 1 4.605170185988092 4.605170185988092
rise 1 1.8325814637483102 1.8325814637483102
risk 1 2.5257286443082556 2.5257286443082556
roaring 1 4.605170185988092 4.605170185988092
robert 1 0.8675005677047231 0.8675005677047231
rolling 1 2.8134107167600364 2.8134107167600364
rubber 1 3.506557897319982 3.506557897319982
rule 1 1.4696759700589417 1.4696759700589417
run 1 1.171182981502945 1.171182981502945
russian 1 2.120263536200091 2.120263536200091
ryland 1 4.605170185988092 4.605170185988092
sahm 1 4.605170185988092 4.605170185988092
samba 1 3.912023005428146 3.912023005428146
sand 1 3.2188758248682006 3.2188758248682006
saturday 1 2.407945608651872 2.407945608651872
saving 0 2.407945608651872 0.0
scam 1 3.912023005428146 3.912023005428146
school 1 0.7765287894989963 0.7765287894989963
scotland 1 2.659260036932778 2.659260036932778
screen 1 0.010050335853501506 0.010050335853501506
sea 1 2.0402208285265546 2.0402208285265546
search 1 0.0 0.0
secondary 1 2.659260036932778 2.659260036932778
sector 1 2.995732273553991 2.995732273553991
see 1 0.40047756659712536 0.40047756659712536
selloff 1 4.605170185988092 4.605170185988092
september 1 0.43078291609245434 0.43078291609245434
serious 1 2.659260036932778 2.659260036932778
set 1 0.9942522733438669 0.9942522733438669
severity 1 4.605170185988092 4.605170185988092
shanghai 1 3.2188758248682006 3.2188758248682006
shape 0 3.2188758248682006 0.0
share 1 0.0 0.0
sharply 1 3.912023005428146 3.912023005428146
sheet 1 3.912023005428146 3.912023005428146
shock 1 3.2188758248682006 3.2188758248682006
short 1 0.06187540371808745 0.06187540371808745
shortdescription 1 0.2613647641344075 0.2613647641344075
shortened 1 0.0 0.0
shwa 1 4.605170185988092 4.605170185988092
sidebar 1 0.0 0.0
silver 1 1.8971199848858813 1.8971199848858813
since 1 0.7985076962177716 0.7985076962177716
singapore 1 3.2188758248682006 3.2188758248682006
site 1 0.0 0.0
situation 1 2.407945608651872 2.407945608651872
slide 1 4.605170185988092 4.605170185988092
slump 1 4.605170185988092 4.605170185988092
social 1 1.3093333199837622 1.3093333199837622
solid 1 0.09431067947124142 0.09431067947124142
soto 1 3.912023005428146 3.912023005428146
sought 1 2.5257286443082556 2.5257286443082556
souk 1 4.605170185988092 4.605170185988092
south 1 0.9162907318741551 0.9162907318741551
sovereign 1 3.506557897319982 3.506557897319982
soviet 1 2.407945608651872 2.407945608651872
spanish 1 1.7719568419318754 1.7719568419318754
special 1 0.0 0.0
speculation 1 3.506557897319982 3.506557897319982
speculative 1 3.2188758248682006 3.2188758248682006
spread 1 2.302585092994046 2.302585092994046
sri 1 2.8134107167600364 2.8134107167600364
stability 1 3.506557897319982 3.506557897319982
stabilizing 1 4.605170185988092 4.605170185988092
stagflation 1 4.605170185988092 4.605170185988092
stagnation 1 4.605170185988092 4.605170185988092
standard 1 1.6607312068216509 1.6607312068216509
standstill 1 3.912023005428146 3.912023005428146
state 1 0.3147107448397002 0.3147107448397002
statement 1 0.0 0.0
statistic 0 0.0 0.0
steel 1 2.207274913189721 2.207274913189721
sterling 1 2.8134107167600364 2.8134107167600364
stickiness 1 4.605170185988092 4.605170185988092
stock 1 2.302585092994046 2.302585092994046
storm 0 2.302585092994046 0.0
street 1 1.4271163556401458 1.4271163556401458
subprime 1 4.605170185988092 4.605170185988092
supply 1 2.5257286443082556 2.5257286443082556
supplydemand 1 4.605170185988092 4.605170185988092
supporter 0 2.659260036932778 0.0
surge 1 3.506557897319982 3.506557897319982
suspended 1 2.995732273553991 2.995732273553991
swedish 1 3.2188758248682006 3.2188758248682006
switzerland 1 2.407945608651872 2.407945608651872
syrian 1 3.506557897319982 3.506557897319982
system 1 0.9162907318741551 0.9162907318741551
table 1 0.0 0.0
talk 1 0.0 0.0
tax 0 2.8134107167600364 0.0
tdhlist 1 0.1392620673335076 0.1392620673335076
template 1 0.0 0.0
term 0 0.0 0.0
terror 1 3.2188758248682006 3.2188758248682006
text 1 0.0 0.0
theory 1 2.302585092994046 2.302585092994046
therefore 1 2.207274913189721 2.207274913189721
third 1 0.9162907318741551 0.9162907318741551
thomas 1 1.1394342831883648 1.1394342831883648
thought 0 1.8971199848858813 0.0
thousand 0 1.9661128563728327 0.0
thrift 1 4.605170185988092 4.605170185988092
throughout 1 1.171182981502945 1.171182981502945
thus 1 1.7147984280919266 1.7147984280919266
till 1 2.302585092994046 2.302585092994046
time 1 0.28768207245178085 0.28768207245178085
toggle 1 0.010050335853501506 0.010050335853501506
tool 0 0.0 0.0
top 1 0.010050335853501506 0.010050335853501506
topic 1 0.0 0.0
total 1 0.0 0.0
track 1 1.7719568419318754 1.7719568419318754
trade 1 1.7147984280919266 1.7147984280919266
trademark 1 0.0 0.0
transferred 1 1.9661128563728327 1.9661128563728327
triggered 1 3.912023005428146 3.912023005428146
triumph 1 3.2188758248682006 3.2188758248682006
trough 1 4.605170185988092 4.605170185988092
tulip 1 4.605170185988092 4.605170185988092
turbulence 1 3.912023005428146 3.912023005428146
turkish 1 2.5257286443082556 2.5257286443082556
turner 1 2.207274913189721 2.207274913189721
twenty 0 3.506557897319982 0.0
two 1 0.43078291609245434 0.43078291609245434
ukrainian 1 3.2188758248682006 3.2188758248682006
ulpaddingem 1 0.1392620673335076 0.1392620673335076
und 1 3.506557897319982 3.506557897319982
underconsumption 1 4.605170185988092 4.605170185988092
unemployment 1 3.506557897319982 3.506557897319982
united 1 0.4155154439616658 0.4155154439616658
university 1 0.616186139423817 0.616186139423817
upload 1 0.0 0.0
upon 1 1.2729656758128876 1.2729656758128876
uruguay 1 3.506557897319982 3.506557897319982
use 1 0.0 0.0
using 1 0.0 0.0
utc 1 0.0 0.0
value 1 1.9661128563728327 1.9661128563728327
var 1 0.0 0.0
vast 1 3.2188758248682006 3.2188758248682006
velocity 1 4.605170185988092 4.605170185988092
venezuela 1 2.995732273553991 2.995732273553991
venezuelan 1 3.506557897319982 3.506557897319982
version 1 0.0 0.0
victorian 1 3.912023005428146 3.912023005428146
view 1 0.0 0.0
volume 1 1.6094379124341003 1.6094379124341003
vte 1 0.7550225842780328 0.7550225842780328
wall 1 1.9661128563728327 1.9661128563728327
war 1 0.7985076962177716 0.7985076962177716
ward 1 2.302585092994046 2.302585092994046
warera 1 4.605170185988092 4.605170185988092
wartime 1 3.2188758248682006 3.2188758248682006
wednesday 1 3.506557897319982 3.506557897319982
week 1 1.2729656758128876 1.2729656758128876
weimar 1 4.605170185988092 4.605170185988092
wikidata 1 0.010050335853501506 0.010050335853501506
wikimedia 1 0.0 0.0
wikipedia 1 0.0 0.0
wilson 1 1.7719568419318754 1.7719568419318754
wipper 1 4.605170185988092 4.605170185988092
withdrawn 1 3.2188758248682006 3.2188758248682006
without 1 1.3093333199837622 1.3093333199837622
woodbridge 1 4.605170185988092 4.605170185988092
work 0 0.7133498878774648 0.0
world 1 0.5108256237659907 0.5108256237659907
worldwide 1 2.407945608651872 2.407945608651872
would 1 0.7550225842780328 0.7550225842780328
wwii 1 3.912023005428146 3.912023005428146
year 0 0.3424903089467759 0.0
yield 1 3.506557897319982 3.506557897319982
york 1 0.8209805520698303 0.8209805520698303
yugoslav 1 3.2188758248682006 3.2188758248682006
zambia 1 4.605170185988092 4.605170185988092
zealand 1 2.120263536200091 2.120263536200091
zimbabwean 1 3.912023005428146 3.912023005428146
