ab 0 3.506557897319982 0.0
academic 1 1.8971199848858813 1.8971199848858813
accepting 1 3.2188758248682006 3.2188758248682006
accompanied 1 2.8134107167600364 2.8134107167600364
accomplish 1 3.912023005428146 3.912023005428146
according 1 1.3093333199837622 1.3093333199837622
accordingtowhom 1 4.605170185988092 4.605170185988092
account 1 0.0 0.0
action 0 0.0 0.0
activity 0 1.8325814637483102 0.0
adapted 1 2.995732273553991 2.995732273553991
add 1 0.0 0.0
additional 1 0.0 0.0
adoption 1 3.2188758248682006 3.2188758248682006
advantage 1 3.506557897319982 3.506557897319982
advertise 1 4.605170185988092 4.605170185988092
advertising 1 2.8134107167600364 2.8134107167600364
affiliated 1 2.995732273553991 2.995732273553991
agplv 1 4.605170185988092 4.605170185988092
agree 1 0.0 0.0
agreement 1 2.5257286443082556 2.5257286443082556
albert 1 2.0402208285265546 2.0402208285265546
alienated 1 4.605170185988092 4.605170185988092
aligned 1 3.506557897319982 3.506557897319982
alike 1 0.0 0.0
allowing 1 2.8134107167600364 2.8134107167600364
allows 1 2.5257286443082556 2.5257286443082556
almost 1 1.7147984280919266 1.7147984280919266
also 1 0.127833371509885 0.127833371509885
american 1 0.5276327420823719 0.5276327420823719
among 1 1.2378743560016172 1.2378743560016172
analogous 1 3.506557897319982 3.506557897319982
announced 1 1.2039728043259361 1.2039728043259361
aplv 1 4.605170185988092 4.605170185988092
appearance 1 0.0 0.0
apple 1 2.659260036932778 2.659260036932778
applicability 1 4.605170185988092 4.605170185988092
application 1 2.0402208285265546 2.0402208285265546
applies 1 3.912023005428146 3.912023005428146
apply 1 0.0 0.0
approach 1 1.9661128563728327 1.9661128563728327
april 1 0.44628710262841953 0.44628710262841953
apsl 1 4.605170185988092 4.605170185988092
archived 1 0.47803580094299974 0.47803580094299974
archiveis 1 4.605170185988092 4.605170185988092
archivetodayarchived 1 4.605170185988092 4.605170185988092
arise 1 3.912023005428146 3.912023005428146
armin 1 3.506557897319982 3.506557897319982
around 1 1.0216512475319812 1.0216512475319812
article 1 0.0 0.0
artistic 1 3.912023005428146 3.912023005428146
assignment 1 2.995732273553991 2.995732273553991
assurance 0 3.506557897319982 0.0
asterisk 1 4.605170185988092 4.605170185988092
attempt 0 1.6607312068216509 0.0
attribution 1 0.0 0.0
august 1 0.3424903089467759 0.3424903089467759
author 1 1.8971199848858813 1.8971199848858813
available 1 0.0 0.0
badgeware 1 4.605170185988092 4.605170185988092
balance 1 2.5257286443082556 2.5257286443082556
base 1 1.4696759700589417 1.4696759700589417
based 1 1.07880966137193 1.07880966137193
basic 1 2.302585092994046 2.302585092994046
bean 0 3.2188758248682006 0.0
becomes 1 2.0402208285265546 2.0402208285265546
benefit 1 2.5257286443082556 2.5257286443082556
berdal 1 4.605170185988092 4.605170185988092
berkeley 1 3.506557897319982 3.506557897319982
bezroukov 1 4.605170185988092 4.605170185988092
bias 1 3.912023005428146 3.912023005428146
brand 1 2.302585092994046 2.302585092994046
bsd 1 4.605170185988092 4.605170185988092
build 1 2.120263536200091 2.120263536200091
business 1 1.6094379124341003 1.6094379124341003
buzz 1 3.912023005428146 3.912023005428146
cake 1 3.506557897319982 3.506557897319982
capability 0 3.912023005428146 0.0
carried 1 2.659260036932778 2.659260036932778
carrier 1 3.2188758248682006 3.2188758248682006
case 1 1.3862943611198906 1.3862943611198906
catal 1 3.2188758248682006 3.2188758248682006
category 0 0.0 0.0
center 1 1.171182981502945 1.171182981502945
centerpx 1 0.0408219945202552 0.0408219945202552
ceo 1 3.506557897319982 3.506557897319982
cge 1 4.605170185988092 4.605170185988092
change 1 0.0 0.0
channel 0 2.302585092994046 0.0
checkedaccording 1 4.605170185988092 4.605170185988092
choice 1 2.659260036932778 2.659260036932778
choose 1 3.2188758248682006 3.2188758248682006
citation 1 0.0408219945202552 0.0408219945202552
cite 1 0.0 0.0
citeweb 1 0.5447271754416719 0.5447271754416719
clone 0 2.8134107167600364 0.0
closed 1 2.207274913189721 2.207274913189721
cluster 1 3.912023005428146 3.912023005428146
cm 0 4.605170185988092 0.0
code 1 0.0 0.0
codebase 1 4.605170185988092 4.605170185988092
codeowning 1 4.605170185988092 4.605170185988092
coevolution 1 4.605170185988092 4.605170185988092
coined 1 3.912023005428146 3.912023005428146
combined 1 2.659260036932778 2.659260036932778
combining 1 3.506557897319982 3.506557897319982
come 0 1.3470736479666094 0.0
commercial 1 2.0402208285265546 2.0402208285265546
commercially 1 3.912023005428146 3.912023005428146
commitment 1 4.605170185988092 4.605170185988092
common 1 0.0 0.0
commonly 1 2.659260036932778 2.659260036932778
community 1 1.6094379124341003 1.6094379124341003
company 1 1.2729656758128876 1.2729656758128876
comparative 1 3.506557897319982 3.506557897319982
compared 1 2.120263536200091 2.120263536200091
compatibility 1 4.605170185988092 4.605170185988092
competitive 1 3.2188758248682006 3.2188758248682006
competitor 0 2.8134107167600364 0.0
complement 0 3.506557897319982 0.0
condition 0 2.0402208285265546 0.0
conduct 1 0.0 0.0
confidence 1 2.995732273553991 2.995732273553991
confirmed 1 2.207274913189721 2.207274913189721
confusion 1 2.995732273553991 2.995732273553991
constituent 0 2.995732273553991 0.0
contact 1 0.0 0.0
contains 1 2.8134107167600364 2.8134107167600364
content 1 0.0 0.0
context 1 0.010050335853501506 0.010050335853501506
contrast 1 2.995732273553991 2.995732273553991
contribute 1 0.0 0.0
contributes 1 4.605170185988092 4.605170185988092
contribution 0 0.0 0.0
contributor 1 3.912023005428146 3.912023005428146
control 1 0.7765287894989963 0.7765287894989963
controlled 1 2.8134107167600364 2.8134107167600364
conventional 1 3.2188758248682006 3.2188758248682006
cookie 1 0.0 0.0
cookiematch 1 0.0 0.0
copyleft 1 4.605170185988092 4.605170185988092
copyright 1 3.912023005428146 3.912023005428146
core 1 2.659260036932778 2.659260036932778
corporation 0 1.8971199848858813 0.0
cos 0 4.605170185988092 0.0
cosssugar 1 4.605170185988092 4.605170185988092
cost 1 2.0402208285265546 2.0402208285265546
could 1 1.2378743560016172 1.2378743560016172
coupled 1 3.506557897319982 3.506557897319982
create 1 0.0 0.0
creates 1 3.506557897319982 3.506557897319982
creating 1 2.0402208285265546 2.0402208285265546
creative 1 0.0 0.0
crippleware 1 4.605170185988092 4.605170185988092
critique 1 3.2188758248682006 3.2188758248682006
crm 1 4.605170185988092 4.605170185988092
crms 1 4.605170185988092 4.605170185988092
csmaintcolorf 1 0.06187540371808745 0.06187540371808745
csmaintcolorfmedia 1 0.0408219945202552 0.0408219945202552
cswsicon 1 0.0408219945202552 0.0408219945202552
current 1 0.0 0.0
customer 0 3.2188758248682006 0.0
customization 1 4.605170185988092 4.605170185988092
customizations 1 4.605170185988092 4.605170185988092
damaged 1 4.605170185988092 4.605170185988092
database 1 0.9675840262617057 0.9675840262617057
date 0 0.3147107448397002 0.0
december 1 0.37106368139083196 0.37106368139083196
dedicated 1 2.407945608651872 2.407945608651872
deeper 1 3.506557897319982 3.506557897319982
defense 1 1.7719568419318754 1.7719568419318754
deficient 1 4.605170185988092 4.605170185988092
definitely 1 3.506557897319982 3.506557897319982
demand 1 2.407945608651872 2.407945608651872
demonstrated 1 3.912023005428146 3.912023005428146
depth 1 2.8134107167600364 2.8134107167600364
derivative 1 4.605170185988092 4.605170185988092
derived 1 2.659260036932778 2.659260036932778
description 1 0.07257069283483537 0.07257069283483537
deutsch 1 0.9416085398584451 0.9416085398584451
developed 1 1.7147984280919266 1.7147984280919266
developer 0 0.0 0.0
development 1 1.3093333199837622 1.3093333199837622
differ 1 3.2188758248682006 3.2188758248682006
different 1 0.3424903089467759 0.3424903089467759
differentiation 1 4.605170185988092 4.605170185988092
differently 1 3.506557897319982 3.506557897319982
difficult 1 2.995732273553991 2.995732273553991
digium 1 4.605170185988092 4.605170185988092
diminish 1 4.605170185988092 4.605170185988092
dirk 1 3.912023005428146 3.912023005428146
disclaimer 0 0.0 0.0
discrimination 1 3.506557897319982 3.506557897319982
disincentive 1 4.605170185988092 4.605170185988092
display 1 2.659260036932778 2.659260036932778
distinguish 1 3.912023005428146 3.912023005428146
distribute 1 3.912023005428146 3.912023005428146
distributing 1 3.506557897319982 3.506557897319982
distributional 1 4.605170185988092 4.605170185988092
distributor 1 3.912023005428146 3.912023005428146
doisx 1 4.605170185988092 4.605170185988092
donate 1 0.0 0.0
done 1 2.302585092994046 2.302585092994046
download 1 0.0 0.0
downloadable 1 4.605170185988092 4.605170185988092
drive 1 2.0402208285265546 2.0402208285265546
driven 1 3.506557897319982 3.506557897319982
driving 1 2.302585092994046 2.302585092994046
dual 1 2.995732273553991 2.995732273553991
duallicense 1 4.605170185988092 4.605170185988092
duallicensed 1 4.605170185988092 4.605170185988092
early 1 0.6348782724359695 0.6348782724359695
easier 1 4.605170185988092 4.605170185988092
easy 1 2.659260036932778 2.659260036932778
eating 1 3.912023005428146 3.912023005428146
ebusiness 1 4.605170185988092 4.605170185988092
economic 1 1.7719568419318754 1.7719568419318754
effect 0 2.0402208285265546 0.0
efficiently 1 4.605170185988092 4.605170185988092
either 1 1.9661128563728327 1.9661128563728327
elude 1 4.605170185988092 4.605170185988092
embedded 1 3.912023005428146 3.912023005428146
emerge 1 3.912023005428146 3.912023005428146
employee 0 2.0402208285265546 0.0
encyclopedia 1 0.0 0.0
engaged 1 2.995732273553991 2.995732273553991
engine 1 2.0402208285265546 2.0402208285265546
english 1 0.0 0.0
enhance 1 3.2188758248682006 3.2188758248682006
ensure 1 3.506557897319982 3.506557897319982
enterprise 1 2.5257286443082556 2.5257286443082556
enthusiast 0 3.912023005428146 0.0
entry 1 1.5606477482646683 1.5606477482646683
environment 1 2.407945608651872 2.407945608651872
erp 1 4.605170185988092 4.605170185988092
espaol 1 1.1394342831883648 1.1394342831883648
especially 1 2.207274913189721 2.207274913189721
etc 1 2.659260036932778 2.659260036932778
even 1 1.1394342831883648 1.1394342831883648
event 0 0.0 0.0
eventually 1 1.9661128563728327 1.9661128563728327
everyone 1 2.8134107167600364 2.8134107167600364
exactly 1 3.912023005428146 3.912023005428146
example 1 1.8325814637483102 1.8325814637483102
exclusive 1 2.302585092994046 2.302585092994046
exercising 1 3.912023005428146 3.912023005428146
exp 1 0.0 0.0
explicit 1 3.506557897319982 3.506557897319982
exploiting 1 4.605170185988092 4.605170185988092
extension 0 2.207274913189721 0.0
external 1 0.44628710262841953 0.44628710262841953
facto 1 3.912023005428146 3.912023005428146
fairness 1 4.605170185988092 4.605170185988092
fear 0 2.659260036932778 0.0
feasible 1 4.605170185988092 4.605170185988092
feature 0 1.4696759700589417 0.0
february 1 0.27443684570176036 0.27443684570176036
fee 1 2.995732273553991 2.995732273553991
file 1 0.0 0.0
firefox 1 4.605170185988092 4.605170185988092
firm 1 2.407945608651872 2.407945608651872
five 1 1.0216512475319812 1.0216512475319812
fixspan 1 3.506557897319982 3.506557897319982
focus 1 2.0402208285265546 2.0402208285265546
fork 1 3.506557897319982 3.506557897319982
forking 1 4.605170185988092 4.605170185988092
form 1 1.3470736479666094 1.3470736479666094
foss 1 4.605170185988092 4.605170185988092
found 1 1.2039728043259361 1.2039728043259361
foundation 1 0.0 0.0
franais 1 0.8675005677047231 0.8675005677047231
free 1 0.0 0.0
freedom 1 2.302585092994046 2.302585092994046
freely 1 4.605170185988092 4.605170185988092
friction 1 3.912023005428146 3.912023005428146
fsf 1 4.605170185988092 4.605170185988092
fsfs 1 4.605170185988092 4.605170185988092
full 1 1.1086626245216111 1.1086626245216111
fully 1 2.5257286443082556 2.5257286443082556
function 1 2.207274913189721 2.207274913189721
functionality 1 3.912023005428146 3.912023005428146
general 1 0.0 0.0
generally 1 2.407945608651872 2.407945608651872
generate 1 3.912023005428146 3.912023005428146
get 1 0.0 0.0
getting 1 2.207274913189721 2.207274913189721
give 1 1.5141277326297755 1.5141277326297755
given 1 1.2378743560016172 1.2378743560016172
glossary 1 3.506557897319982 3.506557897319982
glyn 1 4.605170185988092 4.605170185988092
gnu 1 4.605170185988092 4.605170185988092
going 1 1.8325814637483102 1.8325814637483102
good 1 1.3093333199837622 1.3093333199837622
governance 1 3.2188758248682006 3.2188758248682006
gpl 1 4.605170185988092 4.605170185988092
gplcompatible 1 4.605170185988092 4.605170185988092
gplenforced 1 4.605170185988092 4.605170185988092
grade 1 3.506557897319982 3.506557897319982
grant 1 2.5257286443082556 2.5257286443082556
great 1 0.9675840262617057 0.9675840262617057
group 1 0.8209805520698303 0.8209805520698303
grows 1 3.912023005428146 3.912023005428146
guided 1 3.506557897319982 3.506557897319982
guideline 0 2.8134107167600364 0.0
hacker 0 3.912023005428146 0.0
hatnote 1 0.843970070294529 0.843970070294529
heather 1 2.407945608651872 2.407945608651872
help 1 0.0 0.0
hence 1 3.506557897319982 3.506557897319982
hidden 1 0.010050335853501506 0.010050335853501506
hide 1 0.0 0.0
highly 1 2.120263536200091 2.120263536200091
history 1 0.0 0.0
holder 1 3.506557897319982 3.506557897319982
home 1 0.7339691750802005 0.7339691750802005
however 1 0.6931471805599453 0.6931471805599453
huge 1 2.8134107167600364 2.8134107167600364
ice 1 2.659260036932778 2.659260036932778
ide 1 4.605170185988092 4.605170185988092
idea 1 1.8325814637483102 1.8325814637483102
idlockfree 1 0.0408219945202552 0.0408219945202552
idlockfreeidlockfree 1 0.0408219945202552 0.0408219945202552
idlocklimited 1 0.0408219945202552 0.0408219945202552
idlockregistration 1 0.0408219945202552 0.0408219945202552
idlocksubscription 1 0.0408219945202552 0.0408219945202552
illustrate 1 3.912023005428146 3.912023005428146
immoral 1 4.605170185988092 4.605170185988092
impact 1 2.302585092994046 2.302585092994046
imperative 1 3.912023005428146 3.912023005428146
inc 1 0.0 0.0
incentive 0 3.506557897319982 0.0
inclination 0 4.605170185988092 0.0
include 1 1.3093333199837622 1.3093333199837622
included 1 1.3093333199837622 1.3093333199837622
includes 1 1.9661128563728327 1.9661128563728327
incompatible 1 4.605170185988092 4.605170185988092
incorporate 1 3.506557897319982 3.506557897319982
incorporated 1 2.120263536200091 2.120263536200091
increase 1 2.302585092994046 2.302585092994046
indicate 1 2.302585092994046 2.302585092994046
individually 1 3.506557897319982 3.506557897319982
industry 1 1.8325814637483102 1.8325814637483102
influence 1 2.0402208285265546 2.0402208285265546
information 1 0.0 0.0
inherits 1 3.2188758248682006 3.2188758248682006
innovation 1 2.8134107167600364 2.8134107167600364
instance 1 3.2188758248682006 3.2188758248682006
intellectual 1 2.8134107167600364 2.8134107167600364
intended 1 2.120263536200091 2.120263536200091
interest 1 1.6607312068216509 1.6607312068216509
interfere 1 3.506557897319982 3.506557897319982
interview 1 1.8325814637483102 1.8325814637483102
invested 1 3.912023005428146 3.912023005428146
involved 1 1.5606477482646683 1.5606477482646683
item 1 0.010050335853501506 0.010050335853501506
january 1 0.3424903089467759 0.3424903089467759
juce 1 4.605170185988092 4.605170185988092
jul 1 2.995732273553991 2.995732273553991
july 1 0.43078291609245434 0.43078291609245434
jump 1 0.0 0.0
kde 1 4.605170185988092 4.605170185988092
kept 1 2.407945608651872 2.407945608651872
kernel 1 4.605170185988092 4.605170185988092
key 1 1.6094379124341003 1.6094379124341003
known 1 0.7985076962177716 0.7985076962177716
lack 1 2.120263536200091 2.120263536200091
lacking 1 2.120263536200091 2.120263536200091
language 0 0.0 0.0
last 1 0.0 0.0
later 1 0.5621189181535412 0.5621189181535412
latter 1 1.6607312068216509 1.6607312068216509
law 1 1.4271163556401458 1.4271163556401458
lead 1 1.6607312068216509 1.6607312068216509
learn 1 0.0 0.0
least 1 1.8971199848858813 1.8971199848858813
legally 1 2.995732273553991 2.995732273553991
legitimate 1 3.506557897319982 3.506557897319982
less 1 1.5141277326297755 1.5141277326297755
lesser 1 3.506557897319982 3.506557897319982
leveraging 1 4.605170185988092 4.605170185988092
lgpl 1 4.605170185988092 4.605170185988092
library 1 1.6094379124341003 1.6094379124341003
licence 0 3.2188758248682006 0.0
license 1 0.0 0.0
licensed 1 2.8134107167600364 2.8134107167600364
licensing 1 3.2188758248682006 3.2188758248682006
life 1 0.5447271754416719 0.5447271754416719
like 1 1.2039728043259361 1.2039728043259361
link 1 0.0 0.0
linux 1 4.605170185988092 4.605170185988092
little 1 1.4696759700589417 1.4696759700589417
log 1 0.0 0.0
logged 1 0.0 0.0
logically 1 4.605170185988092 4.605170185988092
logo 1 2.302585092994046 2.302585092994046
looking 1 2.8134107167600364 2.8134107167600364
loop 1 4.605170185988092 4.605170185988092
losing 1 2.120263536200091 2.120263536200091
lucumrpocooorg 1 4.605170185988092 4.605170185988092
made 1 0.653926467406664 0.653926467406664
magic 1 2.659260036932778 2.659260036932778
magnolia 1 4.605170185988092 4.605170185988092
main 1 0.0 0.0
mainother 1 1.5141277326297755 1.5141277326297755
make 1 1.0498221244986776 1.0498221244986776
making 1 1.6607312068216509 1.6607312068216509
management 1 1.7719568419318754 1.7719568419318754
managerial 1 3.912023005428146 3.912023005428146
many 1 0.7550225842780328 0.7550225842780328
march 1 0.3147107448397002 0.3147107448397002
marked 1 2.207274913189721 2.207274913189721
market 1 2.120263536200091 2.120263536200091
marketing 1 2.8134107167600364 2.8134107167600364
marti 1 3.912023005428146 3.912023005428146
massive 1 2.8134107167600364 2.8134107167600364
may 1 0.0 0.0
mdy 1 1.3862943611198906 1.3862943611198906
mean 1 1.7719568419318754 1.7719568419318754
meeker 1 4.605170185988092 4.605170185988092
menu 1 0.0 0.0
merit 0 3.506557897319982 0.0
mess 1 3.912023005428146 3.912023005428146
met 1 1.8325814637483102 1.8325814637483102
microloans 1 4.605170185988092 4.605170185988092
migrate 1 3.506557897319982 3.506557897319982
mikko 1 4.605170185988092 4.605170185988092
mikos 1 4.605170185988092 4.605170185988092
minimal 1 4.605170185988092 4.605170185988092
mit 1 3.506557897319982 3.506557897319982
mobile 1 0.0 0.0
model 1 1.8971199848858813 1.8971199848858813
modelio 1 4.605170185988092 4.605170185988092
modification 0 3.2188758248682006 0.0
modular 1 4.605170185988092 4.605170185988092
momentum 1 3.912023005428146 3.912023005428146
mongo 1 3.912023005428146 3.912023005428146
monopoly 1 4.605170185988092 4.605170185988092
month 0 0.8915981192837835 0.0
moody 1 2.8134107167600364 2.8134107167600364
mostly 1 2.407945608651872 2.407945608651872
motivation 0 3.912023005428146 0.0
mouth 1 2.8134107167600364 2.8134107167600364
move 1 0.0 0.0
mozilla 1 4.605170185988092 4.605170185988092
mpl 1 4.605170185988092 4.605170185988092
mrten 1 4.605170185988092 4.605170185988092
much 1 1.171182981502945 1.171182981502945
multi 1 3.912023005428146 3.912023005428146
multilicense 1 4.605170185988092 4.605170185988092
multilicensed 1 4.605170185988092 4.605170185988092
multilicensing 1 4.605170185988092 4.605170185988092
multiple 1 1.6607312068216509 1.6607312068216509
multiply 1 3.912023005428146 3.912023005428146
named 1 1.2039728043259361 1.2039728043259361
nature 1 2.0402208285265546 2.0402208285265546
navigation 1 0.0 0.0
necessarily 1 4.605170185988092 4.605170185988092
need 1 1.2039728043259361 1.2039728043259361
needed 1 1.3862943611198906 1.3862943611198906
net 1 2.5257286443082556 2.5257286443082556
netscape 1 4.605170185988092 4.605170185988092
network 1 1.3470736479666094 1.3470736479666094
never 1 1.4696759700589417 1.4696759700589417
new 1 0.24846135929849972 0.24846135929849972
news 1 0.843970070294529 0.843970070294529
nightmare 1 3.2188758248682006 3.2188758248682006
nikolai 1 3.912023005428146 3.912023005428146
nobody 1 3.2188758248682006 3.2188758248682006
nonfree 1 4.605170185988092 4.605170185988092
nonprofit 1 0.0 0.0
norway 1 2.120263536200091 2.120263536200091
note 0 0.8209805520698303 0.0
nov 1 2.0402208285265546 2.0402208285265546
november 1 0.3011050927839216 0.3011050927839216
number 1 0.7550225842780328 0.7550225842780328
observed 1 2.5257286443082556 2.5257286443082556
occasional 1 3.506557897319982 3.506557897319982
october 1 0.28768207245178085 0.28768207245178085
offer 1 2.302585092994046 2.302585092994046
offered 1 2.659260036932778 2.659260036932778
offering 1 2.995732273553991 2.995732273553991
official 1 0.7550225842780328 0.7550225842780328
one 1 0.23572233352106994 0.23572233352106994
open 1 1.4696759700589417 1.4696759700589417
opensource 1 4.605170185988092 4.605170185988092
operation 0 1.7147984280919266 0.0
opinion 1 2.120263536200091 2.120263536200091
opposing 1 3.2188758248682006 3.2188758248682006
option 1 2.120263536200091 2.120263536200091
optioncitation 1 4.605170185988092 4.605170185988092
oracle 1 3.912023005428146 3.912023005428146
organization 1 0.0 0.0
organizationname 1 0.010050335853501506 0.010050335853501506
origin 0 2.407945608651872 0.0
original 1 0.4155154439616658 0.4155154439616658
os 0 3.912023005428146 0.0
outside 1 1.7147984280919266 1.7147984280919266
outskirt 0 4.605170185988092 0.0
overall 1 1.8325814637483102 1.8325814637483102
overly 1 4.605170185988092 4.605170185988092
owning 1 3.506557897319982 3.506557897319982
package 1 3.912023005428146 3.912023005428146
padding 1 2.659260036932778 2.659260036932778
page 1 0.0 0.0
pagetype 1 1.2729656758128876 1.2729656758128876
paidfor 1 4.605170185988092 4.605170185988092
paper 1 1.6607312068216509 1.6607312068216509
partially 1 3.506557897319982 3.506557897319982
partner 0 2.995732273553991 0.0
party 0 1.2378743560016172 0.0
patent 0 2.995732273553991 0.0
pdfprintable 1 0.0 0.0
peculiarity 0 4.605170185988092 0.0
people 1 0.49429632181478017 0.49429632181478017
perception 1 3.912023005428146 3.912023005428146
perfect 1 2.207274913189721 2.207274913189721
peripheral 1 3.506557897319982 3.506557897319982
perl 1 3.506557897319982 3.506557897319982
perlorg 1 4.605170185988092 4.605170185988092
permanent 1 0.0 0.0
permissive 1 4.605170185988092 4.605170185988092
person 1 1.5606477482646683 1.5606477482646683
personal 1 0.0 0.0
perspective 0 2.8134107167600364 0.0
philip 1 1.7147984280919266 1.7147984280919266
phrase 0 2.995732273553991 0.0
pick 1 2.407945608651872 2.407945608651872
platform 1 2.659260036932778 2.659260036932778
plausible 1 4.605170185988092 4.605170185988092
plugins 1 4.605170185988092 4.605170185988092
point 1 1.2729656758128876 1.2729656758128876
policy 1 0.0 0.0
popularized 1 3.912023005428146 3.912023005428146
portal 1 0.0 0.0
portugus 1 1.171182981502945 1.171182981502945
possibility 1 2.5257286443082556 2.5257286443082556
possible 1 1.8971199848858813 1.8971199848858813
post 1 1.07880966137193 1.07880966137193
potentially 1 3.2188758248682006 3.2188758248682006
powered 1 3.506557897319982 3.506557897319982
practical 1 2.995732273553991 2.995732273553991
practice 1 2.0402208285265546 2.0402208285265546
precondition 1 4.605170185988092 4.605170185988092
preemptive 1 3.912023005428146 3.912023005428146
preference 1 4.605170185988092 4.605170185988092
preferential 1 4.605170185988092 4.605170185988092
prefix 0 4.605170185988092 0.0
presence 1 2.207274913189721 2.207274913189721
prevent 1 2.659260036932778 2.659260036932778
previously 1 1.8971199848858813 1.8971199848858813
price 1 1.9661128563728327 1.9661128563728327
principle 0 2.407945608651872 0.0
printbodyns 1 0.09431067947124142 0.09431067947124142
printexport 1 0.0 0.0
priority 1 3.506557897319982 3.506557897319982
privacy 1 0.0 0.0
private 1 1.8325814637483102 1.8325814637483102
procedural 1 3.912023005428146 3.912023005428146
process 1 1.5141277326297755 1.5141277326297755
product 1 2.302585092994046 2.302585092994046
professional 1 1.6607312068216509 1.6607312068216509
profit 0 3.2188758248682006 0.0
project 1 0.0 0.0
proliferation 1 3.912023005428146 3.912023005428146
promotion 1 2.8134107167600364 2.8134107167600364
property 1 1.7147984280919266 1.7147984280919266
proprietary 1 3.912023005428146 3.912023005428146
provide 1 2.302585092994046 2.302585092994046
provided 1 1.8971199848858813 1.8971199848858813
provides 1 2.659260036932778 2.659260036932778
provision 0 2.407945608651872 0.0
provoked 1 4.605170185988092 4.605170185988092
public 1 0.9675840262617057 0.9675840262617057
purchased 1 2.120263536200091 2.120263536200091
pure 1 2.5257286443082556 2.5257286443082556
purist 0 4.605170185988092 0.0
purpose 1 3.2188758248682006 3.2188758248682006
python 1 3.506557897319982 3.506557897319982
random 1 0.0 0.0
read 1 0.0 0.0
real 1 1.4271163556401458 1.4271163556401458
reasonable 1 3.506557897319982 3.506557897319982
receive 1 2.207274913189721 2.207274913189721
receives 1 2.8134107167600364 2.8134107167600364
receiving 1 1.8971199848858813 1.8971199848858813
recent 1 0.0 0.0
recipient 1 2.995732273553991 2.995732273553991
reciprocal 1 3.912023005428146 3.912023005428146
recognition 1 2.5257286443082556 2.5257286443082556
redistribute 1 4.605170185988092 4.605170185988092
redistribution 0 3.912023005428146 0.0
reference 0 0.03045920748470844 0.0
reflist 1 0.06187540371808745 0.06187540371808745
reflistcolumns 1 0.06187540371808745 0.06187540371808745
reg 1 0.0 0.0
registered 1 0.0 0.0
related 1 0.0 0.0
release 1 1.3093333199837622 1.3093333199837622
released 1 1.2729656758128876 1.2729656758128876
relegation 1 3.506557897319982 3.506557897319982
repository 0 3.506557897319982 0.0
require 1 3.506557897319982 3.506557897319982
requiring 1 2.995732273553991 2.995732273553991
restriction 0 3.2188758248682006 0.0
restrictive 1 3.912023005428146 3.912023005428146
restrictively 1 4.605170185988092 4.605170185988092
rethink 1 4.605170185988092 4.605170185988092
retrieved 1 0.0 0.0
reuse 1 4.605170185988092 4.605170185988092
review 1 1.07880966137193 1.07880966137193
riehle 1 4.605170185988092 4.605170185988092
right 1 0.9675840262617057 0.9675840262617057
risk 1 2.5257286443082556 2.5257286443082556
ronacher 1 4.605170185988092 4.605170185988092
ruby 1 3.2188758248682006 3.2188758248682006
rule 1 1.4696759700589417 1.4696759700589417
said 1 1.5606477482646683 1.5606477482646683
sale 0 1.8971199848858813 0.0
scenario 1 4.605170185988092 4.605170185988092
scholar 0 1.7147984280919266 0.0
scope 1 3.506557897319982 3.506557897319982
screen 1 0.010050335853501506 0.010050335853501506
search 1 0.0 0.0
second 1 0.49429632181478017 0.49429632181478017
see 1 0.40047756659712536 0.40047756659712536
seem 1 3.506557897319982 3.506557897319982
segregate 1 4.605170185988092 4.605170185988092
segregation 1 3.912023005428146 3.912023005428146
selling 1 2.8134107167600364 2.8134107167600364
september 1 0.43078291609245434 0.43078291609245434
service 1 1.2378743560016172 1.2378743560016172
set 1 0.9942522733438669 0.9942522733438669
share 1 0.0 0.0
shared 1 2.659260036932778 2.659260036932778
shareware 1 4.605170185988092 4.605170185988092
sharing 1 2.995732273553991 2.995732273553991
short 1 0.06187540371808745 0.06187540371808745
shortdescription 1 0.2613647641344075 0.2613647641344075
shortened 1 0.0 0.0
sidebar 1 0.0 0.0
simon 1 2.0402208285265546 2.0402208285265546
simple 1 2.407945608651872 2.407945608651872
since 1 0.7985076962177716 0.7985076962177716
single 1 1.4696759700589417 1.4696759700589417
singlevendor 1 4.605170185988092 4.605170185988092
site 1 0.0 0.0
situation 1 2.407945608651872 2.407945608651872
sloan 1 3.912023005428146 3.912023005428146
smallscale 1 4.605170185988092 4.605170185988092
software 1 2.8134107167600364 2.8134107167600364
softwareopensource 1 4.605170185988092 4.605170185988092
somebody 1 3.912023005428146 3.912023005428146
something 1 2.302585092994046 2.302585092994046
sometimes 1 2.302585092994046 2.302585092994046
source 1 0.5798184952529422 0.5798184952529422
sourcecode 1 4.605170185988092 4.605170185988092
special 1 0.0 0.0
specific 1 2.8134107167600364 2.8134107167600364
specifically 1 2.5257286443082556 2.5257286443082556
speculative 1 3.2188758248682006 3.2188758248682006
splitting 1 3.912023005428146 3.912023005428146
sql 1 3.912023005428146 3.912023005428146
srb 1 3.912023005428146 3.912023005428146
ssl 1 4.605170185988092 4.605170185988092
ssltls 1 4.605170185988092 4.605170185988092
stakeholder 1 4.605170185988092 4.605170185988092
stall 1 4.605170185988092 4.605170185988092
stance 1 3.506557897319982 3.506557897319982
standard 1 1.6607312068216509 1.6607312068216509
start 0 1.4271163556401458 0.0
startup 1 3.912023005428146 3.912023005428146
statement 1 0.0 0.0
statistic 0 0.0 0.0
stifle 1 4.605170185988092 4.605170185988092
stimulate 1 4.605170185988092 4.605170185988092
stimulates 1 4.605170185988092 4.605170185988092
stipulated 1 3.912023005428146 3.912023005428146
strategic 1 2.995732273553991 2.995732273553991
strategy 1 2.995732273553991 2.995732273553991
strengthen 1 4.605170185988092 4.605170185988092
stronger 1 4.605170185988092 4.605170185988092
study 1 1.2729656758128876 1.2729656758128876
subscription 1 3.912023005428146 3.912023005428146
subsection 1 0.3424903089467759 0.3424903089467759
substantial 1 2.8134107167600364 2.8134107167600364
success 1 1.8325814637483102 1.8325814637483102
sugar 1 2.8134107167600364 2.8134107167600364
suite 1 3.912023005428146 3.912023005428146
supplementary 1 3.912023005428146 3.912023005428146
support 1 1.2729656758128876 1.2729656758128876
supported 1 1.8325814637483102 1.8325814637483102
supporting 1 2.407945608651872 2.407945608651872
sure 1 2.659260036932778 2.659260036932778
sustainable 1 3.912023005428146 3.912023005428146
system 0 0.9162907318741551 0.0
table 1 0.0 0.0
take 0 0.9675840262617057 0.0
talk 1 0.0 0.0
task 1 2.5257286443082556 2.5257286443082556
tech 1 2.207274913189721 2.207274913189721
template 1 0.0 0.0
tendency 1 3.912023005428146 3.912023005428146
term 1 0.0 0.0
terrible 1 2.995732273553991 2.995732273553991
text 1 0.0 0.0
thats 1 2.5257286443082556 2.5257286443082556
there 0 3.2188758248682006 0.0
therefore 1 2.207274913189721 2.207274913189721
theyre 1 3.912023005428146 3.912023005428146
third 1 0.9162907318741551 0.9162907318741551
threaten 1 4.605170185988092 4.605170185988092
thunderbird 1 3.912023005428146 3.912023005428146
thus 1 1.7147984280919266 1.7147984280919266
thwart 1 4.605170185988092 4.605170185988092
time 1 0.28768207245178085 0.28768207245178085
tinylooking 1 4.605170185988092 4.605170185988092
tl 0 3.912023005428146 0.0
toggle 1 0.010050335853501506 0.010050335853501506
tool 1 0.0 0.0
toolkit 1 4.605170185988092 4.605170185988092
top 1 0.010050335853501506 0.010050335853501506
topic 1 0.0 0.0
total 1 0.0 0.0
towards 1 2.120263536200091 2.120263536200091
trademark 1 0.0 0.0
traditional 1 2.302585092994046 2.302585092994046
treatment 1 2.659260036932778 2.659260036932778
trigger 1 3.912023005428146 3.912023005428146
triggering 1 4.605170185988092 4.605170185988092
trilicensing 1 4.605170185988092 4.605170185988092
trke 1 2.207274913189721 2.207274913189721
tronheim 1 4.605170185988092 4.605170185988092
two 1 0.43078291609245434 0.43078291609245434
typically 1 2.995732273553991 2.995732273553991
underprovided 1 4.605170185988092 4.605170185988092
unnecessary 1 4.605170185988092 4.605170185988092
unsolicited 1 4.605170185988092 4.605170185988092
unsourced 1 1.3862943611198906 1.3862943611198906
upgrade 1 3.506557897319982 3.506557897319982
upgraded 1 3.506557897319982 3.506557897319982
upload 1 0.0 0.0
use 1 0.0 0.0
used 1 0.8675005677047231 0.8675005677047231
user 1 2.995732273553991 2.995732273553991
using 1 0.0 0.0
usual 1 2.995732273553991 2.995732273553991
utc 1 0.0 0.0
utilize 1 4.605170185988092 4.605170185988092
value 1 1.9661128563728327 1.9661128563728327
var 1 0.0 0.0
varies 1 4.605170185988092 4.605170185988092
various 1 1.5141277326297755 1.5141277326297755
vehicle 1 3.2188758248682006 3.2188758248682006
vendor 1 3.506557897319982 3.506557897319982
version 1 0.0 0.0
vested 1 4.605170185988092 4.605170185988092
view 1 0.0 0.0
vigilante 0 3.506557897319982 0.0
violation 1 2.995732273553991 2.995732273553991
viral 1 3.912023005428146 3.912023005428146
vlimki 1 4.605170185988092 4.605170185988092
want 1 1.9661128563728327 1.9661128563728327
watch 1 1.8971199848858813 1.8971199848858813
weaselworded 1 4.605170185988092 4.605170185988092
webarchive 1 2.0402208285265546 2.0402208285265546
well 1 0.7765287894989963 0.7765287894989963
whole 1 2.120263536200091 2.120263536200091
wholly 1 3.506557897319982 3.506557897319982
whose 1 1.7147984280919266 1.7147984280919266
wider 1 2.659260036932778 2.659260036932778
wikidata 1 0.010050335853501506 0.010050335853501506
wikimedia 1 0.0 0.0
wikipedia 1 0.0 0.0
willingness 1 3.912023005428146 3.912023005428146
withholding 1 4.605170185988092 4.605170185988092
without 1 1.3093333199837622 1.3093333199837622
wolf 1 2.207274913189721 2.207274913189721
word 1 1.6094379124341003 1.6094379124341003
work 1 0.7133498878774648 0.7133498878774648
working 1 1.8971199848858813 1.8971199848858813
world 1 0.5108256237659907 0.5108256237659907
would 1 0.7550225842780328 0.7550225842780328
written 1 0.9416085398584451 0.9416085398584451
wurfl 1 4.605170185988092 4.605170185988092
year 0 0.3424903089467759 0.0
zero 1 3.2188758248682006 3.2188758248682006
