aaaborderbottompx 1 2.302585092994046 2.302585092994046
according 1 1.3093333199837622 1.3093333199837622
account 1 0.0 0.0
action 1 0.0 0.0
add 1 0.0 0.0
additional 1 0.0 0.0
affair 1 1.6094379124341003 1.6094379124341003
agree 1 0.0 0.0
agriculture 1 2.5257286443082556 2.5257286443082556
alabama 1 2.995732273553991 2.995732273553991
alaska 1 3.912023005428146 3.912023005428146
alike 1 0.0 0.0
allie 1 3.912023005428146 3.912023005428146
alongside 1 1.9661128563728327 1.9661128563728327
also 1 0.127833371509885 0.127833371509885
amendment 1 3.2188758248682006 3.2188758248682006
american 1 0.5276327420823719 0.5276327420823719
amp 1 0.4620354595965586 0.4620354595965586
andrew 1 1.5141277326297755 1.5141277326297755
andrewsolender 1 4.605170185988092 4.605170185988092
andy 1 2.5257286443082556 2.5257286443082556
angeles 1 1.6607312068216509 1.6607312068216509
anne 1 2.5257286443082556 2.5257286443082556
announces 1 2.659260036932778 2.659260036932778
appearance 1 0.0 0.0
apply 1 0.0 0.0
arizona 1 2.659260036932778 2.659260036932778
arkansas 1 2.5257286443082556 2.5257286443082556
arm 1 2.0402208285265546 2.0402208285265546
article 1 0.0 0.0
arundel 1 4.605170185988092 4.605170185988092
assembly 1 2.0402208285265546 2.0402208285265546
associate 1 2.659260036932778 2.659260036932778
atlarge 1 4.605170185988092 4.605170185988092
attorney 1 2.659260036932778 2.659260036932778
attorneysgeneral 1 4.605170185988092 4.605170185988092
attribution 1 0.0 0.0
auditor 1 3.912023005428146 3.912023005428146
auto 1 0.1392620673335076 0.1392620673335076
available 1 0.0 0.0
axios 1 4.605170185988092 4.605170185988092
baker 1 2.120263536200091 2.120263536200091
ballot 1 3.506557897319982 3.506557897319982
baltimore 1 2.302585092994046 2.302585092994046
better 1 1.8971199848858813 1.8971199848858813
bid 1 2.5257286443082556 2.5257286443082556
bill 1 1.171182981502945 1.171182981502945
blackburn 1 3.912023005428146 3.912023005428146
bowl 1 2.8134107167600364 2.8134107167600364
burchett 1 4.605170185988092 4.605170185988092
caleb 1 3.506557897319982 3.506557897319982
california 1 1.4696759700589417 1.4696759700589417
cameron 1 3.2188758248682006 3.2188758248682006
campaign 1 1.6607312068216509 1.6607312068216509
candidate 1 2.207274913189721 2.207274913189721
carolina 1 1.7147984280919266 1.7147984280919266
category 1 0.0 0.0
centerpx 1 0.0408219945202552 0.0408219945202552
chance 1 2.659260036932778 2.659260036932778
change 1 0.0 0.0
charter 1 2.995732273553991 2.995732273553991
chattanooga 1 3.912023005428146 3.912023005428146
chuck 1 2.8134107167600364 2.8134107167600364
ciscomani 1 4.605170185988092 4.605170185988092
citation 1 0.0408219945202552 0.0408219945202552
cite 1 0.0 0.0
citenews 1 1.5606477482646683 1.5606477482646683
clarksville 1 4.605170185988092 4.605170185988092
clemmons 1 4.605170185988092 4.605170185988092
client 1 3.912023005428146 3.912023005428146
code 1 0.0 0.0
cohen 1 3.912023005428146 3.912023005428146
colorado 1 1.8971199848858813 1.8971199848858813
columbia 1 2.207274913189721 2.207274913189721
commentator 1 2.8134107167600364 2.8134107167600364
commissioner 1 2.659260036932778 2.659260036932778
common 1 0.0 0.0
community 1 1.6094379124341003 1.6094379124341003
conduct 1 0.0 0.0
confirms 1 3.2188758248682006 3.2188758248682006
congressional 1 2.8134107167600364 2.8134107167600364
congressman 1 3.506557897319982 3.506557897319982
connecticut 1 2.207274913189721 2.207274913189721
consecutive 1 2.8134107167600364 2.8134107167600364
conservative 1 2.8134107167600364 2.8134107167600364
consider 1 2.407945608651872 2.407945608651872
considered 1 1.3862943611198906 1.3862943611198906
constitution 1 2.5257286443082556 2.5257286443082556
contact 1 0.0 0.0
content 1 0.0 0.0
context 1 0.010050335853501506 0.010050335853501506
contribute 1 0.0 0.0
contribution 1 0.0 0.0
cook 1 2.8134107167600364 2.8134107167600364
cookie 1 0.0 0.0
cookiematch 1 0.0 0.0
cooper 1 2.120263536200091 2.120263536200091
could 1 1.2378743560016172 1.2378743560016172
counterlistitema 1 0.127833371509885 0.127833371509885
county 1 1.6607312068216509 1.6607312068216509
court 1 1.5141277326297755 1.5141277326297755
cpr 1 4.605170185988092 4.605170185988092
create 1 0.0 0.0
creative 1 0.0 0.0
csmaintcolorf 1 0.06187540371808745 0.06187540371808745
csmaintcolorfmedia 1 0.0408219945202552 0.0408219945202552
cswsicon 1 0.0408219945202552 0.0408219945202552
current 1 0.0 0.0
cycle 1 2.5257286443082556 2.5257286443082556
dakota 1 2.8134107167600364 2.8134107167600364
date 1 0.3147107448397002 0.3147107448397002
datesadministered 1 4.605170185988092 4.605170185988092
day 1 0.5276327420823719 0.5276327420823719
december 1 0.37106368139083196 0.37106368139083196
decides 1 2.995732273553991 2.995732273553991
declared 1 2.407945608651872 2.407945608651872
declined 1 2.8134107167600364 2.8134107167600364
delaware 1 2.8134107167600364 2.8134107167600364
democrat 1 2.995732273553991 2.995732273553991
democratic 1 2.120263536200091 2.120263536200091
description 1 0.07257069283483537 0.07257069283483537
developer 1 0.0 0.0
development 1 1.3093333199837622 1.3093333199837622
diana 1 2.995732273553991 2.995732273553991
different 1 0.3424903089467759 0.3424903089467759
disclaimer 1 0.0 0.0
district 1 1.4271163556401458 1.4271163556401458
districta 1 4.605170185988092 4.605170185988092
donate 1 0.0 0.0
download 1 0.0 0.0
dtaftercontent 1 0.127833371509885 0.127833371509885
early 1 0.6348782724359695 0.6348782724359695
economic 1 1.7719568419318754 1.7719568419318754
elect 1 2.659260036932778 2.659260036932778
election 1 1.9661128563728327 1.9661128563728327
eli 1 3.912023005428146 3.912023005428146
encyclopedia 1 0.0 0.0
endorsed 1 3.2188758248682006 3.2188758248682006
endorsement 1 3.2188758248682006 3.2188758248682006
endorses 1 3.912023005428146 3.912023005428146
english 1 0.0 0.0
erik 1 2.5257286443082556 2.5257286443082556
error 1 2.407945608651872 2.407945608651872
event 1 0.0 0.0
exp 1 0.0 0.0
expressed 1 2.659260036932778 2.659260036932778
eyeing 1 4.605170185988092 4.605170185988092
fabrizio 1 4.605170185988092 4.605170185988092
familiar 1 2.995732273553991 2.995732273553991
february 1 0.27443684570176036 0.27443684570176036
federal 1 1.8971199848858813 1.8971199848858813
feinberg 1 4.605170185988092 4.605170185988092
file 1 0.0 0.0
flattered 1 4.605170185988092 4.605170185988092
fleischmann 1 4.605170185988092 4.605170185988092
florida 1 1.9661128563728327 1.9661128563728327
former 1 0.9675840262617057 0.9675840262617057
foundation 1 0.0 0.0
frederick 1 2.302585092994046 2.302585092994046
free 1 0.0 0.0
fundraising 1 4.605170185988092 4.605170185988092
general 1 0.0 0.0
george 1 1.07880966137193 1.07880966137193
georgia 1 2.302585092994046 2.302585092994046
get 1 0.0 0.0
glenn 1 2.5257286443082556 2.5257286443082556
gop 1 3.506557897319982 3.506557897319982
government 1 1.1086626245216111 1.1086626245216111
governor 1 2.302585092994046 2.302585092994046
green 1 1.171182981502945 1.171182981502945
groundwork 1 4.605170185988092 4.605170185988092
guam 1 3.912023005428146 3.912023005428146
gubernatorial 1 3.506557897319982 3.506557897319982
hagerty 1 3.912023005428146 3.912023005428146
hamilton 1 2.120263536200091 2.120263536200091
hampshire 1 2.8134107167600364 2.8134107167600364
harford 1 4.605170185988092 4.605170185988092
hargett 1 4.605170185988092 4.605170185988092
harshbarger 1 4.605170185988092 4.605170185988092
hatnote 1 0.843970070294529 0.843970070294529
hawaii 1 2.302585092994046 2.302585092994046
help 1 0.0 0.0
here 1 3.912023005428146 3.912023005428146
hidden 1 0.010050335853501506 0.010050335853501506
hide 1 0.0 0.0
history 1 0.0 0.0
hlist 1 0.127833371509885 0.127833371509885
hlistinline 1 0.127833371509885 0.127833371509885
host 1 2.407945608651872 2.407945608651872
house 1 1.0216512475319812 1.0216512475319812
housler 1 4.605170185988092 4.605170185988092
howard 1 2.120263536200091 2.120263536200091
huge 1 2.8134107167600364 2.8134107167600364
hypothetical 1 4.605170185988092 4.605170185988092
ibelection 1 3.506557897319982 3.506557897319982
idaho 1 2.8134107167600364 2.8134107167600364
idlockfree 1 0.0408219945202552 0.0408219945202552
idlockfreeidlockfree 1 0.0408219945202552 0.0408219945202552
idlocklimited 1 0.0408219945202552 0.0408219945202552
idlockregistration 1 0.0408219945202552 0.0408219945202552
idlocksubscription 1 0.0408219945202552 0.0408219945202552
illinois 1 2.659260036932778 2.659260036932778
inauguration 1 3.912023005428146 3.912023005428146
inc 1 0.0 0.0
incumbent 1 2.8134107167600364 2.8134107167600364
indiana 1 2.302585092994046 2.302585092994046
infobox 1 0.3011050927839216 0.3011050927839216
infoboxelection 1 3.506557897319982 3.506557897319982
infoboxtable 1 0.3147107448397002 0.3147107448397002
information 1 0.0 0.0
inside 1 2.0402208285265546 2.0402208285265546
interest 1 1.6607312068216509 1.6607312068216509
iowa 1 2.8134107167600364 2.8134107167600364
island 1 1.5141277326297755 1.5141277326297755
item 1 0.010050335853501506 0.010050335853501506
jackson 1 1.9661128563728327 1.9661128563728327
jacob 1 2.120263536200091 2.120263536200091
jan 1 2.0402208285265546 2.0402208285265546
january 1 0.3424903089467759 0.3424903089467759
jersey 1 2.120263536200091 2.120263536200091
jim 1 1.4696759700589417 1.4696759700589417
joe 1 1.5141277326297755 1.5141277326297755
john 1 0.49429632181478017 0.49429632181478017
joining 1 2.659260036932778 2.659260036932778
jones 1 1.5141277326297755 1.5141277326297755
judicial 1 3.2188758248682006 3.2188758248682006
jump 1 0.0 0.0
kaitlin 1 4.605170185988092 4.605170185988092
kansa 1 2.207274913189721 2.207274913189721
kentucky 1 2.5257286443082556 2.5257286443082556
knox 1 3.2188758248682006 3.2188758248682006
knoxville 1 3.912023005428146 3.912023005428146
language 1 0.0 0.0
last 1 0.0 0.0
launch 1 2.5257286443082556 2.5257286443082556
laying 1 4.605170185988092 4.605170185988092
learn 1 0.0 0.0
lee 1 1.6607312068216509 1.6607312068216509
let 1 1.8325814637483102 1.8325814637483102
liaftercontent 1 0.127833371509885 0.127833371509885
license 1 0.0 0.0
lieutenantgovernors 1 4.605170185988092 4.605170185988092
link 1 0.0 0.0
list 1 0.6348782724359695 0.6348782724359695
local 1 1.4696759700589417 1.4696759700589417
log 1 0.0 0.0
logged 1 0.0 0.0
los 1 1.5141277326297755 1.5141277326297755
louisiana 1 2.8134107167600364 2.8134107167600364
main 1 0.0 0.0
maine 1 2.659260036932778 2.659260036932778
march 1 0.3147107448397002 0.3147107448397002
marginof 1 4.605170185988092 4.605170185988092
mariana 1 3.912023005428146 3.912023005428146
mark 1 1.1394342831883648 1.1394342831883648
marsha 1 4.605170185988092 4.605170185988092
maryland 1 2.995732273553991 2.995732273553991
massachusetts 1 2.302585092994046 2.302585092994046
matt 1 1.8325814637483102 1.8325814637483102
may 1 0.0 0.0
mayor 1 2.8134107167600364 2.8134107167600364
mayoral 1 3.912023005428146 3.912023005428146
mdy 1 1.3862943611198906 1.3862943611198906
measure 1 2.659260036932778 2.659260036932778
member 1 0.6733445532637655 0.6733445532637655
memphis 1 3.2188758248682006 3.2188758248682006
menu 1 0.0 0.0
mexico 1 1.5606477482646683 1.5606477482646683
michigan 1 2.207274913189721 2.207274913189721
minnesota 1 2.0402208285265546 2.0402208285265546
mississippi 1 2.407945608651872 2.407945608651872
missouri 1 2.659260036932778 2.659260036932778
mobile 1 0.0 0.0
montana 1 2.8134107167600364 2.8134107167600364
montgomery 1 2.5257286443082556 2.5257286443082556
month 1 0.8915981192837835 0.8915981192837835
motycka 1 4.605170185988092 4.605170185988092
move 1 0.0 0.0
much 1 1.171182981502945 1.171182981502945
murfreesboro 1 4.605170185988092 4.605170185988092
mvp 1 3.2188758248682006 3.2188758248682006
mwfiledescription 1 3.506557897319982 3.506557897319982
nashville 1 3.912023005428146 3.912023005428146
navbar 1 0.23572233352106994 0.23572233352106994
navbarfontsizemedia 1 0.3147107448397002 0.3147107448397002
navbarmini 1 0.23572233352106994 0.23572233352106994
navbox 1 0.1392620673335076 0.1392620673335076
navboximage 1 0.1392620673335076 0.1392620673335076
navboxsubgroup 1 0.1392620673335076 0.1392620673335076
navboxtitle 1 0.1392620673335076 0.1392620673335076
navigation 1 0.0 0.0
nebraska 1 2.5257286443082556 2.5257286443082556
nevada 1 2.995732273553991 2.995732273553991
new 1 0.24846135929849972 0.24846135929849972
news 1 0.843970070294529 0.843970070294529
next 1 1.1086626245216111 1.1086626245216111
night 1 1.7719568419318754 1.7719568419318754
nominee 1 2.995732273553991 2.995732273553991
nonprofit 1 0.0 0.0
north 1 0.8209805520698303 0.8209805520698303
northern 1 1.3093333199837622 1.3093333199837622
note 1 0.8209805520698303 0.8209805520698303
notpageimagenoresize 1 3.506557897319982 3.506557897319982
november 1 0.3011050927839216 0.3011050927839216
numbered 1 3.2188758248682006 3.2188758248682006
office 1 1.1086626245216111 1.1086626245216111
official 1 0.7550225842780328 0.7550225842780328
ogles 1 4.605170185988092 4.605170185988092
ohio 1 2.207274913189721 2.207274913189721
oklahoma 1 2.5257286443082556 2.5257286443082556
ollibeforecontent 1 0.127833371509885 0.127833371509885
oregon 1 2.407945608651872 2.407945608651872
organization 1 0.0 0.0
organizationname 1 0.010050335853501506 0.010050335853501506
page 1 0.0 0.0
pappert 1 4.605170185988092 4.605170185988092
partisan 1 3.2188758248682006 3.2188758248682006
party 1 1.2378743560016172 1.2378743560016172
pass 1 2.407945608651872 2.407945608651872
pdfprintable 1 0.0 0.0
pennsylvania 1 2.302585092994046 2.302585092994046
permanent 1 0.0 0.0
personal 1 0.0 0.0
place 1 0.653926467406664 0.653926467406664
podcast 1 3.506557897319982 3.506557897319982
policy 1 0.0 0.0
political 1 1.3470736479666094 1.3470736479666094
poll 1 2.659260036932778 2.659260036932778
polling 1 3.506557897319982 3.506557897319982
portal 1 0.0 0.0
possibility 1 2.5257286443082556 2.5257286443082556
potential 1 2.659260036932778 2.659260036932778
prediction 1 3.912023005428146 3.912023005428146
prentice 1 3.506557897319982 3.506557897319982
present 1 0.9675840262617057 0.9675840262617057
president 1 1.3470736479666094 1.3470736479666094
presidential 1 2.5257286443082556 2.5257286443082556
primary 1 2.0402208285265546 2.0402208285265546
prince 1 2.207274913189721 2.207274913189721
printbodyns 1 0.09431067947124142 0.09431067947124142
printexport 1 0.0 0.0
prior 1 1.8325814637483102 1.8325814637483102
privacy 1 0.0 0.0
prohibited 1 2.995732273553991 2.995732273553991
project 1 0.0 0.0
publicly 1 2.995732273553991 2.995732273553991
pxpx 1 2.995732273553991 2.995732273553991
race 1 1.7147984280919266 1.7147984280919266
random 1 0.0 0.0
ranking 1 2.207274913189721 2.207274913189721
rating 1 2.0402208285265546 2.0402208285265546
ray 1 1.7147984280919266 1.7147984280919266
read 1 0.0 0.0
recent 1 0.0 0.0
redistricting 1 3.912023005428146 3.912023005428146
reelection 1 3.2188758248682006 3.2188758248682006
reference 1 0.03045920748470844 0.03045920748470844
reflist 1 0.06187540371808745 0.06187540371808745
reflistcolumns 1 0.06187540371808745 0.06187540371808745
reg 1 0.0 0.0
registered 1 0.0 0.0
related 1 0.0 0.0
rep 1 3.2188758248682006 3.2188758248682006
report 1 1.1086626245216111 1.1086626245216111
representative 1 1.7147984280919266 1.7147984280919266
republican 1 2.8134107167600364 2.8134107167600364
retrieved 1 0.0 0.0
rhode 1 3.2188758248682006 3.2188758248682006
rose 1 1.8325814637483102 1.8325814637483102
rtenn 1 4.605170185988092 4.605170185988092
rumbling 1 3.912023005428146 3.912023005428146
run 1 1.171182981502945 1.171182981502945
running 1 1.6607312068216509 1.6607312068216509
samoa 1 4.605170185988092 4.605170185988092
samplesize 1 4.605170185988092 4.605170185988092
say 1 1.7719568419318754 1.7719568419318754
scene 1 2.0402208285265546 2.0402208285265546
scheduled 1 2.407945608651872 2.407945608651872
schelzig 1 4.605170185988092 4.605170185988092
scoop 1 3.912023005428146 3.912023005428146
screen 1 0.010050335853501506 0.010050335853501506
search 1 0.0 0.0
secretariesof 1 4.605170185988092 4.605170185988092
secretary 1 1.9661128563728327 1.9661128563728327
see 1 0.40047756659712536 0.40047756659712536
seeking 1 2.8134107167600364 2.8134107167600364
sen 1 2.659260036932778 2.659260036932778
senate 1 2.5257286443082556 2.5257286443082556
senator 1 3.2188758248682006 3.2188758248682006
sentinel 1 2.8134107167600364 2.8134107167600364
september 1 0.43078291609245434 0.43078291609245434
seriously 1 3.2188758248682006 3.2188758248682006
sexton 1 4.605170185988092 4.605170185988092
share 1 0.0 0.0
shelby 1 3.506557897319982 3.506557897319982
short 1 0.06187540371808745 0.06187540371808745
shortdescription 1 0.2613647641344075 0.2613647641344075
shortened 1 0.0 0.0
sidebar 1 0.0 0.0
sidebarcollapse 1 2.302585092994046 2.302585092994046
sidebarnotnotheme 1 2.302585092994046 2.302585092994046
site 1 0.0 0.0
solender 1 4.605170185988092 4.605170185988092
solid 1 0.09431067947124142 0.09431067947124142
son 1 1.3093333199837622 1.3093333199837622
source 1 0.5798184952529422 0.5798184952529422
south 1 0.9162907318741551 0.9162907318741551
speaker 1 2.407945608651872 2.407945608651872
special 1 0.0 0.0
spent 1 2.407945608651872 2.407945608651872
sponsored 1 2.8134107167600364 2.8134107167600364
star 1 0.9675840262617057 0.9675840262617057
state 1 0.3147107448397002 0.3147107448397002
statelegislatures 1 3.912023005428146 3.912023005428146
statement 1 0.0 0.0
stateselections 1 4.605170185988092 4.605170185988092
statetreasurers 1 4.605170185988092 4.605170185988092
statewide 1 3.912023005428146 3.912023005428146
statistic 1 0.0 0.0
steve 1 1.8971199848858813 1.8971199848858813
strength 1 2.407945608651872 2.407945608651872
stuart 1 3.2188758248682006 3.2188758248682006
subsection 1 0.3424903089467759 0.3424903089467759
super 1 2.302585092994046 2.302585092994046
supreme 1 2.120263536200091 2.120263536200091
table 1 0.0 0.0
take 1 0.9675840262617057 0.9675840262617057
talk 1 0.0 0.0
tdhlist 1 0.1392620673335076 0.1392620673335076
template 1 0.0 0.0
tennessean 1 3.506557897319982 3.506557897319982
tennessee 1 2.120263536200091 2.120263536200091
tennssee 1 4.605170185988092 4.605170185988092
term 1 0.0 0.0
texas 1 1.8971199848858813 1.8971199848858813
text 1 0.0 0.0
thbodyskinresponsive 1 0.3147107448397002 0.3147107448397002
thinking 1 3.2188758248682006 3.2188758248682006
third 1 0.9162907318741551 0.9162907318741551
tim 1 1.6607312068216509 1.6607312068216509
toclevel 1 3.506557897319982 3.506557897319982
toclimit 1 3.506557897319982 3.506557897319982
toggle 1 0.010050335853501506 0.010050335853501506
told 1 2.302585092994046 2.302585092994046
tom 1 1.2378743560016172 1.2378743560016172
tool 1 0.0 0.0
top 1 0.010050335853501506 0.010050335853501506
topic 1 0.0 0.0
total 1 0.0 0.0
trademark 1 0.0 0.0
tre 1 4.605170185988092 4.605170185988092
tweet 1 4.605170185988092 4.605170185988092
twitter 1 2.5257286443082556 2.5257286443082556
uldisplaynone 1 3.506557897319982 3.506557897319982
ulpaddingem 1 0.1392620673335076 0.1392620673335076
undecided 1 4.605170185988092 4.605170185988092
united 1 0.4155154439616658 0.4155154439616658
upload 1 0.0 0.0
use 1 0.0 0.0
ushouse 1 3.912023005428146 3.912023005428146
using 1 0.0 0.0
ussenate 1 3.912023005428146 3.912023005428146
utah 1 2.302585092994046 2.302585092994046
utc 1 0.0 0.0
var 1 0.0 0.0
vermont 1 2.8134107167600364 2.8134107167600364
version 1 0.0 0.0
via 1 1.4271163556401458 1.4271163556401458
view 1 0.0 0.0
virgin 1 3.2188758248682006 3.2188758248682006
virginia 1 1.8971199848858813 1.8971199848858813
vivian 1 4.605170185988092 4.605170185988092
walsh 1 2.302585092994046 2.302585092994046
washington 1 1.2378743560016172 1.2378743560016172
wave 1 2.995732273553991 2.995732273553991
west 1 1.171182981502945 1.171182981502945
wethington 1 4.605170185988092 4.605170185988092
whorter 1 4.605170185988092 4.605170185988092
wicomico 1 4.605170185988092 4.605170185988092
wikidata 1 0.010050335853501506 0.010050335853501506
wikimedia 1 0.0 0.0
wikipedia 1 0.0 0.0
winning 1 1.8971199848858813 1.8971199848858813
wisconsin 1 3.2188758248682006 3.2188758248682006
written 1 0.9416085398584451 0.9416085398584451
wsmvtv 1 4.605170185988092 4.605170185988092
wvlttv 1 4.605170185988092 4.605170185988092
wyoming 1 3.2188758248682006 3.2188758248682006
york 1 0.8209805520698303 0.8209805520698303
