aaron 1 2.207274913189721 2.207274913189721
abbreviated 1 4.605170185988092 4.605170185988092
academic 1 1.8971199848858813 1.8971199848858813
according 1 1.3093333199837622 1.3093333199837622
account 1 0.0 0.0
action 1 0.0 0.0
active 1 2.0402208285265546 2.0402208285265546
activist 1 2.407945608651872 2.407945608651872
activity 1 1.8325814637483102 1.8325814637483102
add 1 0.0 0.0
additional 1 0.0 0.0
administration 1 2.120263536200091 2.120263536200091
adopt 1 3.912023005428146 3.912023005428146
affair 1 1.6094379124341003 1.6094379124341003
africa 1 2.5257286443082556 2.5257286443082556
african 1 2.659260036932778 2.659260036932778
aftermath 1 2.659260036932778 2.659260036932778
agree 1 0.0 0.0
albania 1 3.912023005428146 3.912023005428146
albanian 1 3.506557897319982 3.506557897319982
albeit 1 3.506557897319982 3.506557897319982
alexander 1 1.5141277326297755 1.5141277326297755
aligned 1 3.506557897319982 3.506557897319982
alike 1 0.0 0.0
alliance 1 1.8971199848858813 1.8971199848858813
alluding 1 3.912023005428146 3.912023005428146
also 1 0.127833371509885 0.127833371509885
america 1 0.8675005677047231 0.8675005677047231
among 1 1.2378743560016172 1.2378743560016172
andor 1 3.912023005428146 3.912023005428146
angela 1 2.659260036932778 2.659260036932778
announce 1 2.659260036932778 2.659260036932778
anti 1 2.207274913189721 2.207274913189721
antiapartheid 1 3.912023005428146 3.912023005428146
antiracist 1 4.605170185988092 4.605170185988092
antitour 1 4.605170185988092 4.605170185988092
aotearoa 1 4.605170185988092 4.605170185988092
apartheid 1 3.2188758248682006 3.2188758248682006
appearance 1 0.0 0.0
apply 1 0.0 0.0
approach 1 1.9661128563728327 1.9661128563728327
argued 1 2.8134107167600364 2.8134107167600364
arose 1 4.605170185988092 4.605170185988092
around 1 1.0216512475319812 1.0216512475319812
article 1 0.0 0.0
articulating 1 4.605170185988092 4.605170185988092
asio 1 4.605170185988092 4.605170185988092
assembly 1 2.0402208285265546 2.0402208285265546
association 1 1.1394342831883648 1.1394342831883648
attacked 1 2.995732273553991 2.995732273553991
attitude 1 2.995732273553991 2.995732273553991
attribution 1 0.0 0.0
auckland 1 4.605170185988092 4.605170185988092
audience 1 2.659260036932778 2.659260036932778
australasian 1 4.605170185988092 4.605170185988092
australian 1 1.9661128563728327 1.9661128563728327
autobiography 1 3.2188758248682006 3.2188758248682006
available 1 0.0 0.0
avison 1 4.605170185988092 4.605170185988092
awatere 1 4.605170185988092 4.605170185988092
bailey 1 2.5257286443082556 2.5257286443082556
bark 1 3.506557897319982 3.506557897319982
barry 1 2.8134107167600364 2.8134107167600364
became 1 0.7133498878774648 0.7133498878774648
become 1 1.2378743560016172 1.2378743560016172
becoming 1 1.8971199848858813 1.8971199848858813
began 1 0.8675005677047231 0.8675005677047231
behind 1 1.8971199848858813 1.8971199848858813
berlin 1 3.2188758248682006 3.2188758248682006
bill 1 1.171182981502945 1.171182981502945
biography 1 1.6607312068216509 1.6607312068216509
black 1 0.8915981192837835 0.8915981192837835
book 1 0.6348782724359695 0.6348782724359695
boraman 1 4.605170185988092 4.605170185988092
bradford 1 3.2188758248682006 3.2188758248682006
branch 1 2.207274913189721 2.207274913189721
brian 1 1.6607312068216509 1.6607312068216509
bridget 1 3.2188758248682006 3.2188758248682006
brought 1 1.5606477482646683 1.5606477482646683
bruce 1 2.120263536200091 2.120263536200091
build 1 2.120263536200091 2.120263536200091
building 1 1.6607312068216509 1.6607312068216509
bureaucratic 1 4.605170185988092 4.605170185988092
cadre 1 3.912023005428146 3.912023005428146
cahill 1 3.2188758248682006 3.2188758248682006
called 1 0.8209805520698303 0.8209805520698303
came 1 1.6094379124341003 1.6094379124341003
campaign 1 1.6607312068216509 1.6607312068216509
campbell 1 2.207274913189721 2.207274913189721
campus 1 2.302585092994046 2.302585092994046
campusbased 1 4.605170185988092 4.605170185988092
candidate 1 2.207274913189721 2.207274913189721
capitalism 1 3.506557897319982 3.506557897319982
carry 1 2.5257286443082556 2.5257286443082556
carson 1 2.995732273553991 2.995732273553991
category 1 0.0 0.0
cause 1 2.0402208285265546 2.0402208285265546
centerpx 1 0.0408219945202552 0.0408219945202552
central 1 1.07880966137193 1.07880966137193
centralism 1 4.605170185988092 4.605170185988092
centre 1 2.0402208285265546 2.0402208285265546
change 1 0.0 0.0
changing 1 2.659260036932778 2.659260036932778
chaotic 1 3.506557897319982 3.506557897319982
chauvinistic 1 4.605170185988092 4.605170185988092
china 1 2.0402208285265546 2.0402208285265546
christine 1 2.8134107167600364 2.8134107167600364
citation 1 0.0408219945202552 0.0408219945202552
cite 1 0.0 0.0
citebook 1 1.8971199848858813 1.8971199848858813
citenews 1 1.5606477482646683 1.5606477482646683
citizen 1 1.9661128563728327 1.9661128563728327
clarke 1 3.2188758248682006 3.2188758248682006
clique 1 3.912023005428146 3.912023005428146
close 1 1.9661128563728327 1.9661128563728327
coalition 1 2.407945608651872 2.407945608651872
code 1 0.0 0.0
cold 1 2.207274913189721 2.207274913189721
college 1 1.1394342831883648 1.1394342831883648
colonialism 1 3.912023005428146 3.912023005428146
combat 1 2.120263536200091 2.120263536200091
committee 1 1.6607312068216509 1.6607312068216509
common 1 0.0 0.0
communist 1 2.407945608651872 2.407945608651872
community 1 1.6094379124341003 1.6094379124341003
compared 1 2.120263536200091 2.120263536200091
conduct 1 0.0 0.0
congress 1 1.7147984280919266 1.7147984280919266
contact 1 0.0 0.0
content 1 0.0 0.0
contention 1 3.506557897319982 3.506557897319982
context 1 0.010050335853501506 0.010050335853501506
continued 1 1.5141277326297755 1.5141277326297755
contribute 1 0.0 0.0
contribution 1 0.0 0.0
control 1 0.7765287894989963 0.7765287894989963
controlled 1 2.8134107167600364 2.8134107167600364
controlling 1 3.912023005428146 3.912023005428146
controversial 1 2.8134107167600364 2.8134107167600364
conversation 1 2.8134107167600364 2.8134107167600364
cookie 1 0.0 0.0
cookiematch 1 0.0 0.0
correspondent 1 2.995732273553991 2.995732273553991
council 1 1.4696759700589417 1.4696759700589417
councilsponsored 1 4.605170185988092 4.605170185988092
counterfutures 1 4.605170185988092 4.605170185988092
country 1 0.843970070294529 0.843970070294529
cpnz 1 4.605170185988092 4.605170185988092
create 1 0.0 0.0
creative 1 0.0 0.0
csmaintcolorf 1 0.06187540371808745 0.06187540371808745
csmaintcolorfmedia 1 0.0408219945202552 0.0408219945202552
cswsicon 1 0.0408219945202552 0.0408219945202552
current 1 0.0 0.0
cyble 1 4.605170185988092 4.605170185988092
dann 1 4.605170185988092 4.605170185988092
date 1 0.3147107448397002 0.3147107448397002
debate 1 2.8134107167600364 2.8134107167600364
december 1 0.37106368139083196 0.37106368139083196
decent 1 4.605170185988092 4.605170185988092
defend 1 2.995732273553991 2.995732273553991
defunct 1 2.8134107167600364 2.8134107167600364
delegation 1 3.2188758248682006 3.2188758248682006
democratic 1 2.120263536200091 2.120263536200091
demonstration 1 3.2188758248682006 3.2188758248682006
dennis 1 2.120263536200091 2.120263536200091
described 1 1.5141277326297755 1.5141277326297755
description 1 0.07257069283483537 0.07257069283483537
destroys 1 3.506557897319982 3.506557897319982
developed 1 1.7147984280919266 1.7147984280919266
developer 1 0.0 0.0
devious 1 4.605170185988092 4.605170185988092
different 1 0.3424903089467759 0.3424903089467759
difficulty 1 2.995732273553991 2.995732273553991
disbanded 1 3.506557897319982 3.506557897319982
disciplined 1 4.605170185988092 4.605170185988092
disclaimer 1 0.0 0.0
discontinued 1 3.912023005428146 3.912023005428146
discourse 1 3.506557897319982 3.506557897319982
dissent 1 3.912023005428146 3.912023005428146
dissolution 1 3.2188758248682006 3.2188758248682006
district 1 1.4271163556401458 1.4271163556401458
diverged 1 3.912023005428146 3.912023005428146
diverse 1 3.2188758248682006 3.2188758248682006
dmy 1 1.4271163556401458 1.4271163556401458
doll 1 3.506557897319982 3.506557897319982
donate 1 0.0 0.0
donna 1 2.8134107167600364 2.8134107167600364
download 1 0.0 0.0
drive 1 2.0402208285265546 2.0402208285265546
drunken 1 3.506557897319982 3.506557897319982
due 1 0.9416085398584451 0.9416085398584451
duncan 1 3.2188758248682006 3.2188758248682006
dunedin 1 4.605170185988092 4.605170185988092
east 1 1.0498221244986776 1.0498221244986776
effectively 1 2.8134107167600364 2.8134107167600364
embraced 1 4.605170185988092 4.605170185988092
emerged 1 2.659260036932778 2.659260036932778
emergence 1 3.912023005428146 3.912023005428146
employment 1 2.995732273553991 2.995732273553991
encountering 1 3.506557897319982 3.506557897319982
encyclopedia 1 0.0 0.0
energy 1 1.6607312068216509 1.6607312068216509
english 1 0.0 0.0
environmentally 1 4.605170185988092 4.605170185988092
espaol 1 1.1394342831883648 1.1394342831883648
essay 1 2.5257286443082556 2.5257286443082556
established 1 1.1086626245216111 1.1086626245216111
estimated 1 2.995732273553991 2.995732273553991
ethnicity 1 3.2188758248682006 3.2188758248682006
event 1 0.0 0.0
excessively 1 4.605170185988092 4.605170185988092
exchange 1 1.9661128563728327 1.9661128563728327
exp 1 0.0 0.0
expelled 1 2.659260036932778 2.659260036932778
exploitative 1 4.605170185988092 4.605170185988092
faction 1 2.995732273553991 2.995732273553991
fall 1 1.07880966137193 1.07880966137193
fascism 1 3.912023005428146 3.912023005428146
favour 1 2.995732273553991 2.995732273553991
female 1 2.207274913189721 2.207274913189721
feminism 1 3.912023005428146 3.912023005428146
fight 1 1.8325814637483102 1.8325814637483102
file 1 0.0 0.0
financial 1 1.8325814637483102 1.8325814637483102
force 1 1.2378743560016172 1.2378743560016172
formal 1 2.659260036932778 2.659260036932778
formation 1 2.407945608651872 2.407945608651872
formed 1 1.7719568419318754 1.7719568419318754
forming 1 2.8134107167600364 2.8134107167600364
foulkes 1 4.605170185988092 4.605170185988092
foundation 1 0.0 0.0
founded 1 1.7147984280919266 1.7147984280919266
founder 1 1.8971199848858813 1.8971199848858813
fox 1 2.407945608651872 2.407945608651872
fragment 1 4.605170185988092 4.605170185988092
francisca 1 4.605170185988092 4.605170185988092
free 1 0.0 0.0
friendship 1 3.506557897319982 3.506557897319982
front 1 1.7147984280919266 1.7147984280919266
functioned 1 4.605170185988092 4.605170185988092
gain 1 2.207274913189721 2.207274913189721
gained 1 2.8134107167600364 2.8134107167600364
gang 1 2.5257286443082556 2.5257286443082556
gender 1 4.605170185988092 4.605170185988092
general 1 0.0 0.0
get 1 0.0 0.0
government 1 1.1086626245216111 1.1086626245216111
graeme 1 4.605170185988092 4.605170185988092
green 1 1.171182981502945 1.171182981502945
greenwood 1 3.506557897319982 3.506557897319982
greg 1 2.302585092994046 2.302585092994046
group 1 0.8209805520698303 0.8209805520698303
grouping 1 3.506557897319982 3.506557897319982
gustafson 1 3.506557897319982 3.506557897319982
haan 1 3.912023005428146 3.912023005428146
halt 1 3.2188758248682006 3.2188758248682006
hamilton 1 2.120263536200091 2.120263536200091
handbook 1 3.912023005428146 3.912023005428146
hatnote 1 0.843970070294529 0.843970070294529
header 1 4.605170185988092 4.605170185988092
held 1 1.171182981502945 1.171182981502945
help 1 0.0 0.0
herald 1 1.8971199848858813 1.8971199848858813
hesitated 1 4.605170185988092 4.605170185988092
hidden 1 0.010050335853501506 0.010050335853501506
hide 1 0.0 0.0
hierarchical 1 4.605170185988092 4.605170185988092
history 1 0.0 0.0
hoover 1 2.995732273553991 2.995732273553991
hoping 1 3.912023005428146 3.912023005428146
housewife 1 4.605170185988092 4.605170185988092
huata 1 4.605170185988092 4.605170185988092
human 1 1.3862943611198906 1.3862943611198906
ideal 1 3.2188758248682006 3.2188758248682006
idlockfree 1 0.0408219945202552 0.0408219945202552
idlockfreeidlockfree 1 0.0408219945202552 0.0408219945202552
idlocklimited 1 0.0408219945202552 0.0408219945202552
idlockregistration 1 0.0408219945202552 0.0408219945202552
idlocksubscription 1 0.0408219945202552 0.0408219945202552
imperialism 1 4.605170185988092 4.605170185988092
importance 1 3.2188758248682006 3.2188758248682006
inc 1 0.0 0.0
including 1 0.7133498878774648 0.7133498878774648
increasingly 1 2.659260036932778 2.659260036932778
independent 1 1.4271163556401458 1.4271163556401458
industrial 1 2.5257286443082556 2.5257286443082556
influenced 1 3.2188758248682006 3.2188758248682006
information 1 0.0 0.0
institution 1 2.120263536200091 2.120263536200091
intelligence 1 2.407945608651872 2.407945608651872
intended 1 2.120263536200091 2.120263536200091
interlocking 1 4.605170185988092 4.605170185988092
international 1 0.5978370007556204 0.5978370007556204
isbn 1 0.9942522733438669 0.9942522733438669
issue 1 1.1086626245216111 1.1086626245216111
item 1 0.010050335853501506 0.010050335853501506
jack 1 1.4696759700589417 1.4696759700589417
jackson 1 1.9661128563728327 1.9661128563728327
january 1 0.3424903089467759 0.3424903089467759
jesson 1 4.605170185988092 4.605170185988092
john 1 0.49429632181478017 0.49429632181478017
jump 1 0.0 0.0
june 1 0.40047756659712536 0.40047756659712536
kerry 1 2.995732273553991 2.995732273553991
key 1 1.6094379124341003 1.6094379124341003
known 1 0.7985076962177716 0.7985076962177716
labour 1 2.8134107167600364 2.8134107167600364
land 1 1.5141277326297755 1.5141277326297755
language 1 0.0 0.0
largely 1 2.5257286443082556 2.5257286443082556
larger 1 2.407945608651872 2.407945608651872
last 1 0.0 0.0
lasted 1 2.8134107167600364 2.8134107167600364
late 1 1.3093333199837622 1.3093333199837622
later 1 0.5621189181535412 0.5621189181535412
latter 1 1.6607312068216509 1.6607312068216509
laugesen 1 4.605170185988092 4.605170185988092
launch 1 2.5257286443082556 2.5257286443082556
launched 1 1.9661128563728327 1.9661128563728327
leader 1 1.3862943611198906 1.3862943611198906
leadership 1 2.207274913189721 2.207274913189721
league 1 1.3470736479666094 1.3470736479666094
learn 1 0.0 0.0
led 1 1.07880966137193 1.07880966137193
left 1 1.171182981502945 1.171182981502945
leftist 1 3.2188758248682006 3.2188758248682006
legacy 1 2.0402208285265546 2.0402208285265546
lenin 1 4.605170185988092 4.605170185988092
leninism 1 3.912023005428146 3.912023005428146
leninist 1 4.605170185988092 4.605170185988092
libel 1 3.912023005428146 3.912023005428146
liberation 1 2.407945608651872 2.407945608651872
library 1 1.6094379124341003 1.6094379124341003
license 1 0.0 0.0
life 1 0.5447271754416719 0.5447271754416719
limited 1 2.0402208285265546 2.0402208285265546
line 1 1.4696759700589417 1.4696759700589417
link 1 0.0 0.0
liquidationism 1 4.605170185988092 4.605170185988092
literature 1 1.9661128563728327 1.9661128563728327
living 1 1.07880966137193 1.07880966137193
local 1 1.4696759700589417 1.4696759700589417
locke 1 3.506557897319982 3.506557897319982
log 1 0.0 0.0
logged 1 0.0 0.0
longman 1 4.605170185988092 4.605170185988092
main 1 0.0 0.0
mainother 1 1.5141277326297755 1.5141277326297755
mainstream 1 3.2188758248682006 3.2188758248682006
maintained 1 2.995732273553991 2.995732273553991
majority 1 1.8971199848858813 1.8971199848858813
malcolm 1 2.659260036932778 2.659260036932778
mangan 1 4.605170185988092 4.605170185988092
manson 1 3.2188758248682006 3.2188758248682006
many 1 0.7550225842780328 0.7550225842780328
mao 1 4.605170185988092 4.605170185988092
maoism 1 4.605170185988092 4.605170185988092
maori 1 4.605170185988092 4.605170185988092
march 1 0.3147107448397002 0.3147107448397002
margin 1 3.506557897319982 3.506557897319982
marshal 1 2.8134107167600364 2.8134107167600364
marxism 1 3.912023005428146 3.912023005428146
marxist 1 4.605170185988092 4.605170185988092
mascot 1 3.912023005428146 3.912023005428146
mass 1 1.9661128563728327 1.9661128563728327
massey 1 3.2188758248682006 3.2188758248682006
match 1 0.8675005677047231 0.8675005677047231
materialized 1 4.605170185988092 4.605170185988092
matryoshka 1 4.605170185988092 4.605170185988092
maud 1 4.605170185988092 4.605170185988092
may 1 0.0 0.0
member 1 0.6733445532637655 0.6733445532637655
membership 1 2.5257286443082556 2.5257286443082556
menu 1 0.0 0.0
merged 1 2.995732273553991 2.995732273553991
merger 1 3.2188758248682006 3.2188758248682006
mids 1 2.995732273553991 2.995732273553991
milo 1 3.506557897319982 3.506557897319982
minister 1 1.5606477482646683 1.5606477482646683
misha 1 4.605170185988092 4.605170185988092
mobile 1 0.0 0.0
model 1 1.8971199848858813 1.8971199848858813
moloney 1 4.605170185988092 4.605170185988092
moloughney 1 4.605170185988092 4.605170185988092
monolithic 1 3.912023005428146 3.912023005428146
monthly 1 2.8134107167600364 2.8134107167600364
morning 1 1.8325814637483102 1.8325814637483102
moscow 1 2.659260036932778 2.659260036932778
move 1 0.0 0.0
movement 1 1.6607312068216509 1.6607312068216509
moving 1 2.407945608651872 2.407945608651872
muldoon 1 4.605170185988092 4.605170185988092
myth 1 2.995732273553991 2.995732273553991
name 1 0.5276327420823719 0.5276327420823719
national 1 0.5108256237659907 0.5108256237659907
nature 1 2.0402208285265546 2.0402208285265546
nauright 1 4.605170185988092 4.605170185988092
navigation 1 0.0 0.0
negative 1 2.5257286443082556 2.5257286443082556
network 1 1.3470736479666094 1.3470736479666094
nevertheless 1 2.5257286443082556 2.5257286443082556
new 1 0.24846135929849972 0.24846135929849972
nicknamed 1 3.506557897319982 3.506557897319982
nonprofit 1 0.0 0.0
north 1 0.8209805520698303 0.8209805520698303
northern 1 1.3093333199837622 1.3093333199837622
notable 1 1.7719568419318754 1.7719568419318754
noted 1 2.120263536200091 2.120263536200091
november 1 0.3011050927839216 0.3011050927839216
obtain 1 2.5257286443082556 2.5257286443082556
oconnell 1 3.912023005428146 3.912023005428146
october 1 0.28768207245178085 0.28768207245178085
olympics 1 2.8134107167600364 2.8134107167600364
oppose 1 3.912023005428146 3.912023005428146
opposed 1 2.407945608651872 2.407945608651872
opposition 1 1.9661128563728327 1.9661128563728327
oppression 1 4.605170185988092 4.605170185988092
orchestra 1 3.506557897319982 3.506557897319982
organisation 1 2.302585092994046 2.302585092994046
organised 1 3.912023005428146 3.912023005428146
organization 1 0.0 0.0
organizationname 1 0.010050335853501506 0.010050335853501506
organizing 1 3.506557897319982 3.506557897319982
oriented 1 4.605170185988092 4.605170185988092
orthodoxy 1 3.506557897319982 3.506557897319982
otago 1 4.605170185988092 4.605170185988092
outlined 1 3.912023005428146 3.912023005428146
oxford 1 2.5257286443082556 2.5257286443082556
page 1 0.0 0.0
pagetype 1 1.2729656758128876 1.2729656758128876
palgrave 1 3.912023005428146 3.912023005428146
palmerston 1 4.605170185988092 4.605170185988092
paper 1 1.6607312068216509 1.6607312068216509
par 1 3.506557897319982 3.506557897319982
part 1 0.6348782724359695 0.6348782724359695
particular 1 2.120263536200091 2.120263536200091
party 1 1.2378743560016172 1.2378743560016172
past 1 1.7719568419318754 1.7719568419318754
pat 1 2.5257286443082556 2.5257286443082556
patriarchal 1 4.605170185988092 4.605170185988092
patriarchy 1 3.912023005428146 3.912023005428146
paul 1 0.8675005677047231 0.8675005677047231
pdfprintable 1 0.0 0.0
peace 1 2.0402208285265546 2.0402208285265546
penguin 1 3.2188758248682006 3.2188758248682006
people 1 0.49429632181478017 0.49429632181478017
period 1 1.4271163556401458 1.4271163556401458
permanent 1 0.0 0.0
personal 1 0.0 0.0
philippine 1 2.302585092994046 2.302585092994046
pillar 1 3.912023005428146 3.912023005428146
place 1 0.653926467406664 0.653926467406664
placed 1 1.7147984280919266 1.7147984280919266
planned 1 2.5257286443082556 2.5257286443082556
platform 1 2.659260036932778 2.659260036932778
played 1 1.3862943611198906 1.3862943611198906
plymouth 1 3.2188758248682006 3.2188758248682006
policy 1 0.0 0.0
political 1 1.3470736479666094 1.3470736479666094
portal 1 0.0 0.0
possible 1 1.8971199848858813 1.8971199848858813
post 1 1.07880966137193 1.07880966137193
poster 1 2.407945608651872 2.407945608651872
postwar 1 3.912023005428146 3.912023005428146
power 1 1.0216512475319812 1.0216512475319812
preparation 1 2.8134107167600364 2.8134107167600364
prepared 1 2.8134107167600364 2.8134107167600364
presence 1 2.207274913189721 2.207274913189721
present 1 0.9675840262617057 0.9675840262617057
president 1 1.3470736479666094 1.3470736479666094
press 1 0.7550225842780328 0.7550225842780328
prime 1 2.0402208285265546 2.0402208285265546
printbodyns 1 0.09431067947124142 0.09431067947124142
printexport 1 0.0 0.0
privacy 1 0.0 0.0
pro 1 1.6607312068216509 1.6607312068216509
probable 1 4.605170185988092 4.605170185988092
programme 1 2.5257286443082556 2.5257286443082556
project 1 0.0 0.0
proletarian 1 4.605170185988092 4.605170185988092
prominent 1 2.407945608651872 2.407945608651872
proposed 1 2.5257286443082556 2.5257286443082556
proposition 1 3.912023005428146 3.912023005428146
protest 1 2.407945608651872 2.407945608651872
protester 1 4.605170185988092 4.605170185988092
protesting 1 3.912023005428146 3.912023005428146
public 1 0.9675840262617057 0.9675840262617057
publication 1 1.3862943611198906 1.3862943611198906
publicly 1 2.995732273553991 2.995732273553991
published 1 1.3862943611198906 1.3862943611198906
publishing 1 1.7719568419318754 1.7719568419318754
quest 1 2.5257286443082556 2.5257286443082556
race 1 1.7147984280919266 1.7147984280919266
racism 1 3.2188758248682006 3.2188758248682006
racist 1 3.506557897319982 3.506557897319982
radical 1 3.2188758248682006 3.2188758248682006
random 1 0.0 0.0
rawakore 1 4.605170185988092 4.605170185988092
reaction 1 3.2188758248682006 3.2188758248682006
read 1 0.0 0.0
recent 1 0.0 0.0
red 1 1.07880966137193 1.07880966137193
refer 1 3.2188758248682006 3.2188758248682006
reference 1 0.03045920748470844 0.03045920748470844
referred 1 2.302585092994046 2.302585092994046
reflist 1 0.06187540371808745 0.06187540371808745
reflistcolumns 1 0.06187540371808745 0.06187540371808745
reg 1 0.0 0.0
registered 1 0.0 0.0
reject 1 2.5257286443082556 2.5257286443082556
rejected 1 2.407945608651872 2.407945608651872
related 1 0.0 0.0
relation 1 1.7719568419318754 1.7719568419318754
relatively 1 2.995732273553991 2.995732273553991
remained 1 1.7719568419318754 1.7719568419318754
removed 1 1.6094379124341003 1.6094379124341003
report 1 1.1086626245216111 1.1086626245216111
reportedly 1 3.506557897319982 3.506557897319982
representative 1 1.7147984280919266 1.7147984280919266
republic 1 1.5141277326297755 1.5141277326297755
retrieved 1 0.0 0.0
review 1 1.07880966137193 1.07880966137193
revised 1 2.407945608651872 2.407945608651872
revisionism 1 4.605170185988092 4.605170185988092
revolution 1 1.9661128563728327 1.9661128563728327
revolutionary 1 2.207274913189721 2.207274913189721
right 1 0.9675840262617057 0.9675840262617057
rise 1 1.8325814637483102 1.8325814637483102
rival 1 3.2188758248682006 3.2188758248682006
rivalled 1 4.605170185988092 4.605170185988092
robert 1 0.8675005677047231 0.8675005677047231
roger 1 1.9661128563728327 1.9661128563728327
role 1 1.3470736479666094 1.3470736479666094
ron 1 2.5257286443082556 2.5257286443082556
rona 1 4.605170185988092 4.605170185988092
roopu 1 4.605170185988092 4.605170185988092
root 1 2.5257286443082556 2.5257286443082556
routledge 1 2.659260036932778 2.659260036932778
rugby 1 2.995732273553991 2.995732273553991
running 1 1.6607312068216509 1.6607312068216509
ruth 1 2.8134107167600364 2.8134107167600364
ryan 1 1.8325814637483102 1.8325814637483102
saw 1 2.0402208285265546 2.0402208285265546
school 1 0.7765287894989963 0.7765287894989963
science 1 1.171182981502945 1.171182981502945
screen 1 0.010050335853501506 0.010050335853501506
search 1 0.0 0.0
secondlargest 1 4.605170185988092 4.605170185988092
security 1 1.6607312068216509 1.6607312068216509
see 1 0.40047756659712536 0.40047756659712536
seealso 1 3.912023005428146 3.912023005428146
seeking 1 2.8134107167600364 2.8134107167600364
seen 1 1.8971199848858813 1.8971199848858813
selfdetermination 1 4.605170185988092 4.605170185988092
service 1 1.2378743560016172 1.2378743560016172
set 1 0.9942522733438669 0.9942522733438669
sexism 1 4.605170185988092 4.605170185988092
share 1 0.0 0.0
short 1 0.06187540371808745 0.06187540371808745
shortdescription 1 0.2613647641344075 0.2613647641344075
shortened 1 0.0 0.0
show 1 1.0498221244986776 1.0498221244986776
si 1 4.605170185988092 4.605170185988092
side 1 1.4271163556401458 1.4271163556401458
sidebar 1 0.0 0.0
since 1 0.7985076962177716 0.7985076962177716
sino 1 3.506557897319982 3.506557897319982
site 1 0.0 0.0
small 1 1.4271163556401458 1.4271163556401458
smeared 1 4.605170185988092 4.605170185988092
smith 1 1.2039728043259361 1.2039728043259361
social 1 1.3093333199837622 1.3093333199837622
socialism 1 3.2188758248682006 3.2188758248682006
socialist 1 2.407945608651872 2.407945608651872
societal 1 4.605170185988092 4.605170185988092
society 1 1.4271163556401458 1.4271163556401458
solidarity 1 3.2188758248682006 3.2188758248682006
son 1 1.3093333199837622 1.3093333199837622
sought 1 2.5257286443082556 2.5257286443082556
south 1 0.9162907318741551 0.9162907318741551
special 1 0.0 0.0
spied 1 4.605170185988092 4.605170185988092
split 1 2.407945608651872 2.407945608651872
spoonley 1 4.605170185988092 4.605170185988092
sport 1 1.1394342831883648 1.1394342831883648
sporting 1 2.8134107167600364 2.8134107167600364
springbok 1 4.605170185988092 4.605170185988092
springer 1 3.912023005428146 3.912023005428146
standard 1 1.6607312068216509 1.6607312068216509
stanford 1 3.506557897319982 3.506557897319982
star 1 0.9675840262617057 0.9675840262617057
stated 1 2.120263536200091 2.120263536200091
statement 1 0.0 0.0
statistic 1 0.0 0.0
steer 1 4.605170185988092 4.605170185988092
story 1 1.5606477482646683 1.5606477482646683
struggle 1 2.659260036932778 2.659260036932778
struggling 1 4.605170185988092 4.605170185988092
student 1 1.3862943611198906 1.3862943611198906
study 1 1.2729656758128876 1.2729656758128876
subversive 1 3.912023005428146 3.912023005428146
successfully 1 2.659260036932778 2.659260036932778
sue 1 2.995732273553991 2.995732273553991
sued 1 3.2188758248682006 3.2188758248682006
summer 1 1.5141277326297755 1.5141277326297755
sunday 1 1.9661128563728327 1.9661128563728327
sup 1 3.506557897319982 3.506557897319982
superpower 1 3.912023005428146 3.912023005428146
support 1 1.2729656758128876 1.2729656758128876
supported 1 1.8325814637483102 1.8325814637483102
supporter 1 2.659260036932778 2.659260036932778
sydney 1 2.5257286443082556 2.5257286443082556
sympathizer 1 4.605170185988092 4.605170185988092
table 1 0.0 0.0
tackling 1 4.605170185988092 4.605170185988092
talk 1 0.0 0.0
target 1 3.2188758248682006 3.2188758248682006
taylor 1 1.7719568419318754 1.7719568419318754
team 1 1.0498221244986776 1.0498221244986776
template 1 0.0 0.0
templeton 1 4.605170185988092 4.605170185988092
tension 1 3.912023005428146 3.912023005428146
term 1 0.0 0.0
text 1 0.0 0.0
theory 1 2.302585092994046 2.302585092994046
therese 1 4.605170185988092 4.605170185988092
thought 1 1.8971199848858813 1.8971199848858813
throughout 1 1.171182981502945 1.171182981502945
thus 1 1.7147984280919266 1.7147984280919266
time 1 0.28768207245178085 0.28768207245178085
toby 1 4.605170185988092 4.605170185988092
toggle 1 0.010050335853501506 0.010050335853501506
took 1 1.171182981502945 1.171182981502945
tool 1 0.0 0.0
top 1 0.010050335853501506 0.010050335853501506
topic 1 0.0 0.0
total 1 0.0 0.0
tour 1 2.5257286443082556 2.5257286443082556
towards 1 2.120263536200091 2.120263536200091
traced 1 4.605170185988092 4.605170185988092
trade 1 1.7147984280919266 1.7147984280919266
trademark 1 0.0 0.0
trapeznik 1 4.605170185988092 4.605170185988092
tripod 1 4.605170185988092 4.605170185988092
trotskyist 1 4.605170185988092 4.605170185988092
trying 1 2.659260036932778 2.659260036932778
turned 1 2.5257286443082556 2.5257286443082556
underground 1 2.5257286443082556 2.5257286443082556
unemployed 1 3.912023005428146 3.912023005428146
unification 1 3.912023005428146 3.912023005428146
union 1 1.07880966137193 1.07880966137193
unite 1 3.2188758248682006 3.2188758248682006
unity 1 2.659260036932778 2.659260036932778
university 1 0.616186139423817 0.616186139423817
upheld 1 3.506557897319982 3.506557897319982
upload 1 0.0 0.0
use 1 0.0 0.0
usedmydates 1 3.506557897319982 3.506557897319982
using 1 0.0 0.0
utc 1 0.0 0.0
vanguard 1 3.912023005428146 3.912023005428146
var 1 0.0 0.0
various 1 1.5141277326297755 1.5141277326297755
version 1 0.0 0.0
via 1 1.4271163556401458 1.4271163556401458
vice 1 1.6607312068216509 1.6607312068216509
victoria 1 2.407945608651872 2.407945608651872
vietnam 1 2.659260036932778 2.659260036932778
view 1 0.0 0.0
visit 1 2.0402208285265546 2.0402208285265546
volume 1 1.6094379124341003 1.6094379124341003
waikatobased 1 4.605170185988092 4.605170185988092
war 1 0.7985076962177716 0.7985076962177716
watersider 1 4.605170185988092 4.605170185988092
way 1 1.1086626245216111 1.1086626245216111
wcl 1 4.605170185988092 4.605170185988092
wedge 1 3.912023005428146 3.912023005428146
wellington 1 3.2188758248682006 3.2188758248682006
whilst 1 2.8134107167600364 2.8134107167600364
wider 1 2.659260036932778 2.659260036932778
wikidata 1 0.010050335853501506 0.010050335853501506
wikimedia 1 0.0 0.0
wikipedia 1 0.0 0.0
williams 1 1.8971199848858813 1.8971199848858813
wished 1 3.912023005428146 3.912023005428146
within 1 1.3862943611198906 1.3862943611198906
woman 1 1.171182981502945 1.171182981502945
womens 1 2.0402208285265546 2.0402208285265546
word 1 1.6094379124341003 1.6094379124341003
worker 1 2.0402208285265546 2.0402208285265546
working 1 1.8971199848858813 1.8971199848858813
world 1 0.5108256237659907 0.5108256237659907
would 1 0.7550225842780328 0.7550225842780328
written 1 0.9416085398584451 0.9416085398584451
wwa 1 4.605170185988092 4.605170185988092
xinhua 1 3.912023005428146 3.912023005428146
year 1 0.3424903089467759 0.3424903089467759
yearbook 1 3.506557897319982 3.506557897319982
zealand 1 2.120263536200091 2.120263536200091
zealander 1 4.605170185988092 4.605170185988092
zedong 1 4.605170185988092 4.605170185988092
zoe 1 3.506557897319982 3.506557897319982
