absent 1 3.506557897319982 3.506557897319982
absolute 1 2.5257286443082556 2.5257286443082556
abstention 1 4.605170185988092 4.605170185988092
abuse 1 2.5257286443082556 2.5257286443082556
accepted 1 2.207274913189721 2.207274913189721
account 1 0.0 0.0
accused 1 2.995732273553991 2.995732273553991
accusing 1 3.912023005428146 3.912023005428146
achieved 1 2.5257286443082556 2.5257286443082556
aco 1 3.912023005428146 3.912023005428146
across 1 1.8325814637483102 1.8325814637483102
act 1 1.3470736479666094 1.3470736479666094
action 1 0.0 0.0
add 1 0.0 0.0
additional 1 0.0 0.0
aftermath 1 2.659260036932778 2.659260036932778
agree 1 0.0 0.0
alberto 1 2.8134107167600364 2.8134107167600364
alike 1 0.0 0.0
alliance 1 1.8971199848858813 1.8971199848858813
allocation 1 3.506557897319982 3.506557897319982
ally 1 2.995732273553991 2.995732273553991
almost 1 1.7147984280919266 1.7147984280919266
alongside 1 1.9661128563728327 1.9661128563728327
also 1 0.127833371509885 0.127833371509885
although 1 1.4696759700589417 1.4696759700589417
andr 1 2.8134107167600364 2.8134107167600364
announced 1 1.2039728043259361 1.2039728043259361
ano 1 3.912023005428146 3.912023005428146
antecipadas 1 4.605170185988092 4.605170185988092
anticapitalism 1 4.605170185988092 4.605170185988092
antnio 1 3.912023005428146 3.912023005428146
anuncia 1 4.605170185988092 4.605170185988092
apoiou 1 4.605170185988092 4.605170185988092
appearance 1 0.0 0.0
appears 1 2.120263536200091 2.120263536200091
apply 1 0.0 0.0
approved 1 2.659260036932778 2.659260036932778
approving 1 3.912023005428146 3.912023005428146
apr 1 3.2188758248682006 3.2188758248682006
apresenta 1 4.605170185988092 4.605170185988092
archived 1 0.47803580094299974 0.47803580094299974
argument 1 2.5257286443082556 2.5257286443082556
around 1 1.0216512475319812 1.0216512475319812
arrasou 1 4.605170185988092 4.605170185988092
article 1 0.0 0.0
assembleia 1 4.605170185988092 4.605170185988092
assembly 1 2.0402208285265546 2.0402208285265546
assigned 1 2.659260036932778 2.659260036932778
assina 1 4.605170185988092 4.605170185988092
assinou 1 4.605170185988092 4.605170185988092
atdissolution 1 4.605170185988092 4.605170185988092
atmica 1 4.605170185988092 4.605170185988092
attribution 1 0.0 0.0
aug 1 2.5257286443082556 2.5257286443082556
auto 1 0.1392620673335076 0.1392620673335076
autrquicas 1 4.605170185988092 4.605170185988092
available 1 0.0 0.0
aveiro 1 4.605170185988092 4.605170185988092
avoid 1 3.506557897319982 3.506557897319982
aximage 1 4.605170185988092 4.605170185988092
azores 1 4.605170185988092 4.605170185988092
background 1 1.7147984280919266 1.7147984280919266
ballot 1 3.506557897319982 3.506557897319982
bar 1 2.5257286443082556 2.5257286443082556
barroso 1 4.605170185988092 4.605170185988092
barrosos 1 4.605170185988092 4.605170185988092
became 1 0.7133498878774648 0.7133498878774648
become 1 1.2378743560016172 1.2378743560016172
began 1 0.8675005677047231 0.8675005677047231
beja 1 4.605170185988092 4.605170185988092
belou 1 4.605170185988092 4.605170185988092
bem 1 4.605170185988092 4.605170185988092
better 1 1.8971199848858813 1.8971199848858813
big 1 1.3862943611198906 1.3862943611198906
blank 1 3.912023005428146 3.912023005428146
bloc 1 3.912023005428146 3.912023005428146
bloco 1 4.605170185988092 4.605170185988092
bomba 1 4.605170185988092 4.605170185988092
box 1 2.5257286443082556 2.5257286443082556
braga 1 4.605170185988092 4.605170185988092
bragana 1 4.605170185988092 4.605170185988092
branco 1 4.605170185988092 4.605170185988092
brao 1 4.605170185988092 4.605170185988092
budget 1 2.407945608651872 2.407945608651872
cabinet 1 2.8134107167600364 2.8134107167600364
called 1 0.8209805520698303 0.8209805520698303
campaign 1 1.6607312068216509 1.6607312068216509
campelo 1 4.605170185988092 4.605170185988092
campelos 1 4.605170185988092 4.605170185988092
campleo 1 4.605170185988092 4.605170185988092
candidate 1 2.207274913189721 2.207274913189721
carlos 1 2.995732273553991 2.995732273553991
carvalhas 1 4.605170185988092 4.605170185988092
carvalho 1 3.506557897319982 3.506557897319982
casa 1 3.912023005428146 3.912023005428146
cast 1 1.8971199848858813 1.8971199848858813
castelo 1 4.605170185988092 4.605170185988092
castro 1 3.2188758248682006 3.2188758248682006
catal 1 3.2188758248682006 3.2188758248682006
category 1 0.0 0.0
catlica 1 4.605170185988092 4.605170185988092
catlicab 1 4.605170185988092 4.605170185988092
caucus 1 3.506557897319982 3.506557897319982
cd 1 3.506557897319982 3.506557897319982
cdspp 1 4.605170185988092 4.605170185988092
cdsppportas 1 4.605170185988092 4.605170185988092
cdu 1 4.605170185988092 4.605170185988092
cducarvalhas 1 4.605170185988092 4.605170185988092
centerpx 1 0.0408219945202552 0.0408219945202552
cento 1 4.605170185988092 4.605170185988092
centreleft 1 4.605170185988092 4.605170185988092
centreright 1 4.605170185988092 4.605170185988092
centrerightto 1 4.605170185988092 4.605170185988092
centro 1 3.912023005428146 3.912023005428146
certain 1 2.302585092994046 2.302585092994046
certified 1 2.995732273553991 2.995732273553991
challenge 1 2.302585092994046 2.302585092994046
challenged 1 2.207274913189721 2.207274913189721
change 1 0.0 0.0
chaves 1 4.605170185988092 4.605170185988092
cheese 1 3.506557897319982 3.506557897319982
child 1 1.07880966137193 1.07880966137193
christian 1 1.4696759700589417 1.4696759700589417
cimeira 1 4.605170185988092 4.605170185988092
citation 1 0.0408219945202552 0.0408219945202552
cite 1 0.0 0.0
citejournal 1 1.9661128563728327 1.9661128563728327
close 1 1.9661128563728327 1.9661128563728327
closest 1 4.605170185988092 4.605170185988092
cne 1 4.605170185988092 4.605170185988092
coalition 1 2.407945608651872 2.407945608651872
coalitionc 1 4.605170185988092 4.605170185988092
code 1 0.0 0.0
coimbra 1 4.605170185988092 4.605170185988092
coligao 1 4.605170185988092 4.605170185988092
college 1 1.1394342831883648 1.1394342831883648
com 1 3.506557897319982 3.506557897319982
combined 1 2.659260036932778 2.659260036932778
comisso 1 4.605170185988092 4.605170185988092
commission 1 1.7147984280919266 1.7147984280919266
common 1 0.0 0.0
communism 1 3.2188758248682006 3.2188758248682006
communist 1 2.407945608651872 2.407945608651872
compare 1 4.605170185988092 4.605170185988092
compared 1 2.120263536200091 2.120263536200091
comparing 1 3.912023005428146 3.912023005428146
comunista 1 4.605170185988092 4.605170185988092
conduct 1 0.0 0.0
confidence 1 2.995732273553991 2.995732273553991
congress 1 1.7147984280919266 1.7147984280919266
conservatism 1 4.605170185988092 4.605170185988092
constitucional 1 4.605170185988092 4.605170185988092
constituency 1 3.2188758248682006 3.2188758248682006
constituent 1 2.995732273553991 2.995732273553991
constitution 1 2.5257286443082556 2.5257286443082556
contact 1 0.0 0.0
content 1 0.0 0.0
contested 1 3.506557897319982 3.506557897319982
context 1 0.010050335853501506 0.010050335853501506
contradiction 1 4.605170185988092 4.605170185988092
contribute 1 0.0 0.0
contributed 1 2.5257286443082556 2.5257286443082556
contribution 1 0.0 0.0
controversial 1 2.8134107167600364 2.8134107167600364
cookie 1 0.0 0.0
cookiematch 1 0.0 0.0
coordination 1 2.995732273553991 2.995732273553991
correio 1 4.605170185988092 4.605170185988092
corrupts 1 4.605170185988092 4.605170185988092
counted 1 3.506557897319982 3.506557897319982
counterlistitema 1 0.127833371509885 0.127833371509885
country 1 0.843970070294529 0.843970070294529
create 1 0.0 0.0
creative 1 0.0 0.0
crisis 1 2.302585092994046 2.302585092994046
criticized 1 2.995732273553991 2.995732273553991
csmaintcolorf 1 0.06187540371808745 0.06187540371808745
csmaintcolorfmedia 1 0.0408219945202552 0.0408219945202552
cswsicon 1 0.0408219945202552 0.0408219945202552
current 1 0.0 0.0
damage 1 2.995732273553991 2.995732273553991
daniel 1 1.3862943611198906 1.3862943611198906
dansk 1 2.995732273553991 2.995732273553991
data 1 1.3862943611198906 1.3862943611198906
date 1 0.3147107448397002 0.3147107448397002
day 1 0.5276327420823719 0.5276327420823719
debate 1 2.8134107167600364 2.8134107167600364
dec 1 2.995732273553991 2.995732273553991
december 1 0.37106368139083196 0.37106368139083196
decepcionou 1 4.605170185988092 4.605170185988092
decided 1 2.120263536200091 2.120263536200091
decision 1 1.8971199848858813 1.8971199848858813
decreto 1 4.605170185988092 4.605170185988092
deep 1 2.407945608651872 2.407945608651872
defeat 1 1.9661128563728327 1.9661128563728327
demisso 1 4.605170185988092 4.605170185988092
demitese 1 4.605170185988092 4.605170185988092
democracy 1 2.302585092994046 2.302585092994046
democrat 1 2.995732273553991 2.995732273553991
democrata 1 4.605170185988092 4.605170185988092
democratic 1 2.120263536200091 2.120263536200091
democrtico 1 4.605170185988092 4.605170185988092
depends 1 3.912023005428146 3.912023005428146
depois 1 4.605170185988092 4.605170185988092
deputado 1 4.605170185988092 4.605170185988092
derrota 1 4.605170185988092 4.605170185988092
desafia 1 4.605170185988092 4.605170185988092
description 1 0.07257069283483537 0.07257069283483537
despite 1 1.1394342831883648 1.1394342831883648
deutsch 1 0.9416085398584451 0.9416085398584451
developer 1 0.0 0.0
dia 1 3.506557897319982 3.506557897319982
different 1 0.3424903089467759 0.3424903089467759
direita 1 4.605170185988092 4.605170185988092
direito 1 4.605170185988092 4.605170185988092
disagreed 1 4.605170185988092 4.605170185988092
disagreement 1 4.605170185988092 4.605170185988092
disappointing 1 3.506557897319982 3.506557897319982
disclaimer 1 0.0 0.0
dispute 1 2.5257286443082556 2.5257286443082556
dissoluo 1 4.605170185988092 4.605170185988092
dissolution 1 3.2188758248682006 3.2188758248682006
dissolve 1 3.2188758248682006 3.2188758248682006
dissolver 1 4.605170185988092 4.605170185988092
distance 1 2.995732273553991 2.995732273553991
distributed 1 2.995732273553991 2.995732273553991
distribution 1 4.605170185988092 4.605170185988092
district 1 1.4271163556401458 1.4271163556401458
divided 1 2.995732273553991 2.995732273553991
divises 1 4.605170185988092 4.605170185988092
do 1 3.912023005428146 3.912023005428146
doi 1 2.0402208285265546 2.0402208285265546
donate 1 0.0 0.0
download 1 0.0 0.0
dropped 1 2.0402208285265546 2.0402208285265546
dtaftercontent 1 0.127833371509885 0.127833371509885
dublin 1 3.506557897319982 3.506557897319982
due 1 0.9416085398584451 0.9416085398584451
duro 1 4.605170185988092 4.605170185988092
early 1 0.6348782724359695 0.6348782724359695
earth 1 2.407945608651872 2.407945608651872
ecologist 1 4.605170185988092 4.605170185988092
ecologista 1 4.605170185988092 4.605170185988092
economic 1 1.7719568419318754 1.7719568419318754
ecosocialism 1 4.605170185988092 4.605170185988092
eduardo 1 3.2188758248682006 3.2188758248682006
effective 1 2.995732273553991 2.995732273553991
elect 1 2.659260036932778 2.659260036932778
elected 1 1.9661128563728327 1.9661128563728327
election 1 1.9661128563728327 1.9661128563728327
electoral 1 3.2188758248682006 3.2188758248682006
electorate 1 3.912023005428146 3.912023005428146
eleies 1 4.605170185988092 4.605170185988092
eleio 1 4.605170185988092 4.605170185988092
eleito 1 4.605170185988092 4.605170185988092
eleitores 1 4.605170185988092 4.605170185988092
eleven 1 2.207274913189721 2.207274913189721
encyclopedia 1 0.0 0.0
end 1 0.7985076962177716 0.7985076962177716
english 1 0.0 0.0
entered 1 1.9661128563728327 1.9661128563728327
ephemera 1 4.605170185988092 4.605170185988092
equal 1 3.2188758248682006 3.2188758248682006
espaol 1 1.1394342831883648 1.1394342831883648
espectadores 1 4.605170185988092 4.605170185988092
esquerda 1 4.605170185988092 4.605170185988092
estudos 1 4.605170185988092 4.605170185988092
eurequipa 1 4.605170185988092 4.605170185988092
europe 1 1.5141277326297755 1.5141277326297755
european 1 1.3093333199837622 1.3093333199837622
europeia 1 4.605170185988092 4.605170185988092
eurosondagem 1 4.605170185988092 4.605170185988092
even 1 1.1394342831883648 1.1394342831883648
event 1 0.0 0.0
ever 1 1.7147984280919266 1.7147984280919266
exchange 1 1.9661128563728327 1.9661128563728327
exclude 1 4.605170185988092 4.605170185988092
exit 1 2.995732273553991 2.995732273553991
exp 1 0.0 0.0
expresso 1 4.605170185988092 4.605170185988092
external 1 0.44628710262841953 0.44628710262841953
fact 1 1.5141277326297755 1.5141277326297755
factory 1 2.5257286443082556 2.5257286443082556
fail 1 3.2188758248682006 3.2188758248682006
fall 1 1.07880966137193 1.07880966137193
falling 1 2.8134107167600364 2.8134107167600364
falta 1 4.605170185988092 4.605170185988092
far 1 1.6607312068216509 1.6607312068216509
farleft 1 4.605170185988092 4.605170185988092
faro 1 4.605170185988092 4.605170185988092
favour 1 2.995732273553991 2.995732273553991
favourite 1 3.506557897319982 3.506557897319982
fazer 1 4.605170185988092 4.605170185988092
feb 1 2.659260036932778 2.659260036932778
february 1 0.27443684570176036 0.27443684570176036
ferro 1 4.605170185988092 4.605170185988092
field 1 1.0498221244986776 1.0498221244986776
fifth 1 2.120263536200091 2.120263536200091
file 1 0.0 0.0
finance 1 2.302585092994046 2.302585092994046
finishing 1 2.407945608651872 2.407945608651872
firm 1 2.407945608651872 2.407945608651872
first 1 0.1508228897345837 0.1508228897345837
fiscal 1 3.912023005428146 3.912023005428146
five 1 1.0216512475319812 1.0216512475319812
float 1 3.912023005428146 3.912023005428146
following 1 0.7133498878774648 0.7133498878774648
force 1 1.2378743560016172 1.2378743560016172
formed 1 1.7719568419318754 1.7719568419318754
fortes 1 4.605170185988092 4.605170185988092
forum 1 2.8134107167600364 2.8134107167600364
foundation 1 0.0 0.0
fourth 1 1.4696759700589417 1.4696759700589417
fouryear 1 3.912023005428146 3.912023005428146
fragile 1 4.605170185988092 4.605170185988092
franais 1 0.8675005677047231 0.8675005677047231
francisco 1 1.7719568419318754 1.7719568419318754
free 1 0.0 0.0
freire 1 4.605170185988092 4.605170185988092
gained 1 2.8134107167600364 2.8134107167600364
gallaher 1 4.605170185988092 4.605170185988092
gathering 1 2.8134107167600364 2.8134107167600364
gave 1 1.5606477482646683 1.5606477482646683
general 1 0.0 0.0
generous 1 3.912023005428146 3.912023005428146
get 1 0.0 0.0
got 1 2.302585092994046 2.302585092994046
government 1 1.1086626245216111 1.1086626245216111
governo 1 4.605170185988092 4.605170185988092
greater 1 2.302585092994046 2.302585092994046
green 1 1.171182981502945 1.171182981502945
growing 1 2.5257286443082556 2.5257286443082556
guarda 1 4.605170185988092 4.605170185988092
guterres 1 4.605170185988092 4.605170185988092
hare 1 3.912023005428146 3.912023005428146
hatnote 1 0.843970070294529 0.843970070294529
hecatombe 1 4.605170185988092 4.605170185988092
help 1 0.0 0.0
henrique 1 4.605170185988092 4.605170185988092
hidden 1 0.010050335853501506 0.010050335853501506
hide 1 0.0 0.0
higher 1 2.0402208285265546 2.0402208285265546
history 1 0.0 0.0
hlist 1 0.127833371509885 0.127833371509885
hlistinline 1 0.127833371509885 0.127833371509885
hoje 1 4.605170185988092 4.605170185988092
hold 1 1.3470736479666094 1.3470736479666094
hometown 1 3.506557897319982 3.506557897319982
hondt 1 4.605170185988092 4.605170185988092
hosting 1 4.605170185988092 4.605170185988092
humanist 1 4.605170185988092 4.605170185988092
ibelection 1 3.506557897319982 3.506557897319982
idea 1 1.8325814637483102 1.8325814637483102
ideology 1 3.506557897319982 3.506557897319982
idlockfree 1 0.0408219945202552 0.0408219945202552
idlockfreeidlockfree 1 0.0408219945202552 0.0408219945202552
idlocklimited 1 0.0408219945202552 0.0408219945202552
idlockregistration 1 0.0408219945202552 0.0408219945202552
idlocksubscription 1 0.0408219945202552 0.0408219945202552
image 1 2.120263536200091 2.120263536200091
inc 1 0.0 0.0
incapacity 1 4.605170185988092 4.605170185988092
included 1 1.3093333199837622 1.3093333199837622
including 1 0.7133498878774648 0.7133498878774648
inclusion 1 3.2188758248682006 3.2188758248682006
incumbent 1 2.8134107167600364 2.8134107167600364
ind 1 4.605170185988092 4.605170185988092
independent 1 1.4271163556401458 1.4271163556401458
independente 1 4.605170185988092 4.605170185988092
inesperada 1 4.605170185988092 4.605170185988092
infobox 1 0.3011050927839216 0.3011050927839216
infoboxelection 1 3.506557897319982 3.506557897319982
infoboxelectionrow 1 3.912023005428146 3.912023005428146
infoboxtable 1 0.3147107448397002 0.3147107448397002
information 1 0.0 0.0
intention 1 2.659260036932778 2.659260036932778
intercampus 1 4.605170185988092 4.605170185988092
invalid 1 3.912023005428146 3.912023005428146
invitee 1 4.605170185988092 4.605170185988092
iraq 1 2.8134107167600364 2.8134107167600364
isabel 1 4.605170185988092 4.605170185988092
issue 1 1.1086626245216111 1.1086626245216111
italiano 1 1.07880966137193 1.07880966137193
item 1 0.010050335853501506 0.010050335853501506
jan 1 2.0402208285265546 2.0402208285265546
january 1 0.3424903089467759 0.3424903089467759
joint 1 2.302585092994046 2.302585092994046
jorge 1 2.995732273553991 2.995732273553991
jornal 1 4.605170185988092 4.605170185988092
jos 1 2.302585092994046 2.302585092994046
josu 1 4.605170185988092 4.605170185988092
judite 1 4.605170185988092 4.605170185988092
jul 1 2.995732273553991 2.995732273553991
jump 1 0.0 0.0
jun 1 2.5257286443082556 2.5257286443082556
june 1 0.40047756659712536 0.40047756659712536
kingdom 1 1.5141277326297755 1.5141277326297755
lack 1 2.120263536200091 2.120263536200091
lagu 1 4.605170185988092 4.605170185988092
lajes 1 4.605170185988092 4.605170185988092
language 1 0.0 0.0
larger 1 2.407945608651872 2.407945608651872
largest 1 2.407945608651872 2.407945608651872
last 1 0.0 0.0
lastelection 1 4.605170185988092 4.605170185988092
later 1 0.5621189181535412 0.5621189181535412
lead 1 1.6607312068216509 1.6607312068216509
leader 1 1.3862943611198906 1.3862943611198906
leadership 1 2.207274913189721 2.207274913189721
leadersince 1 4.605170185988092 4.605170185988092
leadersseat 1 4.605170185988092 4.605170185988092
lealdade 1 4.605170185988092 4.605170185988092
learn 1 0.0 0.0
led 1 1.07880966137193 1.07880966137193
left 1 1.171182981502945 1.171182981502945
leftwing 1 3.912023005428146 3.912023005428146
leg 1 2.659260036932778 2.659260036932778
legendtext 1 3.2188758248682006 3.2188758248682006
legislation 1 2.659260036932778 2.659260036932778
legislativas 1 4.605170185988092 4.605170185988092
legislative 1 2.659260036932778 2.659260036932778
legislature 1 3.2188758248682006 3.2188758248682006
leiria 1 4.605170185988092 4.605170185988092
leninism 1 3.912023005428146 3.912023005428146
liaftercontent 1 0.127833371509885 0.127833371509885
liberal 1 2.659260036932778 2.659260036932778
liberalism 1 3.506557897319982 3.506557897319982
license 1 0.0 0.0
like 1 1.2039728043259361 1.2039728043259361
lima 1 3.2188758248682006 3.2188758248682006
limiano 1 4.605170185988092 4.605170185988092
link 1 0.0 0.0
lisbon 1 3.912023005428146 3.912023005428146
list 1 0.6348782724359695 0.6348782724359695
local 1 1.4696759700589417 1.4696759700589417
log 1 0.0 0.0
logged 1 0.0 0.0
logo 1 2.302585092994046 2.302585092994046
lope 1 4.605170185988092 4.605170185988092
lost 1 1.171182981502945 1.171182981502945
lou 1 3.2188758248682006 3.2188758248682006
low 1 1.9661128563728327 1.9661128563728327
lowest 1 3.506557897319982 3.506557897319982
loyal 1 3.2188758248682006 3.2188758248682006
lu 1 4.605170185988092 4.605170185988092
lusfona 1 4.605170185988092 4.605170185988092
machine 1 1.4696759700589417 1.4696759700589417
madeira 1 3.912023005428146 3.912023005428146
magnitude 1 3.912023005428146 3.912023005428146
main 1 0.0 0.0
mainly 1 2.995732273553991 2.995732273553991
mais 1 4.605170185988092 4.605170185988092
major 1 1.1086626245216111 1.1086626245216111
majority 1 1.8971199848858813 1.8971199848858813
make 1 1.0498221244986776 1.0498221244986776
man 1 1.0498221244986776 1.0498221244986776
manh 1 4.605170185988092 4.605170185988092
manifesto 1 3.506557897319982 3.506557897319982
manuel 1 2.659260036932778 2.659260036932778
map 1 2.0402208285265546 2.0402208285265546
mar 1 2.0402208285265546 2.0402208285265546
marca 1 3.912023005428146 3.912023005428146
marcelo 1 3.506557897319982 3.506557897319982
march 1 0.3147107448397002 0.3147107448397002
marked 1 2.207274913189721 2.207274913189721
marking 1 2.995732273553991 2.995732273553991
marktest 1 4.605170185988092 4.605170185988092
maro 1 3.912023005428146 3.912023005428146
marque 1 3.912023005428146 3.912023005428146
marqus 1 4.605170185988092 4.605170185988092
marxism 1 3.912023005428146 3.912023005428146
may 1 0.0 0.0
meiodia 1 4.605170185988092 4.605170185988092
melhor 1 4.605170185988092 4.605170185988092
member 1 0.6733445532637655 0.6733445532637655
memberselected 1 4.605170185988092 4.605170185988092
mendes 1 4.605170185988092 4.605170185988092
menu 1 0.0 0.0
metade 1 4.605170185988092 4.605170185988092
method 1 1.8971199848858813 1.8971199848858813
michael 1 1.171182981502945 1.171182981502945
milhes 1 4.605170185988092 4.605170185988092
minister 1 1.5606477482646683 1.5606477482646683
mobile 1 0.0 0.0
moderator 1 4.605170185988092 4.605170185988092
monarchist 1 3.912023005428146 3.912023005428146
month 1 0.8915981192837835 0.8915981192837835
motion 1 2.8134107167600364 2.8134107167600364
move 1 0.0 0.0
mp 1 4.605170185988092 4.605170185988092
mpsvotes 1 4.605170185988092 4.605170185988092
mudar 1 4.605170185988092 4.605170185988092
mudou 1 4.605170185988092 4.605170185988092
municipality 1 3.912023005428146 3.912023005428146
mwfiledescription 1 3.506557897319982 3.506557897319982
na 1 3.912023005428146 3.912023005428146
nacional 1 2.995732273553991 2.995732273553991
name 1 0.5276327420823719 0.5276327420823719
national 1 0.5108256237659907 0.5108256237659907
navbar 1 0.23572233352106994 0.23572233352106994
navbarfontsizemedia 1 0.3147107448397002 0.3147107448397002
navbarmini 1 0.23572233352106994 0.23572233352106994
navbox 1 0.1392620673335076 0.1392620673335076
navboximage 1 0.1392620673335076 0.1392620673335076
navboxsubgroup 1 0.1392620673335076 0.1392620673335076
navboxtitle 1 0.1392620673335076 0.1392620673335076
navigation 1 0.0 0.0
need 1 1.2039728043259361 1.2039728043259361
needed 1 1.3862943611198906 1.3862943611198906
negcios 1 4.605170185988092 4.605170185988092
new 1 0.24846135929849972 0.24846135929849972
noite 1 4.605170185988092 4.605170185988092
nominate 1 4.605170185988092 4.605170185988092
noninvitee 1 4.605170185988092 4.605170185988092
nonprofit 1 0.0 0.0
notcias 1 4.605170185988092 4.605170185988092
note 1 0.8209805520698303 0.8209805520698303
notpageimagenoresize 1 3.506557897319982 3.506557897319982
nov 1 2.0402208285265546 2.0402208285265546
november 1 0.3011050927839216 0.3011050927839216
novo 1 3.506557897319982 3.506557897319982
number 1 0.7550225842780328 0.7550225842780328
observador 1 4.605170185988092 4.605170185988092
oct 1 2.5257286443082556 2.5257286443082556
october 1 0.28768207245178085 0.28768207245178085
office 1 1.1086626245216111 1.1086626245216111
official 1 0.7550225842780328 0.7550225842780328
ollibeforecontent 1 0.127833371509885 0.127833371509885
one 1 0.23572233352106994 0.23572233352106994
opinion 1 2.120263536200091 2.120263536200091
opposer 1 4.605170185988092 4.605170185988092
opposition 1 1.9661128563728327 1.9661128563728327
oramento 1 4.605170185988092 4.605170185988092
oramentos 1 4.605170185988092 4.605170185988092
order 1 1.171182981502945 1.171182981502945
organiser 1 3.912023005428146 3.912023005428146
organization 1 0.0 0.0
organizationname 1 0.010050335853501506 0.010050335853501506
original 1 0.4155154439616658 0.4155154439616658
others 1 1.1394342831883648 1.1394342831883648
outgoing 1 4.605170185988092 4.605170185988092
outside 1 1.7147984280919266 1.7147984280919266
overseas 1 2.995732273553991 2.995732273553991
page 1 0.0 0.0
para 1 3.912023005428146 3.912023005428146
paradox 1 3.506557897319982 3.506557897319982
parlamento 1 4.605170185988092 4.605170185988092
parliament 1 2.407945608651872 2.407945608651872
parliamentary 1 2.995732273553991 2.995732273553991
partido 1 3.506557897319982 3.506557897319982
partook 1 4.605170185988092 4.605170185988092
party 1 1.2378743560016172 1.2378743560016172
partycolor 1 4.605170185988092 4.605170185988092
passing 1 2.407945608651872 2.407945608651872
paulo 1 3.506557897319982 3.506557897319982
pblico 1 4.605170185988092 4.605170185988092
pcp 1 4.605170185988092 4.605170185988092
pctpmrpp 1 4.605170185988092 4.605170185988092
pdf 1 1.0498221244986776 1.0498221244986776
pdfprintable 1 0.0 0.0
pede 1 4.605170185988092 4.605170185988092
pedro 1 2.995732273553991 2.995732273553991
penedos 1 4.605170185988092 4.605170185988092
pensamento 1 4.605170185988092 4.605170185988092
people 1 0.49429632181478017 0.49429632181478017
percent 1 2.8134107167600364 2.8134107167600364
percentage 1 2.8134107167600364 2.8134107167600364
period 1 1.4271163556401458 1.4271163556401458
permanent 1 0.0 0.0
personal 1 0.0 0.0
pev 1 4.605170185988092 4.605170185988092
pia 1 4.605170185988092 4.605170185988092
place 1 0.653926467406664 0.653926467406664
plea 1 3.912023005428146 3.912023005428146
plus 1 2.8134107167600364 2.8134107167600364
pntano 1 4.605170185988092 4.605170185988092
poder 1 3.912023005428146 3.912023005428146
policy 1 0.0 0.0
political 1 1.3470736479666094 1.3470736479666094
politician 1 1.8971199848858813 1.8971199848858813
politics 1 1.9661128563728327 1.9661128563728327
poll 1 2.659260036932778 2.659260036932778
polling 1 3.506557897319982 3.506557897319982
poltico 1 4.605170185988092 4.605170185988092
pombal 1 3.912023005428146 3.912023005428146
ponte 1 4.605170185988092 4.605170185988092
popular 1 1.4696759700589417 1.4696759700589417
popularvote 1 3.912023005428146 3.912023005428146
populous 1 4.605170185988092 4.605170185988092
por 1 3.506557897319982 3.506557897319982
porta 1 4.605170185988092 4.605170185988092
portal 1 0.0 0.0
portalegre 1 4.605170185988092 4.605170185988092
porto 1 3.912023005428146 3.912023005428146
portugal 1 2.302585092994046 2.302585092994046
portuguese 1 2.302585092994046 2.302585092994046
portugueseelections 1 4.605170185988092 4.605170185988092
portugueselanguage 1 3.2188758248682006 3.2188758248682006
portugus 1 1.171182981502945 1.171182981502945
position 1 1.1394342831883648 1.1394342831883648
possible 1 1.8971199848858813 1.8971199848858813
post 1 1.07880966137193 1.07880966137193
power 1 1.0216512475319812 1.0216512475319812
ppdpsd 1 4.605170185988092 4.605170185988092
precipitated 1 3.506557897319982 3.506557897319982
preliminary 1 3.2188758248682006 3.2188758248682006
present 1 0.9675840262617057 0.9675840262617057
presented 1 1.9661128563728327 1.9661128563728327
president 1 1.3470736479666094 1.3470736479666094
presidente 1 4.605170185988092 4.605170185988092
presidential 1 2.5257286443082556 2.5257286443082556
prime 1 2.0402208285265546 2.0402208285265546
printbodyns 1 0.09431067947124142 0.09431067947124142
printexport 1 0.0 0.0
privacy 1 0.0 0.0
problematic 1 3.912023005428146 3.912023005428146
process 1 1.5141277326297755 1.5141277326297755
programme 1 2.5257286443082556 2.5257286443082556
project 1 0.0 0.0
proportional 1 4.605170185988092 4.605170185988092
psd 1 4.605170185988092 4.605170185988092
psdbarroso 1 4.605170185988092 4.605170185988092
psdcdspp 1 4.605170185988092 4.605170185988092
psn 1 4.605170185988092 4.605170185988092
psrodrigues 1 4.605170185988092 4.605170185988092
ptpt 1 4.605170185988092 4.605170185988092
public 1 0.9675840262617057 0.9675840262617057
pxpx 1 2.995732273553991 2.995732273553991
que 1 4.605170185988092 4.605170185988092
queijo 1 4.605170185988092 4.605170185988092
quite 1 2.8134107167600364 2.8134107167600364
quota 1 3.912023005428146 3.912023005428146
ran 1 2.0402208285265546 2.0402208285265546
random 1 0.0 0.0
razes 1 4.605170185988092 4.605170185988092
read 1 0.0 0.0
reading 1 1.5606477482646683 1.5606477482646683
real 1 1.4271163556401458 1.4271163556401458
reason 1 1.9661128563728327 1.9661128563728327
recent 1 0.0 0.0
reelected 1 3.2188758248682006 3.2188758248682006
ref 1 1.8971199848858813 1.8971199848858813
reference 1 0.03045920748470844 0.03045920748470844
referendum 1 3.912023005428146 3.912023005428146
reflist 1 0.06187540371808745 0.06187540371808745
reflistcolumns 1 0.06187540371808745 0.06187540371808745
reg 1 0.0 0.0
regained 1 3.506557897319982 3.506557897319982
regarding 1 2.659260036932778 2.659260036932778
registered 1 0.0 0.0
regresso 1 4.605170185988092 4.605170185988092
rejected 1 2.407945608651872 2.407945608651872
related 1 0.0 0.0
released 1 1.2729656758128876 1.2729656758128876
remained 1 1.7719568419318754 1.7719568419318754
renewed 1 2.8134107167600364 2.8134107167600364
renovator 1 4.605170185988092 4.605170185988092
repblica 1 4.605170185988092 4.605170185988092
representation 1 2.8134107167600364 2.8134107167600364
represented 1 1.7719568419318754 1.7719568419318754
republic 1 1.5141277326297755 1.5141277326297755
republicby 1 4.605170185988092 4.605170185988092
require 1 3.506557897319982 3.506557897319982
resignation 1 3.2188758248682006 3.2188758248682006
resigning 1 3.912023005428146 3.912023005428146
resolve 1 4.605170185988092 4.605170185988092
respected 1 3.506557897319982 3.506557897319982
result 1 0.9942522733438669 0.9942522733438669
retrieved 1 0.0 0.0
right 1 0.9675840262617057 0.9675840262617057
righthand 1 4.605170185988092 4.605170185988092
rightwing 1 3.912023005428146 3.912023005428146
rio 1 2.995732273553991 2.995732273553991
rodrigues 1 3.912023005428146 3.912023005428146
rtp 1 4.605170185988092 4.605170185988092
sainte 1 3.506557897319982 3.506557897319982
sampaio 1 4.605170185988092 4.605170185988092
santana 1 3.506557897319982 3.506557897319982
santarm 1 4.605170185988092 4.605170185988092
scandal 1 2.8134107167600364 2.8134107167600364
scid 1 2.659260036932778 2.659260036932778
screen 1 0.010050335853501506 0.010050335853501506
search 1 0.0 0.0
seat 1 2.302585092994046 2.302585092994046
seatchange 1 4.605170185988092 4.605170185988092
seatswon 1 4.605170185988092 4.605170185988092
second 1 0.49429632181478017 0.49429632181478017
secretriogeral 1 4.605170185988092 4.605170185988092
see 1 0.40047756659712536 0.40047756659712536
sep 1 2.659260036932778 2.659260036932778
separation 1 2.995732273553991 2.995732273553991
september 1 0.43078291609245434 0.43078291609245434
ser 1 3.506557897319982 3.506557897319982
series 1 0.8675005677047231 0.8675005677047231
setbal 1 4.605170185988092 4.605170185988092
sexual 1 3.506557897319982 3.506557897319982
share 1 0.0 0.0
short 1 0.06187540371808745 0.06187540371808745
shortdescription 1 0.2613647641344075 0.2613647641344075
shortened 1 0.0 0.0
shortly 1 2.207274913189721 2.207274913189721
show 1 1.0498221244986776 1.0498221244986776
sic 1 3.506557897319982 3.506557897319982
sicviso 1 4.605170185988092 4.605170185988092
sidebar 1 0.0 0.0
since 1 0.7985076962177716 0.7985076962177716
sintra 1 4.605170185988092 4.605170185988092
site 1 0.0 0.0
situation 1 2.407945608651872 2.407945608651872
slightly 1 2.659260036932778 2.659260036932778
slogan 1 3.912023005428146 3.912023005428146
small 1 1.4271163556401458 1.4271163556401458
snap 1 3.912023005428146 3.912023005428146
social 1 1.3093333199837622 1.3093333199837622
socialism 1 3.2188758248682006 3.2188758248682006
socialist 1 2.407945608651872 2.407945608651872
socialista 1 4.605170185988092 4.605170185988092
socialistas 1 4.605170185988092 4.605170185988092
sofre 1 4.605170185988092 4.605170185988092
sole 1 2.659260036932778 2.659260036932778
solid 1 0.09431067947124142 0.09431067947124142
solidarity 1 3.2188758248682006 3.2188758248682006
solidaritye 1 4.605170185988092 4.605170185988092
somos 1 4.605170185988092 4.605170185988092
source 1 0.5798184952529422 0.5798184952529422
sousa 1 4.605170185988092 4.605170185988092
spain 1 1.6607312068216509 1.6607312068216509
special 1 0.0 0.0
speech 1 2.5257286443082556 2.5257286443082556
split 1 2.407945608651872 2.407945608651872
sport 1 1.1394342831883648 1.1394342831883648
started 1 1.6094379124341003 1.6094379124341003
state 1 0.3147107448397002 0.3147107448397002
statement 1 0.0 0.0
statistic 1 0.0 0.0
status 1 1.7719568419318754 1.7719568419318754
still 1 0.9416085398584451 0.9416085398584451
strength 1 2.407945608651872 2.407945608651872
strong 1 1.6607312068216509 1.6607312068216509
stronghold 1 3.506557897319982 3.506557897319982
subsection 1 0.3424903089467759 0.3424903089467759
suffered 1 2.659260036932778 2.659260036932778
summary 1 2.407945608651872 2.407945608651872
summit 1 3.2188758248682006 3.2188758248682006
support 1 1.2729656758128876 1.2729656758128876
supporter 1 2.659260036932778 2.659260036932778
surprising 1 3.2188758248682006 3.2188758248682006
swamp 1 4.605170185988092 4.605170185988092
swearing 1 4.605170185988092 4.605170185988092
swing 1 3.912023005428146 3.912023005428146
system 1 0.9162907318741551 0.9162907318741551
table 1 0.0 0.0
talk 1 0.0 0.0
tdhlist 1 0.1392620673335076 0.1392620673335076
template 1 0.0 0.0
tender 1 3.912023005428146 3.912023005428146
term 1 0.0 0.0
text 1 0.0 0.0
thbodyskinresponsive 1 0.3147107448397002 0.3147107448397002
third 1 0.9162907318741551 0.9162907318741551
threshold 1 4.605170185988092 4.605170185988092
throughout 1 1.171182981502945 1.171182981502945
till 1 2.302585092994046 2.302585092994046
time 1 0.28768207245178085 0.28768207245178085
tinha 1 4.605170185988092 4.605170185988092
todos 1 3.912023005428146 3.912023005428146
toggle 1 0.010050335853501506 0.010050335853501506
took 1 1.171182981502945 1.171182981502945
tool 1 0.0 0.0
top 1 0.010050335853501506 0.010050335853501506
topic 1 0.0 0.0
total 1 0.0 0.0
trademark 1 0.0 0.0
traditional 1 2.302585092994046 2.302585092994046
translation 1 2.302585092994046 2.302585092994046
trapalhadas 1 4.605170185988092 4.605170185988092
trinity 1 2.5257286443082556 2.5257286443082556
truthful 1 4.605170185988092 4.605170185988092
turnout 1 3.912023005428146 3.912023005428146
tvi 1 4.605170185988092 4.605170185988092
two 1 0.43078291609245434 0.43078291609245434
ulpaddingem 1 0.1392620673335076 0.1392620673335076
unanimous 1 3.912023005428146 3.912023005428146
unexpected 1 3.506557897319982 3.506557897319982
union 1 1.07880966137193 1.07880966137193
uniond 1 4.605170185988092 4.605170185988092
unitary 1 3.506557897319982 3.506557897319982
united 1 0.4155154439616658 0.4155154439616658
unity 1 2.659260036932778 2.659260036932778
universidade 1 4.605170185988092 4.605170185988092
upload 1 0.0 0.0
use 1 0.0 0.0
used 1 0.8675005677047231 0.8675005677047231
using 1 0.0 0.0
utc 1 0.0 0.0
vai 1 4.605170185988092 4.605170185988092
valeu 1 4.605170185988092 4.605170185988092
valid 1 3.506557897319982 3.506557897319982
var 1 0.0 0.0
verdade 1 4.605170185988092 4.605170185988092
verdes 1 4.605170185988092 4.605170185988092
version 1 0.0 0.0
viana 1 4.605170185988092 4.605170185988092
vida 1 4.605170185988092 4.605170185988092
view 1 0.0 0.0
vila 1 2.995732273553991 2.995732273553991
viseu 1 4.605170185988092 4.605170185988092
viso 1 4.605170185988092 4.605170185988092
visto 1 4.605170185988092 4.605170185988092
vora 1 4.605170185988092 4.605170185988092
votado 1 4.605170185988092 4.605170185988092
votaram 1 4.605170185988092 4.605170185988092
vote 1 2.5257286443082556 2.5257286443082556
voted 1 2.8134107167600364 2.8134107167600364
voter 1 3.506557897319982 3.506557897319982
votersturnout 1 4.605170185988092 4.605170185988092
voting 1 3.2188758248682006 3.2188758248682006
war 1 0.7985076962177716 0.7985076962177716
wayback 1 1.8971199848858813 1.8971199848858813
webarchive 1 2.0402208285265546 2.0402208285265546
weird 1 3.912023005428146 3.912023005428146
well 1 0.7765287894989963 0.7765287894989963
west 1 1.171182981502945 1.171182981502945
wikidata 1 0.010050335853501506 0.010050335853501506
wikimedia 1 0.0 0.0
wikipedia 1 0.0 0.0
win 1 1.1086626245216111 1.1086626245216111
winner 1 1.5141277326297755 1.5141277326297755
winning 1 1.8971199848858813 1.8971199848858813
within 1 1.3862943611198906 1.3862943611198906
without 1 1.3093333199837622 1.3093333199837622
worker 1 2.0402208285265546 2.0402208285265546
wwwparlamentopt 1 4.605170185988092 4.605170185988092
xvi 1 3.912023005428146 3.912023005428146
youth 1 2.207274913189721 2.207274913189721
