accomplished 1 2.995732273553991 2.995732273553991
account 1 0.0 0.0
acoustic 1 3.912023005428146 3.912023005428146
across 1 1.8325814637483102 1.8325814637483102
act 1 1.3470736479666094 1.3470736479666094
acted 1 3.506557897319982 3.506557897319982
acting 1 1.8971199848858813 1.8971199848858813
action 1 0.0 0.0
adamsindebted 1 4.605170185988092 4.605170185988092
add 1 0.0 0.0
added 1 1.8325814637483102 1.8325814637483102
addicted 1 4.605170185988092 4.605170185988092
adding 1 2.0402208285265546 2.0402208285265546
additional 1 0.0 0.0
afterwards 1 3.2188758248682006 3.2188758248682006
aggregate 1 2.995732273553991 2.995732273553991
agree 1 0.0 0.0
aid 1 2.0402208285265546 2.0402208285265546
airplay 1 4.605170185988092 4.605170185988092
album 1 2.407945608651872 2.407945608651872
albumby 1 2.995732273553991 2.995732273553991
albumchart 1 4.605170185988092 4.605170185988092
alienation 1 4.605170185988092 4.605170185988092
alike 1 0.0 0.0
alkaline 1 4.605170185988092 4.605170185988092
alone 1 2.5257286443082556 2.5257286443082556
along 1 1.4696759700589417 1.4696759700589417
alongside 1 1.9661128563728327 1.9661128563728327
alpha 1 3.506557897319982 3.506557897319982
also 1 0.127833371509885 0.127833371509885
alternative 1 2.207274913189721 2.207274913189721
america 1 0.8675005677047231 0.8675005677047231
american 1 0.5276327420823719 0.5276327420823719
among 1 1.2378743560016172 1.2378743560016172
amp 1 0.4620354595965586 0.4620354595965586
amprofon 1 4.605170185988092 4.605170185988092
anchored 1 4.605170185988092 4.605170185988092
angeles 1 1.6607312068216509 1.6607312068216509
angst 1 3.912023005428146 3.912023005428146
announce 1 2.659260036932778 2.659260036932778
announced 1 1.2039728043259361 1.2039728043259361
announcement 1 2.302585092994046 2.302585092994046
anorexia 1 4.605170185988092 4.605170185988092
anys 1 4.605170185988092 4.605170185988092
anything 1 2.995732273553991 2.995732273553991
aolcom 1 4.605170185988092 4.605170185988092
appearance 1 0.0 0.0
appeared 1 1.8971199848858813 1.8971199848858813
appearing 1 2.5257286443082556 2.5257286443082556
apple 1 2.659260036932778 2.659260036932778
apply 1 0.0 0.0
april 1 0.44628710262841953 0.44628710262841953
archive 1 1.6094379124341003 1.6094379124341003
archived 1 0.47803580094299974 0.47803580094299974
argued 1 2.8134107167600364 2.8134107167600364
aria 1 3.506557897319982 3.506557897319982
around 1 1.0216512475319812 1.0216512475319812
arrangement 1 2.8134107167600364 2.8134107167600364
art 1 1.2039728043259361 1.2039728043259361
article 1 0.0 0.0
artista 1 4.605170185988092 4.605170185988092
arturo 1 3.506557897319982 3.506557897319982
artwork 1 2.995732273553991 2.995732273553991
asociacin 1 4.605170185988092 4.605170185988092
assigns 1 4.605170185988092 4.605170185988092
assistance 1 2.302585092994046 2.302585092994046
association 1 1.1394342831883648 1.1394342831883648
astronaut 1 3.506557897319982 3.506557897319982
atlantic 1 2.207274913189721 2.207274913189721
attack 1 1.7147984280919266 1.7147984280919266
attempt 1 1.6607312068216509 1.6607312068216509
attribution 1 0.0 0.0
aubin 1 3.912023005428146 3.912023005428146
audio 1 2.207274913189721 2.207274913189721
august 1 0.3424903089467759 0.3424903089467759
australia 1 1.4696759700589417 1.4696759700589417
australian 1 1.9661128563728327 1.9661128563728327
australianchartscom 1 4.605170185988092 4.605170185988092
austria 1 2.302585092994046 2.302585092994046
austrian 1 2.8134107167600364 2.8134107167600364
austrianchartsat 1 4.605170185988092 4.605170185988092
authority 1 0.8915981192837835 0.8915981192837835
auto 1 0.1392620673335076 0.1392620673335076
available 1 0.0 0.0
average 1 2.0402208285265546 2.0402208285265546
avril 1 3.912023005428146 3.912023005428146
awad 1 4.605170185988092 4.605170185988092
award 1 1.171182981502945 1.171182981502945
away 1 1.5606477482646683 1.5606477482646683
back 1 1.0216512475319812 1.0216512475319812
background 1 1.7147984280919266 1.7147984280919266
backstabbing 1 4.605170185988092 4.605170185988092
bad 1 2.0402208285265546 2.0402208285265546
baehler 1 4.605170185988092 4.605170185988092
bahasa 1 1.8325814637483102 1.8325814637483102
ball 1 1.8971199848858813 1.8971199848858813
ballad 1 3.2188758248682006 3.2188758248682006
ballroom 1 3.912023005428146 3.912023005428146
band 1 2.207274913189721 2.207274913189721
based 1 1.07880966137193 1.07880966137193
bass 1 2.659260036932778 2.659260036932778
becoming 1 1.8971199848858813 1.8971199848858813
bed 1 2.659260036932778 2.659260036932778
began 1 0.8675005677047231 0.8675005677047231
behind 1 1.8971199848858813 1.8971199848858813
belgian 1 3.506557897319982 3.506557897319982
benefit 1 2.5257286443082556 2.5257286443082556
best 1 1.0216512475319812 1.0216512475319812
big 1 1.3862943611198906 1.3862943611198906
bigger 1 2.8134107167600364 2.8134107167600364
bignthe 1 4.605170185988092 4.605170185988092
bill 1 1.171182981502945 1.171182981502945
billboard 1 3.912023005428146 3.912023005428146
black 1 0.8915981192837835 0.8915981192837835
blackandwhite 1 3.912023005428146 3.912023005428146
blackstone 1 4.605170185988092 4.605170185988092
bleak 1 4.605170185988092 4.605170185988092
blender 1 4.605170185988092 4.605170185988092
blind 1 3.506557897319982 3.506557897319982
blink 1 3.912023005428146 3.912023005428146
bob 1 1.8971199848858813 1.8971199848858813
bonus 1 2.8134107167600364 2.8134107167600364
booklet 1 3.506557897319982 3.506557897319982
bottle 1 3.912023005428146 3.912023005428146
bouvier 1 4.605170185988092 4.605170185988092
box 1 2.5257286443082556 2.5257286443082556
bpi 1 4.605170185988092 4.605170185988092
brainz 1 2.995732273553991 2.995732273553991
branch 1 2.207274913189721 2.207274913189721
brasil 1 4.605170185988092 4.605170185988092
brazil 1 2.120263536200091 2.120263536200091
brazilian 1 2.8134107167600364 2.8134107167600364
break 1 2.407945608651872 2.407945608651872
brief 1 2.407945608651872 2.407945608651872
briefly 1 3.2188758248682006 3.2188758248682006
bring 1 1.8971199848858813 1.8971199848858813
british 1 1.5606477482646683 1.5606477482646683
bubblegum 1 4.605170185988092 4.605170185988092
buckley 1 3.912023005428146 3.912023005428146
bus 1 2.995732273553991 2.995732273553991
business 1 1.6094379124341003 1.6094379124341003
california 1 1.4696759700589417 1.4696759700589417
called 1 0.8209805520698303 0.8209805520698303
canada 1 1.4696759700589417 1.4696759700589417
canadian 1 1.9661128563728327 1.9661128563728327
cancel 1 4.605170185988092 4.605170185988092
cant 1 2.8134107167600364 2.8134107167600364
carrie 1 3.912023005428146 3.912023005428146
cassidy 1 3.506557897319982 3.506557897319982
cataletina 1 2.659260036932778 2.659260036932778
catch 1 3.2188758248682006 3.2188758248682006
catchy 1 3.912023005428146 3.912023005428146
category 1 0.0 0.0
catucci 1 4.605170185988092 4.605170185988092
cd 1 3.506557897319982 3.506557897319982
centerpx 1 0.0408219945202552 0.0408219945202552
certificaciones 1 4.605170185988092 4.605170185988092
certification 1 4.605170185988092 4.605170185988092
certified 1 2.995732273553991 2.995732273553991
chady 1 4.605170185988092 4.605170185988092
change 1 0.0 0.0
chapman 1 2.995732273553991 2.995732273553991
charlotte 1 2.5257286443082556 2.5257286443082556
chart 1 2.659260036932778 2.659260036932778
chartsnz 1 4.605170185988092 4.605170185988092
china 1 2.0402208285265546 2.0402208285265546
choice 1 2.659260036932778 2.659260036932778
chord 1 3.506557897319982 3.506557897319982
chorus 1 3.912023005428146 3.912023005428146
chr 1 4.605170185988092 4.605170185988092
christgau 1 4.605170185988092 4.605170185988092
christgaucom 1 4.605170185988092 4.605170185988092
christina 1 3.912023005428146 3.912023005428146
chronology 1 2.407945608651872 2.407945608651872
chuck 1 2.8134107167600364 2.8134107167600364
citation 1 0.0408219945202552 0.0408219945202552
cite 1 0.0 0.0
citecertification 1 4.605170185988092 4.605170185988092
citeweb 1 0.5447271754416719 0.5447271754416719
clarkson 1 3.912023005428146 3.912023005428146
clean 1 2.8134107167600364 2.8134107167600364
clip 1 2.659260036932778 2.659260036932778
closed 1 2.207274913189721 2.207274913189721
closing 1 2.995732273553991 2.995732273553991
club 1 1.4271163556401458 1.4271163556401458
code 1 0.0 0.0
coheadlining 1 3.912023005428146 3.912023005428146
collection 1 1.8971199848858813 1.8971199848858813
collision 1 3.2188758248682006 3.2188758248682006
column 1 2.8134107167600364 2.8134107167600364
come 1 1.3470736479666094 1.3470736479666094
comeau 1 4.605170185988092 4.605170185988092
coming 1 1.7719568419318754 1.7719568419318754
commencing 1 3.912023005428146 3.912023005428146
commended 1 3.912023005428146 3.912023005428146
commercial 1 2.0402208285265546 2.0402208285265546
common 1 0.0 0.0
company 1 1.2729656758128876 1.2729656758128876
compared 1 2.120263536200091 2.120263536200091
compilation 1 2.8134107167600364 2.8134107167600364
complaint 1 3.2188758248682006 3.2188758248682006
complicated 1 2.659260036932778 2.659260036932778
composition 1 2.407945608651872 2.407945608651872
concept 1 2.120263536200091 2.120263536200091
concert 1 2.995732273553991 2.995732273553991
concluding 1 4.605170185988092 4.605170185988092
conduct 1 0.0 0.0
contact 1 0.0 0.0
content 1 0.0 0.0
context 1 0.010050335853501506 0.010050335853501506
continued 1 1.5141277326297755 1.5141277326297755
continues 1 2.302585092994046 2.302585092994046
contribute 1 0.0 0.0
contribution 1 0.0 0.0
control 1 0.7765287894989963 0.7765287894989963
conveys 1 4.605170185988092 4.605170185988092
cookie 1 0.0 0.0
cookiematch 1 0.0 0.0
copy 1 1.9661128563728327 1.9661128563728327
corey 1 3.2188758248682006 3.2188758248682006
could 1 1.2378743560016172 1.2378743560016172
couldve 1 4.605170185988092 4.605170185988092
counterlistitema 1 0.127833371509885 0.127833371509885
cover 1 1.6094379124341003 1.6094379124341003
crazy 1 3.2188758248682006 3.2188758248682006
cre 1 4.605170185988092 4.605170185988092
create 1 0.0 0.0
creative 1 0.0 0.0
cribbed 1 4.605170185988092 4.605170185988092
critic 1 1.9661128563728327 1.9661128563728327
critical 1 2.207274913189721 2.207274913189721
crosscountry 1 3.912023005428146 3.912023005428146
crowd 1 3.2188758248682006 3.2188758248682006
crowdpleasers 1 4.605170185988092 4.605170185988092
csmaintcolorf 1 0.06187540371808745 0.06187540371808745
csmaintcolorfmedia 1 0.0408219945202552 0.0408219945202552
cswsicon 1 0.0408219945202552 0.0408219945202552
current 1 0.0 0.0
dancehalllike 1 4.605170185988092 4.605170185988092
dangelo 1 4.605170185988092 4.605170185988092
darcy 1 3.506557897319982 3.506557897319982
database 1 0.9675840262617057 0.9675840262617057
date 1 0.3147107448397002 0.3147107448397002
david 1 0.9942522733438669 0.9942522733438669
day 1 0.5276327420823719 0.5276327420823719
debut 1 1.8325814637483102 1.8325814637483102
debuted 1 3.2188758248682006 3.2188758248682006
december 1 0.37106368139083196 0.37106368139083196
delivered 1 3.2188758248682006 3.2188758248682006
demo 1 3.912023005428146 3.912023005428146
denoting 1 4.605170185988092 4.605170185988092
described 1 1.5141277326297755 1.5141277326297755
description 1 0.07257069283483537 0.07257069283483537
design 1 1.8971199848858813 1.8971199848858813
despite 1 1.1394342831883648 1.1394342831883648
desrosiers 1 4.605170185988092 4.605170185988092
destroy 1 3.2188758248682006 3.2188758248682006
detail 1 1.6094379124341003 1.6094379124341003
deutsch 1 0.9416085398584451 0.9416085398584451
developer 1 0.0 0.0
didnt 1 3.912023005428146 3.912023005428146
die 1 2.407945608651872 2.407945608651872
different 1 0.3424903089467759 0.3424903089467759
digital 1 1.9661128563728327 1.9661128563728327
directed 1 2.120263536200091 2.120263536200091
directing 1 3.506557897319982 3.506557897319982
direction 1 2.8134107167600364 2.8134107167600364
director 1 1.4271163556401458 1.4271163556401458
disaster 1 2.659260036932778 2.659260036932778
disc 1 2.407945608651872 2.407945608651872
disclaimer 1 0.0 0.0
discography 1 2.995732273553991 2.995732273553991
discusses 1 3.506557897319982 3.506557897319982
disliked 1 3.912023005428146 3.912023005428146
distiller 1 4.605170185988092 4.605170185988092
dittmar 1 4.605170185988092 4.605170185988092
donate 1 0.0 0.0
donna 1 2.8134107167600364 2.8134107167600364
dont 1 1.9661128563728327 1.9661128563728327
download 1 0.0 0.0
dream 1 2.0402208285265546 2.0402208285265546
drive 1 2.0402208285265546 2.0402208285265546
driver 1 2.207274913189721 2.207274913189721
driving 1 2.302585092994046 2.302585092994046
dropdown 1 4.605170185988092 4.605170185988092
drum 1 2.995732273553991 2.995732273553991
drummer 1 3.506557897319982 3.506557897319982
drumming 1 4.605170185988092 4.605170185988092
drunk 1 3.506557897319982 3.506557897319982
dtaftercontent 1 0.127833371509885 0.127833371509885
dual 1 2.995732273553991 2.995732273553991
dubbed 1 3.2188758248682006 3.2188758248682006
dud 1 4.605170185988092 4.605170185988092
due 1 0.9416085398584451 0.9416085398584451
duff 1 4.605170185988092 4.605170185988092
dutch 1 2.407945608651872 2.407945608651872
dutchchartsnl 1 4.605170185988092 4.605170185988092
dvd 1 2.407945608651872 2.407945608651872
dying 1 3.912023005428146 3.912023005428146
dynamite 1 4.605170185988092 4.605170185988092
earlier 1 1.8971199848858813 1.8971199848858813
earlytomid 1 4.605170185988092 4.605170185988092
eat 1 4.605170185988092 4.605170185988092
eliscu 1 4.605170185988092 4.605170185988092
else 1 3.912023005428146 3.912023005428146
emotional 1 3.506557897319982 3.506557897319982
emphasis 1 3.506557897319982 3.506557897319982
empowerment 1 4.605170185988092 4.605170185988092
emts 1 4.605170185988092 4.605170185988092
encyclopedia 1 0.0 0.0
end 1 0.7985076962177716 0.7985076962177716
endless 1 2.995732273553991 2.995732273553991
energy 1 1.6607312068216509 1.6607312068216509
engineer 1 2.302585092994046 2.302585092994046
english 1 0.0 0.0
ennui 1 3.912023005428146 3.912023005428146
enough 1 2.207274913189721 2.207274913189721
entertainment 1 1.8325814637483102 1.8325814637483102
entire 1 2.0402208285265546 2.0402208285265546
entry 1 1.5606477482646683 1.5606477482646683
epk 1 4.605170185988092 4.605170185988092
equipment 1 3.506557897319982 3.506557897319982
eric 1 1.8971199848858813 1.8971199848858813
erik 1 2.5257286443082556 2.5257286443082556
espaol 1 1.1394342831883648 1.1394342831883648
europe 1 1.5141277326297755 1.5141277326297755
european 1 1.3093333199837622 1.3093333199837622
evacuated 1 4.605170185988092 4.605170185988092
event 1 0.0 0.0
ever 1 1.7147984280919266 1.7147984280919266
everyone 1 2.8134107167600364 2.8134107167600364
everytime 1 4.605170185988092 4.605170185988092
evoke 1 4.605170185988092 4.605170185988092
evokes 1 3.506557897319982 3.506557897319982
exp 1 0.0 0.0
expanded 1 2.659260036932778 2.659260036932778
expect 1 3.912023005428146 3.912023005428146
expected 1 2.659260036932778 2.659260036932778
explained 1 2.995732273553991 2.995732273553991
extended 1 2.207274913189721 2.207274913189721
external 1 0.44628710262841953 0.44628710262841953
eye 1 1.6607312068216509 1.6607312068216509
eyed 1 3.506557897319982 3.506557897319982
face 1 1.9661128563728327 1.9661128563728327
fan 1 1.7147984280919266 1.7147984280919266
favorite 1 3.2188758248682006 3.2188758248682006
feature 1 1.4696759700589417 1.4696759700589417
featured 1 2.120263536200091 2.120263536200091
february 1 0.27443684570176036 0.27443684570176036
ferdinand 1 2.995732273553991 2.995732273553991
festival 1 2.207274913189721 2.207274913189721
figure 1 1.3470736479666094 1.3470736479666094
file 1 0.0 0.0
filmed 1 2.659260036932778 2.659260036932778
fimi 1 4.605170185988092 4.605170185988092
final 1 0.9942522733438669 0.9942522733438669
finally 1 1.8971199848858813 1.8971199848858813
finishing 1 2.407945608651872 2.407945608651872
fiona 1 3.912023005428146 3.912023005428146
first 1 0.1508228897345837 0.1508228897345837
five 1 1.0216512475319812 1.0216512475319812
flag 1 1.7147984280919266 1.7147984280919266
flanders 1 4.605170185988092 4.605170185988092
flash 1 3.506557897319982 3.506557897319982
flip 1 4.605170185988092 4.605170185988092
fmqb 1 4.605170185988092 4.605170185988092
followed 1 1.3093333199837622 1.3093333199837622
following 1 0.7133498878774648 0.7133498878774648
fonogramas 1 4.605170185988092 4.605170185988092
footnote 1 2.5257286443082556 2.5257286443082556
forced 1 2.207274913189721 2.207274913189721
foreigner 1 2.8134107167600364 2.8134107167600364
formula 1 2.407945608651872 2.407945608651872
found 1 1.2039728043259361 1.2039728043259361
foundation 1 0.0 0.0
four 1 0.7985076962177716 0.7985076962177716
franais 1 0.8675005677047231 0.8675005677047231
france 1 1.2039728043259361 1.2039728043259361
franz 1 2.8134107167600364 2.8134107167600364
fred 1 2.5257286443082556 2.5257286443082556
free 1 0.0 0.0
french 1 1.3862943611198906 1.3862943611198906
frenchlanguage 1 2.407945608651872 2.407945608651872
frequent 1 3.506557897319982 3.506557897319982
frequently 1 2.659260036932778 2.659260036932778
friday 1 2.8134107167600364 2.8134107167600364
friend 1 1.3470736479666094 1.3470736479666094
future 1 1.6607312068216509 1.6607312068216509
gap 1 2.995732273553991 2.995732273553991
garnered 1 3.506557897319982 3.506557897319982
gear 1 2.995732273553991 2.995732273553991
general 1 0.0 0.0
generally 1 2.407945608651872 2.407945608651872
generation 1 1.9661128563728327 1.9661128563728327
genre 1 2.207274913189721 2.207274913189721
george 1 1.07880966137193 1.07880966137193
german 1 1.7147984280919266 1.7147984280919266
germany 1 1.4271163556401458 1.4271163556401458
get 1 0.0 0.0
getting 1 2.207274913189721 2.207274913189721
ghost 1 2.302585092994046 2.302585092994046
gig 1 3.912023005428146 3.912023005428146
girl 1 1.7719568419318754 1.7719568419318754
given 1 1.2378743560016172 1.2378743560016172
glutton 1 4.605170185988092 4.605170185988092
gold 1 1.6094379124341003 1.6094379124341003
goldfinger 1 4.605170185988092 4.605170185988092
gone 1 2.659260036932778 2.659260036932778
good 1 1.3093333199837622 1.3093333199837622
graded 1 4.605170185988092 4.605170185988092
grand 1 1.7719568419318754 1.7719568419318754
grandmaster 1 3.912023005428146 3.912023005428146
green 1 1.171182981502945 1.171182981502945
group 1 0.8209805520698303 0.8209805520698303
growing 1 2.5257286443082556 2.5257286443082556
guitar 1 2.8134107167600364 2.8134107167600364
haiti 1 2.995732273553991 2.995732273553991
halen 1 4.605170185988092 4.605170185988092
halftime 1 4.605170185988092 4.605170185988092
hand 1 1.3862943611198906 1.3862943611198906
hanson 1 3.506557897319982 3.506557897319982
happen 1 3.912023005428146 3.912023005428146
hard 1 2.302585092994046 2.302585092994046
harder 1 3.912023005428146 3.912023005428146
hardtodeny 1 4.605170185988092 4.605170185988092
heading 1 3.912023005428146 3.912023005428146
headingand 1 4.605170185988092 4.605170185988092
headlining 1 3.912023005428146 3.912023005428146
health 1 1.6607312068216509 1.6607312068216509
heart 1 1.4696759700589417 1.4696759700589417
heat 1 2.5257286443082556 2.5257286443082556
heavier 1 3.506557897319982 3.506557897319982
heaviest 1 4.605170185988092 4.605170185988092
heisel 1 4.605170185988092 4.605170185988092
held 1 1.171182981502945 1.171182981502945
helmet 1 4.605170185988092 4.605170185988092
helmkamp 1 4.605170185988092 4.605170185988092
help 1 0.0 0.0
henry 1 1.5606477482646683 1.5606477482646683
hidden 1 0.010050335853501506 0.010050335853501506
hide 1 0.0 0.0
highlight 1 2.407945608651872 2.407945608651872
hilary 1 3.506557897319982 3.506557897319982
history 1 0.0 0.0
hit 1 2.407945608651872 2.407945608651872
hitparade 1 4.605170185988092 4.605170185988092
hlist 1 0.127833371509885 0.127833371509885
hlistinline 1 0.127833371509885 0.127833371509885
home 1 0.7339691750802005 0.7339691750802005
homecoming 1 3.912023005428146 3.912023005428146
hometown 1 3.506557897319982 3.506557897319982
hoobastank 1 4.605170185988092 4.605170185988092
hot 1 2.8134107167600364 2.8134107167600364
hotel 1 2.5257286443082556 2.5257286443082556
humor 1 4.605170185988092 4.605170185988092
hung 1 3.912023005428146 3.912023005428146
hurricane 1 3.2188758248682006 3.2188758248682006
ice 1 2.659260036932778 2.659260036932778
icon 1 3.506557897319982 3.506557897319982
idea 1 1.8325814637483102 1.8325814637483102
idlockfree 1 0.0408219945202552 0.0408219945202552
idlockfreeidlockfree 1 0.0408219945202552 0.0408219945202552
idlocklimited 1 0.0408219945202552 0.0408219945202552
idlockregistration 1 0.0408219945202552 0.0408219945202552
idlocksubscription 1 0.0408219945202552 0.0408219945202552
ign 1 3.506557897319982 3.506557897319982
ignoring 1 3.506557897319982 3.506557897319982
impossible 1 2.995732273553991 2.995732273553991
inc 1 0.0 0.0
inch 1 2.5257286443082556 2.5257286443082556
included 1 1.3093333199837622 1.3093333199837622
incorporated 1 2.120263536200091 2.120263536200091
indicating 1 2.8134107167600364 2.8134107167600364
individually 1 3.506557897319982 3.506557897319982
indonesia 1 1.7719568419318754 1.7719568419318754
industry 1 1.8325814637483102 1.8325814637483102
influenced 1 3.2188758248682006 3.2188758248682006
info 1 2.659260036932778 2.659260036932778
infobox 1 0.3011050927839216 0.3011050927839216
infoboxalbum 1 2.995732273553991 2.995732273553991
infoboxtable 1 0.3147107448397002 0.3147107448397002
information 1 0.0 0.0
initially 1 2.207274913189721 2.207274913189721
injured 1 2.407945608651872 2.407945608651872
instance 1 3.2188758248682006 3.2188758248682006
instead 1 1.6607312068216509 1.6607312068216509
instrumentation 1 4.605170185988092 4.605170185988092
intense 1 3.506557897319982 3.506557897319982
interview 1 1.8325814637483102 1.8325814637483102
introspection 1 4.605170185988092 4.605170185988092
investment 1 2.5257286443082556 2.5257286443082556
ipc 1 4.605170185988092 4.605170185988092
issue 1 1.1086626245216111 1.1086626245216111
italian 1 2.302585092994046 2.302585092994046
italianchartscom 1 4.605170185988092 4.605170185988092
italiano 1 1.07880966137193 1.07880966137193
italy 1 2.120263536200091 2.120263536200091
item 1 0.010050335853501506 0.010050335853501506
james 1 1.0498221244986776 1.0498221244986776
january 1 0.3424903089467759 0.3424903089467759
japan 1 1.7719568419318754 1.7719568419318754
japanese 1 2.0402208285265546 2.0402208285265546
japaneselanguage 1 3.506557897319982 3.506557897319982
jay 1 2.5257286443082556 2.5257286443082556
jeff 1 1.8325814637483102 1.8325814637483102
jennifer 1 2.659260036932778 2.659260036932778
jenny 1 3.506557897319982 3.506557897319982
jet 1 3.506557897319982 3.506557897319982
jimmy 1 2.302585092994046 2.302585092994046
joe 1 1.5141277326297755 1.5141277326297755
john 1 0.49429632181478017 0.49429632181478017
johnny 1 1.9661128563728327 1.9661128563728327
joint 1 2.302585092994046 2.302585092994046
jon 1 2.5257286443082556 2.5257286443082556
jrme 1 3.506557897319982 3.506557897319982
july 1 0.43078291609245434 0.43078291609245434
jump 1 0.0 0.0
june 1 0.40047756659712536 0.40047756659712536
kaj 1 4.605170185988092 4.605170185988092
katrina 1 3.912023005428146 3.912023005428146
kee 1 4.605170185988092 4.605170185988092
keep 1 1.7719568419318754 1.7719568419318754
kelly 1 2.407945608651872 2.407945608651872
kennedy 1 2.407945608651872 2.407945608651872
key 1 1.6094379124341003 1.6094379124341003
kick 1 2.8134107167600364 2.8134107167600364
kid 1 1.8971199848858813 1.8971199848858813
kingdom 1 1.5141277326297755 1.5141277326297755
klasfeld 1 4.605170185988092 4.605170185988092
kludge 1 4.605170185988092 4.605170185988092
kurt 1 2.995732273553991 2.995732273553991
label 1 2.5257286443082556 2.5257286443082556
lacked 1 3.506557897319982 3.506557897319982
lacking 1 2.120263536200091 2.120263536200091
lag 1 3.912023005428146 3.912023005428146
language 1 0.0 0.0
lanne 1 3.912023005428146 3.912023005428146
last 1 0.0 0.0
latvieu 1 3.912023005428146 3.912023005428146
launching 1 3.506557897319982 3.506557897319982
laura 1 2.207274913189721 2.207274913189721
lava 1 3.506557897319982 3.506557897319982
lavigne 1 4.605170185988092 4.605170185988092
lavignes 1 4.605170185988092 4.605170185988092
layout 1 2.659260036932778 2.659260036932778
laziest 1 4.605170185988092 4.605170185988092
ldition 1 4.605170185988092 4.605170185988092
lead 1 1.6607312068216509 1.6607312068216509
leading 1 1.3093333199837622 1.3093333199837622
leaf 1 2.302585092994046 2.302585092994046
learn 1 0.0 0.0
leaving 1 1.7147984280919266 1.7147984280919266
leeds 1 3.506557897319982 3.506557897319982
lefebvre 1 3.506557897319982 3.506557897319982
length 1 1.7719568419318754 1.7719568419318754
leschartscom 1 4.605170185988092 4.605170185988092
less 1 1.5141277326297755 1.5141277326297755
let 1 1.8325814637483102 1.8325814637483102
liaftercontent 1 0.127833371509885 0.127833371509885
license 1 0.0 0.0
licensed 1 2.8134107167600364 2.8134107167600364
lie 1 2.302585092994046 2.302585092994046
life 1 0.5447271754416719 0.5447271754416719
like 1 1.2039728043259361 1.2039728043259361
limb 1 3.506557897319982 3.506557897319982
link 1 0.0 0.0
linkin 1 4.605170185988092 4.605170185988092
listed 1 2.302585092994046 2.302585092994046
listen 1 2.995732273553991 2.995732273553991
listening 1 4.605170185988092 4.605170185988092
listing 1 2.407945608651872 2.407945608651872
live 1 1.2378743560016172 1.2378743560016172
livevideo 1 4.605170185988092 4.605170185988092
living 1 1.07880966137193 1.07880966137193
loftus 1 4.605170185988092 4.605170185988092
log 1 0.0 0.0
logged 1 0.0 0.0
london 1 1.5141277326297755 1.5141277326297755
longer 1 2.207274913189721 2.207274913189721
longtime 1 2.8134107167600364 2.8134107167600364
look 1 2.0402208285265546 2.0402208285265546
los 1 1.5141277326297755 1.5141277326297755
love 1 1.4271163556401458 1.4271163556401458
loyal 1 3.2188758248682006 3.2188758248682006
ltd 1 2.407945608651872 2.407945608651872
lyric 1 2.8134107167600364 2.8134107167600364
lyricism 1 4.605170185988092 4.605170185988092
machine 1 1.4696759700589417 1.4696759700589417
made 1 0.653926467406664 0.653926467406664
main 1 0.0 0.0
mainstream 1 3.2188758248682006 3.2188758248682006
maint 1 1.6607312068216509 1.6607312068216509
maintaining 1 3.506557897319982 3.506557897319982
major 1 1.1086626245216111 1.1086626245216111
make 1 1.0498221244986776 1.0498221244986776
makeup 1 3.2188758248682006 3.2188758248682006
making 1 1.6607312068216509 1.6607312068216509
malaysia 1 3.2188758248682006 3.2188758248682006
man 1 1.0498221244986776 1.0498221244986776
many 1 0.7550225842780328 0.7550225842780328
marc 1 2.659260036932778 2.659260036932778
march 1 0.3147107448397002 0.3147107448397002
marino 1 3.2188758248682006 3.2188758248682006
mastered 1 3.2188758248682006 3.2188758248682006
mastering 1 3.2188758248682006 3.2188758248682006
material 1 1.3093333199837622 1.3093333199837622
mathieu 1 4.605170185988092 4.605170185988092
maturity 1 4.605170185988092 4.605170185988092
may 1 0.0 0.0
medien 1 4.605170185988092 4.605170185988092
medium 1 0.49429632181478017 0.49429632181478017
meeting 1 1.8971199848858813 1.8971199848858813
mejor 1 4.605170185988092 4.605170185988092
melodic 1 3.506557897319982 3.506557897319982
member 1 0.6733445532637655 0.6733445532637655
menu 1 0.0 0.0
merit 1 3.506557897319982 3.506557897319982
message 1 1.5606477482646683 1.5606477482646683
metacritic 1 4.605170185988092 4.605170185988092
metal 1 2.207274913189721 2.207274913189721
metallica 1 3.912023005428146 3.912023005428146
mexican 1 2.5257286443082556 2.5257286443082556
mexicana 1 3.506557897319982 3.506557897319982
mexico 1 1.5606477482646683 1.5606477482646683
microformats 1 2.5257286443082556 2.5257286443082556
microphone 1 4.605170185988092 4.605170185988092
midtempo 1 4.605170185988092 4.605170185988092
militaryesque 1 4.605170185988092 4.605170185988092
million 1 1.6094379124341003 1.6094379124341003
missing 1 1.8971199848858813 1.8971199848858813
mix 1 2.659260036932778 2.659260036932778
mixed 1 2.5257286443082556 2.5257286443082556
mixing 1 3.2188758248682006 3.2188758248682006
mobile 1 0.0 0.0
modern 1 1.5606477482646683 1.5606477482646683
moment 1 2.302585092994046 2.302585092994046
money 1 1.8325814637483102 1.8325814637483102
montgomery 1 2.5257286443082556 2.5257286443082556
month 1 0.8915981192837835 0.8915981192837835
montreal 1 2.659260036932778 2.659260036932778
mood 1 2.995732273553991 2.995732273553991
morning 1 1.8325814637483102 1.8325814637483102
moss 1 3.506557897319982 3.506557897319982
mother 1 1.5141277326297755 1.5141277326297755
motley 1 4.605170185988092 4.605170185988092
move 1 0.0 0.0
msica 1 4.605170185988092 4.605170185988092
mtley 1 4.605170185988092 4.605170185988092
mtv 1 4.605170185988092 4.605170185988092
mtvs 1 4.605170185988092 4.605170185988092
much 1 1.171182981502945 1.171182981502945
music 1 1.3862943611198906 1.3862943611198906
musical 1 1.8971199848858813 1.8971199848858813
musician 1 2.5257286443082556 2.5257286443082556
musicianship 1 4.605170185988092 4.605170185988092
mxico 1 3.912023005428146 3.912023005428146
nail 1 3.912023005428146 3.912023005428146
name 1 0.5276327420823719 0.5276327420823719
napoleon 1 3.506557897319982 3.506557897319982
national 1 0.5108256237659907 0.5108256237659907
navbar 1 0.23572233352106994 0.23572233352106994
navbarfontsizemedia 1 0.3147107448397002 0.3147107448397002
navbarmini 1 0.23572233352106994 0.23572233352106994
navbox 1 0.1392620673335076 0.1392620673335076
navboximage 1 0.1392620673335076 0.1392620673335076
navboxmusicalartist 1 3.2188758248682006 3.2188758248682006
navboxsubgroup 1 0.1392620673335076 0.1392620673335076
navboxtitle 1 0.1392620673335076 0.1392620673335076
navigation 1 0.0 0.0
naysayer 1 4.605170185988092 4.605170185988092
nederland 1 1.7147984280919266 1.7147984280919266
neighborhood 1 3.2188758248682006 3.2188758248682006
netherlands 1 1.7719568419318754 1.7719568419318754
new 1 0.24846135929849972 0.24846135929849972
news 1 0.843970070294529 0.843970070294529
next 1 1.1086626245216111 1.1086626245216111
nicholas 1 2.302585092994046 2.302585092994046
nick 1 2.120263536200091 2.120263536200091
nickelback 1 4.605170185988092 4.605170185988092
nine 1 1.7719568419318754 1.7719568419318754
nirvana 1 3.912023005428146 3.912023005428146
nme 1 4.605170185988092 4.605170185988092
nofx 1 4.605170185988092 4.605170185988092
noise 1 4.605170185988092 4.605170185988092
nonprofit 1 0.0 0.0
normalized 1 4.605170185988092 4.605170185988092
nostalgic 1 4.605170185988092 4.605170185988092
note 1 0.8209805520698303 0.8209805520698303
november 1 0.3011050927839216 0.3011050927839216
numb 1 4.605170185988092 4.605170185988092
number 1 0.7550225842780328 0.7550225842780328
objectification 1 3.912023005428146 3.912023005428146
occ 1 4.605170185988092 4.605170185988092
october 1 0.28768207245178085 0.28768207245178085
octth 1 4.605170185988092 4.605170185988092
official 1 0.7550225842780328 0.7550225842780328
offizielle 1 3.912023005428146 3.912023005428146
offiziellechartsde 1 4.605170185988092 4.605170185988092
old 1 1.07880966137193 1.07880966137193
older 1 2.302585092994046 2.302585092994046
ollibeforecontent 1 0.127833371509885 0.127833371509885
omh 1 4.605170185988092 4.605170185988092
one 1 0.23572233352106994 0.23572233352106994
open 1 1.4696759700589417 1.4696759700589417
opening 1 1.9661128563728327 1.9661128563728327
opting 1 4.605170185988092 4.605170185988092
organization 1 0.0 0.0
organizationname 1 0.010050335853501506 0.010050335853501506
original 1 0.4155154439616658 0.4155154439616658
orzeck 1 4.605170185988092 4.605170185988092
others 1 1.1394342831883648 1.1394342831883648
outtake 1 4.605170185988092 4.605170185988092
overwrought 1 4.605170185988092 4.605170185988092
package 1 3.912023005428146 3.912023005428146
pad 1 3.912023005428146 3.912023005428146
page 1 0.0 0.0
pair 1 2.407945608651872 2.407945608651872
pan 1 2.659260036932778 2.659260036932778
paradise 1 3.2188758248682006 3.2188758248682006
paramore 1 4.605170185988092 4.605170185988092
pareles 1 3.912023005428146 3.912023005428146
park 1 1.3093333199837622 1.3093333199837622
part 1 0.6348782724359695 0.6348782724359695
passing 1 2.407945608651872 2.407945608651872
pattern 1 3.506557897319982 3.506557897319982
paul 1 0.8675005677047231 0.8675005677047231
pdf 1 1.0498221244986776 1.0498221244986776
pdfprintable 1 0.0 0.0
pea 1 2.8134107167600364 2.8134107167600364
peaked 1 4.605170185988092 4.605170185988092
peakposition 1 3.912023005428146 3.912023005428146
people 1 0.49429632181478017 0.49429632181478017
per 1 1.7147984280919266 1.7147984280919266
perez 1 3.506557897319982 3.506557897319982
perfect 1 2.207274913189721 2.207274913189721
perform 1 2.302585092994046 2.302585092994046
performance 1 1.7719568419318754 1.7719568419318754
performed 1 2.120263536200091 2.120263536200091
performing 1 2.995732273553991 2.995732273553991
permanent 1 0.0 0.0
personal 1 0.0 0.0
personnel 1 2.207274913189721 2.207274913189721
pete 1 2.8134107167600364 2.8134107167600364
phonographic 1 4.605170185988092 4.605170185988092
phonographique 1 4.605170185988092 4.605170185988092
photo 1 2.120263536200091 2.120263536200091
photography 1 3.2188758248682006 3.2188758248682006
piano 1 2.995732273553991 2.995732273553991
piccolo 1 4.605170185988092 4.605170185988092
pick 1 2.407945608651872 2.407945608651872
picked 1 3.506557897319982 3.506557897319982
pierre 1 2.302585092994046 2.302585092994046
pile 1 4.605170185988092 4.605170185988092
pink 1 3.2188758248682006 3.2188758248682006
pixy 1 4.605170185988092 4.605170185988092
placed 1 1.7147984280919266 1.7147984280919266
placement 1 3.912023005428146 3.912023005428146
plain 1 2.659260036932778 2.659260036932778
plainlist 1 0.7339691750802005 0.7339691750802005
plan 1 1.4696759700589417 1.4696759700589417
planet 1 2.659260036932778 2.659260036932778
platinum 1 3.912023005428146 3.912023005428146
play 1 1.2039728043259361 1.2039728043259361
played 1 1.3862943611198906 1.3862943611198906
pleasure 1 3.506557897319982 3.506557897319982
plot 1 2.5257286443082556 2.5257286443082556
police 1 1.7719568419318754 1.7719568419318754
policy 1 0.0 0.0
polski 1 1.3470736479666094 1.3470736479666094
poor 1 2.207274913189721 2.207274913189721
pop 1 2.302585092994046 2.302585092994046
poppunk 1 4.605170185988092 4.605170185988092
portal 1 0.0 0.0
portuguese 1 2.302585092994046 2.302585092994046
portugueselanguage 1 3.2188758248682006 3.2188758248682006
portugus 1 1.171182981502945 1.171182981502945
posicin 1 4.605170185988092 4.605170185988092
position 1 1.1394342831883648 1.1394342831883648
positive 1 2.659260036932778 2.659260036932778
pouring 1 4.605170185988092 4.605170185988092
power 1 1.0216512475319812 1.0216512475319812
powerful 1 2.5257286443082556 2.5257286443082556
praise 1 2.659260036932778 2.659260036932778
praised 1 2.5257286443082556 2.5257286443082556
press 1 0.7550225842780328 0.7550225842780328
preview 1 2.995732273553991 2.995732273553991
printbodyns 1 0.09431067947124142 0.09431067947124142
printexport 1 0.0 0.0
prior 1 1.8325814637483102 1.8325814637483102
privacy 1 0.0 0.0
prix 1 2.995732273553991 2.995732273553991
pro 1 1.6607312068216509 1.6607312068216509
problem 1 2.120263536200091 2.120263536200091
produced 1 1.7719568419318754 1.7719568419318754
producer 1 2.0402208285265546 2.0402208285265546
production 1 1.6607312068216509 1.6607312068216509
productores 1 4.605170185988092 4.605170185988092
professional 1 1.6607312068216509 1.6607312068216509
programmed 1 4.605170185988092 4.605170185988092
progressively 1 3.912023005428146 3.912023005428146
project 1 0.0 0.0
promise 1 2.659260036932778 2.659260036932778
promoted 1 2.407945608651872 2.407945608651872
promusicae 1 4.605170185988092 4.605170185988092
proof 1 2.995732273553991 2.995732273553991
prop 1 4.605170185988092 4.605170185988092
proper 1 2.8134107167600364 2.8134107167600364
prosthetics 1 3.912023005428146 3.912023005428146
prove 1 3.506557897319982 3.506557897319982
public 1 0.9675840262617057 0.9675840262617057
publicity 1 3.912023005428146 3.912023005428146
publishing 1 1.7719568419318754 1.7719568419318754
punk 1 3.506557897319982 3.506557897319982
punknewsorg 1 3.912023005428146 3.912023005428146
qrobert 1 4.605170185988092 4.605170185988092
quality 1 2.407945608651872 2.407945608651872
quarterback 1 3.506557897319982 3.506557897319982
questioning 1 3.506557897319982 3.506557897319982
quick 1 3.912023005428146 3.912023005428146
race 1 1.7147984280919266 1.7147984280919266
radio 1 1.4696759700589417 1.4696759700589417
rain 1 2.995732273553991 2.995732273553991
rancid 1 4.605170185988092 4.605170185988092
random 1 0.0 0.0
randy 1 2.8134107167600364 2.8134107167600364
rarely 1 3.506557897319982 3.506557897319982
rate 1 2.407945608651872 2.407945608651872
rating 1 2.0402208285265546 2.0402208285265546
raucous 1 4.605170185988092 4.605170185988092
ray 1 1.7147984280919266 1.7147984280919266
read 1 0.0 0.0
reading 1 1.5606477482646683 1.5606477482646683
ready 1 2.302585092994046 2.302585092994046
reallife 1 3.912023005428146 3.912023005428146
really 1 2.5257286443082556 2.5257286443082556
reason 1 1.9661128563728327 1.9661128563728327
recalled 1 3.2188758248682006 3.2188758248682006
received 1 1.1394342831883648 1.1394342831883648
receiving 1 1.8971199848858813 1.8971199848858813
recent 1 0.0 0.0
reception 1 1.8971199848858813 1.8971199848858813
record 1 0.7765287894989963 0.7765287894989963
recorded 1 1.6607312068216509 1.6607312068216509
recording 1 2.5257286443082556 2.5257286443082556
red 1 1.07880966137193 1.07880966137193
ref 1 1.8971199848858813 1.8971199848858813
reference 1 0.03045920748470844 0.03045920748470844
reflist 1 0.06187540371808745 0.06187540371808745
reflistcolumns 1 0.06187540371808745 0.06187540371808745
reg 1 0.0 0.0
region 1 1.6607312068216509 1.6607312068216509
registered 1 0.0 0.0
related 1 0.0 0.0
release 1 1.3093333199837622 1.3093333199837622
released 1 1.2729656758128876 1.2729656758128876
relient 1 4.605170185988092 4.605170185988092
remained 1 1.7719568419318754 1.7719568419318754
remains 1 2.0402208285265546 2.0402208285265546
rent 1 3.912023005428146 3.912023005428146
report 1 1.1086626245216111 1.1086626245216111
reset 1 4.605170185988092 4.605170185988092
result 1 0.9942522733438669 0.9942522733438669
resulting 1 2.407945608651872 2.407945608651872
retirement 1 2.207274913189721 2.207274913189721
retitled 1 4.605170185988092 4.605170185988092
retort 1 4.605170185988092 4.605170185988092
retrieved 1 0.0 0.0
returning 1 2.207274913189721 2.207274913189721
review 1 1.07880966137193 1.07880966137193
rewriting 1 4.605170185988092 4.605170185988092
rhythm 1 2.995732273553991 2.995732273553991
riaa 1 4.605170185988092 4.605170185988092
riaj 1 4.605170185988092 4.605170185988092
rich 1 2.207274913189721 2.207274913189721
richardson 1 2.995732273553991 2.995732273553991
rmnz 1 4.605170185988092 4.605170185988092
road 1 1.3862943611198906 1.3862943611198906
rob 1 2.8134107167600364 2.8134107167600364
roberge 1 4.605170185988092 4.605170185988092
robert 1 0.8675005677047231 0.8675005677047231
rock 1 1.6094379124341003 1.6094379124341003
roll 1 3.2188758248682006 3.2188758248682006
rolling 1 2.8134107167600364 2.8134107167600364
roth 1 2.995732273553991 2.995732273553991
rough 1 3.506557897319982 3.506557897319982
rowdier 1 4.605170185988092 4.605170185988092
run 1 1.171182981502945 1.171182981502945
ryan 1 1.8325814637483102 1.8325814637483102
said 1 1.5606477482646683 1.5606477482646683
sale 1 1.8971199848858813 1.8971199848858813
salesstreaming 1 4.605170185988092 4.605170185988092
sample 1 2.995732273553991 2.995732273553991
sarcastic 1 4.605170185988092 4.605170185988092
save 1 1.8971199848858813 1.8971199848858813
saying 1 1.8325814637483102 1.8325814637483102
sbastien 1 3.912023005428146 3.912023005428146
schedule 1 2.302585092994046 2.302585092994046
schweizer 1 3.912023005428146 3.912023005428146
score 1 1.6607312068216509 1.6607312068216509
scott 1 1.2729656758128876 1.2729656758128876
screen 1 0.010050335853501506 0.010050335853501506
sculpture 1 4.605170185988092 4.605170185988092
sean 1 2.302585092994046 2.302585092994046
search 1 0.0 0.0
sebastien 1 3.912023005428146 3.912023005428146
second 1 0.49429632181478017 0.49429632181478017
section 1 1.8325814637483102 1.8325814637483102
see 1 0.40047756659712536 0.40047756659712536
select 1 2.995732273553991 2.995732273553991
selling 1 2.8134107167600364 2.8134107167600364
sense 1 2.995732273553991 2.995732273553991
sent 1 1.8971199848858813 1.8971199848858813
september 1 0.43078291609245434 0.43078291609245434
served 1 1.4696759700589417 1.4696759700589417
service 1 1.2378743560016172 1.2378743560016172
session 1 2.0402208285265546 2.0402208285265546
several 1 0.8209805520698303 0.8209805520698303
share 1 0.0 0.0
shift 1 2.8134107167600364 2.8134107167600364
shifting 1 4.605170185988092 4.605170185988092
shipment 1 3.912023005428146 3.912023005428146
shoot 1 2.8134107167600364 2.8134107167600364
short 1 0.06187540371808745 0.06187540371808745
shortened 1 0.0 0.0
shouldnt 1 3.506557897319982 3.506557897319982
show 1 1.0498221244986776 1.0498221244986776
shown 1 2.302585092994046 2.302585092994046
shut 1 2.995732273553991 2.995732273553991
side 1 1.4271163556401458 1.4271163556401458
sidebar 1 0.0 0.0
sided 1 3.912023005428146 3.912023005428146
signature 1 2.8134107167600364 2.8134107167600364
silver 1 1.8971199848858813 1.8971199848858813
simple 1 2.407945608651872 2.407945608651872
simply 1 2.5257286443082556 2.5257286443082556
singer 1 2.5257286443082556 2.5257286443082556
singing 1 2.5257286443082556 2.5257286443082556
single 1 1.4696759700589417 1.4696759700589417
site 1 0.0 0.0
sitting 1 2.995732273553991 2.995732273553991
sleeve 1 3.912023005428146 3.912023005428146
slot 1 3.506557897319982 3.506557897319982
smart 1 2.659260036932778 2.659260036932778
smasher 1 4.605170185988092 4.605170185988092
smell 1 3.506557897319982 3.506557897319982
snep 1 4.605170185988092 4.605170185988092
sober 1 3.506557897319982 3.506557897319982
software 1 2.8134107167600364 2.8134107167600364
sold 1 2.0402208285265546 2.0402208285265546
soldier 1 2.302585092994046 2.302585092994046
solid 1 0.09431067947124142 0.09431067947124142
sometime 1 3.506557897319982 3.506557897319982
sometimes 1 2.302585092994046 2.302585092994046
song 1 1.3470736479666094 1.3470736479666094
sound 1 1.7719568419318754 1.7719568419318754
sounding 1 4.605170185988092 4.605170185988092
source 1 0.5798184952529422 0.5798184952529422
south 1 0.9162907318741551 0.9162907318741551
spain 1 1.6607312068216509 1.6607312068216509
spanish 1 1.7719568419318754 1.7719568419318754
spanishchartscom 1 4.605170185988092 4.605170185988092
spanishlanguage 1 2.5257286443082556 2.5257286443082556
spawned 1 3.912023005428146 3.912023005428146
special 1 0.0 0.0
spirit 1 1.7147984280919266 1.7147984280919266
spunky 1 4.605170185988092 4.605170185988092
sputnikmusic 1 4.605170185988092 4.605170185988092
staff 1 1.6607312068216509 1.6607312068216509
stage 1 1.9661128563728327 1.9661128563728327
stand 1 2.120263536200091 2.120263536200091
start 1 1.4271163556401458 1.4271163556401458
state 1 0.3147107448397002 0.3147107448397002
statement 1 0.0 0.0
statistic 1 0.0 0.0
staub 1 3.912023005428146 3.912023005428146
steering 1 3.2188758248682006 3.2188758248682006
stereotype 1 4.605170185988092 4.605170185988092
sterling 1 2.8134107167600364 2.8134107167600364
still 1 0.9416085398584451 0.9416085398584451
stinco 1 4.605170185988092 4.605170185988092
stint 1 3.506557897319982 3.506557897319982
stone 1 1.8971199848858813 1.8971199848858813
stooge 1 4.605170185988092 4.605170185988092
stop 1 2.120263536200091 2.120263536200091
straightforward 1 4.605170185988092 4.605170185988092
straylight 1 4.605170185988092 4.605170185988092
streamed 1 4.605170185988092 4.605170185988092
streaming 1 3.2188758248682006 3.2188758248682006
string 1 2.995732273553991 2.995732273553991
studio 1 1.8971199848858813 1.8971199848858813
subsection 1 0.3424903089467759 0.3424903089467759
subsequently 1 2.407945608651872 2.407945608651872
substance 1 3.912023005428146 3.912023005428146
suffering 1 2.659260036932778 2.659260036932778
sugar 1 2.8134107167600364 2.8134107167600364
sugarcult 1 4.605170185988092 4.605170185988092
sum 1 3.2188758248682006 3.2188758248682006
summer 1 1.5141277326297755 1.5141277326297755
suomi 1 1.7719568419318754 1.7719568419318754
support 1 1.2729656758128876 1.2729656758128876
supported 1 1.8325814637483102 1.8325814637483102
supporting 1 2.407945608651872 2.407945608651872
surround 1 4.605170185988092 4.605170185988092
svenska 1 1.9661128563728327 1.9661128563728327
sverigetopplistan 1 4.605170185988092 4.605170185988092
sweden 1 2.207274913189721 2.207274913189721
swedish 1 3.2188758248682006 3.2188758248682006
swedishchartscom 1 4.605170185988092 4.605170185988092
swiss 1 2.995732273553991 2.995732273553991
swisschartscom 1 4.605170185988092 4.605170185988092
switching 1 4.605170185988092 4.605170185988092
switzerland 1 2.407945608651872 2.407945608651872
syndicat 1 4.605170185988092 4.605170185988092
table 1 0.0 0.0
tackle 1 3.2188758248682006 3.2188758248682006
tagged 1 3.912023005428146 3.912023005428146
taken 1 2.0402208285265546 2.0402208285265546
taking 1 1.6607312068216509 1.6607312068216509
talent 1 3.912023005428146 3.912023005428146
talk 1 0.0 0.0
talking 1 2.8134107167600364 2.8134107167600364
target 1 3.2188758248682006 3.2188758248682006
tdhlist 1 0.1392620673335076 0.1392620673335076
team 1 1.0498221244986776 1.0498221244986776
teen 1 2.995732273553991 2.995732273553991
teenage 1 3.912023005428146 3.912023005428146
teenageaimed 1 4.605170185988092 4.605170185988092
teeth 1 4.605170185988092 4.605170185988092
template 1 0.0 0.0
ten 1 1.5141277326297755 1.5141277326297755
term 1 0.0 0.0
text 1 0.0 0.0
thank 1 3.912023005428146 3.912023005428146
thats 1 2.5257286443082556 2.5257286443082556
thbodyskinresponsive 1 0.3147107448397002 0.3147107448397002
theme 1 2.302585092994046 2.302585092994046
theyre 1 3.912023005428146 3.912023005428146
theyve 1 4.605170185988092 4.605170185988092
think 1 2.207274913189721 2.207274913189721
third 1 0.9162907318741551 0.9162907318741551
though 1 1.6607312068216509 1.6607312068216509
thought 1 1.8971199848858813 1.8971199848858813
thoughtful 1 4.605170185988092 4.605170185988092
three 1 0.5798184952529422 0.5798184952529422
thrice 1 4.605170185988092 4.605170185988092
throughout 1 1.171182981502945 1.171182981502945
throwing 1 3.2188758248682006 3.2188758248682006
time 1 0.28768207245178085 0.28768207245178085
timesaverage 1 4.605170185988092 4.605170185988092
title 1 0.9162907318741551 0.9162907318741551
together 1 1.5141277326297755 1.5141277326297755
toggle 1 0.010050335853501506 0.010050335853501506
tomorrow 1 2.995732273553991 2.995732273553991
took 1 1.171182981502945 1.171182981502945
tool 1 0.0 0.0
top 1 0.010050335853501506 0.010050335853501506
topic 1 0.0 0.0
total 1 0.0 0.0
tour 1 2.5257286443082556 2.5257286443082556
toured 1 4.605170185988092 4.605170185988092
touring 1 3.912023005428146 3.912023005428146
track 1 1.7719568419318754 1.7719568419318754
tracklist 1 2.995732273553991 2.995732273553991
tracklisttotallength 1 2.995732273553991 2.995732273553991
trademark 1 0.0 0.0
trapped 1 3.2188758248682006 3.2188758248682006
trek 1 3.506557897319982 3.506557897319982
trina 1 4.605170185988092 4.605170185988092
trio 1 3.506557897319982 3.506557897319982
ttulo 1 3.912023005428146 3.912023005428146
tube 1 1.8971199848858813 1.8971199848858813
turbonegro 1 4.605170185988092 4.605170185988092
twista 1 4.605170185988092 4.605170185988092
two 1 0.43078291609245434 0.43078291609245434
twocar 1 4.605170185988092 4.605170185988092
type 1 1.2729656758128876 1.2729656758128876
ulpaddingem 1 0.1392620673335076 0.1392620673335076
ultimate 1 2.302585092994046 2.302585092994046
ultratop 1 4.605170185988092 4.605170185988092
ultratopbe 1 4.605170185988092 4.605170185988092
unable 1 2.407945608651872 2.407945608651872
understand 1 3.506557897319982 3.506557897319982
underway 1 2.995732273553991 2.995732273553991
underwood 1 4.605170185988092 4.605170185988092
unfit 1 3.506557897319982 3.506557897319982
united 1 0.4155154439616658 0.4155154439616658
unitssales 1 4.605170185988092 4.605170185988092
unsure 1 3.912023005428146 3.912023005428146
untitled 1 4.605170185988092 4.605170185988092
upbeat 1 4.605170185988092 4.605170185988092
upload 1 0.0 0.0
upon 1 1.2729656758128876 1.2729656758128876
upscale 1 4.605170185988092 4.605170185988092
usage 1 2.995732273553991 2.995732273553991
use 1 0.0 0.0
used 1 0.8675005677047231 0.8675005677047231
usher 1 4.605170185988092 4.605170185988092
using 1 0.0 0.0
utc 1 0.0 0.0
van 1 1.7147984280919266 1.7147984280919266
vancouver 1 2.995732273553991 2.995732273553991
var 1 0.0 0.0
various 1 1.5141277326297755 1.5141277326297755
vein 1 3.912023005428146 3.912023005428146
vendidos 1 4.605170185988092 4.605170185988092
version 1 0.0 0.0
via 1 1.4271163556401458 1.4271163556401458
victim 1 2.407945608651872 2.407945608651872
video 1 1.3862943611198906 1.3862943611198906
videogramas 1 4.605170185988092 4.605170185988092
view 1 0.0 0.0
vineyard 1 4.605170185988092 4.605170185988092
violin 1 3.506557897319982 3.506557897319982
visited 1 2.302585092994046 2.302585092994046
vocal 1 2.8134107167600364 2.8134107167600364
vocalist 1 3.912023005428146 3.912023005428146
vol 1 1.5606477482646683 1.5606477482646683
walking 1 2.659260036932778 2.659260036932778
wallonia 1 4.605170185988092 4.605170185988092
wan 1 2.995732273553991 2.995732273553991
wanted 1 2.207274913189721 2.207274913189721
warehouse 1 3.506557897319982 3.506557897319982
warped 1 3.912023005428146 3.912023005428146
warrior 1 2.407945608651872 2.407945608651872
wavin 1 4.605170185988092 4.605170185988092
wayback 1 1.8971199848858813 1.8971199848858813
website 1 1.6094379124341003 1.6094379124341003
week 1 1.2729656758128876 1.2729656758128876
weekend 1 3.2188758248682006 3.2188758248682006
weekly 1 2.5257286443082556 2.5257286443082556
welcome 1 2.995732273553991 2.995732273553991
wenner 1 4.605170185988092 4.605170185988092
went 1 1.5141277326297755 1.5141277326297755
wheel 1 2.8134107167600364 2.8134107167600364
whether 1 2.302585092994046 2.302585092994046
white 1 1.171182981502945 1.171182981502945
whole 1 2.120263536200091 2.120263536200091
whose 1 1.7147984280919266 1.7147984280919266
wiederhorn 1 4.605170185988092 4.605170185988092
wikidata 1 0.010050335853501506 0.010050335853501506
wikimedia 1 0.0 0.0
wikipedia 1 0.0 0.0
wilma 1 3.912023005428146 3.912023005428146
win 1 1.1086626245216111 1.1086626245216111
woman 1 1.171182981502945 1.171182981502945
wonder 1 2.8134107167600364 2.8134107167600364
wont 1 2.8134107167600364 2.8134107167600364
work 1 0.7133498878774648 0.7133498878774648
world 1 0.5108256237659907 0.5108256237659907
worst 1 2.5257286443082556 2.5257286443082556
worth 1 2.5257286443082556 2.5257286443082556
worthy 1 3.912023005428146 3.912023005428146
woundup 1 4.605170185988092 4.605170185988092
write 1 3.2188758248682006 3.2188758248682006
written 1 0.9416085398584451 0.9416085398584451
wrote 1 1.3470736479666094 1.3470736479666094
yates 1 3.506557897319982 3.506557897319982
year 1 0.3424903089467759 0.3424903089467759
yearend 1 4.605170185988092 4.605170185988092
yet 1 1.8971199848858813 1.8971199848858813
york 1 0.8209805520698303 0.8209805520698303
yorn 1 4.605170185988092 4.605170185988092
youre 1 3.506557897319982 3.506557897319982
zach 1 3.2188758248682006 3.2188758248682006
zealand 1 2.120263536200091 2.120263536200091
zobbelde 1 4.605170185988092 4.605170185988092
zombie 1 3.506557897319982 3.506557897319982
