abandoned 1 3.2188758248682006 3.2188758248682006
abroad 1 3.2188758248682006 3.2188758248682006
accident 1 2.407945608651872 2.407945608651872
account 1 0.0 0.0
achieve 1 3.506557897319982 3.506557897319982
achieved 1 2.5257286443082556 2.5257286443082556
achievement 1 2.5257286443082556 2.5257286443082556
achieving 1 3.2188758248682006 3.2188758248682006
achille 1 3.912023005428146 3.912023005428146
acquired 1 3.2188758248682006 3.2188758248682006
action 1 0.0 0.0
add 1 0.0 0.0
additional 1 0.0 0.0
additionally 1 2.8134107167600364 2.8134107167600364
adela 1 4.605170185988092 4.605170185988092
agree 1 0.0 0.0
ahead 1 2.207274913189721 2.207274913189721
alberto 1 2.8134107167600364 2.8134107167600364
alessandria 1 3.912023005428146 3.912023005428146
alfa 1 3.912023005428146 3.912023005428146
alike 1 0.0 0.0
alone 1 2.5257286443082556 2.5257286443082556
along 1 1.4696759700589417 1.4696759700589417
also 1 0.127833371509885 0.127833371509885
american 1 0.5276327420823719 0.5276327420823719
among 1 1.2378743560016172 1.2378743560016172
annual 1 1.6607312068216509 1.6607312068216509
anonymity 1 4.605170185988092 4.605170185988092
another 1 0.9675840262617057 0.9675840262617057
antofagasta 1 4.605170185988092 4.605170185988092
appearance 1 0.0 0.0
appeared 1 1.8971199848858813 1.8971199848858813
apply 1 0.0 0.0
april 1 0.44628710262841953 0.44628710262841953
aristocracy 1 4.605170185988092 4.605170185988092
around 1 1.0216512475319812 1.0216512475319812
arrival 1 2.5257286443082556 2.5257286443082556
article 1 0.0 0.0
asbox 1 2.995732273553991 2.995732273553991
ascari 1 4.605170185988092 4.605170185988092
attempted 1 2.407945608651872 2.407945608651872
attention 1 2.302585092994046 2.302585092994046
attribution 1 0.0 0.0
august 1 0.3424903089467759 0.3424903089467759
author 1 1.8971199848858813 1.8971199848858813
authority 1 0.8915981192837835 0.8915981192837835
authoritycontrol 1 2.5257286443082556 2.5257286443082556
auto 1 0.1392620673335076 0.1392620673335076
automotive 1 3.2188758248682006 3.2188758248682006
available 1 0.0 0.0
barcelona 1 3.2188758248682006 3.2188758248682006
baron 1 2.407945608651872 2.407945608651872
barth 1 3.506557897319982 3.506557897319982
base 1 1.4696759700589417 1.4696759700589417
battling 1 3.912023005428146 3.912023005428146
beautiful 1 2.120263536200091 2.120263536200091
became 1 0.7133498878774648 0.7133498878774648
becoming 1 1.8971199848858813 1.8971199848858813
began 1 0.8675005677047231 0.8675005677047231
belonging 1 3.506557897319982 3.506557897319982
best 1 1.0216512475319812 1.0216512475319812
biographical 1 2.659260036932778 2.659260036932778
biography 1 1.6607312068216509 1.6607312068216509
birth 1 1.1394342831883648 1.1394342831883648
book 1 0.6348782724359695 0.6348782724359695
bordino 1 4.605170185988092 4.605170185988092
born 1 1.1394342831883648 1.1394342831883648
british 1 1.5606477482646683 1.5606477482646683
brother 1 1.6607312068216509 1.6607312068216509
brought 1 1.5606477482646683 1.5606477482646683
bugatti 1 3.912023005428146 3.912023005428146
bugattis 1 4.605170185988092 4.605170185988092
businessman 1 2.659260036932778 2.659260036932778
car 1 1.7147984280919266 1.7147984280919266
caracciola 1 4.605170185988092 4.605170185988092
card 1 1.7147984280919266 1.7147984280919266
career 1 1.2729656758128876 1.2729656758128876
caricature 1 3.912023005428146 3.912023005428146
carlo 1 3.506557897319982 3.506557897319982
cat 1 1.5606477482646683 1.5606477482646683
category 1 0.0 0.0
causing 1 2.659260036932778 2.659260036932778
challenge 1 2.302585092994046 2.302585092994046
challenging 1 3.506557897319982 3.506557897319982
champion 1 1.3862943611198906 1.3862943611198906
championfor 1 4.605170185988092 4.605170185988092
championship 1 1.5606477482646683 1.5606477482646683
change 1 0.0 0.0
child 1 1.07880966137193 1.07880966137193
childhood 1 2.8134107167600364 2.8134107167600364
chile 1 2.659260036932778 2.659260036932778
chilean 1 2.659260036932778 2.659260036932778
chiron 1 4.605170185988092 4.605170185988092
circuit 1 2.8134107167600364 2.8134107167600364
circumstance 1 3.2188758248682006 3.2188758248682006
cite 1 0.0 0.0
civilian 1 2.407945608651872 2.407945608651872
climb 1 3.506557897319982 3.506557897319982
club 1 1.4271163556401458 1.4271163556401458
coche 1 4.605170185988092 4.605170185988092
code 1 0.0 0.0
collaborated 1 3.912023005428146 3.912023005428146
collaborator 1 4.605170185988092 4.605170185988092
color 1 2.0402208285265546 2.0402208285265546
common 1 0.0 0.0
commonscategory 1 3.2188758248682006 3.2188758248682006
company 1 1.2729656758128876 1.2729656758128876
compared 1 2.120263536200091 2.120263536200091
compete 1 2.5257286443082556 2.5257286443082556
competed 1 3.912023005428146 3.912023005428146
competes 1 3.2188758248682006 3.2188758248682006
competition 1 1.8971199848858813 1.8971199848858813
completing 1 3.2188758248682006 3.2188758248682006
conduct 1 0.0 0.0
conducted 1 2.5257286443082556 2.5257286443082556
confusing 1 3.506557897319982 3.506557897319982
considered 1 1.3862943611198906 1.3862943611198906
consisted 1 3.912023005428146 3.912023005428146
consolidation 1 3.912023005428146 3.912023005428146
consul 1 4.605170185988092 4.605170185988092
contact 1 0.0 0.0
content 1 0.0 0.0
context 1 0.010050335853501506 0.010050335853501506
contribute 1 0.0 0.0
contribution 1 0.0 0.0
control 1 0.7765287894989963 0.7765287894989963
cookie 1 0.0 0.0
cookiematch 1 0.0 0.0
corresponding 1 2.8134107167600364 2.8134107167600364
counterlistitema 1 0.127833371509885 0.127833371509885
country 1 0.843970070294529 0.843970070294529
cover 1 1.6094379124341003 1.6094379124341003
create 1 0.0 0.0
creative 1 0.0 0.0
crowned 1 3.2188758248682006 3.2188758248682006
cup 1 1.7719568419318754 1.7719568419318754
current 1 0.0 0.0
custom 1 2.995732273553991 2.995732273553991
damaging 1 4.605170185988092 4.605170185988092
database 1 0.9675840262617057 0.9675840262617057
day 1 0.5276327420823719 0.5276327420823719
death 1 1.171182981502945 1.171182981502945
debuted 1 3.2188758248682006 3.2188758248682006
december 1 0.37106368139083196 0.37106368139083196
dedicated 1 2.407945608651872 2.407945608651872
description 1 0.07257069283483537 0.07257069283483537
despite 1 1.1394342831883648 1.1394342831883648
determined 1 2.407945608651872 2.407945608651872
deutsch 1 0.9416085398584451 0.9416085398584451
developer 1 0.0 0.0
died 1 1.3093333199837622 1.3093333199837622
difficult 1 2.995732273553991 2.995732273553991
disclaimer 1 0.0 0.0
document 1 2.120263536200091 2.120263536200091
donate 1 0.0 0.0
download 1 0.0 0.0
drama 1 2.407945608651872 2.407945608651872
drew 1 2.659260036932778 2.659260036932778
dreyfus 1 3.912023005428146 3.912023005428146
driver 1 2.207274913189721 2.207274913189721
driving 1 2.302585092994046 2.302585092994046
drove 1 3.506557897319982 3.506557897319982
dtaftercontent 1 0.127833371509885 0.127833371509885
due 1 0.9416085398584451 0.9416085398584451
early 1 0.6348782724359695 0.6348782724359695
earning 1 3.912023005428146 3.912023005428146
edgar 1 2.659260036932778 2.659260036932778
eighth 1 2.8134107167600364 2.8134107167600364
either 1 1.9661128563728327 1.9661128563728327
emerged 1 2.659260036932778 2.659260036932778
encyclopedia 1 0.0 0.0
end 1 0.7985076962177716 0.7985076962177716
engine 1 2.0402208285265546 2.0402208285265546
english 1 0.0 0.0
enter 1 2.995732273553991 2.995732273553991
entered 1 1.9661128563728327 1.9661128563728327
enzo 1 3.912023005428146 3.912023005428146
ernest 1 3.2188758248682006 3.2188758248682006
ernesto 1 3.506557897319982 3.506557897319982
espaol 1 1.1394342831883648 1.1394342831883648
especially 1 2.207274913189721 2.207274913189721
establish 1 2.8134107167600364 2.8134107167600364
established 1 1.1086626245216111 1.1086626245216111
ettore 1 3.912023005428146 3.912023005428146
europe 1 1.5141277326297755 1.5141277326297755
european 1 1.3093333199837622 1.3093333199837622
even 1 1.1394342831883648 1.1394342831883648
event 1 0.0 0.0
eventually 1 1.9661128563728327 1.9661128563728327
evident 1 3.2188758248682006 3.2188758248682006
exclusive 1 2.302585092994046 2.302585092994046
exp 1 0.0 0.0
expanding 1 2.407945608651872 2.407945608651872
facing 1 3.506557897319982 3.506557897319982
factory 1 2.5257286443082556 2.5257286443082556
fagioli 1 4.605170185988092 4.605170185988092
failure 1 2.659260036932778 2.659260036932778
family 1 0.9162907318741551 0.9162907318741551
famous 1 2.659260036932778 2.659260036932778
farina 1 4.605170185988092 4.605170185988092
fast 1 2.5257286443082556 2.5257286443082556
fastest 1 3.2188758248682006 3.2188758248682006
fatally 1 4.605170185988092 4.605170185988092
featured 1 2.120263536200091 2.120263536200091
february 1 0.27443684570176036 0.27443684570176036
felice 1 3.912023005428146 3.912023005428146
ferrari 1 3.506557897319982 3.506557897319982
fiat 1 4.605170185988092 4.605170185988092
field 1 1.0498221244986776 1.0498221244986776
fighter 1 3.506557897319982 3.506557897319982
figure 1 1.3470736479666094 1.3470736479666094
file 1 0.0 0.0
final 1 0.9942522733438669 0.9942522733438669
financial 1 1.8325814637483102 1.8325814637483102
finish 1 2.407945608651872 2.407945608651872
finished 1 2.0402208285265546 2.0402208285265546
finishing 1 2.407945608651872 2.407945608651872
first 1 0.1508228897345837 0.1508228897345837
five 1 1.0216512475319812 1.0216512475319812
flag 1 1.7147984280919266 1.7147984280919266
fog 1 4.605170185988092 4.605170185988092
followed 1 1.3093333199837622 1.3093333199837622
following 1 0.7133498878774648 0.7133498878774648
forced 1 2.207274913189721 2.207274913189721
foreigner 1 2.8134107167600364 2.8134107167600364
formula 1 2.407945608651872 2.407945608651872
fortune 1 2.302585092994046 2.302585092994046
foundation 1 0.0 0.0
founder 1 1.8971199848858813 1.8971199848858813
four 1 0.7985076962177716 0.7985076962177716
franais 1 0.8675005677047231 0.8675005677047231
france 1 1.2039728043259361 1.2039728043259361
free 1 0.0 0.0
french 1 1.3862943611198906 1.3862943611198906
friderich 1 4.605170185988092 4.605170185988092
friend 1 1.3470736479666094 1.3470736479666094
front 1 1.7147984280919266 1.7147984280919266
fuel 1 2.995732273553991 2.995732273553991
future 1 1.6607312068216509 1.6607312068216509
gave 1 1.5606477482646683 1.5606477482646683
general 1 0.0 0.0
gentleman 1 2.995732273553991 2.995732273553991
george 1 1.07880966137193 1.07880966137193
german 1 1.7147984280919266 1.7147984280919266
germany 1 1.4271163556401458 1.4271163556401458
gestapo 1 4.605170185988092 4.605170185988092
gesture 1 4.605170185988092 4.605170185988092
get 1 0.0 0.0
giuseppe 1 3.912023005428146 3.912023005428146
goal 1 1.8971199848858813 1.8971199848858813
governing 1 3.2188758248682006 3.2188758248682006
gran 1 2.8134107167600364 2.8134107167600364
grand 1 1.7719568419318754 1.7719568419318754
green 1 1.171182981502945 1.171182981502945
gunshot 1 3.912023005428146 3.912023005428146
han 1 2.407945608651872 2.407945608651872
headline 1 3.506557897319982 3.506557897319982
held 1 1.171182981502945 1.171182981502945
hell 1 2.659260036932778 2.659260036932778
help 1 0.0 0.0
hiatus 1 3.506557897319982 3.506557897319982
hidden 1 0.010050335853501506 0.010050335853501506
hide 1 0.0 0.0
highlevel 1 4.605170185988092 4.605170185988092
highlighted 1 3.2188758248682006 3.2188758248682006
hill 1 1.2039728043259361 1.2039728043259361
history 1 0.0 0.0
hlist 1 0.127833371509885 0.127833371509885
hlistinline 1 0.127833371509885 0.127833371509885
hour 1 1.7719568419318754 1.7719568419318754
however 1 0.6931471805599453 0.6931471805599453
identify 1 4.605170185988092 4.605170185988092
iiauto 1 4.605170185988092 4.605170185988092
imgsrc 1 1.3862943611198906 1.3862943611198906
immigrant 1 3.506557897319982 3.506557897319982
important 1 1.8325814637483102 1.8325814637483102
inc 1 0.0 0.0
included 1 1.3093333199837622 1.3093333199837622
independent 1 1.4271163556401458 1.4271163556401458
infobox 1 0.3011050927839216 0.3011050927839216
infoboxperson 1 2.8134107167600364 2.8134107167600364
infoboxtable 1 0.3147107448397002 0.3147107448397002
information 1 0.0 0.0
international 1 0.5978370007556204 0.5978370007556204
introduced 1 1.5606477482646683 1.5606477482646683
investigation 1 2.120263536200091 2.120263536200091
involved 1 1.5606477482646683 1.5606477482646683
iquique 1 4.605170185988092 4.605170185988092
italian 1 2.302585092994046 2.302585092994046
italiano 1 1.07880966137193 1.07880966137193
italy 1 2.120263536200091 2.120263536200091
item 1 0.010050335853501506 0.010050335853501506
joaqun 1 3.2188758248682006 3.2188758248682006
joined 1 1.6607312068216509 1.6607312068216509
juan 1 2.302585092994046 2.302585092994046
july 1 0.43078291609245434 0.43078291609245434
jump 1 0.0 0.0
june 1 0.40047756659712536 0.40047756659712536
killed 1 1.9661128563728327 1.9661128563728327
kilometer 1 3.912023005428146 3.912023005428146
language 1 0.0 0.0
lap 1 3.2188758248682006 3.2188758248682006
last 1 0.0 0.0
later 1 0.5621189181535412 0.5621189181535412
latin 1 2.5257286443082556 2.5257286443082556
latter 1 1.6607312068216509 1.6607312068216509
launch 1 2.5257286443082556 2.5257286443082556
lawyer 1 2.120263536200091 2.120263536200091
leading 1 1.3093333199837622 1.3093333199837622
learn 1 0.0 0.0
lehoux 1 4.605170185988092 4.605170185988092
less 1 1.5141277326297755 1.5141277326297755
liaftercontent 1 0.127833371509885 0.127833371509885
license 1 0.0 0.0
life 1 0.5447271754416719 0.5447271754416719
limarginbottom 1 0.9675840262617057 0.9675840262617057
limit 1 2.8134107167600364 2.8134107167600364
line 1 1.4696759700589417 1.4696759700589417
link 1 0.0 0.0
littleknown 1 4.605170185988092 4.605170185988092
log 1 0.0 0.0
logged 1 0.0 0.0
long 1 1.1086626245216111 1.1086626245216111
lost 1 1.171182981502945 1.171182981502945
louis 1 1.5141277326297755 1.5141277326297755
luigi 1 3.506557897319982 3.506557897319982
luxurious 1 3.912023005428146 3.912023005428146
made 1 0.653926467406664 0.653926467406664
main 1 0.0 0.0
major 1 1.1086626245216111 1.1086626245216111
malagasy 1 3.506557897319982 3.506557897319982
man 1 1.0498221244986776 1.0498221244986776
managed 1 2.995732273553991 2.995732273553991
managing 1 3.2188758248682006 3.2188758248682006
manufacturing 1 3.506557897319982 3.506557897319982
marcel 1 2.659260036932778 2.659260036932778
marked 1 2.207274913189721 2.207274913189721
marne 1 4.605170185988092 4.605170185988092
married 1 1.5141277326297755 1.5141277326297755
maserati 1 3.912023005428146 3.912023005428146
match 1 0.8675005677047231 0.8675005677047231
may 1 0.0 0.0
mechanical 1 3.506557897319982 3.506557897319982
medium 1 0.49429632181478017 0.49429632181478017
member 1 0.6733445532637655 0.6733445532637655
mentioned 1 2.659260036932778 2.659260036932778
menu 1 0.0 0.0
mercurio 1 4.605170185988092 4.605170185988092
met 1 1.8325814637483102 1.8325814637483102
mile 1 1.8971199848858813 1.8971199848858813
minute 1 1.6607312068216509 1.6607312068216509
mobile 1 0.0 0.0
monaco 1 3.506557897319982 3.506557897319982
monegasque 1 4.605170185988092 4.605170185988092
monte 1 3.2188758248682006 3.2188758248682006
month 1 0.8915981192837835 0.8915981192837835
montjuc 1 4.605170185988092 4.605170185988092
monza 1 3.912023005428146 3.912023005428146
motor 1 2.302585092994046 2.302585092994046
motorsport 1 3.2188758248682006 3.2188758248682006
motorsports 1 3.506557897319982 3.506557897319982
mountain 1 1.8971199848858813 1.8971199848858813
move 1 0.0 0.0
much 1 1.171182981502945 1.171182981502945
nacional 1 2.995732273553991 2.995732273553991
national 1 0.5108256237659907 0.5108256237659907
native 1 2.407945608651872 2.407945608651872
navbar 1 0.23572233352106994 0.23572233352106994
navbarfontsizemedia 1 0.3147107448397002 0.3147107448397002
navbarmini 1 0.23572233352106994 0.23572233352106994
navbox 1 0.1392620673335076 0.1392620673335076
navboximage 1 0.1392620673335076 0.1392620673335076
navboxsubgroup 1 0.1392620673335076 0.1392620673335076
navboxtitle 1 0.1392620673335076 0.1392620673335076
navigation 1 0.0 0.0
nazi 1 2.995732273553991 2.995732273553991
never 1 1.4696759700589417 1.4696759700589417
new 1 0.24846135929849972 0.24846135929849972
newspaper 1 1.5141277326297755 1.5141277326297755
next 1 1.1086626245216111 1.1086626245216111
nice 1 2.995732273553991 2.995732273553991
nicols 1 3.506557897319982 3.506557897319982
nitrate 1 4.605170185988092 4.605170185988092
nonprofit 1 0.0 0.0
notable 1 1.7719568419318754 1.7719568419318754
nrburgring 1 3.912023005428146 3.912023005428146
nuvolari 1 4.605170185988092 4.605170185988092
obscurity 1 4.605170185988092 4.605170185988092
observed 1 2.5257286443082556 2.5257286443082556
occupation 1 1.8971199848858813 1.8971199848858813
official 1 0.7550225842780328 0.7550225842780328
ollibeforecontent 1 0.127833371509885 0.127833371509885
one 1 0.23572233352106994 0.23572233352106994
organization 1 0.0 0.0
organizationname 1 0.010050335853501506 0.010050335853501506
organized 1 2.302585092994046 2.302585092994046
others 1 1.1394342831883648 1.1394342831883648
owner 1 1.7147984280919266 1.7147984280919266
padierna 1 4.605170185988092 4.605170185988092
page 1 0.0 0.0
painted 1 3.912023005428146 3.912023005428146
palacio 1 3.912023005428146 3.912023005428146
participate 1 3.2188758248682006 3.2188758248682006
participated 1 2.8134107167600364 2.8134107167600364
participation 1 2.407945608651872 2.407945608651872
passion 1 3.506557897319982 3.506557897319982
pateras 1 4.605170185988092 4.605170185988092
path 1 2.302585092994046 2.302585092994046
pau 1 3.506557897319982 3.506557897319982
pdfprintable 1 0.0 0.0
penya 1 4.605170185988092 4.605170185988092
people 1 0.49429632181478017 0.49429632181478017
performance 1 1.7719568419318754 1.7719568419318754
period 1 1.4271163556401458 1.4271163556401458
permanent 1 0.0 0.0
personal 1 0.0 0.0
persuaded 1 3.912023005428146 3.912023005428146
pescara 1 4.605170185988092 4.605170185988092
philippe 1 3.2188758248682006 3.2188758248682006
picard 1 3.506557897319982 3.506557897319982
pierre 1 2.302585092994046 2.302585092994046
pietro 1 4.605170185988092 4.605170185988092
pit 1 2.995732273553991 2.995732273553991
place 1 0.653926467406664 0.653926467406664
plainlist 1 0.7339691750802005 0.7339691750802005
podium 1 3.2188758248682006 3.2188758248682006
policy 1 0.0 0.0
polski 1 1.3470736479666094 1.3470736479666094
popularity 1 2.8134107167600364 2.8134107167600364
portal 1 0.0 0.0
position 1 1.1394342831883648 1.1394342831883648
power 1 1.0216512475319812 1.0216512475319812
precededby 1 2.302585092994046 2.302585092994046
predecessor 1 2.5257286443082556 2.5257286443082556
premio 1 4.605170185988092 4.605170185988092
preparation 1 2.8134107167600364 2.8134107167600364
press 1 0.7550225842780328 0.7550225842780328
prestigious 1 2.995732273553991 2.995732273553991
printbodyns 1 0.09431067947124142 0.09431067947124142
printexport 1 0.0 0.0
privacy 1 0.0 0.0
prix 1 2.995732273553991 2.995732273553991
prize 1 2.659260036932778 2.659260036932778
project 1 0.0 0.0
prominent 1 2.407945608651872 2.407945608651872
purchase 1 2.407945608651872 2.407945608651872
pushed 1 3.2188758248682006 3.2188758248682006
race 1 1.7147984280919266 1.7147984280919266
racecar 1 3.912023005428146 3.912023005428146
raced 1 3.912023005428146 3.912023005428146
racing 1 2.5257286443082556 2.5257286443082556
rain 1 2.995732273553991 2.995732273553991
ral 1 3.912023005428146 3.912023005428146
rally 1 2.659260036932778 2.659260036932778
ran 1 2.0402208285265546 2.0402208285265546
random 1 0.0 0.0
raymond 1 2.302585092994046 2.302585092994046
raymonde 1 4.605170185988092 4.605170185988092
reaching 1 2.995732273553991 2.995732273553991
read 1 0.0 0.0
recent 1 0.0 0.0
rediscovered 1 4.605170185988092 4.605170185988092
reference 1 0.03045920748470844 0.03045920748470844
reflist 1 0.06187540371808745 0.06187540371808745
reflistcolumns 1 0.06187540371808745 0.06187540371808745
reg 1 0.0 0.0
registered 1 0.0 0.0
related 1 0.0 0.0
relatively 1 2.995732273553991 2.995732273553991
remained 1 1.7719568419318754 1.7719568419318754
remaining 1 2.302585092994046 2.302585092994046
remains 1 2.0402208285265546 2.0402208285265546
repaired 1 4.605170185988092 4.605170185988092
repeated 1 2.995732273553991 2.995732273553991
requested 1 2.659260036932778 2.659260036932778
research 1 1.6094379124341003 1.6094379124341003
resistance 1 2.995732273553991 2.995732273553991
resource 1 1.7147984280919266 1.7147984280919266
respected 1 3.506557897319982 3.506557897319982
rest 1 2.0402208285265546 2.0402208285265546
result 1 0.9942522733438669 0.9942522733438669
resulting 1 2.407945608651872 2.407945608651872
retire 1 3.506557897319982 3.506557897319982
retirement 1 2.207274913189721 2.207274913189721
retrieved 1 0.0 0.0
return 1 1.07880966137193 1.07880966137193
rhin 1 4.605170185988092 4.605170185988092
rise 1 1.8325814637483102 1.8325814637483102
rodrigo 1 2.995732273553991 2.995732273553991
romeo 1 3.506557897319982 3.506557897319982
rothschild 1 4.605170185988092 4.605170185988092
row 1 2.302585092994046 2.302585092994046
rudolf 1 3.912023005428146 3.912023005428146
run 1 1.171182981502945 1.171182981502945
running 1 1.6607312068216509 1.6607312068216509
sameiro 1 4.605170185988092 4.605170185988092
san 1 1.2378743560016172 1.2378743560016172
santiago 1 2.995732273553991 2.995732273553991
sarthe 1 3.912023005428146 3.912023005428146
screen 1 0.010050335853501506 0.010050335853501506
scuderia 1 4.605170185988092 4.605170185988092
search 1 0.0 0.0
season 1 1.1394342831883648 1.1394342831883648
sebastin 1 3.506557897319982 3.506557897319982
second 1 0.49429632181478017 0.49429632181478017
secure 1 2.8134107167600364 2.8134107167600364
securing 1 4.605170185988092 4.605170185988092
seize 1 3.506557897319982 3.506557897319982
sell 1 2.5257286443082556 2.5257286443082556
september 1 0.43078291609245434 0.43078291609245434
set 1 0.9942522733438669 0.9942522733438669
settled 1 2.995732273553991 2.995732273553991
share 1 0.0 0.0
shared 1 2.659260036932778 2.659260036932778
shootout 1 3.506557897319982 3.506557897319982
short 1 0.06187540371808745 0.06187540371808745
shortdescription 1 0.2613647641344075 0.2613647641344075
shortened 1 0.0 0.0
side 1 1.4271163556401458 1.4271163556401458
sidebar 1 0.0 0.0
sidebox 1 3.912023005428146 3.912023005428146
sideboxmarginpx 1 1.3862943611198906 1.3862943611198906
sideboxtextpaddingem 1 1.3862943611198906 1.3862943611198906
significant 1 2.407945608651872 2.407945608651872
since 1 0.7985076962177716 0.7985076962177716
sisterproject 1 3.912023005428146 3.912023005428146
sistersitebox 1 1.3862943611198906 1.3862943611198906
site 1 0.0 0.0
sixth 1 1.9661128563728327 1.9661128563728327
slovenina 1 2.5257286443082556 2.5257286443082556
solid 1 0.09431067947124142 0.09431067947124142
solidified 1 4.605170185988092 4.605170185988092
something 1 2.302585092994046 2.302585092994046
sommers 1 4.605170185988092 4.605170185988092
son 1 1.3093333199837622 1.3093333199837622
south 1 0.9162907318741551 0.9162907318741551
spain 1 1.6607312068216509 1.6607312068216509
spanish 1 1.7719568419318754 1.7719568419318754
special 1 0.0 0.0
spent 1 2.407945608651872 2.407945608651872
spinning 1 4.605170185988092 4.605170185988092
sport 1 1.1394342831883648 1.1394342831883648
sporting 1 2.8134107167600364 2.8134107167600364
sportspeople 1 3.506557897319982 3.506557897319982
started 1 1.6094379124341003 1.6094379124341003
starting 1 1.8971199848858813 1.8971199848858813
statement 1 0.0 0.0
statistic 1 0.0 0.0
status 1 1.7719568419318754 1.7719568419318754
steering 1 3.2188758248682006 3.2188758248682006
still 1 0.9416085398584451 0.9416085398584451
stop 1 2.120263536200091 2.120263536200091
story 1 1.5606477482646683 1.5606477482646683
streak 1 3.2188758248682006 3.2188758248682006
stub 1 2.995732273553991 2.995732273553991
stuck 1 3.506557897319982 3.506557897319982
studied 1 2.8134107167600364 2.8134107167600364
study 1 1.2729656758128876 1.2729656758128876
subsection 1 0.3424903089467759 0.3424903089467759
succeededby 1 2.5257286443082556 2.5257286443082556
successionbox 1 3.912023005428146 3.912023005428146
suffered 1 2.659260036932778 2.659260036932778
survive 1 3.2188758248682006 3.2188758248682006
suspension 1 2.995732273553991 2.995732273553991
switzerland 1 2.407945608651872 2.407945608651872
table 1 0.0 0.0
take 1 0.9675840262617057 0.9675840262617057
talk 1 0.0 0.0
tarapac 1 4.605170185988092 4.605170185988092
tazio 1 4.605170185988092 4.605170185988092
tdhlist 1 0.1392620673335076 0.1392620673335076
team 1 1.0498221244986776 1.0498221244986776
template 1 0.0 0.0
tenth 1 2.995732273553991 2.995732273553991
tercera 1 4.605170185988092 4.605170185988092
term 1 0.0 0.0
text 1 0.0 0.0
thanks 1 2.8134107167600364 2.8134107167600364
thbodyskinresponsive 1 0.3147107448397002 0.3147107448397002
thick 1 3.2188758248682006 3.2188758248682006
third 1 0.9162907318741551 0.9162907318741551
three 1 0.5798184952529422 0.5798184952529422
throughout 1 1.171182981502945 1.171182981502945
thus 1 1.7147984280919266 1.7147984280919266
time 1 0.28768207245178085 0.28768207245178085
today 1 1.4696759700589417 1.4696759700589417
together 1 1.5141277326297755 1.5141277326297755
toggle 1 0.010050335853501506 0.010050335853501506
took 1 1.171182981502945 1.171182981502945
tool 1 0.0 0.0
top 1 0.010050335853501506 0.010050335853501506
topic 1 0.0 0.0
toptier 1 3.912023005428146 3.912023005428146
torino 1 3.912023005428146 3.912023005428146
total 1 0.0 0.0
toulouse 1 3.506557897319982 3.506557897319982
track 1 1.7719568419318754 1.7719568419318754
trademark 1 0.0 0.0
tragic 1 2.8134107167600364 2.8134107167600364
traveled 1 3.912023005428146 3.912023005428146
traveling 1 2.995732273553991 2.995732273553991
triangular 1 3.912023005428146 3.912023005428146
trip 1 2.302585092994046 2.302585092994046
triumphed 1 4.605170185988092 4.605170185988092
trossi 1 4.605170185988092 4.605170185988092
tunis 1 4.605170185988092 4.605170185988092
two 1 0.43078291609245434 0.43078291609245434
twoseater 1 3.912023005428146 3.912023005428146
type 1 1.2729656758128876 1.2729656758128876
ulpaddingem 1 0.1392620673335076 0.1392620673335076
unfamiliar 1 3.912023005428146 3.912023005428146
unfortunately 1 3.2188758248682006 3.2188758248682006
unknown 1 2.207274913189721 2.207274913189721
unlike 1 2.995732273553991 2.995732273553991
unrecognized 1 4.605170185988092 4.605170185988092
unsuccessful 1 2.995732273553991 2.995732273553991
unveils 1 3.2188758248682006 3.2188758248682006
upload 1 0.0 0.0
use 1 0.0 0.0
using 1 0.0 0.0
utc 1 0.0 0.0
valid 1 3.506557897319982 3.506557897319982
valparaso 1 4.605170185988092 4.605170185988092
var 1 0.0 0.0
varzi 1 4.605170185988092 4.605170185988092
vasco 1 3.912023005428146 3.912023005428146
velasco 1 3.912023005428146 3.912023005428146
version 1 0.0 0.0
vescovi 1 4.605170185988092 4.605170185988092
viafworld 1 4.605170185988092 4.605170185988092
victory 1 1.6094379124341003 1.6094379124341003
view 1 0.0 0.0
vii 1 2.995732273553991 2.995732273553991
villa 1 2.995732273553991 2.995732273553991
vista 1 3.912023005428146 3.912023005428146
vizcaya 1 4.605170185988092 4.605170185988092
vizcayas 1 4.605170185988092 4.605170185988092
von 1 2.120263536200091 2.120263536200091
war 1 0.7985076962177716 0.7985076962177716
wealthiest 1 3.912023005428146 3.912023005428146
wealthy 1 3.2188758248682006 3.2188758248682006
wellknown 1 3.912023005428146 3.912023005428146
wheel 1 2.8134107167600364 2.8134107167600364
whereabouts 1 3.912023005428146 3.912023005428146
whose 1 1.7147984280919266 1.7147984280919266
wikidata 1 0.010050335853501506 0.010050335853501506
wikimedia 1 0.0 0.0
wikipedia 1 0.0 0.0
win 1 1.1086626245216111 1.1086626245216111
winner 1 1.5141277326297755 1.5141277326297755
winning 1 1.8971199848858813 1.8971199848858813
wolfgang 1 2.995732273553991 2.995732273553991
world 1 0.5108256237659907 0.5108256237659907
would 1 0.7550225842780328 0.7550225842780328
wounded 1 3.912023005428146 3.912023005428146
year 1 0.3424903089467759 0.3424903089467759
zanelli 1 4.605170185988092 4.605170185988092
zanellis 1 4.605170185988092 4.605170185988092
