abbreviana 1 4.605170185988092 4.605170185988092
abrupt 1 3.912023005428146 3.912023005428146
abruptana 1 4.605170185988092 4.605170185988092
abstemia 1 4.605170185988092 4.605170185988092
account 1 0.0 0.0
aceriana 1 4.605170185988092 4.605170185988092
aceriella 1 4.605170185988092 4.605170185988092
acerivorana 1 4.605170185988092 4.605170185988092
acleris 1 4.605170185988092 4.605170185988092
acroplectis 1 4.605170185988092 4.605170185988092
action 1 0.0 0.0
adamantana 1 4.605170185988092 4.605170185988092
adana 1 3.912023005428146 3.912023005428146
add 1 0.0 0.0
additional 1 0.0 0.0
adjuncta 1 4.605170185988092 4.605170185988092
adobe 1 4.605170185988092 4.605170185988092
adoxophyes 1 4.605170185988092 4.605170185988092
aeana 1 4.605170185988092 4.605170185988092
aegrana 1 4.605170185988092 4.605170185988092
aemulana 1 4.605170185988092 4.605170185988092
aenigmana 1 4.605170185988092 4.605170185988092
aesculana 1 4.605170185988092 4.605170185988092
aethes 1 4.605170185988092 4.605170185988092
afficticia 1 4.605170185988092 4.605170185988092
affiliana 1 4.605170185988092 4.605170185988092
afflictana 1 4.605170185988092 4.605170185988092
agapeta 1 4.605170185988092 4.605170185988092
agree 1 0.0 0.0
agricolana 1 4.605170185988092 4.605170185988092
ahmosia 1 4.605170185988092 4.605170185988092
ainslieana 1 4.605170185988092 4.605170185988092
ainsliei 1 4.605170185988092 4.605170185988092
aktita 1 4.605170185988092 4.605170185988092
alatana 1 4.605170185988092 4.605170185988092
albacostana 1 4.605170185988092 4.605170185988092
albafascia 1 4.605170185988092 4.605170185988092
albangulana 1 4.605170185988092 4.605170185988092
albaniana 1 4.605170185988092 4.605170185988092
albeolana 1 4.605170185988092 4.605170185988092
albersana 1 4.605170185988092 4.605170185988092
alberta 1 3.2188758248682006 3.2188758248682006
albertae 1 4.605170185988092 4.605170185988092
albertana 1 4.605170185988092 4.605170185988092
albicapitana 1 4.605170185988092 4.605170185988092
albicaudana 1 4.605170185988092 4.605170185988092
albiciliana 1 4.605170185988092 4.605170185988092
albicomana 1 4.605170185988092 4.605170185988092
albiguttana 1 4.605170185988092 4.605170185988092
albimaculana 1 4.605170185988092 4.605170185988092
albolineana 1 4.605170185988092 4.605170185988092
alike 1 0.0 0.0
alisellana 1 4.605170185988092 4.605170185988092
allen 1 2.207274913189721 2.207274913189721
alleniana 1 4.605170185988092 4.605170185988092
also 1 0.127833371509885 0.127833371509885
altana 1 4.605170185988092 4.605170185988092
amatana 1 4.605170185988092 4.605170185988092
ambodaidaleia 1 4.605170185988092 4.605170185988092
america 1 0.8675005677047231 0.8675005677047231
american 1 0.5276327420823719 0.5276327420823719
americana 1 3.912023005428146 3.912023005428146
amorbia 1 4.605170185988092 4.605170185988092
amorbimorpha 1 4.605170185988092 4.605170185988092
amphorana 1 4.605170185988092 4.605170185988092
anaranjada 1 4.605170185988092 4.605170185988092
ancylis 1 4.605170185988092 4.605170185988092
ancyloides 1 4.605170185988092 4.605170185988092
anderslaneyii 1 4.605170185988092 4.605170185988092
andromedana 1 4.605170185988092 4.605170185988092
aneuretus 1 4.605170185988092 4.605170185988092
angeleseana 1 4.605170185988092 4.605170185988092
angulatana 1 4.605170185988092 4.605170185988092
angustana 1 4.605170185988092 4.605170185988092
angustiorana 1 4.605170185988092 4.605170185988092
annetteana 1 4.605170185988092 4.605170185988092
anopina 1 4.605170185988092 4.605170185988092
apacheana 1 4.605170185988092 4.605170185988092
apateticana 1 4.605170185988092 4.605170185988092
aphelion 1 4.605170185988092 4.605170185988092
apicana 1 4.605170185988092 4.605170185988092
aporema 1 4.605170185988092 4.605170185988092
apotoforma 1 4.605170185988092 4.605170185988092
apotomis 1 4.605170185988092 4.605170185988092
apotomops 1 4.605170185988092 4.605170185988092
appalachiana 1 4.605170185988092 4.605170185988092
appearance 1 0.0 0.0
appendiceum 1 4.605170185988092 4.605170185988092
apple 1 2.659260036932778 2.659260036932778
appleworm 1 4.605170185988092 4.605170185988092
apply 1 0.0 0.0
approximana 1 4.605170185988092 4.605170185988092
aprilana 1 4.605170185988092 4.605170185988092
aproned 1 4.605170185988092 4.605170185988092
aquilonanus 1 4.605170185988092 4.605170185988092
archepandemis 1 4.605170185988092 4.605170185988092
archips 1 4.605170185988092 4.605170185988092
arcticana 1 4.605170185988092 4.605170185988092
arctostaphylana 1 4.605170185988092 4.605170185988092
argentana 1 4.605170185988092 4.605170185988092
argenteana 1 4.605170185988092 4.605170185988092
argenticostana 1 4.605170185988092 4.605170185988092
argentifasciata 1 4.605170185988092 4.605170185988092
argentilimitana 1 4.605170185988092 4.605170185988092
argutana 1 4.605170185988092 4.605170185988092
argutipunctana 1 4.605170185988092 4.605170185988092
argyroplaca 1 4.605170185988092 4.605170185988092
argyroploce 1 4.605170185988092 4.605170185988092
argyrospila 1 4.605170185988092 4.605170185988092
argyrotaenia 1 4.605170185988092 4.605170185988092
aridos 1 4.605170185988092 4.605170185988092
arizonae 1 4.605170185988092 4.605170185988092
arizonana 1 4.605170185988092 4.605170185988092
arizonensis 1 4.605170185988092 4.605170185988092
arrowhead 1 3.912023005428146 3.912023005428146
artemisiana 1 4.605170185988092 4.605170185988092
arthuri 1 4.605170185988092 4.605170185988092
article 1 0.0 0.0
aruncana 1 4.605170185988092 4.605170185988092
asapheus 1 4.605170185988092 4.605170185988092
aspasiana 1 4.605170185988092 4.605170185988092
aspen 1 4.605170185988092 4.605170185988092
aspidana 1 4.605170185988092 4.605170185988092
asseclana 1 4.605170185988092 4.605170185988092
asterhead 1 4.605170185988092 4.605170185988092
astrologana 1 4.605170185988092 4.605170185988092
astronomer 1 4.605170185988092 4.605170185988092
atacosana 1 4.605170185988092 4.605170185988092
aterpia 1 4.605170185988092 4.605170185988092
atomosana 1 4.605170185988092 4.605170185988092
atrodentana 1 4.605170185988092 4.605170185988092
atroposia 1 4.605170185988092 4.605170185988092
atropunctana 1 4.605170185988092 4.605170185988092
attribution 1 0.0 0.0
augmentana 1 4.605170185988092 4.605170185988092
auratonota 1 4.605170185988092 4.605170185988092
aureoalbida 1 4.605170185988092 4.605170185988092
auricapitana 1 4.605170185988092 4.605170185988092
aurilineana 1 4.605170185988092 4.605170185988092
aurorana 1 4.605170185988092 4.605170185988092
austrina 1 4.605170185988092 4.605170185988092
autumnana 1 4.605170185988092 4.605170185988092
available 1 0.0 0.0
avalona 1 4.605170185988092 4.605170185988092
avita 1 4.605170185988092 4.605170185988092
avocado 1 4.605170185988092 4.605170185988092
awemeana 1 4.605170185988092 4.605170185988092
azulispecca 1 4.605170185988092 4.605170185988092
baboquivariana 1 4.605170185988092 4.605170185988092
baccatana 1 4.605170185988092 4.605170185988092
baccharivora 1 4.605170185988092 4.605170185988092
bactra 1 4.605170185988092 4.605170185988092
baloghi 1 4.605170185988092 4.605170185988092
balsameae 1 4.605170185988092 4.605170185988092
bana 1 4.605170185988092 4.605170185988092
banana 1 3.912023005428146 3.912023005428146
baracana 1 4.605170185988092 4.605170185988092
barbara 1 2.302585092994046 2.302585092994046
barepatched 1 4.605170185988092 4.605170185988092
bark 1 3.506557897319982 3.506557897319982
barred 1 3.912023005428146 3.912023005428146
basiochreana 1 4.605170185988092 4.605170185988092
basiplagana 1 4.605170185988092 4.605170185988092
basswood 1 4.605170185988092 4.605170185988092
batman 1 3.506557897319982 3.506557897319982
bayberry 1 4.605170185988092 4.605170185988092
bean 1 3.2188758248682006 3.2188758248682006
beautiful 1 2.120263536200091 2.120263536200091
beevorana 1 4.605170185988092 4.605170185988092
benignatum 1 4.605170185988092 4.605170185988092
benjamini 1 4.605170185988092 4.605170185988092
berry 1 2.8134107167600364 2.8134107167600364
betana 1 4.605170185988092 4.605170185988092
bialbistriata 1 4.605170185988092 4.605170185988092
biangulana 1 4.605170185988092 4.605170185988092
bicinctana 1 4.605170185988092 4.605170185988092
bicolor 1 4.605170185988092 4.605170185988092
bicoloranum 1 4.605170185988092 4.605170185988092
bicordana 1 4.605170185988092 4.605170185988092
bidens 1 3.912023005428146 3.912023005428146
biennis 1 4.605170185988092 4.605170185988092
bifida 1 4.605170185988092 4.605170185988092
bigemina 1 4.605170185988092 4.605170185988092
bilineana 1 4.605170185988092 4.605170185988092
bimaculana 1 4.605170185988092 4.605170185988092
bipartitana 1 4.605170185988092 4.605170185988092
bipenicilla 1 4.605170185988092 4.605170185988092
biplagata 1 4.605170185988092 4.605170185988092
bipunctella 1 4.605170185988092 4.605170185988092
biquadrana 1 4.605170185988092 4.605170185988092
birch 1 3.506557897319982 3.506557897319982
birchaspen 1 4.605170185988092 4.605170185988092
birdana 1 4.605170185988092 4.605170185988092
biscana 1 4.605170185988092 4.605170185988092
bistriata 1 4.605170185988092 4.605170185988092
bittana 1 4.605170185988092 4.605170185988092
black 1 0.8915981192837835 0.8915981192837835
blackblotched 1 4.605170185988092 4.605170185988092
blackheaded 1 4.605170185988092 4.605170185988092
blackmarked 1 4.605170185988092 4.605170185988092
blackpatched 1 4.605170185988092 4.605170185988092
blackshaded 1 4.605170185988092 4.605170185988092
blacktipped 1 4.605170185988092 4.605170185988092
blanchardi 1 4.605170185988092 4.605170185988092
blandula 1 4.605170185988092 4.605170185988092
blueberry 1 4.605170185988092 4.605170185988092
bobana 1 4.605170185988092 4.605170185988092
bolanderana 1 4.605170185988092 4.605170185988092
boldlymarked 1 4.605170185988092 4.605170185988092
bolliana 1 4.605170185988092 4.605170185988092
bomonana 1 4.605170185988092 4.605170185988092
bonagota 1 4.605170185988092 4.605170185988092
borealis 1 3.912023005428146 3.912023005428146
borer 1 4.605170185988092 4.605170185988092
botrana 1 4.605170185988092 4.605170185988092
boulderana 1 4.605170185988092 4.605170185988092
boweri 1 4.605170185988092 4.605170185988092
bowmanana 1 4.605170185988092 4.605170185988092
boxcana 1 4.605170185988092 4.605170185988092
boxelder 1 4.605170185988092 4.605170185988092
bracket 1 3.2188758248682006 3.2188758248682006
bracteatana 1 4.605170185988092 4.605170185988092
branchlet 1 4.605170185988092 4.605170185988092
braunana 1 4.605170185988092 4.605170185988092
brauni 1 4.605170185988092 4.605170185988092
brevicornutana 1 4.605170185988092 4.605170185988092
brevirostratum 1 4.605170185988092 4.605170185988092
brighton 1 3.506557897319982 3.506557897319982
brightonana 1 4.605170185988092 4.605170185988092
britannia 1 4.605170185988092 4.605170185988092
brittania 1 4.605170185988092 4.605170185988092
broadpatch 1 4.605170185988092 4.605170185988092
brokenbanded 1 4.605170185988092 4.605170185988092
brokenline 1 4.605170185988092 4.605170185988092
broui 1 4.605170185988092 4.605170185988092
brown 1 1.6607312068216509 1.6607312068216509
brunneopurpurata 1 4.605170185988092 4.605170185988092
bucephaloides 1 4.605170185988092 4.605170185988092
bucera 1 4.605170185988092 4.605170185988092
buckellana 1 4.605170185988092 4.605170185988092
buckeye 1 4.605170185988092 4.605170185988092
bud 1 3.2188758248682006 3.2188758248682006
budmoth 1 4.605170185988092 4.605170185988092
budworm 1 4.605170185988092 4.605170185988092
bufftipped 1 4.605170185988092 4.605170185988092
bumeliana 1 4.605170185988092 4.605170185988092
bunchberry 1 4.605170185988092 4.605170185988092
bunteana 1 4.605170185988092 4.605170185988092
buoliana 1 4.605170185988092 4.605170185988092
burgessiana 1 4.605170185988092 4.605170185988092
burkeana 1 4.605170185988092 4.605170185988092
burnsorum 1 4.605170185988092 4.605170185988092
burroughsi 1 4.605170185988092 4.605170185988092
burserae 1 4.605170185988092 4.605170185988092
busckana 1 4.605170185988092 4.605170185988092
bushnelli 1 4.605170185988092 4.605170185988092
butterfly 1 3.2188758248682006 3.2188758248682006
cacocharis 1 4.605170185988092 4.605170185988092
cacoecimorpha 1 4.605170185988092 4.605170185988092
caeruleana 1 4.605170185988092 4.605170185988092
cagiva 1 4.605170185988092 4.605170185988092
calidana 1 4.605170185988092 4.605170185988092
californica 1 4.605170185988092 4.605170185988092
caliginosana 1 4.605170185988092 4.605170185988092
calocedrana 1 4.605170185988092 4.605170185988092
camdenana 1 4.605170185988092 4.605170185988092
campicolana 1 4.605170185988092 4.605170185988092
cana 1 4.605170185988092 4.605170185988092
canada 1 1.4696759700589417 1.4696759700589417
canadana 1 4.605170185988092 4.605170185988092
canadensis 1 3.912023005428146 3.912023005428146
canadian 1 1.9661128563728327 1.9661128563728327
canana 1 4.605170185988092 4.605170185988092
canariana 1 4.605170185988092 4.605170185988092
candana 1 4.605170185988092 4.605170185988092
caniceps 1 4.605170185988092 4.605170185988092
canusana 1 4.605170185988092 4.605170185988092
capizziana 1 4.605170185988092 4.605170185988092
capreana 1 4.605170185988092 4.605170185988092
carbonana 1 4.605170185988092 4.605170185988092
carduana 1 4.605170185988092 4.605170185988092
carmelana 1 4.605170185988092 4.605170185988092
carnana 1 4.605170185988092 4.605170185988092
carnation 1 4.605170185988092 4.605170185988092
carolana 1 4.605170185988092 4.605170185988092
carolella 1 4.605170185988092 4.605170185988092
carolinana 1 4.605170185988092 4.605170185988092
cartwrightana 1 4.605170185988092 4.605170185988092
caryae 1 4.605170185988092 4.605170185988092
caryana 1 4.605170185988092 4.605170185988092
caryosphena 1 4.605170185988092 4.605170185988092
castaneana 1 4.605170185988092 4.605170185988092
castrensis 1 4.605170185988092 4.605170185988092
cataclystiana 1 4.605170185988092 4.605170185988092
catastega 1 4.605170185988092 4.605170185988092
category 1 0.0 0.0
caterpillar 1 4.605170185988092 4.605170185988092
catherinae 1 4.605170185988092 4.605170185988092
catkinworm 1 4.605170185988092 4.605170185988092
caulocatax 1 4.605170185988092 4.605170185988092
celiana 1 4.605170185988092 4.605170185988092
celtisana 1 4.605170185988092 4.605170185988092
celypha 1 4.605170185988092 4.605170185988092
cenopis 1 4.605170185988092 4.605170185988092
cephalanthana 1 4.605170185988092 4.605170185988092
cerasana 1 4.605170185988092 4.605170185988092
cerasivorana 1 4.605170185988092 4.605170185988092
cercocarpana 1 4.605170185988092 4.605170185988092
cervinana 1 4.605170185988092 4.605170185988092
cespitana 1 4.605170185988092 4.605170185988092
chalybeana 1 4.605170185988092 4.605170185988092
chambersana 1 4.605170185988092 4.605170185988092
change 1 0.0 0.0
check 1 2.302585092994046 2.302585092994046
checklist 1 4.605170185988092 4.605170185988092
chemsakiana 1 4.605170185988092 4.605170185988092
cherry 1 3.2188758248682006 3.2188758248682006
chica 1 4.605170185988092 4.605170185988092
chimoptesis 1 4.605170185988092 4.605170185988092
chionosema 1 4.605170185988092 4.605170185988092
chiricahuae 1 4.605170185988092 4.605170185988092
chokecherry 1 4.605170185988092 4.605170185988092
choristoneura 1 4.605170185988092 4.605170185988092
chromata 1 4.605170185988092 4.605170185988092
chrysanthemum 1 3.912023005428146 3.912023005428146
chrysopyla 1 4.605170185988092 4.605170185988092
cinereolineana 1 4.605170185988092 4.605170185988092
cinerodorsana 1 4.605170185988092 4.605170185988092
circulana 1 4.605170185988092 4.605170185988092
cite 1 0.0 0.0
citricolorana 1 4.605170185988092 4.605170185988092
clarkei 1 4.605170185988092 4.605170185988092
clarki 1 3.912023005428146 3.912023005428146
clavana 1 4.605170185988092 4.605170185988092
claypoleana 1 4.605170185988092 4.605170185988092
clemens 1 4.605170185988092 4.605170185988092
clemensiana 1 4.605170185988092 4.605170185988092
clepsis 1 4.605170185988092 4.605170185988092
cloud 1 3.2188758248682006 3.2188758248682006
clover 1 4.605170185988092 4.605170185988092
cnephasia 1 4.605170185988092 4.605170185988092
coastal 1 2.995732273553991 2.995732273553991
cocana 1 4.605170185988092 4.605170185988092
cochlid 1 4.605170185988092 4.605170185988092
cochylid 1 4.605170185988092 4.605170185988092
cochylidia 1 4.605170185988092 4.605170185988092
cochylis 1 4.605170185988092 4.605170185988092
cockerellana 1 4.605170185988092 4.605170185988092
cockerells 1 4.605170185988092 4.605170185988092
coconinana 1 4.605170185988092 4.605170185988092
code 1 0.0 0.0
codling 1 4.605170185988092 4.605170185988092
coelostathma 1 4.605170185988092 4.605170185988092
cognata 1 4.605170185988092 4.605170185988092
colfaxiana 1 4.605170185988092 4.605170185988092
collilonga 1 4.605170185988092 4.605170185988092
coloradana 1 4.605170185988092 4.605170185988092
coloradanus 1 4.605170185988092 4.605170185988092
coloradensis 1 4.605170185988092 4.605170185988092
colorana 1 4.605170185988092 4.605170185988092
columbia 1 2.207274913189721 2.207274913189721
columbiana 1 4.605170185988092 4.605170185988092
comandrana 1 4.605170185988092 4.605170185988092
comandranum 1 4.605170185988092 4.605170185988092
comariana 1 4.605170185988092 4.605170185988092
comatulana 1 4.605170185988092 4.605170185988092
come 1 1.3470736479666094 1.3470736479666094
common 1 0.0 0.0
comparison 1 3.506557897319982 3.506557897319982
complex 1 2.302585092994046 2.302585092994046
complicana 1 4.605170185988092 4.605170185988092
comptana 1 4.605170185988092 4.605170185988092
comstocki 1 4.605170185988092 4.605170185988092
comstockiana 1 4.605170185988092 4.605170185988092
concinnana 1 4.605170185988092 4.605170185988092
concitatricana 1 4.605170185988092 4.605170185988092
concretana 1 4.605170185988092 4.605170185988092
concubitana 1 4.605170185988092 4.605170185988092
conditana 1 4.605170185988092 4.605170185988092
conduct 1 0.0 0.0
cone 1 2.995732273553991 2.995732273553991
confixana 1 4.605170185988092 4.605170185988092
conflictana 1 4.605170185988092 4.605170185988092
confusana 1 4.605170185988092 4.605170185988092
coniferana 1 4.605170185988092 4.605170185988092
connectum 1 4.605170185988092 4.605170185988092
consimilana 1 4.605170185988092 4.605170185988092
consobrinana 1 4.605170185988092 4.605170185988092
consociana 1 4.605170185988092 4.605170185988092
conspiciendana 1 4.605170185988092 4.605170185988092
constrictana 1 4.605170185988092 4.605170185988092
constricted 1 4.605170185988092 4.605170185988092
contact 1 0.0 0.0
content 1 0.0 0.0
context 1 0.010050335853501506 0.010050335853501506
continental 1 2.5257286443082556 2.5257286443082556
contrastana 1 4.605170185988092 4.605170185988092
contrasting 1 3.912023005428146 3.912023005428146
contribute 1 0.0 0.0
contribution 1 0.0 0.0
convergana 1 4.605170185988092 4.605170185988092
conversana 1 4.605170185988092 4.605170185988092
cookie 1 0.0 0.0
cookiematch 1 0.0 0.0
corculana 1 4.605170185988092 4.605170185988092
cordiae 1 4.605170185988092 4.605170185988092
cornana 1 4.605170185988092 4.605170185988092
corosana 1 4.605170185988092 4.605170185988092
corticivora 1 4.605170185988092 4.605170185988092
coruscana 1 4.605170185988092 4.605170185988092
corylana 1 4.605170185988092 4.605170185988092
costastrigulana 1 4.605170185988092 4.605170185988092
costimaculana 1 4.605170185988092 4.605170185988092
costinotana 1 4.605170185988092 4.605170185988092
costomaculana 1 4.605170185988092 4.605170185988092
cotton 1 3.912023005428146 3.912023005428146
cottonwood 1 4.605170185988092 4.605170185988092
cover 1 1.6094379124341003 1.6094379124341003
covering 1 2.995732273553991 2.995732273553991
crambitana 1 4.605170185988092 4.605170185988092
crassana 1 4.605170185988092 4.605170185988092
create 1 0.0 0.0
creative 1 0.0 0.0
crenana 1 4.605170185988092 4.605170185988092
crescentana 1 4.605170185988092 4.605170185988092
cressoniana 1 4.605170185988092 4.605170185988092
criddleana 1 4.605170185988092 4.605170185988092
crocidosema 1 4.605170185988092 4.605170185988092
cruciana 1 4.605170185988092 4.605170185988092
cruentana 1 4.605170185988092 4.605170185988092
crymalana 1 4.605170185988092 4.605170185988092
cryptaspasma 1 4.605170185988092 4.605170185988092
cudonigera 1 4.605170185988092 4.605170185988092
culminana 1 4.605170185988092 4.605170185988092
cuneana 1 4.605170185988092 4.605170185988092
cupressae 1 4.605170185988092 4.605170185988092
cupressana 1 4.605170185988092 4.605170185988092
cuproxena 1 4.605170185988092 4.605170185988092
current 1 0.0 0.0
curvalana 1 4.605170185988092 4.605170185988092
cyanana 1 4.605170185988092 4.605170185988092
cybilla 1 4.605170185988092 4.605170185988092
cyclopiana 1 4.605170185988092 4.605170185988092
cydia 1 4.605170185988092 4.605170185988092
cymotoma 1 4.605170185988092 4.605170185988092
cynosbatella 1 4.605170185988092 4.605170185988092
cypripediana 1 4.605170185988092 4.605170185988092
daemonicana 1 4.605170185988092 4.605170185988092
dalecarlianus 1 4.605170185988092 4.605170185988092
dana 1 3.2188758248682006 3.2188758248682006
dangi 1 4.605170185988092 4.605170185988092
danilevskyi 1 4.605170185988092 4.605170185988092
daphnana 1 4.605170185988092 4.605170185988092
dapsilis 1 4.605170185988092 4.605170185988092
daracana 1 4.605170185988092 4.605170185988092
dark 1 2.207274913189721 2.207274913189721
dash 1 3.2188758248682006 3.2188758248682006
deadleaf 1 4.605170185988092 4.605170185988092
decempunctana 1 4.605170185988092 4.605170185988092
deceptana 1 4.605170185988092 4.605170185988092
deceptive 1 3.912023005428146 3.912023005428146
decodes 1 4.605170185988092 4.605170185988092
decorosa 1 4.605170185988092 4.605170185988092
definitivana 1 4.605170185988092 4.605170185988092
deflexana 1 4.605170185988092 4.605170185988092
delicatana 1 4.605170185988092 4.605170185988092
delineana 1 4.605170185988092 4.605170185988092
delphinoides 1 4.605170185988092 4.605170185988092
delphinus 1 4.605170185988092 4.605170185988092
deludana 1 4.605170185988092 4.605170185988092
demissana 1 4.605170185988092 4.605170185988092
denverana 1 4.605170185988092 4.605170185988092
deprecatorius 1 4.605170185988092 4.605170185988092
derelict 1 4.605170185988092 4.605170185988092
derelicta 1 4.605170185988092 4.605170185988092
description 1 0.07257069283483537 0.07257069283483537
desertana 1 4.605170185988092 4.605170185988092
deshaisiana 1 4.605170185988092 4.605170185988092
desotanum 1 4.605170185988092 4.605170185988092
deutschiana 1 4.605170185988092 4.605170185988092
developer 1 0.0 0.0
deverrae 1 4.605170185988092 4.605170185988092
devotana 1 4.605170185988092 4.605170185988092
diabolana 1 4.605170185988092 4.605170185988092
diallacta 1 4.605170185988092 4.605170185988092
diamondback 1 3.912023005428146 3.912023005428146
dichrorampha 1 4.605170185988092 4.605170185988092
diedra 1 4.605170185988092 4.605170185988092
dietziana 1 4.605170185988092 4.605170185988092
different 1 0.3424903089467759 0.3424903089467759
digitana 1 4.605170185988092 4.605170185988092
dilatana 1 4.605170185988092 4.605170185988092
dilutana 1 4.605170185988092 4.605170185988092
diluticostana 1 4.605170185988092 4.605170185988092
diminutana 1 4.605170185988092 4.605170185988092
directana 1 4.605170185988092 4.605170185988092
discana 1 4.605170185988092 4.605170185988092
discigerana 1 4.605170185988092 4.605170185988092
disclaimer 1 0.0 0.0
discopunctana 1 4.605170185988092 4.605170185988092
discretivana 1 4.605170185988092 4.605170185988092
dispersa 1 4.605170185988092 4.605170185988092
disputabilis 1 4.605170185988092 4.605170185988092
dissitana 1 4.605170185988092 4.605170185988092
distinct 1 3.506557897319982 3.506557897319982
distincta 1 4.605170185988092 4.605170185988092
ditula 1 4.605170185988092 4.605170185988092
diurnal 1 4.605170185988092 4.605170185988092
divaricata 1 4.605170185988092 4.605170185988092
divided 1 2.995732273553991 2.995732273553991
divisana 1 4.605170185988092 4.605170185988092
dodana 1 4.605170185988092 4.605170185988092
donate 1 0.0 0.0
dorithia 1 4.605170185988092 4.605170185988092
dormitoria 1 4.605170185988092 4.605170185988092
dorsalana 1 4.605170185988092 4.605170185988092
dorsiatomana 1 4.605170185988092 4.605170185988092
dorsisignatana 1 4.605170185988092 4.605170185988092
dorsistriatana 1 4.605170185988092 4.605170185988092
dorsisuffusana 1 4.605170185988092 4.605170185988092
dotted 1 4.605170185988092 4.605170185988092
doubledays 1 3.912023005428146 3.912023005428146
douglasfir 1 4.605170185988092 4.605170185988092
download 1 0.0 0.0
dubitana 1 4.605170185988092 4.605170185988092
dulciana 1 4.605170185988092 4.605170185988092
dune 1 3.912023005428146 3.912023005428146
duodecemstriata 1 4.605170185988092 4.605170185988092
duplana 1 4.605170185988092 4.605170185988092
duplex 1 4.605170185988092 4.605170185988092
dusky 1 4.605170185988092 4.605170185988092
dyarana 1 4.605170185988092 4.605170185988092
eana 1 4.605170185988092 4.605170185988092
eastern 1 1.5606477482646683 1.5606477482646683
eburata 1 4.605170185988092 4.605170185988092
ecdytolopha 1 4.605170185988092 4.605170185988092
eclipsana 1 4.605170185988092 4.605170185988092
edemoidana 1 4.605170185988092 4.605170185988092
ednana 1 4.605170185988092 4.605170185988092
edwardsiana 1 4.605170185988092 4.605170185988092
effectively 1 2.8134107167600364 2.8134107167600364
effractana 1 4.605170185988092 4.605170185988092
elderana 1 4.605170185988092 4.605170185988092
eleagnana 1 4.605170185988092 4.605170185988092
electrofuscum 1 4.605170185988092 4.605170185988092
eleonora 1 4.605170185988092 4.605170185988092
elongana 1 4.605170185988092 4.605170185988092
emaciatana 1 4.605170185988092 4.605170185988092
emarginana 1 4.605170185988092 4.605170185988092
emigratella 1 4.605170185988092 4.605170185988092
enarmonia 1 4.605170185988092 4.605170185988092
encyclopedia 1 0.0 0.0
endothenia 1 4.605170185988092 4.605170185988092
enervana 1 4.605170185988092 4.605170185988092
english 1 0.0 0.0
epiblema 1 4.605170185988092 4.605170185988092
epinotia 1 4.605170185988092 4.605170185988092
epiphyas 1 4.605170185988092 4.605170185988092
episimus 1 4.605170185988092 4.605170185988092
erigeronana 1 4.605170185988092 4.605170185988092
erotella 1 4.605170185988092 4.605170185988092
essex 1 4.605170185988092 4.605170185988092
essexana 1 4.605170185988092 4.605170185988092
ethelgoda 1 4.605170185988092 4.605170185988092
ethnica 1 4.605170185988092 4.605170185988092
eucosma 1 4.605170185988092 4.605170185988092
eucosmomorpha 1 4.605170185988092 4.605170185988092
eugnosta 1 4.605170185988092 4.605170185988092
eulia 1 4.605170185988092 4.605170185988092
eulongicosta 1 4.605170185988092 4.605170185988092
eumarozia 1 4.605170185988092 4.605170185988092
eupinivora 1 4.605170185988092 4.605170185988092
eurasian 1 4.605170185988092 4.605170185988092
european 1 1.3093333199837622 1.3093333199837622
event 1 0.0 0.0
evora 1 4.605170185988092 4.605170185988092
exacerbatricana 1 4.605170185988092 4.605170185988092
exaeresimum 1 4.605170185988092 4.605170185988092
example 1 1.8325814637483102 1.8325814637483102
exaridanus 1 4.605170185988092 4.605170185988092
exasperana 1 4.605170185988092 4.605170185988092
exasperatana 1 4.605170185988092 4.605170185988092
exasperating 1 4.605170185988092 4.605170185988092
excerptionana 1 4.605170185988092 4.605170185988092
exclusoriana 1 4.605170185988092 4.605170185988092
excusabilis 1 4.605170185988092 4.605170185988092
exoletum 1 4.605170185988092 4.605170185988092
exomilana 1 4.605170185988092 4.605170185988092
exotic 1 3.506557897319982 3.506557897319982
exp 1 0.0 0.0
expolitana 1 4.605170185988092 4.605170185988092
external 1 0.44628710262841953 0.44628710262841953
eyespotted 1 4.605170185988092 4.605170185988092
fagigemmeana 1 4.605170185988092 4.605170185988092
fahlbergiana 1 4.605170185988092 4.605170185988092
fall 1 1.07880966137193 1.07880966137193
family 1 0.9162907318741551 0.9162907318741551
fana 1 4.605170185988092 4.605170185988092
fandana 1 4.605170185988092 4.605170185988092
faracana 1 4.605170185988092 4.605170185988092
fasciatana 1 4.605170185988092 4.605170185988092
fasciculatana 1 4.605170185988092 4.605170185988092
fasciolana 1 4.605170185988092 4.605170185988092
felicitana 1 4.605170185988092 4.605170185988092
felix 1 2.995732273553991 2.995732273553991
fernaldana 1 4.605170185988092 4.605170185988092
fernalds 1 4.605170185988092 4.605170185988092
ferreana 1 4.605170185988092 4.605170185988092
ferriferana 1 4.605170185988092 4.605170185988092
ferrolineana 1 4.605170185988092 4.605170185988092
ferrugana 1 4.605170185988092 4.605170185988092
ferruginana 1 4.605170185988092 4.605170185988092
ferrugineanum 1 4.605170185988092 4.605170185988092
ferruginous 1 4.605170185988092 4.605170185988092
fertoriana 1 4.605170185988092 4.605170185988092
fervidana 1 4.605170185988092 4.605170185988092
festivana 1 4.605170185988092 4.605170185988092
filbertworm 1 4.605170185988092 4.605170185988092
file 1 0.0 0.0
filiana 1 4.605170185988092 4.605170185988092
filigreed 1 4.605170185988092 4.605170185988092
finitimana 1 4.605170185988092 4.605170185988092
fir 1 3.912023005428146 3.912023005428146
fireworm 1 4.605170185988092 4.605170185988092
fiskeana 1 4.605170185988092 4.605170185988092
fivespotted 1 4.605170185988092 4.605170185988092
flavedana 1 4.605170185988092 4.605170185988092
flavibasana 1 4.605170185988092 4.605170185988092
flavidana 1 4.605170185988092 4.605170185988092
flavivittana 1 4.605170185988092 4.605170185988092
fleabane 1 4.605170185988092 4.605170185988092
fletcher 1 3.2188758248682006 3.2188758248682006
fletcherana 1 4.605170185988092 4.605170185988092
flexiloqua 1 4.605170185988092 4.605170185988092
floccosana 1 4.605170185988092 4.605170185988092
floridana 1 4.605170185988092 4.605170185988092
flower 1 2.5257286443082556 2.5257286443082556
fofana 1 4.605170185988092 4.605170185988092
foliana 1 4.605170185988092 4.605170185988092
footiana 1 4.605170185988092 4.605170185988092
forbes 1 2.995732273553991 2.995732273553991
forbesana 1 4.605170185988092 4.605170185988092
former 1 0.9675840262617057 0.9675840262617057
formerly 1 1.8325814637483102 1.8325814637483102
formonana 1 4.605170185988092 4.605170185988092
formosana 1 4.605170185988092 4.605170185988092
forskaleana 1 4.605170185988092 4.605170185988092
fortunana 1 4.605170185988092 4.605170185988092
foundation 1 0.0 0.0
foxcana 1 4.605170185988092 4.605170185988092
fractivittana 1 4.605170185988092 4.605170185988092
fragariana 1 4.605170185988092 4.605170185988092
franciscana 1 4.605170185988092 4.605170185988092
franclemonti 1 4.605170185988092 4.605170185988092
fraternanum 1 4.605170185988092 4.605170185988092
fraudabilis 1 4.605170185988092 4.605170185988092
free 1 0.0 0.0
frigidana 1 4.605170185988092 4.605170185988092
fritillana 1 4.605170185988092 4.605170185988092
fruit 1 2.8134107167600364 2.8134107167600364
fruittree 1 4.605170185988092 4.605170185988092
fruitworm 1 4.605170185988092 4.605170185988092
frustrana 1 4.605170185988092 4.605170185988092
fucana 1 4.605170185988092 4.605170185988092
fuligana 1 4.605170185988092 4.605170185988092
fulminana 1 4.605170185988092 4.605170185988092
fulviplicana 1 4.605170185988092 4.605170185988092
fulvotinctana 1 4.605170185988092 4.605170185988092
fumiferana 1 4.605170185988092 4.605170185988092
fumosana 1 4.605170185988092 4.605170185988092
fumoviridana 1 4.605170185988092 4.605170185988092
funerea 1 4.605170185988092 4.605170185988092
funereal 1 4.605170185988092 4.605170185988092
furcatana 1 4.605170185988092 4.605170185988092
furfurana 1 4.605170185988092 4.605170185988092
furfuranum 1 4.605170185988092 4.605170185988092
fusca 1 4.605170185988092 4.605170185988092
fuscana 1 4.605170185988092 4.605170185988092
fuscociliana 1 4.605170185988092 4.605170185988092
fuscocupreana 1 4.605170185988092 4.605170185988092
fuscodorsana 1 4.605170185988092 4.605170185988092
fuscosparsa 1 4.605170185988092 4.605170185988092
fuscostriata 1 4.605170185988092 4.605170185988092
galaxana 1 4.605170185988092 4.605170185988092
galbinea 1 4.605170185988092 4.605170185988092
galeamatana 1 4.605170185988092 4.605170185988092
galenapunctana 1 4.605170185988092 4.605170185988092
galevora 1 4.605170185988092 4.605170185988092
gall 1 3.912023005428146 3.912023005428146
gallaesaliciana 1 4.605170185988092 4.605170185988092
garacana 1 4.605170185988092 4.605170185988092
garden 1 2.407945608651872 2.407945608651872
gelattana 1 4.605170185988092 4.605170185988092
geminana 1 4.605170185988092 4.605170185988092
gemistrigulana 1 4.605170185988092 4.605170185988092
general 1 0.0 0.0
gentianaeana 1 4.605170185988092 4.605170185988092
georgiana 1 4.605170185988092 4.605170185988092
georgiella 1 4.605170185988092 4.605170185988092
gerulae 1 4.605170185988092 4.605170185988092
get 1 0.0 0.0
giant 1 2.302585092994046 2.302585092994046
gibsoni 1 4.605170185988092 4.605170185988092
giganteana 1 4.605170185988092 4.605170185988092
gilletteana 1 4.605170185988092 4.605170185988092
gilligani 1 4.605170185988092 4.605170185988092
given 1 1.2378743560016172 1.2378743560016172
glaciana 1 4.605170185988092 4.605170185988092
glaucofuscana 1 4.605170185988092 4.605170185988092
glenni 1 4.605170185988092 4.605170185988092
glomerana 1 4.605170185988092 4.605170185988092
gloriola 1 4.605170185988092 4.605170185988092
gloveranus 1 4.605170185988092 4.605170185988092
goditha 1 4.605170185988092 4.605170185988092
gogana 1 4.605170185988092 4.605170185988092
golden 1 1.9661128563728327 1.9661128563728327
goldenrod 1 4.605170185988092 4.605170185988092
gomonana 1 4.605170185988092 4.605170185988092
goodelliana 1 4.605170185988092 4.605170185988092
goyerana 1 4.605170185988092 4.605170185988092
graceana 1 4.605170185988092 4.605170185988092
graciliana 1 4.605170185988092 4.605170185988092
graduatana 1 4.605170185988092 4.605170185988092
grandicula 1 4.605170185988092 4.605170185988092
grandiflavana 1 4.605170185988092 4.605170185988092
grandis 1 4.605170185988092 4.605170185988092
granti 1 4.605170185988092 4.605170185988092
granulatana 1 4.605170185988092 4.605170185988092
grape 1 4.605170185988092 4.605170185988092
grapevine 1 4.605170185988092 4.605170185988092
grapholita 1 4.605170185988092 4.605170185988092
grass 1 4.605170185988092 4.605170185988092
gray 1 2.995732273553991 2.995732273553991
graybanded 1 4.605170185988092 4.605170185988092
grayblotched 1 4.605170185988092 4.605170185988092
graziella 1 4.605170185988092 4.605170185988092
green 1 1.171182981502945 1.171182981502945
gregalis 1 4.605170185988092 4.605170185988092
gretchena 1 4.605170185988092 4.605170185988092
grindeliana 1 4.605170185988092 4.605170185988092
grisea 1 4.605170185988092 4.605170185988092
griselda 1 4.605170185988092 4.605170185988092
griseoalbana 1 4.605170185988092 4.605170185988092
griseocapitana 1 4.605170185988092 4.605170185988092
grossbecki 1 4.605170185988092 4.605170185988092
group 1 0.8209805520698303 0.8209805520698303
guiana 1 3.912023005428146 3.912023005428146
gunniana 1 4.605170185988092 4.605170185988092
gutierreziae 1 4.605170185988092 4.605170185988092
guttulana 1 4.605170185988092 4.605170185988092
gymnandrosoma 1 4.605170185988092 4.605170185988092
gynidomorpha 1 4.605170185988092 4.605170185988092
gypsonoma 1 4.605170185988092 4.605170185988092
habrosana 1 4.605170185988092 4.605170185988092
haemanthes 1 4.605170185988092 4.605170185988092
haimbachiana 1 4.605170185988092 4.605170185988092
hamameliana 1 4.605170185988092 4.605170185988092
hamartopenis 1 4.605170185988092 4.605170185988092
hamptonana 1 4.605170185988092 4.605170185988092
handana 1 4.605170185988092 4.605170185988092
haracana 1 4.605170185988092 4.605170185988092
hasseanthi 1 4.605170185988092 4.605170185988092
hastiana 1 4.605170185988092 4.605170185988092
hawaii 1 2.302585092994046 2.302585092994046
haydenae 1 4.605170185988092 4.605170185988092
hazelana 1 4.605170185988092 4.605170185988092
head 1 1.1086626245216111 1.1086626245216111
heathiana 1 4.605170185988092 4.605170185988092
hebesana 1 4.605170185988092 4.605170185988092
hebrew 1 3.506557897319982 3.506557897319982
hedya 1 4.605170185988092 4.605170185988092
heinrichana 1 4.605170185988092 4.605170185988092
heinrichi 1 4.605170185988092 4.605170185988092
heleniana 1 4.605170185988092 4.605170185988092
helianthana 1 4.605170185988092 4.605170185988092
helix 1 3.2188758248682006 3.2188758248682006
help 1 0.0 0.0
hemidesma 1 4.605170185988092 4.605170185988092
hemlock 1 4.605170185988092 4.605170185988092
hemp 1 4.605170185988092 4.605170185988092
hendecaneura 1 4.605170185988092 4.605170185988092
hennei 1 4.605170185988092 4.605170185988092
henricus 1 4.605170185988092 4.605170185988092
heparana 1 4.605170185988092 4.605170185988092
hermana 1 4.605170185988092 4.605170185988092
hesperia 1 3.912023005428146 3.912023005428146
hesperiana 1 4.605170185988092 4.605170185988092
heucherana 1 4.605170185988092 4.605170185988092
hickory 1 3.912023005428146 3.912023005428146
hidden 1 0.010050335853501506 0.010050335853501506
hide 1 0.0 0.0
hieroglyphana 1 4.605170185988092 4.605170185988092
hippocastanum 1 4.605170185988092 4.605170185988092
hirsutana 1 4.605170185988092 4.605170185988092
history 1 0.0 0.0
hodges 1 3.2188758248682006 3.2188758248682006
hodgesi 1 4.605170185988092 4.605170185988092
hodsoni 1 4.605170185988092 4.605170185988092
hoffman 1 2.995732273553991 2.995732273553991
hoffmanana 1 4.605170185988092 4.605170185988092
hohana 1 4.605170185988092 4.605170185988092
holland 1 2.8134107167600364 2.8134107167600364
hollandana 1 4.605170185988092 4.605170185988092
holly 1 3.506557897319982 3.506557897319982
holmiana 1 4.605170185988092 4.605170185988092
honca 1 4.605170185988092 4.605170185988092
hookwinged 1 4.605170185988092 4.605170185988092
hopkinsana 1 4.605170185988092 4.605170185988092
horariana 1 4.605170185988092 4.605170185988092
hospes 1 4.605170185988092 4.605170185988092
houseri 1 4.605170185988092 4.605170185988092
houstonana 1 4.605170185988092 4.605170185988092
huachucana 1 4.605170185988092 4.605170185988092
hubbardana 1 4.605170185988092 4.605170185988092
hudsoniana 1 4.605170185988092 4.605170185988092
hulda 1 4.605170185988092 4.605170185988092
humerosana 1 4.605170185988092 4.605170185988092
huroniensis 1 4.605170185988092 4.605170185988092
hydeana 1 4.605170185988092 4.605170185988092
hydrangea 1 4.605170185988092 4.605170185988092
hyponomeutana 1 4.605170185988092 4.605170185988092
hystrichophora 1 4.605170185988092 4.605170185988092
idaeusalis 1 4.605170185988092 4.605170185988092
idahoensis 1 4.605170185988092 4.605170185988092
illotana 1 4.605170185988092 4.605170185988092
illustrana 1 4.605170185988092 4.605170185988092
imitabilis 1 4.605170185988092 4.605170185988092
imitativa 1 4.605170185988092 4.605170185988092
immaculana 1 4.605170185988092 4.605170185988092
implexana 1 4.605170185988092 4.605170185988092
implicata 1 4.605170185988092 4.605170185988092
implicatum 1 4.605170185988092 4.605170185988092
improbana 1 4.605170185988092 4.605170185988092
improvisana 1 4.605170185988092 4.605170185988092
impudens 1 4.605170185988092 4.605170185988092
inana 1 4.605170185988092 4.605170185988092
inc 1 0.0 0.0
incanana 1 4.605170185988092 4.605170185988092
incognita 1 4.605170185988092 4.605170185988092
indagatricana 1 4.605170185988092 4.605170185988092
indeterminana 1 4.605170185988092 4.605170185988092
indigobush 1 4.605170185988092 4.605170185988092
infelix 1 4.605170185988092 4.605170185988092
infernalis 1 4.605170185988092 4.605170185988092
infida 1 4.605170185988092 4.605170185988092
infimbriana 1 4.605170185988092 4.605170185988092
influana 1 4.605170185988092 4.605170185988092
information 1 0.0 0.0
infumatana 1 4.605170185988092 4.605170185988092
infuscana 1 4.605170185988092 4.605170185988092
infuscata 1 4.605170185988092 4.605170185988092
ingens 1 4.605170185988092 4.605170185988092
ingrata 1 4.605170185988092 4.605170185988092
inimical 1 4.605170185988092 4.605170185988092
inimicella 1 4.605170185988092 4.605170185988092
injectiva 1 4.605170185988092 4.605170185988092
inopiana 1 4.605170185988092 4.605170185988092
inopiosa 1 4.605170185988092 4.605170185988092
inornatana 1 4.605170185988092 4.605170185988092
inornate 1 4.605170185988092 4.605170185988092
inquadrana 1 4.605170185988092 4.605170185988092
inquietana 1 4.605170185988092 4.605170185988092
insidiosana 1 4.605170185988092 4.605170185988092
insignata 1 4.605170185988092 4.605170185988092
insiticiana 1 4.605170185988092 4.605170185988092
inspersa 1 4.605170185988092 4.605170185988092
intactana 1 4.605170185988092 4.605170185988092
intermontana 1 4.605170185988092 4.605170185988092
internacionana 1 4.605170185988092 4.605170185988092
interruptofasciata 1 4.605170185988092 4.605170185988092
interruptolineana 1 4.605170185988092 4.605170185988092
interstinctana 1 4.605170185988092 4.605170185988092
introduced 1 1.5606477482646683 1.5606477482646683
invicta 1 4.605170185988092 4.605170185988092
iowana 1 4.605170185988092 4.605170185988092
ironwood 1 4.605170185988092 4.605170185988092
irroratana 1 4.605170185988092 4.605170185988092
islameconae 1 4.605170185988092 4.605170185988092
isolatissima 1 4.605170185988092 4.605170185988092
item 1 0.010050335853501506 0.010050335853501506
ivana 1 4.605170185988092 4.605170185988092
jack 1 1.4696759700589417 1.4696759700589417
javelin 1 4.605170185988092 4.605170185988092
jejunana 1 4.605170185988092 4.605170185988092
jenningsi 1 4.605170185988092 4.605170185988092
jerapowellia 1 4.605170185988092 4.605170185988092
johnsonana 1 4.605170185988092 4.605170185988092
johnstoni 1 4.605170185988092 4.605170185988092
jones 1 1.5141277326297755 1.5141277326297755
jonesi 1 4.605170185988092 4.605170185988092
juglandana 1 4.605170185988092 4.605170185988092
july 1 0.43078291609245434 0.43078291609245434
jump 1 0.0 0.0
jumping 1 3.506557897319982 3.506557897319982
juncticiliana 1 4.605170185988092 4.605170185988092
juniper 1 3.506557897319982 3.506557897319982
kalmiana 1 4.605170185988092 4.605170185988092
kandana 1 4.605170185988092 4.605170185988092
karacana 1 4.605170185988092 4.605170185988092
kasloana 1 4.605170185988092 4.605170185988092
kearfott 1 4.605170185988092 4.605170185988092
kearfottana 1 4.605170185988092 4.605170185988092
kearfotti 1 4.605170185988092 4.605170185988092
kearfotts 1 4.605170185988092 4.605170185988092
keiferana 1 4.605170185988092 4.605170185988092
keiferi 1 4.605170185988092 4.605170185988092
kimballi 1 4.605170185988092 4.605170185988092
kimballs 1 4.605170185988092 4.605170185988092
kindermanniana 1 4.605170185988092 4.605170185988092
kingi 1 4.605170185988092 4.605170185988092
kiscana 1 4.605170185988092 4.605170185988092
klotsi 1 4.605170185988092 4.605170185988092
knapweed 1 4.605170185988092 4.605170185988092
knudsoni 1 4.605170185988092 4.605170185988092
koebelei 1 4.605170185988092 4.605170185988092
kokana 1 4.605170185988092 4.605170185988092
labiosana 1 4.605170185988092 4.605170185988092
labyrinth 1 4.605170185988092 4.605170185988092
lace 1 3.912023005428146 3.912023005428146
laciniana 1 4.605170185988092 4.605170185988092
lacuna 1 4.605170185988092 4.605170185988092
lacunana 1 4.605170185988092 4.605170185988092
lacustrina 1 4.605170185988092 4.605170185988092
lagopana 1 4.605170185988092 4.605170185988092
lagunculariae 1 4.605170185988092 4.605170185988092
lamberti 1 4.605170185988092 4.605170185988092
lambertiana 1 4.605170185988092 4.605170185988092
lamprosana 1 4.605170185988092 4.605170185988092
lana 1 3.912023005428146 3.912023005428146
lancealana 1 4.605170185988092 4.605170185988092
landana 1 4.605170185988092 4.605170185988092
langstoni 1 4.605170185988092 4.605170185988092
language 1 0.0 0.0
lantana 1 4.605170185988092 4.605170185988092
lapidana 1 4.605170185988092 4.605170185988092
larana 1 4.605170185988092 4.605170185988092
larch 1 4.605170185988092 4.605170185988092
large 1 1.4696759700589417 1.4696759700589417
larger 1 2.407945608651872 2.407945608651872
largo 1 4.605170185988092 4.605170185988092
laricana 1 4.605170185988092 4.605170185988092
larimana 1 4.605170185988092 4.605170185988092
larisa 1 3.912023005428146 3.912023005428146
larreana 1 4.605170185988092 4.605170185988092
last 1 0.0 0.0
latens 1 4.605170185988092 4.605170185988092
lathami 1 4.605170185988092 4.605170185988092
lathams 1 4.605170185988092 4.605170185988092
laticurva 1 4.605170185988092 4.605170185988092
latiferreana 1 4.605170185988092 4.605170185988092
latipunctana 1 4.605170185988092 4.605170185988092
latisigna 1 4.605170185988092 4.605170185988092
lautana 1 4.605170185988092 4.605170185988092
lautiuscula 1 4.605170185988092 4.605170185988092
lavana 1 4.605170185988092 4.605170185988092
leaffolder 1 4.605170185988092 4.605170185988092
leafroller 1 4.605170185988092 4.605170185988092
leaftier 1 4.605170185988092 4.605170185988092
learn 1 0.0 0.0
leguminana 1 4.605170185988092 4.605170185988092
lentiginos 1 4.605170185988092 4.605170185988092
lentiginosana 1 4.605170185988092 4.605170185988092
leonana 1 4.605170185988092 4.605170185988092
leopardana 1 4.605170185988092 4.605170185988092
lepidana 1 4.605170185988092 4.605170185988092
lepidoptera 1 4.605170185988092 4.605170185988092
lesser 1 3.506557897319982 3.506557897319982
leucobasis 1 4.605170185988092 4.605170185988092
leuschneri 1 4.605170185988092 4.605170185988092
libertina 1 4.605170185988092 4.605170185988092
license 1 0.0 0.0
light 1 1.3862943611198906 1.3862943611198906
lignitaenia 1 4.605170185988092 4.605170185988092
limitata 1 4.605170185988092 4.605170185988092
lindalinea 1 4.605170185988092 4.605170185988092
lindana 1 4.605170185988092 4.605170185988092
lineana 1 4.605170185988092 4.605170185988092
linitipunctana 1 4.605170185988092 4.605170185988092
link 1 0.0 0.0
lipsiana 1 4.605170185988092 4.605170185988092
liriodendrana 1 4.605170185988092 4.605170185988092
list 1 0.6348782724359695 0.6348782724359695
listerana 1 4.605170185988092 4.605170185988092
litchi 1 4.605170185988092 4.605170185988092
litchivora 1 4.605170185988092 4.605170185988092
little 1 1.4696759700589417 1.4696759700589417
liturana 1 4.605170185988092 4.605170185988092
lobesia 1 4.605170185988092 4.605170185988092
locust 1 4.605170185988092 4.605170185988092
lodgepole 1 4.605170185988092 4.605170185988092
log 1 0.0 0.0
logged 1 0.0 0.0
logiana 1 4.605170185988092 4.605170185988092
lolana 1 4.605170185988092 4.605170185988092
lomonana 1 4.605170185988092 4.605170185988092
longana 1 4.605170185988092 4.605170185988092
longipalpana 1 4.605170185988092 4.605170185988092
longleaf 1 4.605170185988092 4.605170185988092
loricana 1 4.605170185988092 4.605170185988092
lorita 1 4.605170185988092 4.605170185988092
louisana 1 4.605170185988092 4.605170185988092
louisiana 1 2.8134107167600364 2.8134107167600364
lozotaenia 1 4.605170185988092 4.605170185988092
luctuosissima 1 4.605170185988092 4.605170185988092
luminosa 1 4.605170185988092 4.605170185988092
lunatana 1 4.605170185988092 4.605170185988092
lundgreni 1 4.605170185988092 4.605170185988092
luridana 1 4.605170185988092 4.605170185988092
lyallana 1 4.605170185988092 4.605170185988092
lycopodiana 1 4.605170185988092 4.605170185988092
lynosyrana 1 4.605170185988092 4.605170185988092
maccana 1 4.605170185988092 4.605170185988092
macdunnoughi 1 4.605170185988092 4.605170185988092
machimiana 1 4.605170185988092 4.605170185988092
mackayiana 1 4.605170185988092 4.605170185988092
macneilli 1 4.605170185988092 4.605170185988092
macram 1 4.605170185988092 4.605170185988092
macrocarpana 1 4.605170185988092 4.605170185988092
macswaini 1 4.605170185988092 4.605170185988092
maculana 1 4.605170185988092 4.605170185988092
maculatana 1 4.605170185988092 4.605170185988092
maculidorsana 1 4.605170185988092 4.605170185988092
madderana 1 4.605170185988092 4.605170185988092
mafica 1 4.605170185988092 4.605170185988092
magnidicana 1 4.605170185988092 4.605170185988092
magnoliana 1 4.605170185988092 4.605170185988092
maiana 1 4.605170185988092 4.605170185988092
main 1 0.0 0.0
mainother 1 1.5141277326297755 1.5141277326297755
maiorina 1 4.605170185988092 4.605170185988092
make 1 1.0498221244986776 1.0498221244986776
malachitana 1 4.605170185988092 4.605170185988092
malana 1 4.605170185988092 4.605170185988092
mali 1 3.506557897319982 3.506557897319982
mana 1 4.605170185988092 4.605170185988092
manilkara 1 4.605170185988092 4.605170185988092
maple 1 3.506557897319982 3.506557897319982
maplebasswood 1 4.605170185988092 4.605170185988092
mappana 1 4.605170185988092 4.605170185988092
maracana 1 4.605170185988092 4.605170185988092
mariana 1 3.912023005428146 3.912023005428146
maritima 1 4.605170185988092 4.605170185988092
marmontana 1 4.605170185988092 4.605170185988092
marmoreana 1 4.605170185988092 4.605170185988092
martinana 1 4.605170185988092 4.605170185988092
martini 1 4.605170185988092 4.605170185988092
matheri 1 4.605170185988092 4.605170185988092
matthewcruzi 1 4.605170185988092 4.605170185988092
matutina 1 4.605170185988092 4.605170185988092
maximana 1 4.605170185988092 4.605170185988092
may 1 0.0 0.0
mayelisana 1 4.605170185988092 4.605170185988092
mcguinnessi 1 4.605170185988092 4.605170185988092
medioalbana 1 4.605170185988092 4.605170185988092
mediofasciana 1 4.605170185988092 4.605170185988092
mediopartitum 1 4.605170185988092 4.605170185988092
medioplagata 1 4.605170185988092 4.605170185988092
mediostriata 1 4.605170185988092 4.605170185988092
medioviridana 1 4.605170185988092 4.605170185988092
medullana 1 4.605170185988092 4.605170185988092
melaleucanus 1 4.605170185988092 4.605170185988092
melanomesum 1 4.605170185988092 4.605170185988092
melanosticta 1 4.605170185988092 4.605170185988092
membrosa 1 4.605170185988092 4.605170185988092
memoranda 1 4.605170185988092 4.605170185988092
mendaciana 1 4.605170185988092 4.605170185988092
mengelana 1 4.605170185988092 4.605170185988092
menu 1 0.0 0.0
meritana 1 4.605170185988092 4.605170185988092
merrickanum 1 4.605170185988092 4.605170185988092
metallica 1 3.912023005428146 3.912023005428146
metallicana 1 4.605170185988092 4.605170185988092
metamelana 1 4.605170185988092 4.605170185988092
metariana 1 4.605170185988092 4.605170185988092
metendothenia 1 4.605170185988092 4.605170185988092
mexican 1 2.5257286443082556 2.5257286443082556
mexicana 1 3.506557897319982 3.506557897319982
mexico 1 1.5606477482646683 1.5606477482646683
microptera 1 4.605170185988092 4.605170185988092
microsignata 1 4.605170185988092 4.605170185988092
migratana 1 4.605170185988092 4.605170185988092
milleri 1 4.605170185988092 4.605170185988092
minaki 1 4.605170185988092 4.605170185988092
minimana 1 4.605170185988092 4.605170185988092
minimetallica 1 4.605170185988092 4.605170185988092
ministrana 1 4.605170185988092 4.605170185988092
minuta 1 4.605170185988092 4.605170185988092
minute 1 1.6607312068216509 1.6607312068216509
mira 1 4.605170185988092 4.605170185988092
miscana 1 4.605170185988092 4.605170185988092
miscitata 1 4.605170185988092 4.605170185988092
misturana 1 4.605170185988092 4.605170185988092
miwok 1 4.605170185988092 4.605170185988092
mobile 1 0.0 0.0
mobilensis 1 4.605170185988092 4.605170185988092
modernana 1 4.605170185988092 4.605170185988092
modest 1 4.605170185988092 4.605170185988092
modestana 1 4.605170185988092 4.605170185988092
modicellana 1 4.605170185988092 4.605170185988092
moeschleriana 1 4.605170185988092 4.605170185988092
moffatiana 1 4.605170185988092 4.605170185988092
molesta 1 4.605170185988092 4.605170185988092
momana 1 4.605170185988092 4.605170185988092
momonana 1 4.605170185988092 4.605170185988092
mona 1 3.912023005428146 3.912023005428146
monera 1 4.605170185988092 4.605170185988092
monetiferanum 1 4.605170185988092 4.605170185988092
monitorana 1 4.605170185988092 4.605170185988092
monoensis 1 4.605170185988092 4.605170185988092
monogrammana 1 4.605170185988092 4.605170185988092
monophylliana 1 4.605170185988092 4.605170185988092
monotropana 1 4.605170185988092 4.605170185988092
montanana 1 4.605170185988092 4.605170185988092
montanus 1 4.605170185988092 4.605170185988092
montezuma 1 3.912023005428146 3.912023005428146
montezumae 1 4.605170185988092 4.605170185988092
moorland 1 4.605170185988092 4.605170185988092
mormonensis 1 4.605170185988092 4.605170185988092
morrisana 1 4.605170185988092 4.605170185988092
morrisoni 1 4.605170185988092 4.605170185988092
mortuana 1 4.605170185988092 4.605170185988092
mosaic 1 3.506557897319982 3.506557897319982
mostly 1 2.407945608651872 2.407945608651872
moth 1 4.605170185988092 4.605170185988092
move 1 0.0 0.0
multiform 1 4.605170185988092 4.605170185988092
multilineana 1 4.605170185988092 4.605170185988092
multilineata 1 4.605170185988092 4.605170185988092
muricana 1 4.605170185988092 4.605170185988092
musetta 1 4.605170185988092 4.605170185988092
mymara 1 4.605170185988092 4.605170185988092
myricana 1 4.605170185988092 4.605170185988092
mysteriana 1 4.605170185988092 4.605170185988092
mysterious 1 2.5257286443082556 2.5257286443082556
naevana 1 4.605170185988092 4.605170185988092
nana 1 4.605170185988092 4.605170185988092
nanana 1 4.605170185988092 4.605170185988092
nananum 1 4.605170185988092 4.605170185988092
nandana 1 4.605170185988092 4.605170185988092
nantucket 1 4.605170185988092 4.605170185988092
naracana 1 4.605170185988092 4.605170185988092
navigation 1 0.0 0.0
nearctica 1 4.605170185988092 4.605170185988092
nebula 1 3.912023005428146 3.912023005428146
nebulosana 1 4.605170185988092 4.605170185988092
needle 1 3.506557897319982 3.506557897319982
needleminer 1 4.605170185988092 4.605170185988092
needleworm 1 4.605170185988092 4.605170185988092
negundana 1 4.605170185988092 4.605170185988092
neoeulia 1 4.605170185988092 4.605170185988092
neomexicana 1 4.605170185988092 4.605170185988092
nepotinana 1 4.605170185988092 4.605170185988092
nesoites 1 4.605170185988092 4.605170185988092
niasoma 1 4.605170185988092 4.605170185988092
nigralbana 1 4.605170185988092 4.605170185988092
nigralbanoidana 1 4.605170185988092 4.605170185988092
nigranum 1 4.605170185988092 4.605170185988092
nigricana 1 4.605170185988092 4.605170185988092
nigriplagana 1 4.605170185988092 4.605170185988092
nigrocervina 1 4.605170185988092 4.605170185988092
nigrolinea 1 4.605170185988092 4.605170185988092
ninana 1 4.605170185988092 4.605170185988092
niscana 1 4.605170185988092 4.605170185988092
nisella 1 4.605170185988092 4.605170185988092
niteolinea 1 4.605170185988092 4.605170185988092
nitidana 1 4.605170185988092 4.605170185988092
nitidulana 1 4.605170185988092 4.605170185988092
niveana 1 4.605170185988092 4.605170185988092
niveiguttana 1 4.605170185988092 4.605170185988092
nivisellana 1 4.605170185988092 4.605170185988092
nocturnal 1 4.605170185988092 4.605170185988092
nomen 1 4.605170185988092 4.605170185988092
nomonana 1 4.605170185988092 4.605170185988092
nonana 1 4.605170185988092 4.605170185988092
nonprofit 1 0.0 0.0
nordeggana 1 4.605170185988092 4.605170185988092
nordini 1 4.605170185988092 4.605170185988092
normanana 1 4.605170185988092 4.605170185988092
noroesta 1 4.605170185988092 4.605170185988092
north 1 0.8209805520698303 0.8209805520698303
northern 1 1.3093333199837622 1.3093333199837622
notana 1 4.605170185988092 4.605170185988092
notialis 1 4.605170185988092 4.605170185988092
notocelia 1 4.605170185988092 4.605170185988092
nubeculana 1 4.605170185988092 4.605170185988092
nubiferana 1 4.605170185988092 4.605170185988092
nubilana 1 4.605170185988092 4.605170185988092
nudum 1 4.605170185988092 4.605170185988092
number 1 0.7550225842780328 0.7550225842780328
numbering 1 3.506557897319982 3.506557897319982
numerosana 1 4.605170185988092 4.605170185988092
nuntia 1 4.605170185988092 4.605170185988092
nycthia 1 4.605170185988092 4.605170185988092
nymphana 1 4.605170185988092 4.605170185988092
oak 1 3.2188758248682006 3.2188758248682006
obfuscana 1 4.605170185988092 4.605170185988092
obliquana 1 4.605170185988092 4.605170185988092
obliquebanded 1 4.605170185988092 4.605170185988092
obnigrana 1 4.605170185988092 4.605170185988092
obnisa 1 4.605170185988092 4.605170185988092
obsoletana 1 4.605170185988092 4.605170185988092
occidentalis 1 4.605170185988092 4.605170185988092
occidentana 1 4.605170185988092 4.605170185988092
occipitana 1 4.605170185988092 4.605170185988092
occultana 1 4.605170185988092 4.605170185988092
ocellana 1 4.605170185988092 4.605170185988092
ochraceana 1 4.605170185988092 4.605170185988092
ochreicostana 1 4.605170185988092 4.605170185988092
ochrocephala 1 4.605170185988092 4.605170185988092
ochroleucana 1 4.605170185988092 4.605170185988092
ochrosuffusanum 1 4.605170185988092 4.605170185988092
ochroterminana 1 4.605170185988092 4.605170185988092
ocliferia 1 4.605170185988092 4.605170185988092
octopunctana 1 4.605170185988092 4.605170185988092
oenotherana 1 4.605170185988092 4.605170185988092
ofatulena 1 4.605170185988092 4.605170185988092
offectalis 1 4.605170185988092 4.605170185988092
offwhite 1 4.605170185988092 4.605170185988092
okanagana 1 4.605170185988092 4.605170185988092
olethreutes 1 4.605170185988092 4.605170185988092
olethreutinae 1 4.605170185988092 4.605170185988092
olivaceana 1 4.605170185988092 4.605170185988092
olivaceous 1 4.605170185988092 4.605170185988092
omnivorous 1 4.605170185988092 4.605170185988092
onelined 1 4.605170185988092 4.605170185988092
ontariana 1 4.605170185988092 4.605170185988092
ophionana 1 4.605170185988092 4.605170185988092
opleri 1 4.605170185988092 4.605170185988092
oporana 1 4.605170185988092 4.605170185988092
optimana 1 4.605170185988092 4.605170185988092
orae 1 4.605170185988092 4.605170185988092
orange 1 2.5257286443082556 2.5257286443082556
order 1 1.171182981502945 1.171182981502945
oregonana 1 4.605170185988092 4.605170185988092
oregonensis 1 4.605170185988092 4.605170185988092
oreios 1 4.605170185988092 4.605170185988092
organization 1 0.0 0.0
organizationname 1 0.010050335853501506 0.010050335853501506
oriental 1 3.2188758248682006 3.2188758248682006
ornatula 1 4.605170185988092 4.605170185988092
orthotaenia 1 4.605170185988092 4.605170185988092
osmundana 1 4.605170185988092 4.605170185988092
osseana 1 4.605170185988092 4.605170185988092
ostentatrix 1 4.605170185988092 4.605170185988092
otiosana 1 4.605170185988092 4.605170185988092
outdated 1 3.912023005428146 3.912023005428146
oxycoccana 1 4.605170185988092 4.605170185988092
pacifica 1 4.605170185988092 4.605170185988092
pacificana 1 4.605170185988092 4.605170185988092
packardi 1 4.605170185988092 4.605170185988092
packardiana 1 4.605170185988092 4.605170185988092
page 1 0.0 0.0
pagetype 1 1.2729656758128876 1.2729656758128876
paiuteana 1 4.605170185988092 4.605170185988092
palabundana 1 4.605170185988092 4.605170185988092
pale 1 3.912023005428146 3.912023005428146
paleheaded 1 4.605170185988092 4.605170185988092
pallidarcis 1 4.605170185988092 4.605170185988092
pallidicostana 1 4.605170185988092 4.605170185988092
pallidipalpana 1 4.605170185988092 4.605170185988092
pallifasciata 1 4.605170185988092 4.605170185988092
palliolana 1 4.605170185988092 4.605170185988092
pallipennis 1 4.605170185988092 4.605170185988092
pallorana 1 4.605170185988092 4.605170185988092
palmetum 1 4.605170185988092 4.605170185988092
palpana 1 4.605170185988092 4.605170185988092
paludicolana 1 4.605170185988092 4.605170185988092
palustrana 1 4.605170185988092 4.605170185988092
pammene 1 4.605170185988092 4.605170185988092
pandana 1 4.605170185988092 4.605170185988092
pandemis 1 4.605170185988092 4.605170185988092
paracinderella 1 4.605170185988092 4.605170185988092
paradisiae 1 4.605170185988092 4.605170185988092
parallela 1 4.605170185988092 4.605170185988092
parallelana 1 4.605170185988092 4.605170185988092
parallelbanded 1 4.605170185988092 4.605170185988092
paralobesia 1 4.605170185988092 4.605170185988092
paraplesiana 1 4.605170185988092 4.605170185988092
parmatana 1 4.605170185988092 4.605170185988092
parryana 1 4.605170185988092 4.605170185988092
partial 1 3.2188758248682006 3.2188758248682006
parva 1 4.605170185988092 4.605170185988092
parvana 1 4.605170185988092 4.605170185988092
parvimaculana 1 4.605170185988092 4.605170185988092
pasadenana 1 4.605170185988092 4.605170185988092
passerana 1 4.605170185988092 4.605170185988092
pastigiata 1 4.605170185988092 4.605170185988092
patricia 1 2.995732273553991 2.995732273553991
paula 1 2.995732273553991 2.995732273553991
pdfprintable 1 0.0 0.0
pea 1 2.8134107167600364 2.8134107167600364
pecan 1 3.912023005428146 3.912023005428146
pecosana 1 4.605170185988092 4.605170185988092
pediasios 1 4.605170185988092 4.605170185988092
pelochrista 1 4.605170185988092 4.605170185988092
penetralis 1 4.605170185988092 4.605170185988092
pennsylvaniana 1 4.605170185988092 4.605170185988092
perangustana 1 4.605170185988092 4.605170185988092
periculosana 1 4.605170185988092 4.605170185988092
peritana 1 4.605170185988092 4.605170185988092
permanent 1 0.0 0.0
permundana 1 4.605170185988092 4.605170185988092
peroneana 1 4.605170185988092 4.605170185988092
perplexana 1 4.605170185988092 4.605170185988092
persicana 1 4.605170185988092 4.605170185988092
persolita 1 4.605170185988092 4.605170185988092
personal 1 0.0 0.0
perspicuana 1 4.605170185988092 4.605170185988092
perstructana 1 4.605170185988092 4.605170185988092
petalonota 1 4.605170185988092 4.605170185988092
petiole 1 4.605170185988092 4.605170185988092
petiverella 1 4.605170185988092 4.605170185988092
pettitana 1 4.605170185988092 4.605170185988092
phaecasiophora 1 4.605170185988092 4.605170185988092
phalonidia 1 4.605170185988092 4.605170185988092
phaneta 1 4.605170185988092 4.605170185988092
phtheochroa 1 4.605170185988092 4.605170185988092
phyllisi 1 4.605170185988092 4.605170185988092
piceana 1 4.605170185988092 4.605170185988092
picicolana 1 4.605170185988092 4.605170185988092
pilleriana 1 4.605170185988092 4.605170185988092
pimana 1 4.605170185988092 4.605170185988092
pinatubana 1 4.605170185988092 4.605170185988092
pine 1 3.506557897319982 3.506557897319982
pinecone 1 4.605170185988092 4.605170185988092
pinkwashed 1 4.605170185988092 4.605170185988092
pinus 1 4.605170185988092 4.605170185988092
piperana 1 4.605170185988092 4.605170185988092
piperata 1 4.605170185988092 4.605170185988092
pitch 1 3.912023005428146 3.912023005428146
pitchblister 1 4.605170185988092 4.605170185988092
placement 1 3.912023005428146 3.912023005428146
placidana 1 4.605170185988092 4.605170185988092
platanana 1 4.605170185988092 4.605170185988092
platphalonidia 1 4.605170185988092 4.605170185988092
platynota 1 4.605170185988092 4.605170185988092
plebejana 1 4.605170185988092 4.605170185988092
plicana 1 4.605170185988092 4.605170185988092
plicata 1 4.605170185988092 4.605170185988092
plumbolineana 1 4.605170185988092 4.605170185988092
plummeriana 1 4.605170185988092 4.605170185988092
pod 1 3.912023005428146 3.912023005428146
podana 1 4.605170185988092 4.605170185988092
policy 1 0.0 0.0
polingi 1 4.605170185988092 4.605170185988092
polluxana 1 4.605170185988092 4.605170185988092
pomonella 1 4.605170185988092 4.605170185988092
pondapple 1 4.605170185988092 4.605170185988092
ponderosa 1 4.605170185988092 4.605170185988092
ponderosae 1 4.605170185988092 4.605170185988092
popana 1 4.605170185988092 4.605170185988092
poplar 1 4.605170185988092 4.605170185988092
populana 1 4.605170185988092 4.605170185988092
portal 1 0.0 0.0
postvittana 1 4.605170185988092 4.605170185988092
poterioparvus 1 4.605170185988092 4.605170185988092
powelli 1 4.605170185988092 4.605170185988092
praesumptiosa 1 4.605170185988092 4.605170185988092
presumed 1 3.506557897319982 3.506557897319982
priapeia 1 4.605170185988092 4.605170185988092
primrose 1 4.605170185988092 4.605170185988092
primulana 1 4.605170185988092 4.605170185988092
printexport 1 0.0 0.0
pristerognatha 1 4.605170185988092 4.605170185988092
privacy 1 0.0 0.0
project 1 0.0 0.0
promptana 1 4.605170185988092 4.605170185988092
pronubana 1 4.605170185988092 4.605170185988092
prosperana 1 4.605170185988092 4.605170185988092
proteoteras 1 4.605170185988092 4.605170185988092
provana 1 4.605170185988092 4.605170185988092
prunivora 1 4.605170185988092 4.605170185988092
pseudexentera 1 4.605170185988092 4.605170185988092
pseudogalleria 1 4.605170185988092 4.605170185988092
pseudosciaphila 1 4.605170185988092 4.605170185988092
pseudotsugae 1 4.605170185988092 4.605170185988092
psychedelic 1 3.912023005428146 3.912023005428146
ptychogrammos 1 4.605170185988092 4.605170185988092
publication 1 1.3862943611198906 1.3862943611198906
pulcherrimana 1 4.605170185988092 4.605170185988092
pulsatillana 1 4.605170185988092 4.605170185988092
pulveratana 1 4.605170185988092 4.605170185988092
punctadiscana 1 4.605170185988092 4.605170185988092
punctanum 1 4.605170185988092 4.605170185988092
punctidiscanum 1 4.605170185988092 4.605170185988092
purplestriped 1 4.605170185988092 4.605170185988092
purpurana 1 4.605170185988092 4.605170185988092
purpuriciliana 1 4.605170185988092 4.605170185988092
purpurissatana 1 4.605170185988092 4.605170185988092
putmanana 1 4.605170185988092 4.605170185988092
puttypatched 1 4.605170185988092 4.605170185988092
pyrusana 1 4.605170185988092 4.605170185988092
quadrifasciana 1 4.605170185988092 4.605170185988092
quadrifidum 1 4.605170185988092 4.605170185988092
quercifoliana 1 4.605170185988092 4.605170185988092
quinquemaculana 1 4.605170185988092 4.605170185988092
rabbitbrush 1 4.605170185988092 4.605170185988092
radiatana 1 4.605170185988092 4.605170185988092
radicana 1 4.605170185988092 4.605170185988092
radicicolana 1 4.605170185988092 4.605170185988092
ragonoti 1 4.605170185988092 4.605170185988092
ragweed 1 4.605170185988092 4.605170185988092
rana 1 3.506557897319982 3.506557897319982
random 1 0.0 0.0
ranging 1 3.506557897319982 3.506557897319982
raracana 1 4.605170185988092 4.605170185988092
raspberry 1 4.605170185988092 4.605170185988092
razowskii 1 4.605170185988092 4.605170185988092
razowskis 1 4.605170185988092 4.605170185988092
read 1 0.0 0.0
recent 1 0.0 0.0
recissoriana 1 4.605170185988092 4.605170185988092
recorded 1 1.6607312068216509 1.6607312068216509
rectiplicana 1 4.605170185988092 4.605170185988092
red 1 1.07880966137193 1.07880966137193
redbanded 1 4.605170185988092 4.605170185988092
redbarred 1 4.605170185988092 4.605170185988092
reddish 1 3.912023005428146 3.912023005428146
rededged 1 4.605170185988092 4.605170185988092
redheaded 1 4.605170185988092 4.605170185988092
redingtonensis 1 4.605170185988092 4.605170185988092
redstriped 1 4.605170185988092 4.605170185988092
refusana 1 4.605170185988092 4.605170185988092
reg 1 0.0 0.0
regalis 1 4.605170185988092 4.605170185988092
registered 1 0.0 0.0
related 1 0.0 0.0
removana 1 4.605170185988092 4.605170185988092
repertana 1 4.605170185988092 4.605170185988092
represent 1 2.8134107167600364 2.8134107167600364
rest 1 2.0402208285265546 2.0402208285265546
resthavenensis 1 4.605170185988092 4.605170185988092
resumptana 1 4.605170185988092 4.605170185988092
reticulatana 1 4.605170185988092 4.605170185988092
reticulated 1 4.605170185988092 4.605170185988092
retinia 1 4.605170185988092 4.605170185988092
retiniana 1 4.605170185988092 4.605170185988092
retractana 1 4.605170185988092 4.605170185988092
retrieved 1 0.0 0.0
reversana 1 4.605170185988092 4.605170185988092
rhoderana 1 4.605170185988092 4.605170185988092
rhoifructana 1 4.605170185988092 4.605170185988092
rhombana 1 4.605170185988092 4.605170185988092
rhomboid 1 4.605170185988092 4.605170185988092
rhopobota 1 4.605170185988092 4.605170185988092
rhyacionia 1 4.605170185988092 4.605170185988092
richersi 1 4.605170185988092 4.605170185988092
ricula 1 4.605170185988092 4.605170185988092
riculorampha 1 4.605170185988092 4.605170185988092
ridingsana 1 4.605170185988092 4.605170185988092
rigidana 1 4.605170185988092 4.605170185988092
rileyana 1 4.605170185988092 4.605170185988092
rindgei 1 4.605170185988092 4.605170185988092
ring 1 1.8971199848858813 1.8971199848858813
ringsi 1 4.605170185988092 4.605170185988092
riscana 1 4.605170185988092 4.605170185988092
robinson 1 2.120263536200091 2.120263536200091
robinsonana 1 4.605170185988092 4.605170185988092
robinsoniana 1 4.605170185988092 4.605170185988092
roessleri 1 4.605170185988092 4.605170185988092
rolandylis 1 4.605170185988092 4.605170185988092
roller 1 3.2188758248682006 3.2188758248682006
romonana 1 4.605170185988092 4.605170185988092
ronald 1 2.659260036932778 2.659260036932778
root 1 2.5257286443082556 2.5257286443082556
rootborer 1 4.605170185988092 4.605170185988092
rorana 1 4.605170185988092 4.605170185988092
rosaceana 1 4.605170185988092 4.605170185988092
rosaecolana 1 4.605170185988092 4.605170185988092
rosana 1 4.605170185988092 4.605170185988092
rosaocellana 1 4.605170185988092 4.605170185988092
rosaochreana 1 4.605170185988092 4.605170185988092
rose 1 1.8325814637483102 1.8325814637483102
rostrana 1 4.605170185988092 4.605170185988092
rotundipennis 1 4.605170185988092 4.605170185988092
roughwing 1 4.605170185988092 4.605170185988092
rubicundana 1 4.605170185988092 4.605170185988092
rubipunctana 1 4.605170185988092 4.605170185988092
rudei 1 4.605170185988092 4.605170185988092
rudenia 1 4.605170185988092 4.605170185988092
ruidosana 1 4.605170185988092 4.605170185988092
rupestrana 1 4.605170185988092 4.605170185988092
russeola 1 4.605170185988092 4.605170185988092
rusticana 1 4.605170185988092 4.605170185988092
rusticanum 1 4.605170185988092 4.605170185988092
rutilana 1 4.605170185988092 4.605170185988092
sabiniana 1 4.605170185988092 4.605170185988092
sagittana 1 4.605170185988092 4.605170185988092
salaciana 1 4.605170185988092 4.605170185988092
salicella 1 4.605170185988092 4.605170185988092
salicicolana 1 4.605170185988092 4.605170185988092
salinana 1 4.605170185988092 4.605170185988092
sallow 1 4.605170185988092 4.605170185988092
salmicolorana 1 4.605170185988092 4.605170185988092
salmonicolor 1 4.605170185988092 4.605170185988092
saltitans 1 4.605170185988092 4.605170185988092
sambuci 1 4.605170185988092 4.605170185988092
sand 1 3.2188758248682006 3.2188758248682006
sandiego 1 4.605170185988092 4.605170185988092
santacrucis 1 4.605170185988092 4.605170185988092
saphenista 1 4.605170185988092 4.605170185988092
sapodilla 1 4.605170185988092 4.605170185988092
saracana 1 4.605170185988092 4.605170185988092
sartana 1 4.605170185988092 4.605170185988092
satronia 1 4.605170185988092 4.605170185988092
saxicolana 1 4.605170185988092 4.605170185988092
scabrana 1 4.605170185988092 4.605170185988092
scalana 1 4.605170185988092 4.605170185988092
scarificata 1 4.605170185988092 4.605170185988092
schalleriana 1 4.605170185988092 4.605170185988092
schallers 1 4.605170185988092 4.605170185988092
schulziana 1 4.605170185988092 4.605170185988092
scintillana 1 4.605170185988092 4.605170185988092
sciotana 1 4.605170185988092 4.605170185988092
scotiana 1 4.605170185988092 4.605170185988092
scudderiana 1 4.605170185988092 4.605170185988092
sculptured 1 4.605170185988092 4.605170185988092
sdcat 1 2.995732273553991 2.995732273553991
search 1 0.0 0.0
sedatana 1 4.605170185988092 4.605170185988092
see 1 0.40047756659712536 0.40047756659712536
seed 1 3.2188758248682006 3.2188758248682006
seedworm 1 4.605170185988092 4.605170185988092
segregata 1 4.605170185988092 4.605170185988092
selenodes 1 4.605170185988092 4.605170185988092
semialba 1 4.605170185988092 4.605170185988092
semiannula 1 4.605170185988092 4.605170185988092
semicirculana 1 4.605170185988092 4.605170185988092
semiferana 1 4.605170185988092 4.605170185988092
semiovana 1 4.605170185988092 4.605170185988092
semipurpurana 1 4.605170185988092 4.605170185988092
semiustana 1 4.605170185988092 4.605170185988092
senatrix 1 4.605170185988092 4.605170185988092
senecionana 1 4.605170185988092 4.605170185988092
senescens 1 4.605170185988092 4.605170185988092
seorsa 1 4.605170185988092 4.605170185988092
separatana 1 4.605170185988092 4.605170185988092
separationis 1 4.605170185988092 4.605170185988092
sepia 1 4.605170185988092 4.605170185988092
septemberana 1 4.605170185988092 4.605170185988092
septentrionalis 1 4.605170185988092 4.605170185988092
septentrionana 1 4.605170185988092 4.605170185988092
serapicana 1 4.605170185988092 4.605170185988092
sereda 1 4.605170185988092 4.605170185988092
seriatana 1 4.605170185988092 4.605170185988092
seriated 1 4.605170185988092 4.605170185988092
sericoranum 1 4.605170185988092 4.605170185988092
serpentana 1 4.605170185988092 4.605170185988092
serviceberry 1 4.605170185988092 4.605170185988092
setonana 1 4.605170185988092 4.605170185988092
sexdentata 1 4.605170185988092 4.605170185988092
shagbark 1 4.605170185988092 4.605170185988092
share 1 0.0 0.0
shastana 1 4.605170185988092 4.605170185988092
shawiana 1 4.605170185988092 4.605170185988092
sheppardana 1 4.605170185988092 4.605170185988092
shimmering 1 4.605170185988092 4.605170185988092
shoot 1 2.8134107167600364 2.8134107167600364
shootworm 1 4.605170185988092 4.605170185988092
short 1 0.06187540371808745 0.06187540371808745
shortdescription 1 0.2613647641344075 0.2613647641344075
shortened 1 0.0 0.0
shortleaf 1 4.605170185988092 4.605170185988092
shuckworm 1 4.605170185988092 4.605170185988092
sidebar 1 0.0 0.0
siderana 1 4.605170185988092 4.605170185988092
sierrae 1 4.605170185988092 4.605170185988092
signiferana 1 4.605170185988092 4.605170185988092
silvertonana 1 4.605170185988092 4.605170185988092
silvertoniensis 1 4.605170185988092 4.605170185988092
similiana 1 4.605170185988092 4.605170185988092
simplex 1 4.605170185988092 4.605170185988092
simpliciana 1 4.605170185988092 4.605170185988092
simploniana 1 4.605170185988092 4.605170185988092
simulana 1 4.605170185988092 4.605170185988092
simuloides 1 4.605170185988092 4.605170185988092
since 1 0.7985076962177716 0.7985076962177716
sinistra 1 4.605170185988092 4.605170185988092
siskiyouana 1 4.605170185988092 4.605170185988092
siskiyouensis 1 4.605170185988092 4.605170185988092
site 1 0.0 0.0
skeletonizer 1 4.605170185988092 4.605170185988092
skinnerana 1 4.605170185988092 4.605170185988092
slash 1 4.605170185988092 4.605170185988092
slingerlandana 1 4.605170185988092 4.605170185988092
small 1 1.4271163556401458 1.4271163556401458
smeathmanniana 1 4.605170185988092 4.605170185988092
smeathmanns 1 4.605170185988092 4.605170185988092
smithiana 1 4.605170185988092 4.605170185988092
smoked 1 4.605170185988092 4.605170185988092
snakeweed 1 4.605170185988092 4.605170185988092
snowyshouldered 1 4.605170185988092 4.605170185988092
snyderana 1 4.605170185988092 4.605170185988092
solandriana 1 4.605170185988092 4.605170185988092
solicitana 1 4.605170185988092 4.605170185988092
solidaga 1 4.605170185988092 4.605170185988092
solidago 1 4.605170185988092 4.605170185988092
sombreana 1 4.605170185988092 4.605170185988092
sonia 1 3.2188758248682006 3.2188758248682006
sonomana 1 4.605170185988092 4.605170185988092
sonorae 1 4.605170185988092 4.605170185988092
sordidana 1 4.605170185988092 4.605170185988092
sordulenta 1 4.605170185988092 4.605170185988092
sorted 1 3.912023005428146 3.912023005428146
sosana 1 4.605170185988092 4.605170185988092
sotipena 1 4.605170185988092 4.605170185988092
southamptonensis 1 4.605170185988092 4.605170185988092
southern 1 1.6607312068216509 1.6607312068216509
spaldingana 1 4.605170185988092 4.605170185988092
spaldingiana 1 4.605170185988092 4.605170185988092
sparganopseustis 1 4.605170185988092 4.605170185988092
sparganothis 1 4.605170185988092 4.605170185988092
sparganothoides 1 4.605170185988092 4.605170185988092
sparkling 1 4.605170185988092 4.605170185988092
spartinana 1 4.605170185988092 4.605170185988092
special 1 0.0 0.0
specie 1 2.995732273553991 2.995732273553991
speckled 1 3.912023005428146 3.912023005428146
spectana 1 4.605170185988092 4.605170185988092
spectrana 1 4.605170185988092 4.605170185988092
spectrum 1 3.506557897319982 3.506557897319982
sperana 1 4.605170185988092 4.605170185988092
spiculana 1 4.605170185988092 4.605170185988092
spilonota 1 4.605170185988092 4.605170185988092
spinipogon 1 4.605170185988092 4.605170185988092
spinulana 1 4.605170185988092 4.605170185988092
spiraeifoliana 1 4.605170185988092 4.605170185988092
spirea 1 4.605170185988092 4.605170185988092
spireaefoliana 1 4.605170185988092 4.605170185988092
spoliana 1 4.605170185988092 4.605170185988092
spring 1 1.5606477482646683 1.5606477482646683
spruce 1 4.605170185988092 4.605170185988092
spurinfida 1 4.605170185988092 4.605170185988092
square 1 2.120263536200091 2.120263536200091
stadiana 1 4.605170185988092 4.605170185988092
stainedback 1 4.605170185988092 4.605170185988092
state 1 0.3147107448397002 0.3147107448397002
statement 1 0.0 0.0
statistic 1 0.0 0.0
stephensiana 1 4.605170185988092 4.605170185988092
stevensi 1 4.605170185988092 4.605170185988092
stramineana 1 4.605170185988092 4.605170185988092
strawberry 1 4.605170185988092 4.605170185988092
streaked 1 3.912023005428146 3.912023005428146
strenuana 1 4.605170185988092 4.605170185988092
strepsicrates 1 4.605170185988092 4.605170185988092
strianus 1 4.605170185988092 4.605170185988092
striata 1 4.605170185988092 4.605170185988092
striatana 1 4.605170185988092 4.605170185988092
striated 1 4.605170185988092 4.605170185988092
strigatella 1 4.605170185988092 4.605170185988092
striped 1 4.605170185988092 4.605170185988092
strobilella 1 4.605170185988092 4.605170185988092
stultana 1 4.605170185988092 4.605170185988092
stygiana 1 4.605170185988092 4.605170185988092
suadana 1 4.605170185988092 4.605170185988092
subaequana 1 4.605170185988092 4.605170185988092
subcervinana 1 4.605170185988092 4.605170185988092
subflavana 1 4.605170185988092 4.605170185988092
subinvicta 1 4.605170185988092 4.605170185988092
sublapidana 1 4.605170185988092 4.605170185988092
subminimana 1 4.605170185988092 4.605170185988092
submissanum 1 4.605170185988092 4.605170185988092
subnivana 1 4.605170185988092 4.605170185988092
subnubilum 1 4.605170185988092 4.605170185988092
subplicana 1 4.605170185988092 4.605170185988092
subroseana 1 4.605170185988092 4.605170185988092
subsection 1 0.3424903089467759 0.3424903089467759
subsolana 1 4.605170185988092 4.605170185988092
substitutionis 1 4.605170185988092 4.605170185988092
subtropica 1 4.605170185988092 4.605170185988092
subtropical 1 4.605170185988092 4.605170185988092
subviridis 1 4.605170185988092 4.605170185988092
suleima 1 4.605170185988092 4.605170185988092
sulfureana 1 4.605170185988092 4.605170185988092
sullivani 1 4.605170185988092 4.605170185988092
sumac 1 4.605170185988092 4.605170185988092
sunflower 1 3.912023005428146 3.912023005428146
syllonoma 1 4.605170185988092 4.605170185988092
symbolaspis 1 4.605170185988092 4.605170185988092
synalocha 1 4.605170185988092 4.605170185988092
syndemis 1 4.605170185988092 4.605170185988092
synneurana 1 4.605170185988092 4.605170185988092
synnoma 1 4.605170185988092 4.605170185988092
system 1 0.9162907318741551 0.9162907318741551
table 1 0.0 0.0
tabulana 1 4.605170185988092 4.605170185988092
taedana 1 4.605170185988092 4.605170185988092
tahoense 1 4.605170185988092 4.605170185988092
taleana 1 4.605170185988092 4.605170185988092
talk 1 0.0 0.0
talponia 1 4.605170185988092 4.605170185988092
tana 1 3.912023005428146 3.912023005428146
tanacetum 1 4.605170185988092 4.605170185988092
tandana 1 4.605170185988092 4.605170185988092
taniva 1 4.605170185988092 4.605170185988092
tantilla 1 4.605170185988092 4.605170185988092
taosana 1 4.605170185988092 4.605170185988092
taracana 1 4.605170185988092 4.605170185988092
tarandana 1 4.605170185988092 4.605170185988092
tautana 1 4.605170185988092 4.605170185988092
taxonomic 1 4.605170185988092 4.605170185988092
temerana 1 4.605170185988092 4.605170185988092
template 1 0.0 0.0
tenebrica 1 4.605170185988092 4.605170185988092
tenebricum 1 4.605170185988092 4.605170185988092
tenuiana 1 4.605170185988092 4.605170185988092
term 1 0.0 0.0
terminana 1 4.605170185988092 4.605170185988092
terracoctana 1 4.605170185988092 4.605170185988092
terriae 1 4.605170185988092 4.605170185988092
tertiana 1 4.605170185988092 4.605170185988092
tessellata 1 4.605170185988092 4.605170185988092
texana 1 4.605170185988092 4.605170185988092
texanana 1 4.605170185988092 4.605170185988092
texasana 1 4.605170185988092 4.605170185988092
text 1 0.0 0.0
thaumatographa 1 4.605170185988092 4.605170185988092
threelined 1 4.605170185988092 4.605170185988092
threestreaked 1 4.605170185988092 4.605170185988092
thyraylia 1 4.605170185988092 4.605170185988092
tia 1 3.912023005428146 3.912023005428146
tilianum 1 4.605170185988092 4.605170185988092
timidella 1 4.605170185988092 4.605170185988092
tinacrucis 1 4.605170185988092 4.605170185988092
tineana 1 4.605170185988092 4.605170185988092
tip 1 4.605170185988092 4.605170185988092
tipworm 1 4.605170185988092 4.605170185988092
tocullionana 1 4.605170185988092 4.605170185988092
together 1 1.5141277326297755 1.5141277326297755
toggle 1 0.010050335853501506 0.010050335853501506
tomonana 1 4.605170185988092 4.605170185988092
tonto 1 4.605170185988092 4.605170185988092
tool 1 0.0 0.0
top 1 0.010050335853501506 0.010050335853501506
topic 1 0.0 0.0
toreuta 1 4.605170185988092 4.605170185988092
torontana 1 4.605170185988092 4.605170185988092
tortricidae 1 4.605170185988092 4.605170185988092
tortricinae 1 4.605170185988092 4.605170185988092
tortrix 1 4.605170185988092 4.605170185988092
total 1 0.0 0.0
totana 1 4.605170185988092 4.605170185988092
trademark 1 0.0 0.0
transferrana 1 4.605170185988092 4.605170185988092
transmissana 1 4.605170185988092 4.605170185988092
transversa 1 4.605170185988092 4.605170185988092
transversana 1 4.605170185988092 4.605170185988092
trianglebacked 1 4.605170185988092 4.605170185988092
triangulana 1 4.605170185988092 4.605170185988092
trifida 1 4.605170185988092 4.605170185988092
trigonana 1 4.605170185988092 4.605170185988092
trigonella 1 4.605170185988092 4.605170185988092
trinitana 1 4.605170185988092 4.605170185988092
tripartitana 1 4.605170185988092 4.605170185988092
tristriata 1 4.605170185988092 4.605170185988092
tristrigana 1 4.605170185988092 4.605170185988092
troglodanum 1 4.605170185988092 4.605170185988092
trossulana 1 4.605170185988092 4.605170185988092
trumpet 1 3.2188758248682006 3.2188758248682006
tsinilla 1 4.605170185988092 4.605170185988092
tsugana 1 4.605170185988092 4.605170185988092
tsuganus 1 4.605170185988092 4.605170185988092
tube 1 1.8971199848858813 1.8971199848858813
tufted 1 4.605170185988092 4.605170185988092
tuliptree 1 4.605170185988092 4.605170185988092
tunicana 1 4.605170185988092 4.605170185988092
turfosana 1 4.605170185988092 4.605170185988092
twig 1 4.605170185988092 4.605170185988092
twospotted 1 4.605170185988092 4.605170185988092
twotoned 1 4.605170185988092 4.605170185988092
twoyearcycle 1 4.605170185988092 4.605170185988092
type 1 1.2729656758128876 1.2729656758128876
tyrius 1 4.605170185988092 4.605170185988092
uglynest 1 4.605170185988092 4.605170185988092
ulteriorana 1 4.605170185988092 4.605170185988092
umbrabasana 1 4.605170185988092 4.605170185988092
umbrana 1 4.605170185988092 4.605170185988092
umbrastriana 1 4.605170185988092 4.605170185988092
umbraticana 1 4.605170185988092 4.605170185988092
undulana 1 4.605170185988092 4.605170185988092
unfortunana 1 4.605170185988092 4.605170185988092
unguicella 1 4.605170185988092 4.605170185988092
unica 1 4.605170185988092 4.605170185988092
unicolorana 1 4.605170185988092 4.605170185988092
unifasciana 1 4.605170185988092 4.605170185988092
united 1 0.4155154439616658 0.4155154439616658
unplaced 1 4.605170185988092 4.605170185988092
updated 1 2.302585092994046 2.302585092994046
upload 1 0.0 0.0
urnigera 1 4.605170185988092 4.605170185988092
use 1 0.0 0.0
using 1 0.0 0.0
utc 1 0.0 0.0
vabroui 1 4.605170185988092 4.605170185988092
vaccinii 1 4.605170185988092 4.605170185988092
vachelliana 1 4.605170185988092 4.605170185988092
vagana 1 4.605170185988092 4.605170185988092
valdanum 1 4.605170185988092 4.605170185988092
vancouverana 1 4.605170185988092 4.605170185988092
vandana 1 4.605170185988092 4.605170185988092
var 1 0.0 0.0
variable 1 3.912023005428146 3.912023005428146
variana 1 4.605170185988092 4.605170185988092
variegana 1 4.605170185988092 4.605170185988092
velutinana 1 4.605170185988092 4.605170185988092
verbena 1 4.605170185988092 4.605170185988092
verecundana 1 4.605170185988092 4.605170185988092
verna 1 4.605170185988092 4.605170185988092
vernalana 1 4.605170185988092 4.605170185988092
verniochreana 1 4.605170185988092 4.605170185988092
vernoniana 1 4.605170185988092 4.605170185988092
vero 1 4.605170185988092 4.605170185988092
versicolor 1 4.605170185988092 4.605170185988092
versicolorana 1 4.605170185988092 4.605170185988092
version 1 0.0 0.0
vertumnana 1 4.605170185988092 4.605170185988092
verutana 1 4.605170185988092 4.605170185988092
vestaliana 1 4.605170185988092 4.605170185988092
viburnanum 1 4.605170185988092 4.605170185988092
view 1 0.0 0.0
villana 1 4.605170185988092 4.605170185988092
vine 1 3.912023005428146 3.912023005428146
violaceana 1 4.605170185988092 4.605170185988092
virescana 1 4.605170185988092 4.605170185988092
virginiana 1 4.605170185988092 4.605170185988092
viridana 1 4.605170185988092 4.605170185988092
virilia 1 4.605170185988092 4.605170185988092
viscana 1 4.605170185988092 4.605170185988092
viteana 1 4.605170185988092 4.605170185988092
vitellinana 1 4.605170185988092 4.605170185988092
vitrana 1 4.605170185988092 4.605170185988092
vocaridorsana 1 4.605170185988092 4.605170185988092
vovana 1 4.605170185988092 4.605170185988092
vulneratana 1 4.605170185988092 4.605170185988092
walker 1 2.207274913189721 2.207274913189721
walkerana 1 4.605170185988092 4.605170185988092
walsingham 1 4.605170185988092 4.605170185988092
walsinghami 1 4.605170185988092 4.605170185988092
wandana 1 4.605170185988092 4.605170185988092
waracana 1 4.605170185988092 4.605170185988092
watchungana 1 4.605170185988092 4.605170185988092
watertonana 1 4.605170185988092 4.605170185988092
webbing 1 4.605170185988092 4.605170185988092
webworm 1 4.605170185988092 4.605170185988092
wellingtoniana 1 4.605170185988092 4.605170185988092
wenzelana 1 4.605170185988092 4.605170185988092
wenzeli 1 4.605170185988092 4.605170185988092
wenzels 1 4.605170185988092 4.605170185988092
western 1 1.2039728043259361 1.2039728043259361
westratei 1 4.605170185988092 4.605170185988092
white 1 1.171182981502945 1.171182981502945
whiteedged 1 4.605170185988092 4.605170185988092
whiteline 1 4.605170185988092 4.605170185988092
whitemarked 1 4.605170185988092 4.605170185988092
whitespotted 1 3.912023005428146 3.912023005428146
whitetailed 1 4.605170185988092 4.605170185988092
whitetriangle 1 4.605170185988092 4.605170185988092
wielgusi 1 4.605170185988092 4.605170185988092
wikidata 1 0.010050335853501506 0.010050335853501506
wikimedia 1 0.0 0.0
wikipedia 1 0.0 0.0
willettana 1 4.605170185988092 4.605170185988092
williamsi 1 4.605170185988092 4.605170185988092
willingana 1 4.605170185988092 4.605170185988092
willow 1 3.912023005428146 3.912023005428146
wiscana 1 4.605170185988092 4.605170185988092
womonana 1 4.605170185988092 4.605170185988092
woodgrain 1 4.605170185988092 4.605170185988092
woollybacked 1 4.605170185988092 4.605170185988092
wretched 1 4.605170185988092 4.605170185988092
wrighti 1 4.605170185988092 4.605170185988092
xandana 1 4.605170185988092 4.605170185988092
xanthoides 1 4.605170185988092 4.605170185988092
xenotemna 1 4.605170185988092 4.605170185988092
yaracana 1 4.605170185988092 4.605170185988092
yellow 1 1.9661128563728327 1.9661128563728327
yellowheaded 1 4.605170185988092 4.605170185988092
yellowwinged 1 4.605170185988092 4.605170185988092
yet 1 1.8971199848858813 1.8971199848858813
youngana 1 4.605170185988092 4.605170185988092
youngi 1 4.605170185988092 4.605170185988092
youngiella 1 4.605170185988092 4.605170185988092
yuccatana 1 4.605170185988092 4.605170185988092
yumana 1 4.605170185988092 4.605170185988092
zandana 1 4.605170185988092 4.605170185988092
zapatana 1 4.605170185988092 4.605170185988092
zapulata 1 4.605170185988092 4.605170185988092
zeiraphera 1 4.605170185988092 4.605170185988092
zeller 1 4.605170185988092 4.605170185988092
ziscana 1 4.605170185988092 4.605170185988092
zoegana 1 4.605170185988092 4.605170185988092
zomaria 1 4.605170185988092 4.605170185988092
zomonana 1 4.605170185988092 4.605170185988092
zozana 1 4.605170185988092 4.605170185988092
