abc 1 2.5257286443082556 2.5257286443082556
academy 1 1.8325814637483102 1.8325814637483102
accepted 1 2.207274913189721 2.207274913189721
account 1 0.0 0.0
achievement 1 2.5257286443082556 2.5257286443082556
achilles 1 3.506557897319982 3.506557897319982
acinka 1 4.605170185988092 4.605170185988092
across 1 1.8325814637483102 1.8325814637483102
action 1 0.0 0.0
ada 1 3.2188758248682006 3.2188758248682006
add 1 0.0 0.0
additional 1 0.0 0.0
adem 1 4.605170185988092 4.605170185988092
aerobics 1 4.605170185988092 4.605170185988092
age 1 0.7985076962177716 0.7985076962177716
agree 1 0.0 0.0
akinori 1 4.605170185988092 4.605170185988092
albert 1 2.0402208285265546 2.0402208285265546
aleksandr 1 4.605170185988092 4.605170185988092
aleksandrovich 1 3.912023005428146 3.912023005428146
aleksey 1 4.605170185988092 4.605170185988092
alexander 1 1.5141277326297755 1.5141277326297755
alexei 1 4.605170185988092 4.605170185988092
aliaksandravi 1 4.605170185988092 4.605170185988092
alicia 1 3.2188758248682006 3.2188758248682006
alike 1 0.0 0.0
allaround 1 4.605170185988092 4.605170185988092
alois 1 3.912023005428146 3.912023005428146
also 1 0.127833371509885 0.127833371509885
amnar 1 4.605170185988092 4.605170185988092
anaheim 1 3.506557897319982 3.506557897319982
andreea 1 4.605170185988092 4.605170185988092
andrianov 1 4.605170185988092 4.605170185988092
another 1 0.9675840262617057 0.9675840262617057
appearance 1 0.0 0.0
apply 1 0.0 0.0
april 1 0.44628710262841953 0.44628710262841953
archived 1 0.47803580094299974 0.47803580094299974
arkayev 1 4.605170185988092 4.605170185988092
around 1 1.0216512475319812 1.0216512475319812
arriving 1 3.506557897319982 3.506557897319982
artemov 1 4.605170185988092 4.605170185988092
arthur 1 1.7147984280919266 1.7147984280919266
article 1 0.0 0.0
artistic 1 3.912023005428146 3.912023005428146
artur 1 4.605170185988092 4.605170185988092
asil 1 4.605170185988092 4.605170185988092
assistant 1 1.7147984280919266 1.7147984280919266
astakhova 1 4.605170185988092 4.605170185988092
athens 1 3.2188758248682006 3.2188758248682006
athlete 1 3.2188758248682006 3.2188758248682006
atlanta 1 2.207274913189721 2.207274913189721
attribution 1 0.0 0.0
aurelia 1 4.605170185988092 4.605170185988092
australia 1 1.4696759700589417 1.4696759700589417
auto 1 0.1392620673335076 0.1392620673335076
available 1 0.0 0.0
award 1 1.171182981502945 1.171182981502945
awarded 1 2.207274913189721 2.207274913189721
azaryan 1 4.605170185988092 4.605170185988092
bangerter 1 4.605170185988092 4.605170185988092
bar 1 2.5257286443082556 2.5257286443082556
bare 1 3.506557897319982 3.506557897319982
bart 1 3.912023005428146 3.912023005428146
began 1 0.8675005677047231 0.8675005677047231
belarus 1 2.995732273553991 2.995732273553991
belarusian 1 3.912023005428146 3.912023005428146
belarusianlanguage 1 3.912023005428146 3.912023005428146
belenky 1 4.605170185988092 4.605170185988092
belgium 1 2.207274913189721 2.207274913189721
bellu 1 4.605170185988092 4.605170185988092
belyavskiy 1 4.605170185988092 4.605170185988092
beresch 1 4.605170185988092 4.605170185988092
berthe 1 3.912023005428146 3.912023005428146
bid 1 2.5257286443082556 2.5257286443082556
big 1 1.3862943611198906 1.3862943611198906
bilozerchev 1 4.605170185988092 4.605170185988092
birmingham 1 3.506557897319982 3.506557897319982
birth 1 1.1394342831883648 1.1394342831883648
bla 1 4.605170185988092 4.605170185988092
blr 1 4.605170185988092 4.605170185988092
blume 1 4.605170185988092 4.605170185988092
bodyskinminerva 1 3.506557897319982 3.506557897319982
boginskaya 1 4.605170185988092 4.605170185988092
boh 1 4.605170185988092 4.605170185988092
bohemia 1 3.912023005428146 3.912023005428146
boheng 1 4.605170185988092 4.605170185988092
bondarenko 1 4.605170185988092 4.605170185988092
boris 1 2.8134107167600364 2.8134107167600364
born 1 1.1394342831883648 1.1394342831883648
boy 1 1.8325814637483102 1.8325814637483102
breakout 1 3.912023005428146 3.912023005428146
breakup 1 4.605170185988092 4.605170185988092
bremen 1 4.605170185988092 4.605170185988092
brian 1 1.6607312068216509 1.6607312068216509
brisbane 1 4.605170185988092 4.605170185988092
bronze 1 2.995732273553991 2.995732273553991
bruno 1 2.995732273553991 2.995732273553991
bttner 1 4.605170185988092 4.605170185988092
budapest 1 3.912023005428146 3.912023005428146
bul 1 4.605170185988092 4.605170185988092
burda 1 4.605170185988092 4.605170185988092
career 1 1.2729656758128876 1.2729656758128876
careerending 1 4.605170185988092 4.605170185988092
carly 1 3.2188758248682006 3.2188758248682006
category 1 0.0 0.0
cathy 1 3.506557897319982 3.506557897319982
cazeneuve 1 4.605170185988092 4.605170185988092
center 1 1.171182981502945 1.171182981502945
centerpx 1 0.0408219945202552 0.0408219945202552
cerar 1 4.605170185988092 4.605170185988092
champion 1 1.3862943611198906 1.3862943611198906
championship 1 1.5606477482646683 1.5606477482646683
change 1 0.0 0.0
chellsie 1 4.605170185988092 4.605170185988092
cheng 1 3.506557897319982 3.506557897319982
china 1 2.0402208285265546 2.0402208285265546
chn 1 3.912023005428146 3.912023005428146
chukarin 1 4.605170185988092 4.605170185988092
chusovitina 1 4.605170185988092 4.605170185988092
ci 1 4.605170185988092 4.605170185988092
circuit 1 2.8134107167600364 2.8134107167600364
citation 1 0.0408219945202552 0.0408219945202552
cite 1 0.0 0.0
city 1 0.6348782724359695 0.6348782724359695
coach 1 1.7719568419318754 1.7719568419318754
coached 1 2.995732273553991 2.995732273553991
coaching 1 2.995732273553991 2.995732273553991
code 1 0.0 0.0
college 1 1.1394342831883648 1.1394342831883648
column 1 2.8134107167600364 2.8134107167600364
comeback 1 4.605170185988092 4.605170185988092
common 1 0.0 0.0
comneci 1 4.605170185988092 4.605170185988092
competed 1 3.912023005428146 3.912023005428146
competing 1 3.2188758248682006 3.2188758248682006
competition 1 1.8971199848858813 1.8971199848858813
competitor 1 2.8134107167600364 2.8134107167600364
condition 1 2.0402208285265546 2.0402208285265546
conduct 1 0.0 0.0
conner 1 3.912023005428146 3.912023005428146
considered 1 1.3862943611198906 1.3862943611198906
contact 1 0.0 0.0
containing 1 1.4271163556401458 1.4271163556401458
content 1 0.0 0.0
context 1 0.010050335853501506 0.010050335853501506
contribute 1 0.0 0.0
contribution 1 0.0 0.0
cookie 1 0.0 0.0
cookiematch 1 0.0 0.0
copenhagen 1 3.506557897319982 3.506557897319982
counterlistitema 1 0.127833371509885 0.127833371509885
country 1 0.843970070294529 0.843970070294529
create 1 0.0 0.0
creative 1 0.0 0.0
csmaintcolorf 1 0.06187540371808745 0.06187540371808745
csmaintcolorfmedia 1 0.0408219945202552 0.0408219945202552
cswsicon 1 0.0408219945202552 0.0408219945202552
ctlina 1 4.605170185988092 4.605170185988092
cup 1 1.7719568419318754 1.7719568419318754
current 1 0.0 0.0
currently 1 2.207274913189721 2.207274913189721
cyp 1 4.605170185988092 4.605170185988092
czechoslovakia 1 3.912023005428146 3.912023005428146
daiki 1 4.605170185988092 4.605170185988092
dalaloyan 1 4.605170185988092 4.605170185988092
dan 1 1.7719568419318754 1.7719568419318754
daniela 1 4.605170185988092 4.605170185988092
david 1 0.9942522733438669 0.9942522733438669
davydova 1 4.605170185988092 4.605170185988092
dawes 1 3.912023005428146 3.912023005428146
debrecen 1 4.605170185988092 4.605170185988092
decade 1 2.659260036932778 2.659260036932778
december 1 0.37106368139083196 0.37106368139083196
decided 1 2.120263536200091 2.120263536200091
defeating 1 2.407945608651872 2.407945608651872
deltchev 1 4.605170185988092 4.605170185988092
denis 1 2.995732273553991 2.995732273553991
description 1 0.07257069283483537 0.07257069283483537
despite 1 1.1394342831883648 1.1394342831883648
developer 1 0.0 0.0
devyatovskiy 1 4.605170185988092 4.605170185988092
dicker 1 4.605170185988092 4.605170185988092
discipline 1 2.8134107167600364 2.8134107167600364
disclaimer 1 0.0 0.0
dityatin 1 4.605170185988092 4.605170185988092
divcol 1 2.302585092994046 2.302585092994046
divorced 1 3.506557897319982 3.506557897319982
dmitry 1 3.912023005428146 3.912023005428146
dobre 1 4.605170185988092 4.605170185988092
dominique 1 3.912023005428146 3.912023005428146
donate 1 0.0 0.0
download 1 0.0 0.0
drgulescu 1 4.605170185988092 4.605170185988092
dtaftercontent 1 0.127833371509885 0.127833371509885
early 1 0.6348782724359695 0.6348782724359695
earned 1 2.207274913189721 2.207274913189721
east 1 1.0498221244986776 1.0498221244986776
eberhard 1 4.605170185988092 4.605170185988092
ecaterina 1 4.605170185988092 4.605170185988092
efn 1 3.2188758248682006 3.2188758248682006
eizo 1 4.605170185988092 4.605170185988092
elena 1 3.2188758248682006 3.2188758248682006
elvira 1 4.605170185988092 4.605170185988092
encyclopedia 1 0.0 0.0
end 1 0.7985076962177716 0.7985076962177716
ending 1 2.407945608651872 2.407945608651872
english 1 0.0 0.0
erika 1 3.912023005428146 3.912023005428146
esp 1 3.506557897319982 3.506557897319982
espaol 1 1.1394342831883648 1.1394342831883648
established 1 1.1086626245216111 1.1086626245216111
eugen 1 3.912023005428146 3.912023005428146
european 1 1.3093333199837622 1.3093333199837622
event 1 0.0 0.0
exercise 1 2.995732273553991 2.995732273553991
exhibition 1 3.2188758248682006 3.2188758248682006
exp 1 0.0 0.0
fabian 1 3.912023005428146 3.912023005428146
failing 1 2.8134107167600364 2.8134107167600364
fame 1 2.207274913189721 2.207274913189721
february 1 0.27443684570176036 0.27443684570176036
fei 1 4.605170185988092 4.605170185988092
feng 1 3.506557897319982 3.506557897319982
ferdinand 1 2.995732273553991 2.995732273553991
fighting 1 2.207274913189721 2.207274913189721
filatova 1 4.605170185988092 4.605170185988092
file 1 0.0 0.0
final 1 0.9942522733438669 0.9942522733438669
finish 1 2.407945608651872 2.407945608651872
finished 1 2.0402208285265546 2.0402208285265546
first 1 0.1508228897345837 0.1508228897345837
fisu 1 4.605170185988092 4.605170185988092
flagathlete 1 4.605170185988092 4.605170185988092
floor 1 2.207274913189721 2.207274913189721
following 1 0.7133498878774648 0.7133498878774648
footballmad 1 4.605170185988092 4.605170185988092
forced 1 2.207274913189721 2.207274913189721
former 1 0.9675840262617057 0.9675840262617057
forum 1 2.8134107167600364 2.8134107167600364
foundation 1 0.0 0.0
fra 1 3.2188758248682006 3.2188758248682006
franais 1 0.8675005677047231 0.8675005677047231
france 1 1.2039728043259361 1.2039728043259361
franco 1 2.120263536200091 2.120263536200091
frank 1 1.7147984280919266 1.7147984280919266
frantiek 1 3.912023005428146 3.912023005428146
fraser 1 2.995732273553991 2.995732273553991
free 1 0.0 0.0
fujimoto 1 4.605170185988092 4.605170185988092
full 1 1.1086626245216111 1.1086626245216111
gajdo 1 4.605170185988092 4.605170185988092
game 1 1.2378743560016172 1.2378743560016172
gander 1 4.605170185988092 4.605170185988092
gaylord 1 4.605170185988092 4.605170185988092
gbr 1 4.605170185988092 4.605170185988092
general 1 0.0 0.0
georgiou 1 4.605170185988092 4.605170185988092
ger 1 3.912023005428146 3.912023005428146
get 1 0.0 0.0
ghent 1 4.605170185988092 4.605170185988092
gienger 1 4.605170185988092 4.605170185988092
gina 1 3.2188758248682006 3.2188758248682006
given 1 1.2378743560016172 1.2378743560016172
glasgow 1 3.912023005428146 3.912023005428146
gnauck 1 4.605170185988092 4.605170185988092
gnes 1 4.605170185988092 4.605170185988092
gnthard 1 4.605170185988092 4.605170185988092
godfather 1 4.605170185988092 4.605170185988092
gogean 1 4.605170185988092 4.605170185988092
gold 1 1.6094379124341003 1.6094379124341003
goodwill 1 4.605170185988092 4.605170185988092
gorokhovskaya 1 4.605170185988092 4.605170185988092
graft 1 3.912023005428146 3.912023005428146
grandi 1 4.605170185988092 4.605170185988092
greece 1 2.302585092994046 2.302585092994046
guessed 1 3.912023005428146 3.912023005428146
guglielmetti 1 4.605170185988092 4.605170185988092
gushiken 1 4.605170185988092 4.605170185988092
gutsu 1 4.605170185988092 4.605170185988092
gymn 1 4.605170185988092 4.605170185988092
gymnast 1 3.912023005428146 3.912023005428146
gymnastics 1 3.912023005428146 3.912023005428146
gymnasticsthcentury 1 4.605170185988092 4.605170185988092
gymnastikeorg 1 4.605170185988092 4.605170185988092
gymnforum 1 4.605170185988092 4.605170185988092
hall 1 1.3470736479666094 1.3470736479666094
hambchen 1 4.605170185988092 4.605170185988092
hamm 1 3.912023005428146 3.912023005428146
hard 1 2.302585092994046 2.302585092994046
haruhiro 1 4.605170185988092 4.605170185988092
hashimoto 1 4.605170185988092 4.605170185988092
hayata 1 4.605170185988092 4.605170185988092
heikki 1 4.605170185988092 4.605170185988092
helena 1 4.605170185988092 4.605170185988092
help 1 0.0 0.0
helped 1 2.207274913189721 2.207274913189721
henrietta 1 4.605170185988092 4.605170185988092
hidden 1 0.010050335853501506 0.010050335853501506
hide 1 0.0 0.0
high 1 0.9416085398584451 0.9416085398584451
hiroyuki 1 3.912023005428146 3.912023005428146
history 1 0.0 0.0
hlist 1 0.127833371509885 0.127833371509885
hlistinline 1 0.127833371509885 0.127833371509885
horse 1 3.2188758248682006 3.2188758248682006
hotbed 1 4.605170185988092 4.605170185988092
however 1 0.6931471805599453 0.6931471805599453
hrihoriy 1 4.605170185988092 4.605170185988092
hudec 1 4.605170185988092 4.605170185988092
idlockfree 1 0.0408219945202552 0.0408219945202552
idlockfreeidlockfree 1 0.0408219945202552 0.0408219945202552
idlocklimited 1 0.0408219945202552 0.0408219945202552
idlockregistration 1 0.0408219945202552 0.0408219945202552
idlocksubscription 1 0.0408219945202552 0.0408219945202552
ihor 1 4.605170185988092 4.605170185988092
ikeda 1 3.912023005428146 3.912023005428146
illini 1 3.912023005428146 3.912023005428146
illinois 1 2.659260036932778 2.659260036932778
illustrated 1 2.659260036932778 2.659260036932778
inc 1 0.0 0.0
individual 1 1.5606477482646683 1.5606477482646683
individually 1 3.506557897319982 3.506557897319982
inducted 1 3.912023005428146 3.912023005428146
infobox 1 0.3011050927839216 0.3011050927839216
infoboxgymnast 1 4.605170185988092 4.605170185988092
infoboxtable 1 0.3147107448397002 0.3147107448397002
information 1 0.0 0.0
injury 1 2.659260036932778 2.659260036932778
instructor 1 2.8134107167600364 2.8134107167600364
international 1 0.5978370007556204 0.5978370007556204
interview 1 1.8325814637483102 1.8325814637483102
ita 1 3.506557897319982 3.506557897319982
item 1 0.010050335853501506 0.010050335853501506
ivan 1 2.995732273553991 2.995732273553991
ivanko 1 4.605170185988092 4.605170185988092
ivankov 1 4.605170185988092 4.605170185988092
ivankova 1 4.605170185988092 4.605170185988092
ivankovs 1 4.605170185988092 4.605170185988092
jack 1 1.4696759700589417 1.4696759700589417
jackie 1 3.2188758248682006 3.2188758248682006
jan 1 2.0402208285265546 2.0402208285265546
janz 1 3.912023005428146 3.912023005428146
japan 1 1.7719568419318754 1.7719568419318754
jing 1 4.605170185988092 4.605170185988092
joaqun 1 3.2188758248682006 3.2188758248682006
job 1 2.302585092994046 2.302585092994046
joe 1 1.5141277326297755 1.5141277326297755
johnson 1 1.6094379124341003 1.6094379124341003
josef 1 3.912023005428146 3.912023005428146
joseph 1 1.5141277326297755 1.5141277326297755
josip 1 3.912023005428146 3.912023005428146
jpn 1 3.912023005428146 3.912023005428146
julianne 1 4.605170185988092 4.605170185988092
july 1 0.43078291609245434 0.43078291609245434
jump 1 0.0 0.0
junior 1 2.0402208285265546 2.0402208285265546
karin 1 4.605170185988092 4.605170185988092
kasamatsu 1 4.605170185988092 4.605170185988092
kasperovich 1 4.605170185988092 4.605170185988092
kat 1 2.995732273553991 2.995732273553991
katy 1 3.912023005428146 3.912023005428146
keiko 1 4.605170185988092 4.605170185988092
keleti 1 4.605170185988092 4.605170185988092
kenmotsu 1 4.605170185988092 4.605170185988092
khei 1 4.605170185988092 4.605170185988092
kim 1 2.407945608651872 2.407945608651872
klaus 1 3.506557897319982 3.506557897319982
klein 1 3.2188758248682006 3.2188758248682006
klimenko 1 4.605170185988092 4.605170185988092
koji 1 3.912023005428146 3.912023005428146
korbut 1 4.605170185988092 4.605170185988092
korobchynskyi 1 4.605170185988092 4.605170185988092
korolyov 1 4.605170185988092 4.605170185988092
korondi 1 4.605170185988092 4.605170185988092
krker 1 4.605170185988092 4.605170185988092
krolyi 1 4.605170185988092 4.605170185988092
kruzhilov 1 4.605170185988092 4.605170185988092
kryukov 1 4.605170185988092 4.605170185988092
kste 1 4.605170185988092 4.605170185988092
kuchinskaya 1 4.605170185988092 4.605170185988092
kurt 1 2.995732273553991 2.995732273553991
lake 1 1.8325814637483102 1.8325814637483102
lalu 1 4.605170185988092 4.605170185988092
language 1 0.0 0.0
langx 1 2.659260036932778 2.659260036932778
larisa 1 3.912023005428146 3.912023005428146
last 1 0.0 0.0
later 1 0.5621189181535412 0.5621189181535412
latynina 1 4.605170185988092 4.605170185988092
lausanne 1 4.605170185988092 4.605170185988092
lavinia 1 4.605170185988092 4.605170185988092
learn 1 0.0 0.0
led 1 1.07880966137193 1.07880966137193
lehmann 1 4.605170185988092 4.605170185988092
leon 1 2.659260036932778 2.659260036932778
leonid 1 3.912023005428146 3.912023005428146
liaftercontent 1 0.127833371509885 0.127833371509885
license 1 0.0 0.0
life 1 0.5447271754416719 0.5447271754416719
lilia 1 4.605170185988092 4.605170185988092
link 1 0.0 0.0
liukin 1 4.605170185988092 4.605170185988092
living 1 1.07880966137193 1.07880966137193
log 1 0.0 0.0
logged 1 0.0 0.0
lot 1 2.659260036932778 2.659260036932778
lou 1 3.2188758248682006 3.2188758248682006
ludmilla 1 4.605170185988092 4.605170185988092
lysenko 1 4.605170185988092 4.605170185988092
lyubov 1 4.605170185988092 4.605170185988092
machine 1 1.4696759700589417 1.4696759700589417
machinearchived 1 4.605170185988092 4.605170185988092
mack 1 3.506557897319982 3.506557897319982
magyar 1 2.0402208285265546 2.0402208285265546
main 1 0.0 0.0
major 1 1.1086626245216111 1.1086626245216111
maksim 1 4.605170185988092 4.605170185988092
male 1 1.6607312068216509 1.6607312068216509
mallorca 1 4.605170185988092 4.605170185988092
manina 1 4.605170185988092 4.605170185988092
marcel 1 2.659260036932778 2.659260036932778
marco 1 2.5257286443082556 2.5257286443082556
margit 1 4.605170185988092 4.605170185988092
maria 1 1.9661128563728327 1.9661128563728327
marian 1 4.605170185988092 4.605170185988092
marios 1 4.605170185988092 4.605170185988092
markelov 1 4.605170185988092 4.605170185988092
married 1 1.5141277326297755 1.5141277326297755
martinez 1 3.506557897319982 3.506557897319982
martnez 1 3.2188758248682006 3.2188758248682006
mary 1 1.7719568419318754 1.7719568419318754
masao 1 3.912023005428146 3.912023005428146
master 1 1.3093333199837622 1.3093333199837622
match 1 0.8675005677047231 0.8675005677047231
max 1 2.302585092994046 2.302585092994046
maxi 1 3.506557897319982 3.506557897319982
may 1 0.0 0.0
medal 1 2.5257286443082556 2.5257286443082556
medalist 1 3.2188758248682006 3.2188758248682006
member 1 0.6733445532637655 0.6733445532637655
memmel 1 4.605170185988092 4.605170185988092
men 1 1.2039728043259361 1.2039728043259361
menichelli 1 4.605170185988092 4.605170185988092
menu 1 0.0 0.0
mikhail 1 3.506557897319982 3.506557897319982
miller 1 1.6094379124341003 1.6094379124341003
miloovici 1 4.605170185988092 4.605170185988092
minsk 1 4.605170185988092 4.605170185988092
miroslav 1 4.605170185988092 4.605170185988092
misfortune 1 3.912023005428146 3.912023005428146
miss 1 2.302585092994046 2.302585092994046
misyutin 1 4.605170185988092 4.605170185988092
mitch 1 3.506557897319982 3.506557897319982
mobile 1 0.0 0.0
mogilny 1 4.605170185988092 4.605170185988092
month 1 0.8915981192837835 0.8915981192837835
move 1 0.0 0.0
mukhina 1 4.605170185988092 4.605170185988092
muratov 1 4.605170185988092 4.605170185988092
muratova 1 4.605170185988092 4.605170185988092
muscle 1 4.605170185988092 4.605170185988092
nadia 1 3.912023005428146 3.912023005428146
nagornyy 1 4.605170185988092 4.605170185988092
nakayama 1 4.605170185988092 4.605170185988092
namara 1 3.912023005428146 3.912023005428146
name 1 0.5276327420823719 0.5276327420823719
named 1 1.2039728043259361 1.2039728043259361
nastia 1 4.605170185988092 4.605170185988092
natalia 1 3.912023005428146 3.912023005428146
national 1 0.5108256237659907 0.5108256237659907
navbar 1 0.23572233352106994 0.23572233352106994
navbarfontsizemedia 1 0.3147107448397002 0.3147107448397002
navbarmini 1 0.23572233352106994 0.23572233352106994
navbox 1 0.1392620673335076 0.1392620673335076
navboximage 1 0.1392620673335076 0.1392620673335076
navboxsubgroup 1 0.1392620673335076 0.1392620673335076
navboxtitle 1 0.1392620673335076 0.1392620673335076
navigation 1 0.0 0.0
ncaa 1 2.5257286443082556 2.5257286443082556
nellie 1 3.912023005428146 3.912023005428146
nemov 1 4.605170185988092 4.605170185988092
nemovs 1 4.605170185988092 4.605170185988092
never 1 1.4696759700589417 1.4696759700589417
new 1 0.24846135929849972 0.24846135929849972
nikita 1 4.605170185988092 4.605170185988092
nikolai 1 3.912023005428146 3.912023005428146
ning 1 4.605170185988092 4.605170185988092
nodi 1 4.605170185988092 4.605170185988092
nonprofit 1 0.0 0.0
norsk 1 1.9661128563728327 1.9661128563728327
note 1 0.8209805520698303 0.8209805520698303
numerous 1 1.9661128563728327 1.9661128563728327
nynorsk 1 2.8134107167600364 2.8134107167600364
octavian 1 4.605170185988092 4.605170185988092
official 1 0.7550225842780328 0.7550225842780328
oklahoma 1 2.5257286443082556 2.5257286443082556
oksana 1 3.912023005428146 3.912023005428146
oleg 1 4.605170185988092 4.605170185988092
oleksandr 1 4.605170185988092 4.605170185988092
olga 1 3.912023005428146 3.912023005428146
ollibeforecontent 1 0.127833371509885 0.127833371509885
olympic 1 2.995732273553991 2.995732273553991
olympics 1 2.8134107167600364 2.8134107167600364
omelianchik 1 4.605170185988092 4.605170185988092
one 1 0.23572233352106994 0.23572233352106994
online 1 1.4696759700589417 1.4696759700589417
ono 1 4.605170185988092 4.605170185988092
organization 1 0.0 0.0
organizationname 1 0.010050335853501506 0.010050335853501506
page 1 0.0 0.0
palma 1 3.912023005428146 3.912023005428146
parallel 1 3.2188758248682006 3.2188758248682006
paris 1 2.0402208285265546 2.0402208285265546
parking 1 3.506557897319982 3.506557897319982
patterson 1 3.2188758248682006 3.2188758248682006
paul 1 0.8675005677047231 0.8675005677047231
pdfprintable 1 0.0 0.0
pechek 1 4.605170185988092 4.605170185988092
people 1 0.49429632181478017 0.49429632181478017
performs 1 3.506557897319982 3.506557897319982
permanent 1 0.0 0.0
personal 1 0.0 0.0
personality 1 2.207274913189721 2.207274913189721
peter 1 1.3093333199837622 1.3093333199837622
philipp 1 3.506557897319982 3.506557897319982
physical 1 2.5257286443082556 2.5257286443082556
place 1 0.653926467406664 0.653926467406664
placed 1 1.7147984280919266 1.7147984280919266
plainlist 1 0.7339691750802005 0.7339691750802005
podkopayeva 1 4.605170185988092 4.605170185988092
policy 1 0.0 0.0
polina 1 4.605170185988092 4.605170185988092
pommel 1 4.605170185988092 4.605170185988092
ponor 1 4.605170185988092 4.605170185988092
portal 1 0.0 0.0
portugus 1 1.171182981502945 1.171182981502945
postcompetitive 1 4.605170185988092 4.605170185988092
potra 1 4.605170185988092 4.605170185988092
prague 1 2.995732273553991 2.995732273553991
prestigious 1 2.995732273553991 2.995732273553991
primoi 1 4.605170185988092 4.605170185988092
printbodyns 1 0.09431067947124142 0.09431067947124142
printexport 1 0.0 0.0
privacy 1 0.0 0.0
process 1 1.5141277326297755 1.5141277326297755
project 1 0.0 0.0
qualify 1 2.659260036932778 2.659260036932778
rafael 1 3.2188758248682006 3.2188758248682006
rakoczy 1 4.605170185988092 4.605170185988092
random 1 0.0 0.0
rducan 1 4.605170185988092 4.605170185988092
read 1 0.0 0.0
recent 1 0.0 0.0
reconstructive 1 4.605170185988092 4.605170185988092
record 1 0.7765287894989963 0.7765287894989963
recovered 1 3.506557897319982 3.506557897319982
reference 1 0.03045920748470844 0.03045920748470844
reflist 1 0.06187540371808745 0.06187540371808745
reflistcolumns 1 0.06187540371808745 0.06187540371808745
reg 1 0.0 0.0
registered 1 0.0 0.0
rehabilitation 1 3.506557897319982 3.506557897319982
reigning 1 3.912023005428146 3.912023005428146
related 1 0.0 0.0
remarried 1 4.605170185988092 4.605170185988092
represented 1 1.7719568419318754 1.7719568419318754
representing 1 2.407945608651872 2.407945608651872
republic 1 1.5141277326297755 1.5141277326297755
required 1 2.407945608651872 2.407945608651872
resided 1 3.506557897319982 3.506557897319982
result 1 0.9942522733438669 0.9942522733438669
retire 1 3.506557897319982 3.506557897319982
retired 1 1.7719568419318754 1.7719568419318754
retrieved 1 0.0 0.0
retton 1 4.605170185988092 4.605170185988092
returned 1 1.4271163556401458 1.4271163556401458
rigby 1 4.605170185988092 4.605170185988092
ring 1 1.8971199848858813 1.8971199848858813
rom 1 2.995732273553991 2.995732273553991
ron 1 2.5257286443082556 2.5257286443082556
round 1 1.3862943611198906 1.3862943611198906
ru 1 3.912023005428146 3.912023005428146
ruoteng 1 4.605170185988092 4.605170185988092
rupturing 1 4.605170185988092 4.605170185988092
russia 1 2.0402208285265546 2.0402208285265546
russian 1 2.120263536200091 2.120263536200091
russianlanguage 1 3.506557897319982 3.506557897319982
rustam 1 4.605170185988092 4.605170185988092
saadi 1 4.605170185988092 4.605170185988092
sabae 1 4.605170185988092 4.605170185988092
sacramone 1 4.605170185988092 4.605170185988092
savenkov 1 4.605170185988092 4.605170185988092
savino 1 4.605170185988092 4.605170185988092
savolainen 1 4.605170185988092 4.605170185988092
sawao 1 4.605170185988092 4.605170185988092
scherbo 1 4.605170185988092 4.605170185988092
screen 1 0.010050335853501506 0.010050335853501506
search 1 0.0 0.0
second 1 0.49429632181478017 0.49429632181478017
senior 1 2.0402208285265546 2.0402208285265546
serious 1 2.659260036932778 2.659260036932778
shakhlin 1 4.605170185988092 4.605170185988092
shannon 1 2.5257286443082556 2.5257286443082556
shaposhnikova 1 4.605170185988092 4.605170185988092
share 1 0.0 0.0
sharipov 1 4.605170185988092 4.605170185988092
shawn 1 2.659260036932778 2.659260036932778
shigeru 1 4.605170185988092 4.605170185988092
short 1 0.06187540371808745 0.06187540371808745
shortened 1 0.0 0.0
shuji 1 3.912023005428146 3.912023005428146
shun 1 3.912023005428146 3.912023005428146
shushunova 1 4.605170185988092 4.605170185988092
shy 1 4.605170185988092 4.605170185988092
sidebar 1 0.0 0.0
siliva 1 4.605170185988092 4.605170185988092
silver 1 1.8971199848858813 1.8971199848858813
simona 1 4.605170185988092 4.605170185988092
sinkevich 1 4.605170185988092 4.605170185988092
site 1 0.0 0.0
slavsk 1 4.605170185988092 4.605170185988092
snapped 1 4.605170185988092 4.605170185988092
sofia 1 3.912023005428146 3.912023005428146
solid 1 0.09431067947124142 0.09431067947124142
son 1 1.3093333199837622 1.3093333199837622
sooner 1 3.912023005428146 3.912023005428146
soviet 1 2.407945608651872 2.407945608651872
special 1 0.0 0.0
sport 1 1.1394342831883648 1.1394342831883648
sportsman 1 3.2188758248682006 3.2188758248682006
sportsmenstcentury 1 4.605170185988092 4.605170185988092
stalder 1 4.605170185988092 4.605170185988092
state 1 0.3147107448397002 0.3147107448397002
statement 1 0.0 0.0
statistic 1 0.0 0.0
steffi 1 4.605170185988092 4.605170185988092
steiner 1 3.506557897319982 3.506557897319982
still 1 0.9416085398584451 0.9416085398584451
stoyan 1 4.605170185988092 4.605170185988092
string 1 2.995732273553991 2.995732273553991
subsection 1 0.3424903089467759 0.3424903089467759
suffered 1 2.659260036932778 2.659260036932778
sufficiently 1 3.912023005428146 3.912023005428146
sui 1 3.912023005428146 3.912023005428146
summer 1 1.5141277326297755 1.5141277326297755
surgery 1 2.8134107167600364 2.8134107167600364
surprise 1 3.506557897319982 3.506557897319982
suzyanna 1 4.605170185988092 4.605170185988092
svetlana 1 3.912023005428146 3.912023005428146
switzerland 1 2.407945608651872 2.407945608651872
szabo 1 3.912023005428146 3.912023005428146
table 1 0.0 0.0
takashi 1 3.912023005428146 3.912023005428146
takemoto 1 4.605170185988092 4.605170185988092
takuji 1 4.605170185988092 4.605170185988092
talk 1 0.0 0.0
tamara 1 3.912023005428146 3.912023005428146
tanaka 1 3.2188758248682006 3.2188758248682006
tass 1 4.605170185988092 4.605170185988092
tatiana 1 4.605170185988092 4.605170185988092
tch 1 4.605170185988092 4.605170185988092
tdhlist 1 0.1392620673335076 0.1392620673335076
team 1 1.0498221244986776 1.0498221244986776
teammate 1 3.506557897319982 3.506557897319982
television 1 1.6607312068216509 1.6607312068216509
template 1 0.0 0.0
tendon 1 3.912023005428146 3.912023005428146
teodora 1 4.605170185988092 4.605170185988092
term 1 0.0 0.0
text 1 0.0 0.0
thbodyskinresponsive 1 0.3147107448397002 0.3147107448397002
therapy 1 3.506557897319982 3.506557897319982
third 1 0.9162907318741551 0.9162907318741551
thomas 1 1.1394342831883648 1.1394342831883648
thoresson 1 4.605170185988092 4.605170185988092
threat 1 2.407945608651872 2.407945608651872
throughout 1 1.171182981502945 1.171182981502945
tianjin 1 3.912023005428146 3.912023005428146
time 1 0.28768207245178085 0.28768207245178085
title 1 0.9162907318741551 0.9162907318741551
titov 1 3.912023005428146 3.912023005428146
tkachyov 1 4.605170185988092 4.605170185988092
toggle 1 0.010050335853501506 0.010050335853501506
tomita 1 4.605170185988092 4.605170185988092
tool 1 0.0 0.0
top 1 0.010050335853501506 0.010050335853501506
topic 1 0.0 0.0
torr 1 4.605170185988092 4.605170185988092
total 1 0.0 0.0
tourischeva 1 4.605170185988092 4.605170185988092
trade 1 1.7147984280919266 1.7147984280919266
trademark 1 0.0 0.0
training 1 1.6094379124341003 1.6094379124341003
tsurumi 1 4.605170185988092 4.605170185988092
tukelj 1 4.605170185988092 4.605170185988092
tur 1 4.605170185988092 4.605170185988092
two 1 0.43078291609245434 0.43078291609245434
uchimura 1 4.605170185988092 4.605170185988092
ukr 1 4.605170185988092 4.605170185988092
ulpaddingem 1 0.1392620673335076 0.1392620673335076
umi 1 3.912023005428146 3.912023005428146
ungureanu 1 4.605170185988092 4.605170185988092
union 1 1.07880966137193 1.07880966137193
united 1 0.4155154439616658 0.4155154439616658
universiade 1 3.912023005428146 3.912023005428146
university 1 0.616186139423817 0.616186139423817
unprecedented 1 4.605170185988092 4.605170185988092
upandcoming 1 3.912023005428146 3.912023005428146
upload 1 0.0 0.0
ur 1 3.912023005428146 3.912023005428146
usa 1 1.9661128563728327 1.9661128563728327
use 1 0.0 0.0
using 1 0.0 0.0
utc 1 0.0 0.0
valentin 1 3.912023005428146 3.912023005428146
valeri 1 4.605170185988092 4.605170185988092
valery 1 4.605170185988092 4.605170185988092
valinchuk 1 4.605170185988092 4.605170185988092
var 1 0.0 0.0
vault 1 3.506557897319982 3.506557897319982
verniaiev 1 4.605170185988092 4.605170185988092
version 1 0.0 0.0
video 1 1.3862943611198906 1.3862943611198906
vidmar 1 4.605170185988092 4.605170185988092
view 1 0.0 0.0
viktor 1 3.912023005428146 3.912023005428146
villancher 1 4.605170185988092 4.605170185988092
vitali 1 4.605170185988092 4.605170185988092
vitaly 1 3.912023005428146 3.912023005428146
vladimir 1 3.506557897319982 3.506557897319982
volos 1 4.605170185988092 4.605170185988092
voronin 1 4.605170185988092 4.605170185988092
vra 1 4.605170185988092 4.605170185988092
vte 1 0.7550225842780328 0.7550225842780328
walking 1 2.659260036932778 2.659260036932778
walter 1 1.7147984280919266 1.7147984280919266
wasnt 1 2.995732273553991 2.995732273553991
wayback 1 1.8971199848858813 1.8971199848858813
webarchive 1 2.0402208285265546 2.0402208285265546
website 1 1.6094379124341003 1.6094379124341003
wei 1 3.506557897319982 3.506557897319982
well 1 0.7765287894989963 0.7765287894989963
wife 1 1.7719568419318754 1.7719568419318754
wikidata 1 0.010050335853501506 0.010050335853501506
wikimedia 1 0.0 0.0
wikipedia 1 0.0 0.0
william 1 1.171182981502945 1.171182981502945
win 1 1.1086626245216111 1.1086626245216111
winning 1 1.8971199848858813 1.8971199848858813
without 1 1.3093333199837622 1.3093333199837622
woman 1 1.171182981502945 1.171182981502945
work 1 0.7133498878774648 0.7133498878774648
world 1 0.5108256237659907 0.5108256237659907
worldwide 1 2.407945608651872 2.407945608651872
would 1 0.7550225842780328 0.7550225842780328
xiao 1 4.605170185988092 4.605170185988092
xiaopeng 1 4.605170185988092 4.605170185988092
xiaoshuang 1 4.605170185988092 4.605170185988092
yamashita 1 4.605170185988092 4.605170185988092
yang 1 3.2188758248682006 3.2188758248682006
yanhong 1 4.605170185988092 4.605170185988092
year 1 0.3424903089467759 0.3424903089467759
yelena 1 4.605170185988092 4.605170185988092
yordan 1 4.605170185988092 4.605170185988092
york 1 0.8209805520698303 0.8209805520698303
yovchev 1 4.605170185988092 4.605170185988092
yuejiu 1 4.605170185988092 4.605170185988092
yug 1 4.605170185988092 4.605170185988092
yukio 1 4.605170185988092 4.605170185988092
yurchenko 1 4.605170185988092 4.605170185988092
yuri 1 3.912023005428146 3.912023005428146
zamolodchikova 1 4.605170185988092 4.605170185988092
zhang 1 2.995732273553991 2.995732273553991
zmeskal 1 4.605170185988092 4.605170185988092
zoltn 1 3.912023005428146 3.912023005428146
zuchold 1 4.605170185988092 4.605170185988092
