aab 1 3.912023005428146 3.912023005428146
aabborderleftpx 1 1.6607312068216509 1.6607312068216509
abaza 1 4.605170185988092 4.605170185988092
according 1 1.3093333199837622 1.3093333199837622
account 1 0.0 0.0
action 1 0.0 0.0
adana 1 3.912023005428146 3.912023005428146
adanaa 1 4.605170185988092 4.605170185988092
adapazar 1 4.605170185988092 4.605170185988092
add 1 0.0 0.0
adding 1 2.0402208285265546 2.0402208285265546
additional 1 0.0 0.0
adyaman 1 4.605170185988092 4.605170185988092
afterwards 1 3.2188758248682006 3.2188758248682006
afyonkarahisar 1 4.605170185988092 4.605170185988092
agree 1 0.0 0.0
ahmet 1 4.605170185988092 4.605170185988092
akehir 1 4.605170185988092 4.605170185988092
akhisar 1 4.605170185988092 4.605170185988092
aksaray 1 4.605170185988092 4.605170185988092
alaehir 1 4.605170185988092 4.605170185988092
alanya 1 4.605170185988092 4.605170185988092
albanian 1 3.506557897319982 3.506557897319982
albanianspeaking 1 4.605170185988092 4.605170185988092
alike 1 0.0 0.0
amasya 1 4.605170185988092 4.605170185988092
ambox 1 1.6607312068216509 1.6607312068216509
amboxborderpx 1 1.6607312068216509 1.6607312068216509
amboxmargin 1 1.6607312068216509 1.6607312068216509
amp 1 0.4620354595965586 0.4620354595965586
anakkale 1 4.605170185988092 4.605170185988092
anamur 1 4.605170185988092 4.605170185988092
ankara 1 4.605170185988092 4.605170185988092
ankarab 1 4.605170185988092 4.605170185988092
ankr 1 4.605170185988092 4.605170185988092
ankrd 1 4.605170185988092 4.605170185988092
anlurfa 1 4.605170185988092 4.605170185988092
antakya 1 4.605170185988092 4.605170185988092
antalya 1 4.605170185988092 4.605170185988092
appearance 1 0.0 0.0
apply 1 0.0 0.0
arabic 1 3.2188758248682006 3.2188758248682006
arabicspeaking 1 4.605170185988092 4.605170185988092
aramba 1 4.605170185988092 4.605170185988092
ardahan 1 4.605170185988092 4.605170185988092
armenian 1 3.506557897319982 3.506557897319982
armenianspeaking 1 4.605170185988092 4.605170185988092
article 1 0.0 0.0
artvin 1 4.605170185988092 4.605170185988092
attribution 1 0.0 0.0
auto 1 0.1392620673335076 0.1392620673335076
available 1 0.0 0.0
aydn 1 4.605170185988092 4.605170185988092
ayeli 1 4.605170185988092 4.605170185988092
ayvalk 1 4.605170185988092 4.605170185988092
aznlklar 1 4.605170185988092 4.605170185988092
azrbaycanca 1 3.912023005428146 3.912023005428146
babaeski 1 4.605170185988092 4.605170185988092
bafra 1 4.605170185988092 4.605170185988092
balkesir 1 4.605170185988092 4.605170185988092
bandrma 1 4.605170185988092 4.605170185988092
bartn 1 4.605170185988092 4.605170185988092
batman 1 3.506557897319982 3.506557897319982
bayburt 1 4.605170185988092 4.605170185988092
bayndr 1 4.605170185988092 4.605170185988092
bergama 1 4.605170185988092 4.605170185988092
besni 1 4.605170185988092 4.605170185988092
best 1 1.0216512475319812 1.0216512475319812
biga 1 4.605170185988092 4.605170185988092
bilecik 1 4.605170185988092 4.605170185988092
bill 1 1.171182981502945 1.171182981502945
bingl 1 4.605170185988092 4.605170185988092
birecik 1 4.605170185988092 4.605170185988092
bitlis 1 4.605170185988092 4.605170185988092
bodymediawiki 1 1.6607312068216509 1.6607312068216509
bolu 1 4.605170185988092 4.605170185988092
boluc 1 4.605170185988092 4.605170185988092
bolvadin 1 4.605170185988092 4.605170185988092
book 1 0.6348782724359695 0.6348782724359695
bor 1 3.506557897319982 3.506557897319982
bornova 1 4.605170185988092 4.605170185988092
bosnian 1 3.912023005428146 3.912023005428146
bosnianspeaking 1 4.605170185988092 4.605170185988092
bozhyk 1 4.605170185988092 4.605170185988092
bucak 1 4.605170185988092 4.605170185988092
bulgarian 1 3.912023005428146 3.912023005428146
buran 1 4.605170185988092 4.605170185988092
burdur 1 4.605170185988092 4.605170185988092
burhaniye 1 4.605170185988092 4.605170185988092
bursa 1 4.605170185988092 4.605170185988092
category 1 0.0 0.0
census 1 2.995732273553991 2.995732273553991
censusnews 1 4.605170185988092 4.605170185988092
censustr 1 4.605170185988092 4.605170185988092
centerpx 1 0.0408219945202552 0.0408219945202552
ceyhan 1 4.605170185988092 4.605170185988092
challenged 1 2.207274913189721 2.207274913189721
change 1 0.0 0.0
chechen 1 4.605170185988092 4.605170185988092
circassian 1 4.605170185988092 4.605170185988092
circassianspeaking 1 4.605170185988092 4.605170185988092
citation 1 0.0408219945202552 0.0408219945202552
cite 1 0.0 0.0
citejournal 1 1.9661128563728327 1.9661128563728327
city 1 0.6348782724359695 0.6348782724359695
code 1 0.0 0.0
common 1 0.0 0.0
commonscat 1 3.506557897319982 3.506557897319982
composition 1 2.407945608651872 2.407945608651872
conduct 1 0.0 0.0
connel 1 4.605170185988092 4.605170185988092
constructing 1 3.912023005428146 3.912023005428146
contact 1 0.0 0.0
content 1 0.0 0.0
context 1 0.010050335853501506 0.010050335853501506
contribute 1 0.0 0.0
contribution 1 0.0 0.0
cookie 1 0.0 0.0
cookiematch 1 0.0 0.0
counterlistitema 1 0.127833371509885 0.127833371509885
create 1 0.0 0.0
creative 1 0.0 0.0
croatian 1 3.2188758248682006 3.2188758248682006
csmaintcolorf 1 0.06187540371808745 0.06187540371808745
csmaintcolorfmedia 1 0.0408219945202552 0.0408219945202552
cswsicon 1 0.0408219945202552 0.0408219945202552
current 1 0.0 0.0
czech 1 2.207274913189721 2.207274913189721
demi 1 4.605170185988092 4.605170185988092
demirci 1 4.605170185988092 4.605170185988092
demographic 1 2.995732273553991 2.995732273553991
denizli 1 4.605170185988092 4.605170185988092
description 1 0.07257069283483537 0.07257069283483537
detail 1 1.6094379124341003 1.6094379124341003
develi 1 4.605170185988092 4.605170185988092
developer 1 0.0 0.0
diller 1 4.605170185988092 4.605170185988092
dinar 1 4.605170185988092 4.605170185988092
disclaimer 1 0.0 0.0
district 1 1.4271163556401458 1.4271163556401458
diyarbakir 1 4.605170185988092 4.605170185988092
diyarbakr 1 4.605170185988092 4.605170185988092
dndar 1 4.605170185988092 4.605170185988092
donate 1 0.0 0.0
download 1 0.0 0.0
drtyol 1 4.605170185988092 4.605170185988092
dtaftercontent 1 0.127833371509885 0.127833371509885
dutch 1 2.407945608651872 2.407945608651872
dwelling 1 4.605170185988092 4.605170185988092
dzce 1 4.605170185988092 4.605170185988092
edirne 1 4.605170185988092 4.605170185988092
edremit 1 4.605170185988092 4.605170185988092
elaz 1 4.605170185988092 4.605170185988092
elbistan 1 4.605170185988092 4.605170185988092
electronic 1 2.995732273553991 2.995732273553991
emirda 1 4.605170185988092 4.605170185988092
empty 1 2.407945608651872 2.407945608651872
encyclopedia 1 0.0 0.0
english 1 0.0 0.0
erbaa 1 4.605170185988092 4.605170185988092
erci 1 4.605170185988092 4.605170185988092
erdemli 1 4.605170185988092 4.605170185988092
ereflikohisar 1 4.605170185988092 4.605170185988092
ereli 1 4.605170185988092 4.605170185988092
ergani 1 4.605170185988092 4.605170185988092
erzincan 1 4.605170185988092 4.605170185988092
erzurum 1 4.605170185988092 4.605170185988092
eskiehir 1 4.605170185988092 4.605170185988092
ethnicity 1 3.2188758248682006 3.2188758248682006
etnik 1 4.605170185988092 4.605170185988092
europe 1 1.5141277326297755 1.5141277326297755
event 1 0.0 0.0
every 1 1.4271163556401458 1.4271163556401458
exp 1 0.0 0.0
external 1 0.44628710262841953 0.44628710262841953
file 1 0.0 0.0
find 1 1.3093333199837622 1.3093333199837622
first 1 0.1508228897345837 0.1508228897345837
foundation 1 0.0 0.0
francis 1 1.6607312068216509 1.6607312068216509
free 1 0.0 0.0
french 1 1.3862943611198906 1.3862943611198906
fuat 1 4.605170185988092 4.605170185988092
gaziantep 1 4.605170185988092 4.605170185988092
geldiniz 1 4.605170185988092 4.605170185988092
gelibolu 1 4.605170185988092 4.605170185988092
gemlik 1 4.605170185988092 4.605170185988092
general 1 0.0 0.0
georgian 1 4.605170185988092 4.605170185988092
georgianspeaking 1 4.605170185988092 4.605170185988092
german 1 1.7147984280919266 1.7147984280919266
get 1 0.0 0.0
giresun 1 4.605170185988092 4.605170185988092
glck 1 4.605170185988092 4.605170185988092
gmhacky 1 4.605170185988092 4.605170185988092
gmhane 1 4.605170185988092 4.605170185988092
gmhanee 1 4.605170185988092 4.605170185988092
gnen 1 4.605170185988092 4.605170185988092
government 1 1.1086626245216111 1.1086626245216111
grant 1 2.5257286443082556 2.5257286443082556
greek 1 2.407945608651872 2.407945608651872
greekspeaking 1 4.605170185988092 4.605170185988092
gruplar 1 4.605170185988092 4.605170185988092
gven 1 4.605170185988092 4.605170185988092
hakkari 1 4.605170185988092 4.605170185988092
hakkarif 1 4.605170185988092 4.605170185988092
hatay 1 4.605170185988092 4.605170185988092
havza 1 4.605170185988092 4.605170185988092
heinz 1 3.2188758248682006 3.2188758248682006
held 1 1.171182981502945 1.171182981502945
help 1 0.0 0.0
hendek 1 4.605170185988092 4.605170185988092
hidden 1 0.010050335853501506 0.010050335853501506
hide 1 0.0 0.0
history 1 0.0 0.0
hlist 1 0.127833371509885 0.127833371509885
hlistinline 1 0.127833371509885 0.127833371509885
idlockfree 1 0.0408219945202552 0.0408219945202552
idlockfreeidlockfree 1 0.0408219945202552 0.0408219945202552
idlocklimited 1 0.0408219945202552 0.0408219945202552
idlockregistration 1 0.0408219945202552 0.0408219945202552
idlocksubscription 1 0.0408219945202552 0.0408219945202552
idr 1 4.605170185988092 4.605170185988092
ilgn 1 4.605170185988092 4.605170185988092
imgsrc 1 1.3862943611198906 1.3862943611198906
improve 1 1.8325814637483102 1.8325814637483102
inc 1 0.0 0.0
including 1 0.7133498878774648 0.7133498878774648
information 1 0.0 0.0
isbn 1 0.9942522733438669 0.9942522733438669
isparta 1 4.605170185988092 4.605170185988092
issn 1 1.8971199848858813 1.8971199848858813
istanbul 1 3.506557897319982 3.506557897319982
italian 1 2.302585092994046 2.302585092994046
item 1 0.010050335853501506 0.010050335853501506
iviyazlar 1 4.605170185988092 4.605170185988092
jewish 1 2.207274913189721 2.207274913189721
jewishspeaking 1 4.605170185988092 4.605170185988092
jstor 1 1.5141277326297755 1.5141277326297755
judo 1 4.605170185988092 4.605170185988092
july 1 0.43078291609245434 0.43078291609245434
jump 1 0.0 0.0
kadirli 1 4.605170185988092 4.605170185988092
kahramanmara 1 4.605170185988092 4.605170185988092
kaman 1 4.605170185988092 4.605170185988092
karabk 1 4.605170185988092 4.605170185988092
karacabey 1 4.605170185988092 4.605170185988092
karaman 1 4.605170185988092 4.605170185988092
karapnar 1 4.605170185988092 4.605170185988092
kars 1 4.605170185988092 4.605170185988092
karsg 1 4.605170185988092 4.605170185988092
kartal 1 4.605170185988092 4.605170185988092
karyaka 1 3.912023005428146 3.912023005428146
kastamonu 1 4.605170185988092 4.605170185988092
kastamonuh 1 4.605170185988092 4.605170185988092
kayseri 1 4.605170185988092 4.605170185988092
kean 1 3.912023005428146 3.912023005428146
kilis 1 4.605170185988092 4.605170185988092
kloss 1 4.605170185988092 4.605170185988092
kocaeli 1 4.605170185988092 4.605170185988092
konya 1 4.605170185988092 4.605170185988092
konyai 1 4.605170185988092 4.605170185988092
kozan 1 4.605170185988092 4.605170185988092
krehir 1 4.605170185988092 4.605170185988092
krkaa 1 4.605170185988092 4.605170185988092
krkhan 1 4.605170185988092 4.605170185988092
krkkale 1 4.605170185988092 4.605170185988092
krklareli 1 4.605170185988092 4.605170185988092
ktahya 1 4.605170185988092 4.605170185988092
kurd 1 3.912023005428146 3.912023005428146
kurdish 1 3.912023005428146 3.912023005428146
kurdishspeaking 1 4.605170185988092 4.605170185988092
kurmanji 1 4.605170185988092 4.605170185988092
kurumu 1 4.605170185988092 4.605170185988092
ladino 1 4.605170185988092 4.605170185988092
language 1 0.0 0.0
largest 1 2.407945608651872 2.407945608651872
last 1 0.0 0.0
laval 1 3.506557897319982 3.506557897319982
laz 1 3.912023005428146 3.912023005428146
lazspeaking 1 4.605170185988092 4.605170185988092
learn 1 0.0 0.0
legendtext 1 3.2188758248682006 3.2188758248682006
level 1 1.9661128563728327 1.9661128563728327
liaftercontent 1 0.127833371509885 0.127833371509885
license 1 0.0 0.0
limarginbottom 1 0.9675840262617057 0.9675840262617057
linguistic 1 3.2188758248682006 3.2188758248682006
link 1 0.0 0.0
lleburgaz 1 4.605170185988092 4.605170185988092
log 1 0.0 0.0
logged 1 0.0 0.0
maden 1 4.605170185988092 4.605170185988092
main 1 0.0 0.0
majority 1 1.8971199848858813 1.8971199848858813
malatya 1 4.605170185988092 4.605170185988092
malkara 1 4.605170185988092 4.605170185988092
man 1 1.0498221244986776 1.0498221244986776
manisa 1 4.605170185988092 4.605170185988092
map 1 2.0402208285265546 2.0402208285265546
mara 1 3.2188758248682006 3.2188758248682006
mardin 1 4.605170185988092 4.605170185988092
mardinj 1 4.605170185988092 4.605170185988092
material 1 1.3093333199837622 1.3093333199837622
may 1 0.0 0.0
medium 1 0.49429632181478017 0.49429632181478017
menemen 1 4.605170185988092 4.605170185988092
menu 1 0.0 0.0
mersin 1 4.605170185988092 4.605170185988092
merzifon 1 4.605170185988092 4.605170185988092
message 1 1.5606477482646683 1.5606477482646683
midyat 1 4.605170185988092 4.605170185988092
milas 1 4.605170185988092 4.605170185988092
minority 1 2.659260036932778 2.659260036932778
mobile 1 0.0 0.0
modern 1 1.5606477482646683 1.5606477482646683
mother 1 1.5141277326297755 1.5141277326297755
move 1 0.0 0.0
mula 1 4.605170185988092 4.605170185988092
muna 1 3.912023005428146 3.912023005428146
mustafakemalpaa 1 4.605170185988092 4.605170185988092
narrative 1 3.2188758248682006 3.2188758248682006
nation 1 1.2729656758128876 1.2729656758128876
national 1 0.5108256237659907 0.5108256237659907
nationalism 1 4.605170185988092 4.605170185988092
navbar 1 0.23572233352106994 0.23572233352106994
navbarmini 1 0.23572233352106994 0.23572233352106994
navbox 1 0.1392620673335076 0.1392620673335076
navboximage 1 0.1392620673335076 0.1392620673335076
navboxsubgroup 1 0.1392620673335076 0.1392620673335076
navboxtitle 1 0.1392620673335076 0.1392620673335076
navigation 1 0.0 0.0
nazilli 1 4.605170185988092 4.605170185988092
need 1 1.2039728043259361 1.2039728043259361
needing 1 1.8971199848858813 1.8971199848858813
negl 1 4.605170185988092 4.605170185988092
nevehir 1 4.605170185988092 4.605170185988092
newspaper 1 1.5141277326297755 1.5141277326297755
nfus 1 4.605170185988092 4.605170185988092
nide 1 4.605170185988092 4.605170185988092
nidek 1 4.605170185988092 4.605170185988092
niksar 1 4.605170185988092 4.605170185988092
nizip 1 4.605170185988092 4.605170185988092
nonprofit 1 0.0 0.0
note 1 0.8209805520698303 0.8209805520698303
number 1 0.7550225842780328 0.7550225842780328
nye 1 3.506557897319982 3.506557897319982
october 1 0.28768207245178085 0.28768207245178085
ollibeforecontent 1 0.127833371509885 0.127833371509885
ordu 1 4.605170185988092 4.605170185988092
organization 1 0.0 0.0
organizationname 1 0.010050335853501506 0.010050335853501506
orlu 1 4.605170185988092 4.605170185988092
orum 1 4.605170185988092 4.605170185988092
osmaniye 1 4.605170185988092 4.605170185988092
others 1 1.1394342831883648 1.1394342831883648
page 1 0.0 0.0
park 1 1.3093333199837622 1.3093333199837622
part 1 0.6348782724359695 0.6348782724359695
pdfprintable 1 0.0 0.0
percentage 1 2.8134107167600364 2.8134107167600364
permanent 1 0.0 0.0
persian 1 2.995732273553991 2.995732273553991
personal 1 0.0 0.0
plainlist 1 0.7339691750802005 0.7339691750802005
please 1 1.7719568419318754 1.7719568419318754
plurality 1 4.605170185988092 4.605170185988092
polatl 1 4.605170185988092 4.605170185988092
policy 1 0.0 0.0
polish 1 2.995732273553991 2.995732273553991
pomak 1 4.605170185988092 4.605170185988092
pomakspeaking 1 4.605170185988092 4.605170185988092
pop 1 2.302585092994046 2.302585092994046
population 1 2.207274913189721 2.207274913189721
portal 1 0.0 0.0
portuguese 1 2.302585092994046 2.302585092994046
press 1 0.7550225842780328 0.7550225842780328
printbodyns 1 0.09431067947124142 0.09431067947124142
printexport 1 0.0 0.0
privacy 1 0.0 0.0
prohibited 1 2.995732273553991 2.995732273553991
project 1 0.0 0.0
province 1 2.120263536200091 2.120263536200091
provincial 1 2.995732273553991 2.995732273553991
publication 1 1.3862943611198906 1.3862943611198906
qubec 1 3.912023005428146 3.912023005428146
random 1 0.0 0.0
ranking 1 2.207274913189721 2.207274913189721
rate 1 2.407945608651872 2.407945608651872
read 1 0.0 0.0
recent 1 0.0 0.0
recorded 1 1.6607312068216509 1.6607312068216509
reference 1 0.03045920748470844 0.03045920748470844
refimprove 1 3.912023005428146 3.912023005428146
reflist 1 0.06187540371808745 0.06187540371808745
reflistcolumns 1 0.06187540371808745 0.06187540371808745
reg 1 0.0 0.0
registered 1 0.0 0.0
related 1 0.0 0.0
reliable 1 1.9661128563728327 1.9661128563728327
remove 1 1.6607312068216509 1.6607312068216509
removed 1 1.6094379124341003 1.6094379124341003
retrieved 1 0.0 0.0
review 1 1.07880966137193 1.07880966137193
reyhanl 1 4.605170185988092 4.605170185988092
rize 1 4.605170185988092 4.605170185988092
rnak 1 4.605170185988092 4.605170185988092
romanian 1 3.506557897319982 3.506557897319982
rural 1 2.8134107167600364 2.8134107167600364
russian 1 2.120263536200091 2.120263536200091
sakarya 1 4.605170185988092 4.605170185988092
salihli 1 4.605170185988092 4.605170185988092
samanda 1 4.605170185988092 4.605170185988092
samsun 1 4.605170185988092 4.605170185988092
sandkl 1 4.605170185988092 4.605170185988092
sarkam 1 4.605170185988092 4.605170185988092
sayfalarna 1 4.605170185988092 4.605170185988092
saymlarnda 1 4.605170185988092 4.605170185988092
scholar 1 1.7147984280919266 1.7147984280919266
screen 1 0.010050335853501506 0.010050335853501506
search 1 0.0 0.0
second 1 0.49429632181478017 0.49429632181478017
seluk 1 4.605170185988092 4.605170185988092
serbian 1 3.506557897319982 3.506557897319982
settlement 1 2.407945608651872 2.407945608651872
share 1 0.0 0.0
short 1 0.06187540371808745 0.06187540371808745
shortdescription 1 0.2613647641344075 0.2613647641344075
shortened 1 0.0 0.0
sidebar 1 0.0 0.0
sideboxmarginpx 1 1.3862943611198906 1.3862943611198906
sideboxtextpaddingem 1 1.3862943611198906 1.3862943611198906
siirt 1 4.605170185988092 4.605170185988092
siirtl 1 4.605170185988092 4.605170185988092
silifke 1 4.605170185988092 4.605170185988092
silvan 1 4.605170185988092 4.605170185988092
sinop 1 4.605170185988092 4.605170185988092
sistersitebox 1 1.3862943611198906 1.3862943611198906
site 1 0.0 0.0
siva 1 3.912023005428146 3.912023005428146
siverek 1 4.605170185988092 4.605170185988092
ske 1 4.605170185988092 4.605170185988092
skenderun 1 4.605170185988092 4.605170185988092
skilip 1 4.605170185988092 4.605170185988092
slahiye 1 4.605170185988092 4.605170185988092
solid 1 0.09431067947124142 0.09431067947124142
soma 1 3.912023005428146 3.912023005428146
source 1 0.5798184952529422 0.5798184952529422
space 1 1.7719568419318754 1.7719568419318754
spanish 1 1.7719568419318754 1.7719568419318754
speaker 1 2.407945608651872 2.407945608651872
special 1 0.0 0.0
spoken 1 3.2188758248682006 3.2188758248682006
statement 1 0.0 0.0
statistic 1 0.0 0.0
statistik 1 4.605170185988092 4.605170185988092
subsection 1 0.3424903089467759 0.3424903089467759
table 1 0.0 0.0
tablepaleborderpx 1 4.605170185988092 4.605170185988092
tablepalebordertoppx 1 4.605170185988092 4.605170185988092
talk 1 0.0 0.0
tarsus 1 4.605170185988092 4.605170185988092
tatvan 1 4.605170185988092 4.605170185988092
tavanl 1 4.605170185988092 4.605170185988092
taylor 1 1.7719568419318754 1.7719568419318754
tdhlist 1 0.1392620673335076 0.1392620673335076
tekirda 1 4.605170185988092 4.605170185988092
template 1 0.0 0.0
term 1 0.0 0.0
text 1 0.0 0.0
tire 1 3.2188758248682006 3.2188758248682006
toggle 1 0.010050335853501506 0.010050335853501506
tokat 1 4.605170185988092 4.605170185988092
tongue 1 3.2188758248682006 3.2188758248682006
tool 1 0.0 0.0
top 1 0.010050335853501506 0.010050335853501506
topic 1 0.0 0.0
torbal 1 4.605170185988092 4.605170185988092
tosya 1 4.605170185988092 4.605170185988092
total 1 0.0 0.0
trabzon 1 4.605170185988092 4.605170185988092
trademark 1 0.0 0.0
traditional 1 2.302585092994046 2.302585092994046
trke 1 2.207274913189721 2.207274913189721
trkiye 1 4.605170185988092 4.605170185988092
trkiyede 1 4.605170185988092 4.605170185988092
tuikgovtr 1 4.605170185988092 4.605170185988092
tunceli 1 4.605170185988092 4.605170185988092
turgutlu 1 4.605170185988092 4.605170185988092
turhal 1 4.605170185988092 4.605170185988092
turkey 1 2.302585092994046 2.302585092994046
turkish 1 2.5257286443082556 2.5257286443082556
turkishspeaking 1 4.605170185988092 4.605170185988092
uak 1 3.912023005428146 3.912023005428146
ulpaddingem 1 0.1392620673335076 0.1392620673335076
umra 1 4.605170185988092 4.605170185988092
universit 1 3.506557897319982 3.506557897319982
unsourced 1 1.3862943611198906 1.3862943611198906
unstatsunorg 1 4.605170185988092 4.605170185988092
upload 1 0.0 0.0
urban 1 2.120263536200091 2.120263536200091
urfa 1 4.605170185988092 4.605170185988092
use 1 0.0 0.0
using 1 0.0 0.0
ussr 1 4.605170185988092 4.605170185988092
utc 1 0.0 0.0
uzunkpr 1 4.605170185988092 4.605170185988092
van 1 1.7147984280919266 1.7147984280919266
var 1 0.0 0.0
verification 1 2.120263536200091 2.120263536200091
version 1 0.0 0.0
view 1 0.0 0.0
viranehir 1 4.605170185988092 4.605170185988092
vol 1 1.5606477482646683 1.5606477482646683
web 1 1.4696759700589417 1.4696759700589417
wikidata 1 0.010050335853501506 0.010050335853501506
wikimedia 1 0.0 0.0
wikipedia 1 0.0 0.0
woman 1 1.171182981502945 1.171182981502945
world 1 0.5108256237659907 0.5108256237659907
yahyal 1 4.605170185988092 4.605170185988092
yalova 1 4.605170185988092 4.605170185988092
yalva 1 4.605170185988092 4.605170185988092
year 1 0.3424903089467759 0.3424903089467759
yearbook 1 3.506557897319982 3.506557897319982
yeniehir 1 4.605170185988092 4.605170185988092
yerky 1 4.605170185988092 4.605170185988092
yozgat 1 4.605170185988092 4.605170185988092
zaza 1 4.605170185988092 4.605170185988092
zazaki 1 4.605170185988092 4.605170185988092
zazaspeaking 1 4.605170185988092 4.605170185988092
zile 1 4.605170185988092 4.605170185988092
zmir 1 3.912023005428146 3.912023005428146
zmit 1 4.605170185988092 4.605170185988092
zonguldak 1 4.605170185988092 4.605170185988092
zonguldakm 1 4.605170185988092 4.605170185988092
