abbott 1 2.995732273553991 2.995732273553991
abdominal 1 4.605170185988092 4.605170185988092
ability 1 2.302585092994046 2.302585092994046
able 1 1.7719568419318754 1.7719568419318754
abounding 1 4.605170185988092 4.605170185988092
abraham 1 3.506557897319982 3.506557897319982
abram 1 3.912023005428146 3.912023005428146
abrams 1 4.605170185988092 4.605170185988092
abroad 1 3.2188758248682006 3.2188758248682006
absence 1 3.506557897319982 3.506557897319982
academic 1 1.8971199848858813 1.8971199848858813
academy 1 1.8325814637483102 1.8325814637483102
accepted 1 2.207274913189721 2.207274913189721
accepting 1 3.2188758248682006 3.2188758248682006
accessible 1 3.912023005428146 3.912023005428146
according 1 1.3093333199837622 1.3093333199837622
account 1 0.0 0.0
achrafieh 1 4.605170185988092 4.605170185988092
ackerman 1 4.605170185988092 4.605170185988092
acre 1 2.995732273553991 2.995732273553991
across 1 1.8325814637483102 1.8325814637483102
act 1 1.3470736479666094 1.3470736479666094
action 1 0.0 0.0
active 1 2.0402208285265546 2.0402208285265546
activism 1 4.605170185988092 4.605170185988092
activity 1 1.8325814637483102 1.8325814637483102
ada 1 3.2188758248682006 3.2188758248682006
adamsville 1 4.605170185988092 4.605170185988092
add 1 0.0 0.0
addition 1 1.3862943611198906 1.3862943611198906
additional 1 0.0 0.0
address 1 2.8134107167600364 2.8134107167600364
adelphi 1 3.912023005428146 3.912023005428146
administration 1 2.120263536200091 2.120263536200091
advancement 1 4.605170185988092 4.605170185988092
advised 1 3.912023005428146 3.912023005428146
affiliated 1 2.995732273553991 2.995732273553991
africa 1 2.5257286443082556 2.5257286443082556
african 1 2.659260036932778 2.659260036932778
age 1 0.7985076962177716 0.7985076962177716
aged 1 2.120263536200091 2.120263536200091
agree 1 0.0 0.0
agreeing 1 3.506557897319982 3.506557897319982
aided 1 2.995732273553991 2.995732273553991
aim 1 2.8134107167600364 2.8134107167600364
alaka 1 3.912023005428146 3.912023005428146
alameda 1 3.506557897319982 3.506557897319982
alexander 1 1.5141277326297755 1.5141277326297755
alfred 1 2.5257286443082556 2.5257286443082556
alice 1 3.2188758248682006 3.2188758248682006
alien 1 2.8134107167600364 2.8134107167600364
alike 1 0.0 0.0
alison 1 4.605170185988092 4.605170185988092
allenhurst 1 4.605170185988092 4.605170185988092
alliance 1 1.8971199848858813 1.8971199848858813
allocated 1 3.506557897319982 3.506557897319982
allow 1 2.207274913189721 2.207274913189721
allowed 1 1.7719568419318754 1.7719568419318754
almanac 1 3.506557897319982 3.506557897319982
almost 1 1.7147984280919266 1.7147984280919266
alred 1 4.605170185988092 4.605170185988092
also 1 0.127833371509885 0.127833371509885
altar 1 3.506557897319982 3.506557897319982
alumnus 1 2.207274913189721 2.207274913189721
america 1 0.8675005677047231 0.8675005677047231
american 1 0.5276327420823719 0.5276327420823719
americana 1 3.912023005428146 3.912023005428146
among 1 1.2378743560016172 1.2378743560016172
amount 1 2.5257286443082556 2.5257286443082556
amp 1 0.4620354595965586 0.4620354595965586
amy 1 2.659260036932778 2.659260036932778
ancestryca 1 4.605170185988092 4.605170185988092
ancestrycom 1 3.912023005428146 3.912023005428146
angell 1 4.605170185988092 4.605170185988092
anguish 1 3.912023005428146 3.912023005428146
anna 1 2.302585092994046 2.302585092994046
annie 1 2.995732273553991 2.995732273553991
annual 1 1.6607312068216509 1.6607312068216509
anointed 1 3.912023005428146 3.912023005428146
another 1 0.9675840262617057 0.9675840262617057
anson 1 3.506557897319982 3.506557897319982
answer 1 2.659260036932778 2.659260036932778
anti 1 2.207274913189721 2.207274913189721
antiapartheid 1 3.912023005428146 3.912023005428146
apartheid 1 3.2188758248682006 3.2188758248682006
apatheid 1 4.605170185988092 4.605170185988092
apca 1 4.605170185988092 4.605170185988092
apcas 1 4.605170185988092 4.605170185988092
appearance 1 0.0 0.0
apple 1 2.659260036932778 2.659260036932778
application 1 2.0402208285265546 2.0402208285265546
apply 1 0.0 0.0
appreciated 1 3.912023005428146 3.912023005428146
april 1 0.44628710262841953 0.44628710262841953
arcadia 1 3.912023005428146 3.912023005428146
archive 1 1.6094379124341003 1.6094379124341003
archived 1 0.47803580094299974 0.47803580094299974
area 1 1.2729656758128876 1.2729656758128876
army 1 1.6094379124341003 1.6094379124341003
around 1 1.0216512475319812 1.0216512475319812
arrested 1 2.8134107167600364 2.8134107167600364
arrival 1 2.5257286443082556 2.5257286443082556
art 1 1.2039728043259361 1.2039728043259361
article 1 0.0 0.0
artikeln 1 4.605170185988092 4.605170185988092
asbury 1 3.912023005428146 3.912023005428146
asia 1 2.407945608651872 2.407945608651872
asked 1 2.120263536200091 2.120263536200091
assembly 1 2.0402208285265546 2.0402208285265546
assigned 1 2.659260036932778 2.659260036932778
assisted 1 2.995732273553991 2.995732273553991
association 1 1.1394342831883648 1.1394342831883648
atlanta 1 2.207274913189721 2.207274913189721
atlantic 1 2.207274913189721 2.207274913189721
attend 1 3.2188758248682006 3.2188758248682006
attended 1 2.120263536200091 2.120263536200091
attending 1 2.8134107167600364 2.8134107167600364
attention 1 2.302585092994046 2.302585092994046
attribution 1 0.0 0.0
audible 1 4.605170185988092 4.605170185988092
auflage 1 4.605170185988092 4.605170185988092
aug 1 2.5257286443082556 2.5257286443082556
august 1 0.3424903089467759 0.3424903089467759
authority 1 0.8915981192837835 0.8915981192837835
authoritycontrol 1 2.5257286443082556 2.5257286443082556
autiobiography 1 4.605170185988092 4.605170185988092
auto 1 0.1392620673335076 0.1392620673335076
autobiography 1 3.2188758248682006 3.2188758248682006
automatically 1 4.605170185988092 4.605170185988092
auxiliary 1 3.2188758248682006 3.2188758248682006
available 1 0.0 0.0
avenue 1 2.659260036932778 2.659260036932778
awakened 1 3.912023005428146 3.912023005428146
away 1 1.5606477482646683 1.5606477482646683
axle 1 3.912023005428146 3.912023005428146
baby 1 2.407945608651872 2.407945608651872
back 1 1.0216512475319812 1.0216512475319812
backdrop 1 3.912023005428146 3.912023005428146
balance 1 2.5257286443082556 2.5257286443082556
baldwin 1 2.995732273553991 2.995732273553991
baltimore 1 2.302585092994046 2.302585092994046
bamboo 1 3.912023005428146 3.912023005428146
bank 1 2.0402208285265546 2.0402208285265546
baptism 1 3.2188758248682006 3.2188758248682006
baptized 1 3.912023005428146 3.912023005428146
bare 1 3.506557897319982 3.506557897319982
barre 1 3.912023005428146 3.912023005428146
basil 1 4.605170185988092 4.605170185988092
battle 1 1.3862943611198906 1.3862943611198906
beach 1 2.407945608651872 2.407945608651872
beacon 1 3.2188758248682006 3.2188758248682006
beautiful 1 2.120263536200091 2.120263536200091
became 1 0.7133498878774648 0.7133498878774648
become 1 1.2378743560016172 1.2378743560016172
becomes 1 2.0402208285265546 2.0402208285265546
becoming 1 1.8971199848858813 1.8971199848858813
bed 1 2.659260036932778 2.659260036932778
bedridden 1 4.605170185988092 4.605170185988092
began 1 0.8675005677047231 0.8675005677047231
beirut 1 4.605170185988092 4.605170185988092
belief 1 2.5257286443082556 2.5257286443082556
believe 1 2.302585092994046 2.302585092994046
believed 1 2.120263536200091 2.120263536200091
believeth 1 4.605170185988092 4.605170185988092
believing 1 3.506557897319982 3.506557897319982
belize 1 3.912023005428146 3.912023005428146
beloved 1 3.506557897319982 3.506557897319982
benefit 1 2.5257286443082556 2.5257286443082556
benguet 1 4.605170185988092 4.605170185988092
benque 1 4.605170185988092 4.605170185988092
better 1 1.8971199848858813 1.8971199848858813
beverly 1 3.912023005428146 3.912023005428146
bible 1 3.2188758248682006 3.2188758248682006
bicentennial 1 3.912023005428146 3.912023005428146
billie 1 3.912023005428146 3.912023005428146
biographical 1 2.659260036932778 2.659260036932778
biography 1 1.6607312068216509 1.6607312068216509
biology 1 2.995732273553991 2.995732273553991
bird 1 2.659260036932778 2.659260036932778
birth 1 1.1394342831883648 1.1394342831883648
birthday 1 3.506557897319982 3.506557897319982
black 1 0.8915981192837835 0.8915981192837835
blackest 1 4.605170185988092 4.605170185988092
blacksmith 1 3.912023005428146 3.912023005428146
blessing 1 3.912023005428146 3.912023005428146
blotted 1 4.605170185988092 4.605170185988092
board 1 1.5606477482646683 1.5606477482646683
body 1 1.4271163556401458 1.4271163556401458
boldness 1 4.605170185988092 4.605170185988092
bone 1 2.995732273553991 2.995732273553991
book 1 0.6348782724359695 0.6348782724359695
born 1 1.1394342831883648 1.1394342831883648
borough 1 3.912023005428146 3.912023005428146
borrowed 1 4.605170185988092 4.605170185988092
boston 1 1.7719568419318754 1.7719568419318754
bought 1 2.995732273553991 2.995732273553991
boy 1 1.8325814637483102 1.8325814637483102
boycott 1 3.2188758248682006 3.2188758248682006
bremersdorp 1 4.605170185988092 4.605170185988092
bresee 1 4.605170185988092 4.605170185988092
briarcliff 1 4.605170185988092 4.605170185988092
bride 1 2.8134107167600364 2.8134107167600364
brief 1 2.407945608651872 2.407945608651872
bring 1 1.8971199848858813 1.8971199848858813
brings 1 3.2188758248682006 3.2188758248682006
british 1 1.5606477482646683 1.5606477482646683
broadcasting 1 2.659260036932778 2.659260036932778
broke 1 2.8134107167600364 2.8134107167600364
brome 1 4.605170185988092 4.605170185988092
bromiley 1 4.605170185988092 4.605170185988092
bronze 1 2.995732273553991 2.995732273553991
brooklyn 1 3.506557897319982 3.506557897319982
brown 1 1.6607312068216509 1.6607312068216509
brseparatedentries 1 2.995732273553991 2.995732273553991
bud 1 3.2188758248682006 3.2188758248682006
build 1 2.120263536200091 2.120263536200091
building 1 1.6607312068216509 1.6607312068216509
built 1 1.6607312068216509 1.6607312068216509
bulletin 1 2.5257286443082556 2.5257286443082556
bungalow 1 4.605170185988092 4.605170185988092
burden 1 3.912023005428146 3.912023005428146
buried 1 2.659260036932778 2.659260036932778
burn 1 2.302585092994046 2.302585092994046
burrow 1 4.605170185988092 4.605170185988092
business 1 1.6094379124341003 1.6094379124341003
businessman 1 2.659260036932778 2.659260036932778
cable 1 2.995732273553991 2.995732273553991
california 1 1.4696759700589417 1.4696759700589417
call 1 1.7719568419318754 1.7719568419318754
called 1 0.8209805520698303 0.8209805520698303
calling 1 2.407945608651872 2.407945608651872
came 1 1.6094379124341003 1.6094379124341003
camp 1 2.120263536200091 2.120263536200091
campaign 1 1.6607312068216509 1.6607312068216509
campaigning 1 4.605170185988092 4.605170185988092
canada 1 1.4696759700589417 1.4696759700589417
canadian 1 1.9661128563728327 1.9661128563728327
cancer 1 2.659260036932778 2.659260036932778
capacity 1 2.659260036932778 2.659260036932778
car 1 1.7147984280919266 1.7147984280919266
card 1 1.7147984280919266 1.7147984280919266
care 1 2.120263536200091 2.120263536200091
carmel 1 3.912023005428146 3.912023005428146
carmelbythe 1 4.605170185988092 4.605170185988092
carmen 1 3.912023005428146 3.912023005428146
carnal 1 4.605170185988092 4.605170185988092
carradine 1 4.605170185988092 4.605170185988092
cast 1 1.8971199848858813 1.8971199848858813
cat 1 1.5606477482646683 1.5606477482646683
catalog 1 3.2188758248682006 3.2188758248682006
category 1 0.0 0.0
cause 1 2.0402208285265546 2.0402208285265546
caused 1 2.407945608651872 2.407945608651872
ccile 1 3.912023005428146 3.912023005428146
ccilede 1 4.605170185988092 4.605170185988092
ceased 1 3.506557897319982 3.506557897319982
celebrate 1 3.506557897319982 3.506557897319982
celebrates 1 3.506557897319982 3.506557897319982
cemetery 1 2.995732273553991 2.995732273553991
censor 1 4.605170185988092 4.605170185988092
census 1 2.995732273553991 2.995732273553991
centennial 1 4.605170185988092 4.605170185988092
center 1 1.171182981502945 1.171182981502945
centerpx 1 0.0408219945202552 0.0408219945202552
central 1 1.07880966137193 1.07880966137193
centre 1 2.0402208285265546 2.0402208285265546
century 1 1.3470736479666094 1.3470736479666094
centuryold 1 4.605170185988092 4.605170185988092
ceremony 1 2.302585092994046 2.302585092994046
certificate 1 3.506557897319982 3.506557897319982
chairman 1 1.8325814637483102 1.8325814637483102
change 1 0.0 0.0
changed 1 1.6607312068216509 1.6607312068216509
chapel 1 2.995732273553991 2.995732273553991
chapter 1 1.9661128563728327 1.9661128563728327
charles 1 1.171182981502945 1.171182981502945
chauncey 1 4.605170185988092 4.605170185988092
child 1 1.07880966137193 1.07880966137193
childhood 1 2.8134107167600364 2.8134107167600364
childrens 1 2.207274913189721 2.207274913189721
chiloquin 1 4.605170185988092 4.605170185988092
china 1 2.0402208285265546 2.0402208285265546
chosen 1 2.995732273553991 2.995732273553991
christ 1 2.8134107167600364 2.8134107167600364
christened 1 3.912023005428146 3.912023005428146
christian 1 1.4696759700589417 1.4696759700589417
christianity 1 2.659260036932778 2.659260036932778
chteauguay 1 4.605170185988092 4.605170185988092
church 1 1.6607312068216509 1.6607312068216509
circumstance 1 3.2188758248682006 3.2188758248682006
citation 1 0.0408219945202552 0.0408219945202552
cite 1 0.0 0.0
citeweb 1 0.5447271754416719 0.5447271754416719
city 1 0.6348782724359695 0.6348782724359695
claimed 1 2.207274913189721 2.207274913189721
clarence 1 3.2188758248682006 3.2188758248682006
cleansed 1 4.605170185988092 4.605170185988092
clergy 1 3.506557897319982 3.506557897319982
clergyman 1 4.605170185988092 4.605170185988092
cleveland 1 2.0402208285265546 2.0402208285265546
clifford 1 2.5257286443082556 2.5257286443082556
clifton 1 3.912023005428146 3.912023005428146
cliftondale 1 4.605170185988092 4.605170185988092
clinic 1 3.2188758248682006 3.2188758248682006
clintondale 1 4.605170185988092 4.605170185988092
closed 1 2.207274913189721 2.207274913189721
closer 1 3.506557897319982 3.506557897319982
cloud 1 3.2188758248682006 3.2188758248682006
coast 1 2.207274913189721 2.207274913189721
code 1 0.0 0.0
cogley 1 4.605170185988092 4.605170185988092
collection 1 1.8971199848858813 1.8971199848858813
college 1 1.1394342831883648 1.1394342831883648
collier 1 3.2188758248682006 3.2188758248682006
colonial 1 2.5257286443082556 2.5257286443082556
colonialism 1 3.912023005428146 3.912023005428146
colony 1 2.8134107167600364 2.8134107167600364
colt 1 3.506557897319982 3.506557897319982
columbia 1 2.207274913189721 2.207274913189721
comfort 1 3.2188758248682006 3.2188758248682006
coming 1 1.7719568419318754 1.7719568419318754
commander 1 2.120263536200091 2.120263536200091
commandest 1 4.605170185988092 4.605170185988092
committee 1 1.6607312068216509 1.6607312068216509
common 1 0.0 0.0
community 1 1.6094379124341003 1.6094379124341003
comp 1 4.605170185988092 4.605170185988092
companion 1 2.407945608651872 2.407945608651872
company 1 1.2729656758128876 1.2729656758128876
compassionate 1 4.605170185988092 4.605170185988092
complete 1 1.8325814637483102 1.8325814637483102
compound 1 3.2188758248682006 3.2188758248682006
comprehensive 1 2.8134107167600364 2.8134107167600364
conclusion 1 2.8134107167600364 2.8134107167600364
conduct 1 0.0 0.0
conducted 1 2.5257286443082556 2.5257286443082556
conducting 1 2.995732273553991 2.995732273553991
conference 1 1.3862943611198906 1.3862943611198906
confirmed 1 2.207274913189721 2.207274913189721
congregation 1 3.2188758248682006 3.2188758248682006
congress 1 1.7147984280919266 1.7147984280919266
connecticut 1 2.207274913189721 2.207274913189721
conscious 1 3.912023005428146 3.912023005428146
consecration 1 3.506557897319982 3.506557897319982
consequence 1 2.8134107167600364 2.8134107167600364
consequently 1 3.2188758248682006 3.2188758248682006
consistent 1 2.8134107167600364 2.8134107167600364
consolidation 1 3.912023005428146 3.912023005428146
construct 1 2.8134107167600364 2.8134107167600364
constructed 1 3.506557897319982 3.506557897319982
construction 1 1.8325814637483102 1.8325814637483102
contact 1 0.0 0.0
content 1 0.0 0.0
context 1 0.010050335853501506 0.010050335853501506
continued 1 1.5141277326297755 1.5141277326297755
contribute 1 0.0 0.0
contributed 1 2.5257286443082556 2.5257286443082556
contribution 1 0.0 0.0
control 1 0.7765287894989963 0.7765287894989963
convention 1 2.995732273553991 2.995732273553991
conversion 1 3.506557897319982 3.506557897319982
convert 1 2.8134107167600364 2.8134107167600364
converted 1 3.2188758248682006 3.2188758248682006
conviction 1 2.995732273553991 2.995732273553991
cookie 1 0.0 0.0
cookiematch 1 0.0 0.0
cooley 1 3.2188758248682006 3.2188758248682006
copastors 1 4.605170185988092 4.605170185988092
coppet 1 4.605170185988092 4.605170185988092
copy 1 1.9661128563728327 1.9661128563728327
corlett 1 4.605170185988092 4.605170185988092
corlies 1 4.605170185988092 4.605170185988092
corner 1 4.605170185988092 4.605170185988092
cornwall 1 4.605170185988092 4.605170185988092
corporate 1 3.2188758248682006 3.2188758248682006
corporation 1 1.8971199848858813 1.8971199848858813
cost 1 2.0402208285265546 2.0402208285265546
cottage 1 3.912023005428146 3.912023005428146
could 1 1.2378743560016172 1.2378743560016172
counterlistitema 1 0.127833371509885 0.127833371509885
country 1 0.843970070294529 0.843970070294529
county 1 1.6607312068216509 1.6607312068216509
couple 1 2.659260036932778 2.659260036932778
cousin 1 3.2188758248682006 3.2188758248682006
cover 1 1.6094379124341003 1.6094379124341003
create 1 0.0 0.0
creative 1 0.0 0.0
creature 1 2.659260036932778 2.659260036932778
creed 1 3.506557897319982 3.506557897319982
crippled 1 4.605170185988092 4.605170185988092
crisis 1 2.302585092994046 2.302585092994046
crop 1 4.605170185988092 4.605170185988092
cross 1 1.8325814637483102 1.8325814637483102
cry 1 2.302585092994046 2.302585092994046
csmaintcolorf 1 0.06187540371808745 0.06187540371808745
csmaintcolorfmedia 1 0.0408219945202552 0.0408219945202552
cswsicon 1 0.0408219945202552 0.0408219945202552
cunningham 1 3.506557897319982 3.506557897319982
current 1 0.0 0.0
curtain 1 3.506557897319982 3.506557897319982
cyclopaedia 1 3.912023005428146 3.912023005428146
daily 1 1.4271163556401458 1.4271163556401458
daming 1 4.605170185988092 4.605170185988092
dannald 1 4.605170185988092 4.605170185988092
dark 1 2.207274913189721 2.207274913189721
darkness 1 3.912023005428146 3.912023005428146
data 1 1.3862943611198906 1.3862943611198906
database 1 0.9675840262617057 0.9675840262617057
date 1 0.3147107448397002 0.3147107448397002
daughter 1 1.5141277326297755 1.5141277326297755
david 1 0.9942522733438669 0.9942522733438669
dawn 1 2.659260036932778 2.659260036932778
day 1 0.5276327420823719 0.5276327420823719
death 1 1.171182981502945 1.171182981502945
debilitating 1 4.605170185988092 4.605170185988092
deceased 1 2.995732273553991 2.995732273553991
december 1 0.37106368139083196 0.37106368139083196
decide 1 2.995732273553991 2.995732273553991
decided 1 2.120263536200091 2.120263536200091
deciding 1 2.995732273553991 2.995732273553991
dedicated 1 2.407945608651872 2.407945608651872
dedication 1 3.506557897319982 3.506557897319982
deepened 1 4.605170185988092 4.605170185988092
deeper 1 3.506557897319982 3.506557897319982
deeply 1 3.912023005428146 3.912023005428146
defense 1 1.7719568419318754 1.7719568419318754
definitely 1 3.506557897319982 3.506557897319982
degree 1 1.7719568419318754 1.7719568419318754
deissler 1 4.605170185988092 4.605170185988092
deisslers 1 4.605170185988092 4.605170185988092
del 1 2.302585092994046 2.302585092994046
delegate 1 3.506557897319982 3.506557897319982
delivers 1 3.912023005428146 3.912023005428146
democracy 1 2.302585092994046 2.302585092994046
denomination 1 3.506557897319982 3.506557897319982
department 1 1.7719568419318754 1.7719568419318754
departure 1 2.995732273553991 2.995732273553991
deportation 1 4.605170185988092 4.605170185988092
deported 1 3.506557897319982 3.506557897319982
depressed 1 4.605170185988092 4.605170185988092
described 1 1.5141277326297755 1.5141277326297755
description 1 0.07257069283483537 0.07257069283483537
desired 1 3.2188758248682006 3.2188758248682006
despite 1 1.1394342831883648 1.1394342831883648
destroyed 1 2.302585092994046 2.302585092994046
developer 1 0.0 0.0
development 1 1.3093333199837622 1.3093333199837622
devil 1 2.207274913189721 2.207274913189721
devote 1 3.912023005428146 3.912023005428146
devoted 1 3.2188758248682006 3.2188758248682006
diagnosed 1 3.506557897319982 3.506557897319982
dictionary 1 2.407945608651872 2.407945608651872
died 1 1.3093333199837622 1.3093333199837622
different 1 0.3424903089467759 0.3424903089467759
digital 1 1.9661128563728327 1.9661128563728327
dim 1 4.605170185988092 4.605170185988092
directly 1 2.659260036932778 2.659260036932778
director 1 1.4271163556401458 1.4271163556401458
disclaimer 1 0.0 0.0
disease 1 2.5257286443082556 2.5257286443082556
displeasure 1 3.912023005428146 3.912023005428146
dissertation 1 3.506557897319982 3.506557897319982
district 1 1.4271163556401458 1.4271163556401458
divorced 1 3.506557897319982 3.506557897319982
doctor 1 1.6607312068216509 1.6607312068216509
doctrine 1 2.8134107167600364 2.8134107167600364
dollar 1 2.995732273553991 2.995732273553991
donate 1 0.0 0.0
donated 1 3.506557897319982 3.506557897319982
donates 1 3.912023005428146 3.912023005428146
donating 1 3.912023005428146 3.912023005428146
donation 1 3.506557897319982 3.506557897319982
donor 1 3.506557897319982 3.506557897319982
door 1 2.5257286443082556 2.5257286443082556
doubt 1 2.995732273553991 2.995732273553991
download 1 0.0 0.0
draper 1 3.912023005428146 3.912023005428146
dream 1 2.0402208285265546 2.0402208285265546
dreaming 1 3.912023005428146 3.912023005428146
dressmaker 1 4.605170185988092 4.605170185988092
drogenschtiger 1 4.605170185988092 4.605170185988092
drouin 1 3.912023005428146 3.912023005428146
dtaftercontent 1 0.127833371509885 0.127833371509885
dunham 1 3.912023005428146 3.912023005428146
dy 1 2.5257286443082556 2.5257286443082556
eagle 1 1.9661128563728327 1.9661128563728327
earlier 1 1.8971199848858813 1.8971199848858813
early 1 0.6348782724359695 0.6348782724359695
earnestly 1 4.605170185988092 4.605170185988092
east 1 1.0498221244986776 1.0498221244986776
eatontown 1 4.605170185988092 4.605170185988092
economic 1 1.7719568419318754 1.7719568419318754
edgar 1 2.659260036932778 2.659260036932778
education 1 1.3470736479666094 1.3470736479666094
educational 1 2.5257286443082556 2.5257286443082556
edward 1 1.5606477482646683 1.5606477482646683
edwin 1 2.5257286443082556 2.5257286443082556
eerdmans 1 4.605170185988092 4.605170185988092
effort 1 1.5141277326297755 1.5141277326297755
ein 1 3.506557897319982 3.506557897319982
elder 1 2.8134107167600364 2.8134107167600364
elect 1 2.659260036932778 2.659260036932778
elected 1 1.9661128563728327 1.9661128563728327
electric 1 2.995732273553991 2.995732273553991
eleven 1 2.207274913189721 2.207274913189721
elkton 1 4.605170185988092 4.605170185988092
ellyson 1 4.605170185988092 4.605170185988092
ely 1 3.912023005428146 3.912023005428146
embracing 1 4.605170185988092 4.605170185988092
emerging 1 3.506557897319982 3.506557897319982
emily 1 2.8134107167600364 2.8134107167600364
emma 1 2.8134107167600364 2.8134107167600364
emotion 1 3.2188758248682006 3.2188758248682006
emphasis 1 3.506557897319982 3.506557897319982
emphasized 1 2.995732273553991 2.995732273553991
employed 1 3.2188758248682006 3.2188758248682006
encounter 1 3.506557897319982 3.506557897319982
encyclopedia 1 0.0 0.0
end 1 0.7985076962177716 0.7985076962177716
endeavor 1 4.605170185988092 4.605170185988092
endeavour 1 4.605170185988092 4.605170185988092
endow 1 4.605170185988092 4.605170185988092
enemy 1 2.8134107167600364 2.8134107167600364
energy 1 1.6607312068216509 1.6607312068216509
england 1 1.6607312068216509 1.6607312068216509
english 1 0.0 0.0
enlarged 1 3.506557897319982 3.506557897319982
enough 1 2.207274913189721 2.207274913189721
enrolled 1 2.995732273553991 2.995732273553991
enrolment 1 4.605170185988092 4.605170185988092
enterprise 1 2.5257286443082556 2.5257286443082556
entire 1 2.0402208285265546 2.0402208285265546
entirely 1 2.407945608651872 2.407945608651872
enumeration 1 3.912023005428146 3.912023005428146
episcopal 1 3.506557897319982 3.506557897319982
episcopalian 1 3.912023005428146 3.912023005428146
equivalent 1 2.8134107167600364 2.8134107167600364
erection 1 4.605170185988092 4.605170185988092
erwin 1 3.912023005428146 3.912023005428146
escalating 1 4.605170185988092 4.605170185988092
esley 1 4.605170185988092 4.605170185988092
establish 1 2.8134107167600364 2.8134107167600364
established 1 1.1086626245216111 1.1086626245216111
estate 1 2.120263536200091 2.120263536200091
eternal 1 2.995732273553991 2.995732273553991
evangelical 1 3.506557897319982 3.506557897319982
evangelism 1 3.912023005428146 3.912023005428146
evangelist 1 4.605170185988092 4.605170185988092
evangelistic 1 4.605170185988092 4.605170185988092
evans 1 2.207274913189721 2.207274913189721
even 1 1.1394342831883648 1.1394342831883648
event 1 0.0 0.0
eventually 1 1.9661128563728327 1.9661128563728327
everett 1 3.506557897319982 3.506557897319982
every 1 1.4271163556401458 1.4271163556401458
everything 1 2.659260036932778 2.659260036932778
example 1 1.8325814637483102 1.8325814637483102
excluded 1 3.912023005428146 3.912023005428146
excluding 1 3.912023005428146 3.912023005428146
exclusion 1 4.605170185988092 4.605170185988092
executive 1 1.8325814637483102 1.8325814637483102
exp 1 0.0 0.0
expanded 1 2.659260036932778 2.659260036932778
expansion 1 2.0402208285265546 2.0402208285265546
expense 1 3.506557897319982 3.506557897319982
experience 1 1.8325814637483102 1.8325814637483102
experienced 1 2.659260036932778 2.659260036932778
extensively 1 3.2188758248682006 3.2188758248682006
ezekiel 1 4.605170185988092 4.605170185988092
fabulous 1 3.912023005428146 3.912023005428146
face 1 1.9661128563728327 1.9661128563728327
facilitate 1 3.912023005428146 3.912023005428146
facility 1 2.407945608651872 2.407945608651872
factor 1 2.5257286443082556 2.5257286443082556
fahlbusch 1 4.605170185988092 4.605170185988092
faith 1 1.9661128563728327 1.9661128563728327
fall 1 1.07880966137193 1.07880966137193
falling 1 2.8134107167600364 2.8134107167600364
family 1 0.9162907318741551 0.9162907318741551
far 1 1.6607312068216509 1.6607312068216509
farland 1 3.2188758248682006 3.2188758248682006
farm 1 2.659260036932778 2.659260036932778
farmer 1 2.659260036932778 2.659260036932778
farnham 1 3.912023005428146 3.912023005428146
fastgrowing 1 3.912023005428146 3.912023005428146
father 1 1.3093333199837622 1.3093333199837622
fear 1 2.659260036932778 2.659260036932778
february 1 0.27443684570176036 0.27443684570176036
federal 1 1.8971199848858813 1.8971199848858813
fellow 1 2.120263536200091 2.120263536200091
felt 1 2.302585092994046 2.302585092994046
feminism 1 3.912023005428146 3.912023005428146
ferguson 1 2.995732273553991 2.995732273553991
fever 1 3.506557897319982 3.506557897319982
field 1 1.0498221244986776 1.0498221244986776
fifteen 1 3.506557897319982 3.506557897319982
fifty 1 4.605170185988092 4.605170185988092
fiftythird 1 4.605170185988092 4.605170185988092
file 1 0.0 0.0
filled 1 2.995732273553991 2.995732273553991
finally 1 1.8971199848858813 1.8971199848858813
finance 1 2.302585092994046 2.302585092994046
financed 1 4.605170185988092 4.605170185988092
financial 1 1.8325814637483102 1.8325814637483102
financially 1 4.605170185988092 4.605170185988092
finda 1 4.605170185988092 4.605170185988092
finding 1 1.9661128563728327 1.9661128563728327
fire 1 1.7147984280919266 1.7147984280919266
first 1 0.1508228897345837 0.1508228897345837
fishing 1 3.912023005428146 3.912023005428146
fitkin 1 4.605170185988092 4.605170185988092
fitkins 1 4.605170185988092 4.605170185988092
five 1 1.0216512475319812 1.0216512475319812
fivestory 1 4.605170185988092 4.605170185988092
fled 1 3.912023005428146 3.912023005428146
flesh 1 2.995732273553991 2.995732273553991
fln 1 4.605170185988092 4.605170185988092
flooded 1 3.912023005428146 3.912023005428146
floor 1 2.207274913189721 2.207274913189721
florida 1 1.9661128563728327 1.9661128563728327
floyd 1 2.8134107167600364 2.8134107167600364
flyleaf 1 4.605170185988092 4.605170185988092
followed 1 1.3093333199837622 1.3093333199837622
follows 1 2.302585092994046 2.302585092994046
food 1 1.9661128563728327 1.9661128563728327
foreign 1 1.8971199848858813 1.8971199848858813
foreman 1 4.605170185988092 4.605170185988092
forever 1 3.506557897319982 3.506557897319982
forgiven 1 4.605170185988092 4.605170185988092
form 1 1.3470736479666094 1.3470736479666094
formally 1 2.8134107167600364 2.8134107167600364
format 1 2.5257286443082556 2.5257286443082556
formative 1 4.605170185988092 4.605170185988092
former 1 0.9675840262617057 0.9675840262617057
formerly 1 1.8325814637483102 1.8325814637483102
forsook 1 4.605170185988092 4.605170185988092
forth 1 3.2188758248682006 3.2188758248682006
fortune 1 2.302585092994046 2.302585092994046
foster 1 2.207274913189721 2.207274913189721
found 1 1.2039728043259361 1.2039728043259361
foundation 1 0.0 0.0
founded 1 1.7147984280919266 1.7147984280919266
founder 1 1.8971199848858813 1.8971199848858813
founding 1 2.302585092994046 2.302585092994046
four 1 0.7985076962177716 0.7985076962177716
fourth 1 1.4696759700589417 1.4696759700589417
francis 1 1.6607312068216509 1.6607312068216509
fred 1 2.5257286443082556 2.5257286443082556
free 1 0.0 0.0
freehold 1 4.605170185988092 4.605170185988092
friend 1 1.3470736479666094 1.3470736479666094
fruit 1 2.8134107167600364 2.8134107167600364
full 1 1.1086626245216111 1.1086626245216111
fund 1 2.407945608651872 2.407945608651872
funded 1 3.2188758248682006 3.2188758248682006
future 1 1.6607312068216509 1.6607312068216509
gabriel 1 2.659260036932778 2.659260036932778
gabrielan 1 4.605170185988092 4.605170185988092
gallery 1 2.659260036932778 2.659260036932778
garden 1 2.407945608651872 2.407945608651872
gas 1 3.2188758248682006 3.2188758248682006
gate 1 2.5257286443082556 2.5257286443082556
gateway 1 3.2188758248682006 3.2188758248682006
gathered 1 4.605170185988092 4.605170185988092
gave 1 1.5606477482646683 1.5606477482646683
gedanken 1 4.605170185988092 4.605170185988092
genealogical 1 4.605170185988092 4.605170185988092
genealogy 1 3.506557897319982 3.506557897319982
general 1 0.0 0.0
generosity 1 3.912023005428146 3.912023005428146
generous 1 3.912023005428146 3.912023005428146
geoffrey 1 3.2188758248682006 3.2188758248682006
george 1 1.07880966137193 1.07880966137193
gerard 1 3.2188758248682006 3.2188758248682006
german 1 1.7147984280919266 1.7147984280919266
germany 1 1.4271163556401458 1.4271163556401458
get 1 0.0 0.0
ghost 1 2.302585092994046 2.302585092994046
gift 1 2.8134107167600364 2.8134107167600364
girl 1 1.7719568419318754 1.7719568419318754
give 1 1.5141277326297755 1.5141277326297755
given 1 1.2378743560016172 1.2378743560016172
givest 1 4.605170185988092 4.605170185988092
gladly 1 4.605170185988092 4.605170185988092
gladness 1 3.912023005428146 3.912023005428146
gladys 1 4.605170185988092 4.605170185988092
globe 1 2.995732273553991 2.995732273553991
glossolalic 1 4.605170185988092 4.605170185988092
gnalogique 1 4.605170185988092 4.605170185988092
goal 1 1.8971199848858813 1.8971199848858813
god 1 2.207274913189721 2.207274913189721
going 1 1.8325814637483102 1.8325814637483102
good 1 1.3093333199837622 1.3093333199837622
goodness 1 4.605170185988092 4.605170185988092
gospel 1 3.506557897319982 3.506557897319982
government 1 1.1086626245216111 1.1086626245216111
grace 1 2.407945608651872 2.407945608651872
gracious 1 4.605170185988092 4.605170185988092
gradually 1 2.8134107167600364 2.8134107167600364
graduating 1 3.2188758248682006 3.2188758248682006
grandparent 1 3.506557897319982 3.506557897319982
granted 1 2.8134107167600364 2.8134107167600364
grave 1 2.995732273553991 2.995732273553991
great 1 0.9675840262617057 0.9675840262617057
green 1 1.171182981502945 1.171182981502945
greensburg 1 4.605170185988092 4.605170185988092
group 1 0.8209805520698303 0.8209805520698303
grove 1 3.506557897319982 3.506557897319982
grtner 1 4.605170185988092 4.605170185988092
guide 1 1.8971199848858813 1.8971199848858813
hahnemannian 1 4.605170185988092 4.605170185988092
halfmillion 1 4.605170185988092 4.605170185988092
hall 1 1.3470736479666094 1.3470736479666094
hamburg 1 4.605170185988092 4.605170185988092
hampshire 1 2.8134107167600364 2.8134107167600364
hampton 1 3.912023005428146 3.912023005428146
hand 1 1.3862943611198906 1.3862943611198906
hannah 1 3.2188758248682006 3.2188758248682006
happy 1 2.659260036932778 2.659260036932778
hard 1 2.302585092994046 2.302585092994046
harold 1 2.659260036932778 2.659260036932778
hartford 1 2.995732273553991 2.995732273553991
hastings 1 2.995732273553991 2.995732273553991
hath 1 3.912023005428146 3.912023005428146
hawaii 1 2.302585092994046 2.302585092994046
hawaiian 1 3.506557897319982 3.506557897319982
hawaiicom 1 4.605170185988092 4.605170185988092
head 1 1.1086626245216111 1.1086626245216111
headquarters 1 2.207274913189721 2.207274913189721
heal 1 3.912023005428146 3.912023005428146
healed 1 4.605170185988092 4.605170185988092
healing 1 4.605170185988092 4.605170185988092
health 1 1.6607312068216509 1.6607312068216509
heart 1 1.4696759700589417 1.4696759700589417
heartstrings 1 4.605170185988092 4.605170185988092
heaven 1 2.659260036932778 2.659260036932778
heavenly 1 3.912023005428146 3.912023005428146
heightened 1 3.912023005428146 3.912023005428146
held 1 1.171182981502945 1.171182981502945
helen 1 3.2188758248682006 3.2188758248682006
hell 1 2.659260036932778 2.659260036932778
help 1 0.0 0.0
helped 1 2.207274913189721 2.207274913189721
helping 1 2.995732273553991 2.995732273553991
herald 1 1.8971199848858813 1.8971199848858813
heritage 1 2.207274913189721 2.207274913189721
hess 1 3.912023005428146 3.912023005428146
hidden 1 0.010050335853501506 0.010050335853501506
hide 1 0.0 0.0
highway 1 2.8134107167600364 2.8134107167600364
hill 1 1.2039728043259361 1.2039728043259361
hinshaw 1 4.605170185988092 4.605170185988092
hiram 1 3.912023005428146 3.912023005428146
historian 1 2.8134107167600364 2.8134107167600364
historical 1 1.8325814637483102 1.8325814637483102
history 1 0.0 0.0
hlist 1 0.127833371509885 0.127833371509885
hlistinline 1 0.127833371509885 0.127833371509885
hold 1 1.3470736479666094 1.3470736479666094
holiness 1 3.506557897319982 3.506557897319982
holland 1 2.8134107167600364 2.8134107167600364
hollis 1 3.912023005428146 3.912023005428146
holy 1 1.8971199848858813 1.8971199848858813
home 1 0.7339691750802005 0.7339691750802005
homeopathic 1 4.605170185988092 4.605170185988092
honduras 1 3.506557897319982 3.506557897319982
honolulu 1 2.995732273553991 2.995732273553991
honor 1 1.8325814637483102 1.8325814637483102
hooper 1 4.605170185988092 4.605170185988092
hoopers 1 4.605170185988092 4.605170185988092
hoople 1 4.605170185988092 4.605170185988092
hopewell 1 4.605170185988092 4.605170185988092
hopkins 1 3.912023005428146 3.912023005428146
hospipal 1 4.605170185988092 4.605170185988092
hospital 1 1.9661128563728327 1.9661128563728327
hostetter 1 3.912023005428146 3.912023005428146
house 1 1.0216512475319812 1.0216512475319812
housed 1 3.912023005428146 3.912023005428146
howard 1 2.120263536200091 2.120263536200091
however 1 0.6931471805599453 0.6931471805599453
human 1 1.3862943611198906 1.3862943611198906
hundred 1 2.302585092994046 2.302585092994046
husband 1 1.9661128563728327 1.9661128563728327
idea 1 1.8325814637483102 1.8325814637483102
idlockfree 1 0.0408219945202552 0.0408219945202552
idlockfreeidlockfree 1 0.0408219945202552 0.0408219945202552
idlocklimited 1 0.0408219945202552 0.0408219945202552
idlockregistration 1 0.0408219945202552 0.0408219945202552
idlocksubscription 1 0.0408219945202552 0.0408219945202552
ignorant 1 3.912023005428146 3.912023005428146
iii 1 1.7147984280919266 1.7147984280919266
ill 1 2.995732273553991 2.995732273553991
illinois 1 2.659260036932778 2.659260036932778
illness 1 3.506557897319982 3.506557897319982
image 1 2.120263536200091 2.120263536200091
importance 1 3.2188758248682006 3.2188758248682006
important 1 1.8325814637483102 1.8325814637483102
improve 1 1.8325814637483102 1.8325814637483102
inc 1 0.0 0.0
included 1 1.3093333199837622 1.3093333199837622
including 1 0.7133498878774648 0.7133498878774648
income 1 2.659260036932778 2.659260036932778
increased 1 2.302585092994046 2.302585092994046
independent 1 1.4271163556401458 1.4271163556401458
index 1 1.9661128563728327 1.9661128563728327
indicated 1 2.5257286443082556 2.5257286443082556
indicates 1 2.995732273553991 2.995732273553991
indication 1 3.912023005428146 3.912023005428146
infectious 1 3.912023005428146 3.912023005428146
infobox 1 0.3011050927839216 0.3011050927839216
infoboxperson 1 2.8134107167600364 2.8134107167600364
infoboxtable 1 0.3147107448397002 0.3147107448397002
information 1 0.0 0.0
ingersol 1 4.605170185988092 4.605170185988092
inherited 1 3.2188758248682006 3.2188758248682006
initial 1 2.120263536200091 2.120263536200091
inland 1 3.912023005428146 3.912023005428146
inpatient 1 4.605170185988092 4.605170185988092
inspired 1 2.8134107167600364 2.8134107167600364
instead 1 1.6607312068216509 1.6607312068216509
institut 1 4.605170185988092 4.605170185988092
institute 1 1.5141277326297755 1.5141277326297755
institution 1 2.120263536200091 2.120263536200091
intellect 1 4.605170185988092 4.605170185988092
intended 1 2.120263536200091 2.120263536200091
intensely 1 4.605170185988092 4.605170185988092
interdenominational 1 4.605170185988092 4.605170185988092
interest 1 1.6607312068216509 1.6607312068216509
international 1 0.5978370007556204 0.5978370007556204
interracial 1 3.912023005428146 3.912023005428146
interred 1 3.2188758248682006 3.2188758248682006
invited 1 2.5257286443082556 2.5257286443082556
isaiah 1 4.605170185988092 4.605170185988092
isolation 1 3.912023005428146 3.912023005428146
issue 1 1.1086626245216111 1.1086626245216111
item 1 0.010050335853501506 0.010050335853501506
itinerant 1 3.506557897319982 3.506557897319982
james 1 1.0498221244986776 1.0498221244986776
jane 1 2.5257286443082556 2.5257286443082556
janie 1 4.605170185988092 4.605170185988092
january 1 0.3424903089467759 0.3424903089467759
japan 1 1.7719568419318754 1.7719568419318754
jenkins 1 3.2188758248682006 3.2188758248682006
jersey 1 2.120263536200091 2.120263536200091
jesus 1 2.659260036932778 2.659260036932778
jian 1 4.605170185988092 4.605170185988092
jiangxi 1 4.605170185988092 4.605170185988092
john 1 0.49429632181478017 0.49429632181478017
johnny 1 1.9661128563728327 1.9661128563728327
johnson 1 1.6094379124341003 1.6094379124341003
join 1 1.6607312068216509 1.6607312068216509
joining 1 2.659260036932778 2.659260036932778
jones 1 1.5141277326297755 1.5141277326297755
josef 1 3.912023005428146 3.912023005428146
joseph 1 1.5141277326297755 1.5141277326297755
journal 1 1.3093333199837622 1.3093333199837622
joy 1 2.659260036932778 2.659260036932778
joyce 1 3.506557897319982 3.506557897319982
jstor 1 1.5141277326297755 1.5141277326297755
julius 1 3.2188758248682006 3.2188758248682006
july 1 0.43078291609245434 0.43078291609245434
jump 1 0.0 0.0
jumped 1 4.605170185988092 4.605170185988092
junction 1 3.2188758248682006 3.2188758248682006
june 1 0.40047756659712536 0.40047756659712536
junita 1 4.605170185988092 4.605170185988092
kansa 1 2.207274913189721 2.207274913189721
karen 1 2.8134107167600364 2.8134107167600364
karl 1 2.659260036932778 2.659260036932778
keawaiki 1 4.605170185988092 4.605170185988092
kentucky 1 2.5257286443082556 2.5257286443082556
khon 1 4.605170185988092 4.605170185988092
king 1 1.3093333199837622 1.3093333199837622
klamath 1 4.605170185988092 4.605170185988092
knew 1 2.8134107167600364 2.8134107167600364
knowing 1 2.8134107167600364 2.8134107167600364
knowledge 1 2.302585092994046 2.302585092994046
known 1 0.7985076962177716 0.7985076962177716
kostlevy 1 4.605170185988092 4.605170185988092
lack 1 2.120263536200091 2.120263536200091
lad 1 3.2188758248682006 3.2188758248682006
laird 1 4.605170185988092 4.605170185988092
lake 1 1.8325814637483102 1.8325814637483102
lamb 1 3.912023005428146 3.912023005428146
land 1 1.5141277326297755 1.5141277326297755
landmark 1 2.995732273553991 2.995732273553991
language 1 0.0 0.0
lanham 1 4.605170185988092 4.605170185988092
large 1 1.4696759700589417 1.4696759700589417
larger 1 2.407945608651872 2.407945608651872
largest 1 2.407945608651872 2.407945608651872
last 1 0.0 0.0
late 1 1.3093333199837622 1.3093333199837622
later 1 0.5621189181535412 0.5621189181535412
latterday 1 3.506557897319982 3.506557897319982
laura 1 2.207274913189721 2.207274913189721
law 1 1.4271163556401458 1.4271163556401458
leader 1 1.3862943611198906 1.3862943611198906
leading 1 1.3093333199837622 1.3093333199837622
learn 1 0.0 0.0
learned 1 2.5257286443082556 2.5257286443082556
least 1 1.8971199848858813 1.8971199848858813
leaving 1 1.7147984280919266 1.7147984280919266
lebanon 1 3.506557897319982 3.506557897319982
led 1 1.07880966137193 1.07880966137193
left 1 1.171182981502945 1.171182981502945
legacy 1 2.0402208285265546 2.0402208285265546
leon 1 2.659260036932778 2.659260036932778
less 1 1.5141277326297755 1.5141277326297755
letter 1 2.207274913189721 2.207274913189721
lewis 1 1.8325814637483102 1.8325814637483102
liaftercontent 1 0.127833371509885 0.127833371509885
liberal 1 2.659260036932778 2.659260036932778
liberally 1 4.605170185988092 4.605170185988092
library 1 1.6094379124341003 1.6094379124341003
license 1 0.0 0.0
lieutenant 1 2.659260036932778 2.659260036932778
life 1 0.5447271754416719 0.5447271754416719
lifethreatening 1 4.605170185988092 4.605170185988092
lift 1 4.605170185988092 4.605170185988092
light 1 1.3862943611198906 1.3862943611198906
lighting 1 4.605170185988092 4.605170185988092
like 1 1.2039728043259361 1.2039728043259361
likewise 1 3.912023005428146 3.912023005428146
line 1 1.4696759700589417 1.4696759700589417
link 1 0.0 0.0
list 1 0.6348782724359695 0.6348782724359695
listed 1 2.302585092994046 2.302585092994046
literally 1 3.912023005428146 3.912023005428146
little 1 1.4696759700589417 1.4696759700589417
live 1 1.2378743560016172 1.2378743560016172
lived 1 2.207274913189721 2.207274913189721
livestock 1 4.605170185988092 4.605170185988092
living 1 1.07880966137193 1.07880966137193
local 1 1.4696759700589417 1.4696759700589417
located 1 2.407945608651872 2.407945608651872
location 1 1.171182981502945 1.171182981502945
log 1 0.0 0.0
logged 1 0.0 0.0
long 1 1.1086626245216111 1.1086626245216111
longstanding 1 3.506557897319982 3.506557897319982
looked 1 3.2188758248682006 3.2188758248682006
looking 1 2.8134107167600364 2.8134107167600364
lord 1 2.0402208285265546 2.0402208285265546
lorene 1 4.605170185988092 4.605170185988092
lost 1 1.171182981502945 1.171182981502945
loud 1 3.912023005428146 3.912023005428146
louise 1 3.2188758248682006 3.2188758248682006
louisville 1 3.506557897319982 3.506557897319982
love 1 1.4271163556401458 1.4271163556401458
loved 1 3.2188758248682006 3.2188758248682006
lumber 1 3.912023005428146 3.912023005428146
luther 1 2.8134107167600364 2.8134107167600364
luzon 1 4.605170185988092 4.605170185988092
mac 1 2.0402208285265546 2.0402208285265546
machine 1 1.4696759700589417 1.4696759700589417
machinery 1 3.2188758248682006 3.2188758248682006
made 1 0.653926467406664 0.653926467406664
madison 1 2.659260036932778 2.659260036932778
magazine 1 1.8971199848858813 1.8971199848858813
main 1 0.0 0.0
mainstream 1 3.2188758248682006 3.2188758248682006
maint 1 1.6607312068216509 1.6607312068216509
make 1 1.0498221244986776 1.0498221244986776
making 1 1.6607312068216509 1.6607312068216509
malone 1 2.995732273553991 2.995732273553991
man 1 1.0498221244986776 1.0498221244986776
manchester 1 2.8134107167600364 2.8134107167600364
manner 1 3.506557897319982 3.506557897319982
many 1 0.7550225842780328 0.7550225842780328
manzini 1 4.605170185988092 4.605170185988092
marathon 1 3.912023005428146 3.912023005428146
march 1 0.3147107448397002 0.3147107448397002
margin 1 3.506557897319982 3.506557897319982
mark 1 1.1394342831883648 1.1394342831883648
marlborough 1 4.605170185988092 4.605170185988092
marquis 1 2.995732273553991 2.995732273553991
marriage 1 2.120263536200091 2.120263536200091
married 1 1.5141277326297755 1.5141277326297755
martin 1 1.3470736479666094 1.3470736479666094
marvelous 1 3.506557897319982 3.506557897319982
mary 1 1.7719568419318754 1.7719568419318754
maryland 1 2.995732273553991 2.995732273553991
massachusetts 1 2.302585092994046 2.302585092994046
master 1 1.3093333199837622 1.3093333199837622
may 1 0.0 0.0
mdied 1 3.912023005428146 3.912023005428146
meal 1 3.912023005428146 3.912023005428146
mean 1 1.7719568419318754 1.7719568419318754
medal 1 2.5257286443082556 2.5257286443082556
medical 1 2.5257286443082556 2.5257286443082556
medicine 1 2.8134107167600364 2.8134107167600364
meet 1 1.6607312068216509 1.6607312068216509
meeting 1 1.8971199848858813 1.8971199848858813
melodie 1 4.605170185988092 4.605170185988092
member 1 0.6733445532637655 0.6733445532637655
membership 1 2.5257286443082556 2.5257286443082556
memorial 1 2.0402208285265546 2.0402208285265546
memory 1 2.207274913189721 2.207274913189721
men 1 1.2039728043259361 1.2039728043259361
mendell 1 4.605170185988092 4.605170185988092
menu 1 0.0 0.0
mercy 1 2.5257286443082556 2.5257286443082556
merged 1 2.995732273553991 2.995732273553991
meridian 1 4.605170185988092 4.605170185988092
merrick 1 3.506557897319982 3.506557897319982
message 1 1.5606477482646683 1.5606477482646683
messer 1 4.605170185988092 4.605170185988092
met 1 1.8325814637483102 1.8325814637483102
method 1 1.8971199848858813 1.8971199848858813
methodist 1 3.912023005428146 3.912023005428146
mexico 1 1.5606477482646683 1.5606477482646683
miami 1 2.5257286443082556 2.5257286443082556
michigan 1 2.207274913189721 2.207274913189721
microfilm 1 4.605170185988092 4.605170185988092
midas 1 4.605170185988092 4.605170185988092
migrated 1 4.605170185988092 4.605170185988092
mile 1 1.8971199848858813 1.8971199848858813
milestone 1 3.912023005428146 3.912023005428146
miller 1 1.6094379124341003 1.6094379124341003
million 1 1.6094379124341003 1.6094379124341003
milton 1 3.506557897319982 3.506557897319982
mine 1 2.407945608651872 2.407945608651872
minister 1 1.5606477482646683 1.5606477482646683
ministering 1 4.605170185988092 4.605170185988092
ministry 1 2.120263536200091 2.120263536200091
ministryall 1 4.605170185988092 4.605170185988092
ministryinto 1 4.605170185988092 4.605170185988092
minter 1 4.605170185988092 4.605170185988092
miron 1 4.605170185988092 4.605170185988092
miserable 1 4.605170185988092 4.605170185988092
mission 1 2.302585092994046 2.302585092994046
missionary 1 2.995732273553991 2.995732273553991
mississippi 1 2.407945608651872 2.407945608651872
mitchell 1 2.302585092994046 2.302585092994046
mmanus 1 4.605170185988092 4.605170185988092
mobile 1 0.0 0.0
money 1 1.8325814637483102 1.8325814637483102
monmouth 1 4.605170185988092 4.605170185988092
monteregie 1 4.605170185988092 4.605170185988092
month 1 0.8915981192837835 0.8915981192837835
monthly 1 2.8134107167600364 2.8134107167600364
montreal 1 2.659260036932778 2.659260036932778
montrgie 1 4.605170185988092 4.605170185988092
moon 1 2.407945608651872 2.407945608651872
morgan 1 2.207274913189721 2.207274913189721
mortgage 1 3.2188758248682006 3.2188758248682006
mother 1 1.5141277326297755 1.5141277326297755
mountain 1 1.8971199848858813 1.8971199848858813
move 1 0.0 0.0
moved 1 1.7719568419318754 1.7719568419318754
movement 1 1.6607312068216509 1.6607312068216509
mr 1 2.5257286443082556 2.5257286443082556
much 1 1.171182981502945 1.171182981502945
naacp 1 4.605170185988092 4.605170185988092
name 1 0.5276327420823719 0.5276327420823719
named 1 1.2039728043259361 1.2039728043259361
naples 1 3.506557897319982 3.506557897319982
nara 1 4.605170185988092 4.605170185988092
nation 1 1.2729656758128876 1.2729656758128876
national 1 0.5108256237659907 0.5108256237659907
nature 1 2.0402208285265546 2.0402208285265546
navbarfontsizemedia 1 0.3147107448397002 0.3147107448397002
navbox 1 0.1392620673335076 0.1392620673335076
navboximage 1 0.1392620673335076 0.1392620673335076
navboxsubgroup 1 0.1392620673335076 0.1392620673335076
navboxtitle 1 0.1392620673335076 0.1392620673335076
navigation 1 0.0 0.0
navy 1 2.207274913189721 2.207274913189721
nazarene 1 3.912023005428146 3.912023005428146
nazi 1 2.995732273553991 2.995732273553991
near 1 1.8325814637483102 1.8325814637483102
nearby 1 3.2188758248682006 3.2188758248682006
neck 1 3.2188758248682006 3.2188758248682006
negro 1 3.912023005428146 3.912023005428146
nellie 1 3.912023005428146 3.912023005428146
nellist 1 4.605170185988092 4.605170185988092
neptune 1 3.506557897319982 3.506557897319982
neuland 1 4.605170185988092 4.605170185988092
never 1 1.4696759700589417 1.4696759700589417
new 1 0.24846135929849972 0.24846135929849972
newburgh 1 4.605170185988092 4.605170185988092
newel 1 4.605170185988092 4.605170185988092
newly 1 2.5257286443082556 2.5257286443082556
next 1 1.1086626245216111 1.1086626245216111
nine 1 1.7719568419318754 1.7719568419318754
nineyearold 1 4.605170185988092 4.605170185988092
nippon 1 3.912023005428146 3.912023005428146
nonprofit 1 0.0 0.0
nonviolence 1 4.605170185988092 4.605170185988092
norris 1 2.995732273553991 2.995732273553991
northeastern 1 3.2188758248682006 3.2188758248682006
noted 1 2.120263536200091 2.120263536200091
nourished 1 4.605170185988092 4.605170185988092
november 1 0.3011050927839216 0.3011050927839216
number 1 0.7550225842780328 0.7550225842780328
nurse 1 3.2188758248682006 3.2188758248682006
nxumalo 1 4.605170185988092 4.605170185988092
oakland 1 2.995732273553991 2.995732273553991
obtains 1 3.506557897319982 3.506557897319982
occasion 1 2.659260036932778 2.659260036932778
occupationsordained 1 4.605170185988092 4.605170185988092
ocean 1 2.407945608651872 2.407945608651872
oct 1 2.5257286443082556 2.5257286443082556
october 1 0.28768207245178085 0.28768207245178085
offered 1 2.659260036932778 2.659260036932778
office 1 1.1086626245216111 1.1086626245216111
official 1 0.7550225842780328 0.7550225842780328
often 1 1.6607312068216509 1.6607312068216509
ohio 1 2.207274913189721 2.207274913189721
old 1 1.07880966137193 1.07880966137193
older 1 2.302585092994046 2.302585092994046
oldest 1 3.506557897319982 3.506557897319982
oliver 1 2.407945608651872 2.407945608651872
ollibeforecontent 1 0.127833371509885 0.127833371509885
one 1 0.23572233352106994 0.23572233352106994
oneyearold 1 4.605170185988092 4.605170185988092
ongoing 1 2.995732273553991 2.995732273553991
online 1 1.4696759700589417 1.4696759700589417
ontario 1 2.995732273553991 2.995732273553991
open 1 1.4696759700589417 1.4696759700589417
opened 1 2.407945608651872 2.407945608651872
opening 1 1.9661128563728327 1.9661128563728327
operated 1 2.995732273553991 2.995732273553991
operation 1 1.7147984280919266 1.7147984280919266
opposition 1 1.9661128563728327 1.9661128563728327
orchard 1 4.605170185988092 4.605170185988092
ordained 1 3.912023005428146 3.912023005428146
order 1 1.171182981502945 1.171182981502945
ordered 1 2.302585092994046 2.302585092994046
oregon 1 2.407945608651872 2.407945608651872
organization 1 0.0 0.0
organizationname 1 0.010050335853501506 0.010050335853501506
organized 1 2.302585092994046 2.302585092994046
organizing 1 3.506557897319982 3.506557897319982
orient 1 3.2188758248682006 3.2188758248682006
original 1 0.4155154439616658 0.4155154439616658
orphanage 1 3.912023005428146 3.912023005428146
osborn 1 3.506557897319982 3.506557897319982
others 1 1.1394342831883648 1.1394342831883648
ottawa 1 3.506557897319982 3.506557897319982
outbuilding 1 4.605170185988092 4.605170185988092
outpatient 1 4.605170185988092 4.605170185988092
overlooked 1 4.605170185988092 4.605170185988092
owner 1 1.7147984280919266 1.7147984280919266
pacific 1 2.302585092994046 2.302585092994046
page 1 0.0 0.0
paid 1 2.407945608651872 2.407945608651872
pain 1 3.506557897319982 3.506557897319982
pair 1 2.407945608651872 2.407945608651872
pan 1 2.659260036932778 2.659260036932778
panic 1 3.2188758248682006 3.2188758248682006
paper 1 1.6607312068216509 1.6607312068216509
parent 1 1.9661128563728327 1.9661128563728327
park 1 1.3093333199837622 1.3093333199837622
parker 1 2.659260036932778 2.659260036932778
parsonage 1 4.605170185988092 4.605170185988092
part 1 0.6348782724359695 0.6348782724359695
participation 1 2.407945608651872 2.407945608651872
partnership 1 3.2188758248682006 3.2188758248682006
pasadena 1 3.912023005428146 3.912023005428146
passed 1 2.5257286443082556 2.5257286443082556
passenger 1 3.2188758248682006 3.2188758248682006
passing 1 2.407945608651872 2.407945608651872
past 1 1.7719568419318754 1.7719568419318754
pastor 1 3.506557897319982 3.506557897319982
pastoral 1 4.605170185988092 4.605170185988092
pastorate 1 4.605170185988092 4.605170185988092
pastored 1 4.605170185988092 4.605170185988092
path 1 2.302585092994046 2.302585092994046
paul 1 0.8675005677047231 0.8675005677047231
pavilion 1 3.506557897319982 3.506557897319982
pay 1 2.120263536200091 2.120263536200091
pdf 1 1.0498221244986776 1.0498221244986776
pdfprintable 1 0.0 0.0
peace 1 2.0402208285265546 2.0402208285265546
peach 1 4.605170185988092 4.605170185988092
peak 1 2.8134107167600364 2.8134107167600364
pearson 1 3.2188758248682006 3.2188758248682006
pediatric 1 4.605170185988092 4.605170185988092
pediatrics 1 4.605170185988092 4.605170185988092
pennsylvania 1 2.302585092994046 2.302585092994046
pentecostal 1 3.912023005428146 3.912023005428146
people 1 0.49429632181478017 0.49429632181478017
perfectionist 1 4.605170185988092 4.605170185988092
period 1 1.4271163556401458 1.4271163556401458
perkins 1 2.8134107167600364 2.8134107167600364
permanent 1 0.0 0.0
persecution 1 3.506557897319982 3.506557897319982
person 1 1.5606477482646683 1.5606477482646683
personal 1 0.0 0.0
perspective 1 2.8134107167600364 2.8134107167600364
philanthropic 1 4.605170185988092 4.605170185988092
philanthropy 1 4.605170185988092 4.605170185988092
philippine 1 2.302585092994046 2.302585092994046
phillips 1 2.995732273553991 2.995732273553991
philosophy 1 2.407945608651872 2.407945608651872
phineas 1 4.605170185988092 4.605170185988092
phyllis 1 2.995732273553991 2.995732273553991
physician 1 2.8134107167600364 2.8134107167600364
pickering 1 3.506557897319982 3.506557897319982
pietri 1 4.605170185988092 4.605170185988092
piety 1 3.912023005428146 3.912023005428146
piggs 1 4.605170185988092 4.605170185988092
pilgrim 1 3.506557897319982 3.506557897319982
place 1 0.653926467406664 0.653926467406664
placed 1 1.7147984280919266 1.7147984280919266
plan 1 1.4696759700589417 1.4696759700589417
play 1 1.2039728043259361 1.2039728043259361
pleased 1 3.506557897319982 3.506557897319982
pluralizefromtext 1 3.912023005428146 3.912023005428146
pneumonia 1 3.2188758248682006 3.2188758248682006
policy 1 0.0 0.0
poor 1 2.207274913189721 2.207274913189721
population 1 2.207274913189721 2.207274913189721
portal 1 0.0 0.0
portion 1 2.8134107167600364 2.8134107167600364
portrayed 1 2.5257286443082556 2.5257286443082556
possible 1 1.8971199848858813 1.8971199848858813
postcard 1 3.912023005428146 3.912023005428146
poured 1 3.912023005428146 3.912023005428146
power 1 1.0216512475319812 1.0216512475319812
practical 1 2.995732273553991 2.995732273553991
pratte 1 4.605170185988092 4.605170185988092
pray 1 4.605170185988092 4.605170185988092
prayed 1 3.912023005428146 3.912023005428146
prayer 1 2.8134107167600364 2.8134107167600364
praying 1 4.605170185988092 4.605170185988092
preach 1 3.912023005428146 3.912023005428146
preached 1 3.912023005428146 3.912023005428146
preacher 1 3.912023005428146 3.912023005428146
preaching 1 3.912023005428146 3.912023005428146
precarious 1 3.912023005428146 3.912023005428146
precious 1 3.912023005428146 3.912023005428146
premature 1 4.605170185988092 4.605170185988092
prepared 1 2.8134107167600364 2.8134107167600364
presence 1 2.207274913189721 2.207274913189721
present 1 0.9675840262617057 0.9675840262617057
presented 1 1.9661128563728327 1.9661128563728327
president 1 1.3470736479666094 1.3470736479666094
press 1 0.7550225842780328 0.7550225842780328
previously 1 1.8971199848858813 1.8971199848858813
primary 1 2.0402208285265546 2.0402208285265546
principal 1 2.8134107167600364 2.8134107167600364
printbodyns 1 0.09431067947124142 0.09431067947124142
printexport 1 0.0 0.0
printing 1 2.995732273553991 2.995732273553991
privacy 1 0.0 0.0
profile 1 2.0402208285265546 2.0402208285265546
prognosis 1 4.605170185988092 4.605170185988092
program 1 1.7719568419318754 1.7719568419318754
project 1 0.0 0.0
prologue 1 4.605170185988092 4.605170185988092
prominent 1 2.407945608651872 2.407945608651872
promoting 1 3.506557897319982 3.506557897319982
prompted 1 3.506557897319982 3.506557897319982
property 1 1.7147984280919266 1.7147984280919266
prophet 1 3.506557897319982 3.506557897319982
provide 1 2.302585092994046 2.302585092994046
provided 1 1.8971199848858813 1.8971199848858813
provides 1 2.659260036932778 2.659260036932778
provision 1 2.407945608651872 2.407945608651872
provo 1 3.912023005428146 3.912023005428146
public 1 0.9675840262617057 0.9675840262617057
publication 1 1.3862943611198906 1.3862943611198906
publisher 1 1.8325814637483102 1.8325814637483102
publishing 1 1.7719568419318754 1.7719568419318754
purchase 1 2.407945608651872 2.407945608651872
purchased 1 2.120263536200091 2.120263536200091
purkiser 1 4.605170185988092 4.605170185988092
pursue 1 2.995732273553991 2.995732273553991
pursuing 1 3.912023005428146 3.912023005428146
quadrennial 1 4.605170185988092 4.605170185988092
quaker 1 3.506557897319982 3.506557897319982
qubec 1 3.912023005428146 3.912023005428146
quebec 1 2.995732273553991 2.995732273553991
queen 1 2.407945608651872 2.407945608651872
racism 1 3.2188758248682006 3.2188758248682006
radio 1 1.4696759700589417 1.4696759700589417
raised 1 2.8134107167600364 2.8134107167600364
raising 1 3.506557897319982 3.506557897319982
raleigh 1 3.506557897319982 3.506557897319982
ralph 1 2.120263536200091 2.120263536200091
ran 1 2.0402208285265546 2.0402208285265546
randall 1 2.659260036932778 2.659260036932778
random 1 0.0 0.0
raser 1 4.605170185988092 4.605170185988092
read 1 0.0 0.0
reading 1 1.5606477482646683 1.5606477482646683
realize 1 3.912023005428146 3.912023005428146
realized 1 3.2188758248682006 3.2188758248682006
reallocated 1 4.605170185988092 4.605170185988092
really 1 2.5257286443082556 2.5257286443082556
rear 1 2.8134107167600364 2.8134107167600364
reason 1 1.9661128563728327 1.9661128563728327
rebecca 1 2.8134107167600364 2.8134107167600364
receives 1 2.8134107167600364 2.8134107167600364
recent 1 0.0 0.0
recently 1 2.302585092994046 2.302585092994046
recommendation 1 3.506557897319982 3.506557897319982
record 1 0.7765287894989963 0.7765287894989963
recorded 1 1.6607312068216509 1.6607312068216509
recovered 1 3.506557897319982 3.506557897319982
red 1 1.07880966137193 1.07880966137193
redeeming 1 4.605170185988092 4.605170185988092
reed 1 2.659260036932778 2.659260036932778
referaten 1 4.605170185988092 4.605170185988092
reference 1 0.03045920748470844 0.03045920748470844
referring 1 3.506557897319982 3.506557897319982
reflist 1 0.06187540371808745 0.06187540371808745
reflistcolumns 1 0.06187540371808745 0.06187540371808745
reform 1 2.0402208285265546 2.0402208285265546
refreshed 1 4.605170185988092 4.605170185988092
refused 1 2.659260036932778 2.659260036932778
reg 1 0.0 0.0
regardless 1 2.995732273553991 2.995732273553991
region 1 1.6607312068216509 1.6607312068216509
register 1 2.995732273553991 2.995732273553991
registered 1 0.0 0.0
rehabilitation 1 3.506557897319982 3.506557897319982
related 1 0.0 0.0
relation 1 1.7719568419318754 1.7719568419318754
relationship 1 1.8971199848858813 1.8971199848858813
religion 1 2.207274913189721 2.207274913189721
religious 1 2.0402208285265546 2.0402208285265546
relinquish 1 4.605170185988092 4.605170185988092
relocated 1 3.912023005428146 3.912023005428146
remained 1 1.7719568419318754 1.7719568419318754
remember 1 2.8134107167600364 2.8134107167600364
remodeled 1 4.605170185988092 4.605170185988092
remsen 1 4.605170185988092 4.605170185988092
renamed 1 2.5257286443082556 2.5257286443082556
rented 1 4.605170185988092 4.605170185988092
repentance 1 3.912023005428146 3.912023005428146
replacement 1 3.2188758248682006 3.2188758248682006
replied 1 4.605170185988092 4.605170185988092
report 1 1.1086626245216111 1.1086626245216111
repository 1 3.506557897319982 3.506557897319982
requirest 1 4.605170185988092 4.605170185988092
research 1 1.6094379124341003 1.6094379124341003
resided 1 3.506557897319982 3.506557897319982
residence 1 2.5257286443082556 2.5257286443082556
responded 1 4.605170185988092 4.605170185988092
result 1 0.9942522733438669 0.9942522733438669
resulted 1 2.120263536200091 2.120263536200091
retirement 1 2.207274913189721 2.207274913189721
retiring 1 3.912023005428146 3.912023005428146
retrieved 1 0.0 0.0
returned 1 1.4271163556401458 1.4271163556401458
returning 1 2.207274913189721 2.207274913189721
rev 1 3.912023005428146 3.912023005428146
revd 1 4.605170185988092 4.605170185988092
revival 1 2.995732273553991 2.995732273553991
revolution 1 1.9661128563728327 1.9661128563728327
reynolds 1 2.5257286443082556 2.5257286443082556
rfmh 1 4.605170185988092 4.605170185988092
river 1 1.4271163556401458 1.4271163556401458
road 1 1.3862943611198906 1.3862943611198906
role 1 1.3470736479666094 1.3470736479666094
roll 1 3.2188758248682006 3.2188758248682006
rolled 1 3.912023005428146 3.912023005428146
ronalds 1 4.605170185988092 4.605170185988092
room 1 2.207274913189721 2.207274913189721
route 1 2.8134107167600364 2.8134107167600364
russell 1 2.0402208285265546 2.0402208285265546
russelltown 1 4.605170185988092 4.605170185988092
ruth 1 2.8134107167600364 2.8134107167600364
said 1 1.5606477482646683 1.5606477482646683
sailing 1 3.912023005428146 3.912023005428146
saint 1 1.6607312068216509 1.6607312068216509
sainte 1 3.506557897319982 3.506557897319982
salisbury 1 4.605170185988092 4.605170185988092
sally 1 2.995732273553991 2.995732273553991
salsbury 1 4.605170185988092 4.605170185988092
salsburys 1 4.605170185988092 4.605170185988092
salvation 1 3.912023005428146 3.912023005428146
sammlung 1 4.605170185988092 4.605170185988092
sanctification 1 3.912023005428146 3.912023005428146
sanctified 1 4.605170185988092 4.605170185988092
sanction 1 3.2188758248682006 3.2188758248682006
sar 1 4.605170185988092 4.605170185988092
saratoga 1 4.605170185988092 4.605170185988092
saturday 1 2.407945608651872 2.407945608651872
saving 1 2.407945608651872 2.407945608651872
saw 1 2.0402208285265546 2.0402208285265546
saying 1 1.8325814637483102 1.8325814637483102
scarecrow 1 3.506557897319982 3.506557897319982
scene 1 2.0402208285265546 2.0402208285265546
school 1 0.7765287894989963 0.7765287894989963
science 1 1.171182981502945 1.171182981502945
scobeyville 1 4.605170185988092 4.605170185988092
score 1 1.6607312068216509 1.6607312068216509
scott 1 1.2729656758128876 1.2729656758128876
screen 1 0.010050335853501506 0.010050335853501506
scripture 1 3.912023005428146 3.912023005428146
sea 1 2.0402208285265546 2.0402208285265546
search 1 0.0 0.0
seattle 1 2.5257286443082556 2.5257286443082556
second 1 0.49429632181478017 0.49429632181478017
secretary 1 1.9661128563728327 1.9661128563728327
security 1 1.6607312068216509 1.6607312068216509
see 1 0.40047756659712536 0.40047756659712536
seek 1 2.302585092994046 2.302585092994046
seeking 1 2.8134107167600364 2.8134107167600364
seemed 1 4.605170185988092 4.605170185988092
selfsupporting 1 4.605170185988092 4.605170185988092
sell 1 2.5257286443082556 2.5257286443082556
seminary 1 3.2188758248682006 3.2188758248682006
sent 1 1.8971199848858813 1.8971199848858813
separated 1 3.2188758248682006 3.2188758248682006
separation 1 2.995732273553991 2.995732273553991
september 1 0.43078291609245434 0.43078291609245434
serial 1 2.5257286443082556 2.5257286443082556
series 1 0.8675005677047231 0.8675005677047231
seriously 1 3.2188758248682006 3.2188758248682006
seriousness 1 4.605170185988092 4.605170185988092
served 1 1.4696759700589417 1.4696759700589417
service 1 1.2378743560016172 1.2378743560016172
serving 1 2.120263536200091 2.120263536200091
setting 1 2.120263536200091 2.120263536200091
seventeen 1 3.912023005428146 3.912023005428146
several 1 0.8209805520698303 0.8209805520698303
shadow 1 2.995732273553991 2.995732273553991
shall 1 2.8134107167600364 2.8134107167600364
share 1 0.0 0.0
shefford 1 4.605170185988092 4.605170185988092
shirley 1 3.912023005428146 3.912023005428146
shop 1 2.659260036932778 2.659260036932778
shore 1 2.8134107167600364 2.8134107167600364
short 1 0.06187540371808745 0.06187540371808745
shortdescription 1 0.2613647641344075 0.2613647641344075
shortened 1 0.0 0.0
shortly 1 2.207274913189721 2.207274913189721
shubert 1 4.605170185988092 4.605170185988092
sibling 1 3.2188758248682006 3.2188758248682006
sibongile 1 4.605170185988092 4.605170185988092
side 1 1.4271163556401458 1.4271163556401458
sidebar 1 0.0 0.0
simplified 1 4.605170185988092 4.605170185988092
sin 1 3.2188758248682006 3.2188758248682006
since 1 0.7985076962177716 0.7985076962177716
single 1 1.4696759700589417 1.4696759700589417
sioufi 1 4.605170185988092 4.605170185988092
sire 1 4.605170185988092 4.605170185988092
sister 1 1.8325814637483102 1.8325814637483102
site 1 0.0 0.0
six 1 1.3470736479666094 1.3470736479666094
sixstory 1 4.605170185988092 4.605170185988092
sixty 1 4.605170185988092 4.605170185988092
sky 1 2.5257286443082556 2.5257286443082556
skyblue 1 4.605170185988092 4.605170185988092
small 1 1.4271163556401458 1.4271163556401458
smith 1 1.2039728043259361 1.2039728043259361
social 1 1.3093333199837622 1.3093333199837622
society 1 1.4271163556401458 1.4271163556401458
solemnly 1 4.605170185988092 4.605170185988092
solid 1 0.09431067947124142 0.09431067947124142
solidarity 1 3.2188758248682006 3.2188758248682006
sometime 1 3.506557897319982 3.506557897319982
son 1 1.3093333199837622 1.3093333199837622
song 1 1.3470736479666094 1.3470736479666094
soon 1 1.8325814637483102 1.8325814637483102
sorry 1 3.2188758248682006 3.2188758248682006
sought 1 2.5257286443082556 2.5257286443082556
soul 1 2.8134107167600364 2.8134107167600364
soule 1 4.605170185988092 4.605170185988092
soup 1 4.605170185988092 4.605170185988092
source 1 0.5798184952529422 0.5798184952529422
south 1 0.9162907318741551 0.9162907318741551
southwest 1 2.407945608651872 2.407945608651872
span 1 3.2188758248682006 3.2188758248682006
speak 1 3.2188758248682006 3.2188758248682006
special 1 0.0 0.0
speech 1 2.5257286443082556 2.5257286443082556
spirit 1 1.7147984280919266 1.7147984280919266
spiritual 1 2.120263536200091 2.120263536200091
spoken 1 3.2188758248682006 3.2188758248682006
sponsor 1 2.995732273553991 2.995732273553991
spring 1 1.5606477482646683 1.5606477482646683
square 1 2.120263536200091 2.120263536200091
stage 1 1.9661128563728327 1.9661128563728327
stan 1 3.912023005428146 3.912023005428146
stand 1 2.120263536200091 2.120263536200091
standing 1 1.8971199848858813 1.8971199848858813
standpoint 1 4.605170185988092 4.605170185988092
stanford 1 3.506557897319982 3.506557897319982
stanley 1 2.8134107167600364 2.8134107167600364
star 1 0.9675840262617057 0.9675840262617057
started 1 1.6094379124341003 1.6094379124341003
startled 1 4.605170185988092 4.605170185988092
state 1 0.3147107448397002 0.3147107448397002
statehood 1 3.912023005428146 3.912023005428146
statement 1 0.0 0.0
station 1 1.8325814637483102 1.8325814637483102
statistic 1 0.0 0.0
status 1 1.7719568419318754 1.7719568419318754
staying 1 3.506557897319982 3.506557897319982
ste 1 4.605170185988092 4.605170185988092
steadied 1 4.605170185988092 4.605170185988092
steven 1 2.207274913189721 2.207274913189721
still 1 0.9416085398584451 0.9416085398584451
stockholder 1 4.605170185988092 4.605170185988092
story 1 1.5606477482646683 1.5606477482646683
strain 1 3.912023005428146 3.912023005428146
strange 1 2.659260036932778 2.659260036932778
strategy 1 2.995732273553991 2.995732273553991
streaming 1 3.2188758248682006 3.2188758248682006
street 1 1.4271163556401458 1.4271163556401458
stricken 1 3.506557897319982 3.506557897319982
strong 1 1.6607312068216509 1.6607312068216509
strongly 1 2.995732273553991 2.995732273553991
structure 1 1.8325814637483102 1.8325814637483102
struggled 1 3.506557897319982 3.506557897319982
student 1 1.3862943611198906 1.3862943611198906
studied 1 2.8134107167600364 2.8134107167600364
study 1 1.2729656758128876 1.2729656758128876
subsection 1 0.3424903089467759 0.3424903089467759
substantial 1 2.8134107167600364 2.8134107167600364
suburb 1 3.912023005428146 3.912023005428146
success 1 1.8325814637483102 1.8325814637483102
successively 1 3.912023005428146 3.912023005428146
suddenly 1 3.2188758248682006 3.2188758248682006
suffering 1 2.659260036932778 2.659260036932778
sufficient 1 2.995732273553991 2.995732273553991
suggests 1 2.659260036932778 2.659260036932778
summer 1 1.5141277326297755 1.5141277326297755
sumpter 1 4.605170185988092 4.605170185988092
sun 1 1.6607312068216509 1.6607312068216509
superintendent 1 3.2188758248682006 3.2188758248682006
support 1 1.2729656758128876 1.2729656758128876
supported 1 1.8325814637483102 1.8325814637483102
susan 1 2.659260036932778 2.659260036932778
susanah 1 4.605170185988092 4.605170185988092
susanna 1 4.605170185988092 4.605170185988092
susannah 1 3.912023005428146 3.912023005428146
susie 1 4.605170185988092 4.605170185988092
sutherland 1 3.912023005428146 3.912023005428146
suza 1 4.605170185988092 4.605170185988092
suzanne 1 2.995732273553991 2.995732273553991
swampscott 1 4.605170185988092 4.605170185988092
swaziland 1 4.605170185988092 4.605170185988092
sylvia 1 4.605170185988092 4.605170185988092
symposium 1 3.912023005428146 3.912023005428146
table 1 0.0 0.0
take 1 0.9675840262617057 0.9675840262617057
takest 1 4.605170185988092 4.605170185988092
talk 1 0.0 0.0
tampa 1 3.2188758248682006 3.2188758248682006
tangible 1 3.912023005428146 3.912023005428146
taylor 1 1.7719568419318754 1.7719568419318754
tdhlist 1 0.1392620673335076 0.1392620673335076
teamed 1 4.605170185988092 4.605170185988092
tech 1 2.207274913189721 2.207274913189721
tell 1 2.407945608651872 2.407945608651872
temperance 1 4.605170185988092 4.605170185988092
template 1 0.0 0.0
ten 1 1.5141277326297755 1.5141277326297755
tennessee 1 2.120263536200091 2.120263536200091
tenth 1 2.995732273553991 2.995732273553991
term 1 0.0 0.0
terry 1 2.407945608651872 2.407945608651872
testament 1 3.2188758248682006 3.2188758248682006
testified 1 3.912023005428146 3.912023005428146
testimony 1 3.2188758248682006 3.2188758248682006
text 1 0.0 0.0
thbodyskinresponsive 1 0.3147107448397002 0.3147107448397002
theological 1 3.506557897319982 3.506557897319982
thick 1 3.2188758248682006 3.2188758248682006
thine 1 3.912023005428146 3.912023005428146
thing 1 1.5606477482646683 1.5606477482646683
third 1 0.9162907318741551 0.9162907318741551
thomas 1 1.1394342831883648 1.1394342831883648
thou 1 3.912023005428146 3.912023005428146
though 1 1.6607312068216509 1.6607312068216509
thousand 1 1.9661128563728327 1.9661128563728327
three 1 0.5798184952529422 0.5798184952529422
throughout 1 1.171182981502945 1.171182981502945
thrown 1 2.8134107167600364 2.8134107167600364
thy 1 3.912023005428146 3.912023005428146
time 1 0.28768207245178085 0.28768207245178085
timothy 1 2.302585092994046 2.302585092994046
title 1 0.9162907318741551 0.9162907318741551
toggle 1 0.010050335853501506 0.010050335853501506
tokyo 1 3.2188758248682006 3.2188758248682006
tool 1 0.0 0.0
top 1 0.010050335853501506 0.010050335853501506
topic 1 0.0 0.0
torch 1 3.912023005428146 3.912023005428146
toronto 1 2.0402208285265546 2.0402208285265546
total 1 0.0 0.0
touch 1 3.2188758248682006 3.2188758248682006
touched 1 3.912023005428146 3.912023005428146
toward 1 2.207274913189721 2.207274913189721
town 1 2.302585092994046 2.302585092994046
townsend 1 3.912023005428146 3.912023005428146
township 1 2.995732273553991 2.995732273553991
trademark 1 0.0 0.0
tragedy 1 3.912023005428146 3.912023005428146
training 1 1.6094379124341003 1.6094379124341003
trans 1 3.912023005428146 3.912023005428146
transformation 1 2.8134107167600364 2.8134107167600364
travel 1 1.9661128563728327 1.9661128563728327
traveling 1 2.995732273553991 2.995732273553991
treasurer 1 3.506557897319982 3.506557897319982
treatment 1 2.659260036932778 2.659260036932778
tree 1 2.5257286443082556 2.5257286443082556
tribune 1 1.9661128563728327 1.9661128563728327
trinidad 1 3.2188758248682006 3.2188758248682006
trip 1 2.302585092994046 2.302585092994046
triumph 1 3.2188758248682006 3.2188758248682006
tropical 1 4.605170185988092 4.605170185988092
trusted 1 3.912023005428146 3.912023005428146
trustee 1 4.605170185988092 4.605170185988092
turn 1 2.0402208285265546 2.0402208285265546
turning 1 3.506557897319982 3.506557897319982
twenty 1 3.506557897319982 3.506557897319982
twentyfive 1 4.605170185988092 4.605170185988092
twentyfour 1 4.605170185988092 4.605170185988092
two 1 0.43078291609245434 0.43078291609245434
typhoid 1 4.605170185988092 4.605170185988092
ucme 1 4.605170185988092 4.605170185988092
ulpaddingem 1 0.1392620673335076 0.1392620673335076
ulster 1 3.912023005428146 3.912023005428146
und 1 3.506557897319982 3.506557897319982
underground 1 2.5257286443082556 2.5257286443082556
uninjured 1 4.605170185988092 4.605170185988092
union 1 1.07880966137193 1.07880966137193
unit 1 2.207274913189721 2.207274913189721
united 1 0.4155154439616658 0.4155154439616658
univ 1 4.605170185988092 4.605170185988092
university 1 0.616186139423817 0.616186139423817
unpaid 1 3.506557897319982 3.506557897319982
unsatisfied 1 4.605170185988092 4.605170185988092
unto 1 3.2188758248682006 3.2188758248682006
unusual 1 3.506557897319982 3.506557897319982
upload 1 0.0 0.0
upon 1 1.2729656758128876 1.2729656758128876
urging 1 4.605170185988092 4.605170185988092
usa 1 1.9661128563728327 1.9661128563728327
use 1 0.0 0.0
used 1 0.8675005677047231 0.8675005677047231
using 1 0.0 0.0
usothernames 1 4.605170185988092 4.605170185988092
utc 1 0.0 0.0
utility 1 2.995732273553991 2.995732273553991
valley 1 2.120263536200091 2.120263536200091
vancouver 1 2.995732273553991 2.995732273553991
var 1 0.0 0.0
vermont 1 2.8134107167600364 2.8134107167600364
verse 1 2.5257286443082556 2.5257286443082556
version 1 0.0 0.0
veteran 1 2.5257286443082556 2.5257286443082556
viaffastworld 1 3.912023005428146 3.912023005428146
vice 1 1.6607312068216509 1.6607312068216509
vicepresident 1 3.912023005428146 3.912023005428146
vicksburg 1 4.605170185988092 4.605170185988092
victim 1 2.407945608651872 2.407945608651872
victory 1 1.6094379124341003 1.6094379124341003
viejo 1 4.605170185988092 4.605170185988092
view 1 0.0 0.0
vision 1 2.120263536200091 2.120263536200091
visiting 1 3.912023005428146 3.912023005428146
vital 1 2.995732273553991 2.995732273553991
vocal 1 2.8134107167600364 2.8134107167600364
voice 1 2.120263536200091 2.120263536200091
vol 1 1.5606477482646683 1.5606477482646683
vols 1 4.605170185988092 4.605170185988092
volume 1 1.6094379124341003 1.6094379124341003
von 1 2.120263536200091 2.120263536200091
vt 1 4.605170185988092 4.605170185988092
wailing 1 4.605170185988092 4.605170185988092
waldman 1 4.605170185988092 4.605170185988092
wall 1 1.9661128563728327 1.9661128563728327
wallis 1 4.605170185988092 4.605170185988092
walter 1 1.7147984280919266 1.7147984280919266
want 1 1.9661128563728327 1.9661128563728327
wanted 1 2.207274913189721 2.207274913189721
war 1 0.7985076962177716 0.7985076962177716
ward 1 2.302585092994046 2.302585092994046
warning 1 2.5257286443082556 2.5257286443082556
washington 1 1.2378743560016172 1.2378743560016172
watchword 1 4.605170185988092 4.605170185988092
way 1 1.1086626245216111 1.1086626245216111
wayback 1 1.8971199848858813 1.8971199848858813
web 1 1.4696759700589417 1.4696759700589417
webarchive 1 2.0402208285265546 2.0402208285265546
weber 1 2.8134107167600364 2.8134107167600364
wed 1 3.912023005428146 3.912023005428146
wedding 1 3.2188758248682006 3.2188758248682006
week 1 1.2729656758128876 1.2729656758128876
well 1 0.7765287894989963 0.7765287894989963
went 1 1.5141277326297755 1.5141277326297755
wesley 1 4.605170185988092 4.605170185988092
wesleyan 1 3.506557897319982 3.506557897319982
western 1 1.2039728043259361 1.2039728043259361
wetzel 1 4.605170185988092 4.605170185988092
wfms 1 4.605170185988092 4.605170185988092
whatever 1 3.912023005428146 3.912023005428146
whispered 1 4.605170185988092 4.605170185988092
white 1 1.171182981502945 1.171182981502945
whitelaw 1 4.605170185988092 4.605170185988092
who 1 2.659260036932778 2.659260036932778
whodaguy 1 4.605170185988092 4.605170185988092
wholly 1 3.506557897319982 3.506557897319982
whose 1 1.7147984280919266 1.7147984280919266
widney 1 4.605170185988092 4.605170185988092
widowed 1 3.912023005428146 3.912023005428146
wie 1 3.506557897319982 3.506557897319982
wife 1 1.7719568419318754 1.7719568419318754
wikidata 1 0.010050335853501506 0.010050335853501506
wikimedia 1 0.0 0.0
wikipedia 1 0.0 0.0
william 1 1.171182981502945 1.171182981502945
willing 1 4.605170185988092 4.605170185988092
willis 1 2.995732273553991 2.995732273553991
wing 1 2.5257286443082556 2.5257286443082556
withholdest 1 4.605170185988092 4.605170185988092
without 1 1.3093333199837622 1.3093333199837622
woke 1 2.995732273553991 2.995732273553991
woman 1 1.171182981502945 1.171182981502945
womens 1 2.0402208285265546 2.0402208285265546
wonder 1 2.8134107167600364 2.8134107167600364
wondered 1 4.605170185988092 4.605170185988092
wonderful 1 3.912023005428146 3.912023005428146
word 1 1.6094379124341003 1.6094379124341003
work 1 0.7133498878774648 0.7133498878774648
worker 1 2.0402208285265546 2.0402208285265546
working 1 1.8971199848858813 1.8971199848858813
world 1 0.5108256237659907 0.5108256237659907
worldliness 1 4.605170185988092 4.605170185988092
worship 1 2.995732273553991 2.995732273553991
would 1 0.7550225842780328 0.7550225842780328
wouldbe 1 4.605170185988092 4.605170185988092
writer 1 1.5141277326297755 1.5141277326297755
written 1 0.9416085398584451 0.9416085398584451
wrote 1 1.3470736479666094 1.3470736479666094
yale 1 3.912023005428146 3.912023005428146
year 1 0.3424903089467759 0.3424903089467759
yearbook 1 3.506557897319982 3.506557897319982
yearold 1 2.5257286443082556 2.5257286443082556
yet 1 1.8971199848858813 1.8971199848858813
york 1 0.8209805520698303 0.8209805520698303
young 1 1.2378743560016172 1.2378743560016172
younger 1 2.120263536200091 2.120263536200091
youngest 1 2.8134107167600364 2.8134107167600364
youth 1 2.207274913189721 2.207274913189721
zeal 1 4.605170185988092 4.605170185988092
zur 1 3.2188758248682006 3.2188758248682006
