aaapaddingem 1 3.2188758248682006 3.2188758248682006
abadia 1 4.605170185988092 4.605170185988092
academic 1 1.8971199848858813 1.8971199848858813
accented 1 4.605170185988092 4.605170185988092
accepted 1 2.207274913189721 2.207274913189721
acclimated 1 4.605170185988092 4.605170185988092
acclimatization 1 4.605170185988092 4.605170185988092
account 1 0.0 0.0
acid 1 3.2188758248682006 3.2188758248682006
across 1 1.8325814637483102 1.8325814637483102
actinopterygii 1 4.605170185988092 4.605170185988092
action 1 0.0 0.0
adam 1 1.5141277326297755 1.5141277326297755
adaptability 1 4.605170185988092 4.605170185988092
add 1 0.0 0.0
addition 1 1.3862943611198906 1.3862943611198906
additional 1 0.0 0.0
adequate 1 3.912023005428146 3.912023005428146
adirondacks 1 4.605170185988092 4.605170185988092
adriatic 1 4.605170185988092 4.605170185988092
adult 1 2.659260036932778 2.659260036932778
adulthood 1 4.605170185988092 4.605170185988092
advance 1 2.5257286443082556 2.5257286443082556
adw 1 4.605170185988092 4.605170185988092
afd 1 4.605170185988092 4.605170185988092
affect 1 4.605170185988092 4.605170185988092
afrikaans 1 2.995732273553991 2.995732273553991
agassizii 1 4.605170185988092 4.605170185988092
age 1 0.7985076962177716 0.7985076962177716
agency 1 2.120263536200091 2.120263536200091
agree 1 0.0 0.0
agricultural 1 3.506557897319982 3.506557897319982
aid 1 2.0402208285265546 2.0402208285265546
air 1 1.8971199848858813 1.8971199848858813
algae 1 4.605170185988092 4.605170185988092
alicia 1 3.2188758248682006 3.2188758248682006
alien 1 2.8134107167600364 2.8134107167600364
alike 1 0.0 0.0
alive 1 2.407945608651872 2.407945608651872
allerton 1 4.605170185988092 4.605170185988092
allow 1 2.207274913189721 2.207274913189721
almost 1 1.7147984280919266 1.7147984280919266
along 1 1.4696759700589417 1.4696759700589417
already 1 2.0402208285265546 2.0402208285265546
alshamlih 1 4.605170185988092 4.605170185988092
also 1 0.127833371509885 0.127833371509885
although 1 1.4696759700589417 1.4696759700589417
always 1 2.207274913189721 2.207274913189721
ambient 1 3.912023005428146 3.912023005428146
america 1 0.8675005677047231 0.8675005677047231
american 1 0.5276327420823719 0.5276327420823719
among 1 1.2378743560016172 1.2378743560016172
amp 1 0.4620354595965586 0.4620354595965586
amphibian 1 3.912023005428146 3.912023005428146
anadromous 1 4.605170185988092 4.605170185988092
analysis 1 2.120263536200091 2.120263536200091
anatolian 1 4.605170185988092 4.605170185988092
ancestor 1 3.2188758248682006 3.2188758248682006
andrew 1 1.5141277326297755 1.5141277326297755
angler 1 4.605170185988092 4.605170185988092
angling 1 4.605170185988092 4.605170185988092
anglingmasterscom 1 4.605170185988092 4.605170185988092
animal 1 2.407945608651872 2.407945608651872
animalia 1 4.605170185988092 4.605170185988092
ant 1 3.2188758248682006 3.2188758248682006
anthropogenic 1 4.605170185988092 4.605170185988092
apache 1 4.605170185988092 4.605170185988092
aparicio 1 4.605170185988092 4.605170185988092
appalachia 1 4.605170185988092 4.605170185988092
appalachian 1 3.506557897319982 3.506557897319982
appearance 1 0.0 0.0
application 1 2.0402208285265546 2.0402208285265546
apply 1 0.0 0.0
approach 1 1.9661128563728327 1.9661128563728327
appropriate 1 3.506557897319982 3.506557897319982
approximately 1 2.407945608651872 2.407945608651872
april 1 0.44628710262841953 0.44628710262841953
aquaculture 1 3.912023005428146 3.912023005428146
aquafeeds 1 4.605170185988092 4.605170185988092
aquarium 1 4.605170185988092 4.605170185988092
aquatic 1 4.605170185988092 4.605170185988092
archived 1 0.47803580094299974 0.47803580094299974
arctic 1 4.605170185988092 4.605170185988092
area 1 1.2729656758128876 1.2729656758128876
argentina 1 2.659260036932778 2.659260036932778
argument 1 2.5257286443082556 2.5257286443082556
around 1 1.0216512475319812 1.0216512475319812
arthur 1 1.7147984280919266 1.7147984280919266
article 1 0.0 0.0
artificial 1 3.2188758248682006 3.2188758248682006
artificially 1 4.605170185988092 4.605170185988092
aspect 1 2.302585092994046 2.302585092994046
assessing 1 4.605170185988092 4.605170185988092
assessment 1 3.912023005428146 3.912023005428146
associated 1 1.4696759700589417 1.4696759700589417
association 1 1.1394342831883648 1.1394342831883648
assume 1 3.912023005428146 3.912023005428146
atlantic 1 2.207274913189721 2.207274913189721
atrt 1 4.605170185988092 4.605170185988092
attention 1 2.302585092994046 2.302585092994046
attracted 1 3.2188758248682006 3.2188758248682006
attribution 1 0.0 0.0
august 1 0.3424903089467759 0.3424903089467759
aurora 1 3.506557897319982 3.506557897319982
australia 1 1.4696759700589417 1.4696759700589417
authority 1 0.8915981192837835 0.8915981192837835
auto 1 0.1392620673335076 0.1392620673335076
autumn 1 2.995732273553991 2.995732273553991
available 1 0.0 0.0
average 1 2.0402208285265546 2.0402208285265546
avid 1 4.605170185988092 4.605170185988092
back 1 1.0216512475319812 1.0216512475319812
backcrossing 1 4.605170185988092 4.605170185988092
badly 1 4.605170185988092 4.605170185988092
baione 1 4.605170185988092 4.605170185988092
barbara 1 2.302585092994046 2.302585092994046
barnwell 1 4.605170185988092 4.605170185988092
bartron 1 4.605170185988092 4.605170185988092
base 1 1.4696759700589417 1.4696759700589417
based 1 1.07880966137193 1.07880966137193
basin 1 3.912023005428146 3.912023005428146
bass 1 2.659260036932778 2.659260036932778
bassar 1 4.605170185988092 4.605170185988092
bay 1 1.6094379124341003 1.6094379124341003
bbh 1 4.605170185988092 4.605170185988092
bcons 1 4.605170185988092 4.605170185988092
bearlin 1 4.605170185988092 4.605170185988092
became 1 0.7133498878774648 0.7133498878774648
become 1 1.2378743560016172 1.2378743560016172
becomes 1 2.0402208285265546 2.0402208285265546
bed 1 2.659260036932778 2.659260036932778
beetle 1 3.912023005428146 3.912023005428146
begin 1 1.7147984280919266 1.7147984280919266
begun 1 2.8134107167600364 2.8134107167600364
behavior 1 2.8134107167600364 2.8134107167600364
behaviorally 1 4.605170185988092 4.605170185988092
behaviour 1 2.995732273553991 2.995732273553991
behest 1 3.912023005428146 3.912023005428146
behnke 1 4.605170185988092 4.605170185988092
belly 1 4.605170185988092 4.605170185988092
benjamin 1 2.0402208285265546 2.0402208285265546
berthou 1 4.605170185988092 4.605170185988092
best 1 1.0216512475319812 1.0216512475319812
bestknown 1 3.912023005428146 3.912023005428146
beyond 1 2.407945608651872 2.407945608651872
bibcode 1 3.506557897319982 3.506557897319982
binomial 1 4.605170185988092 4.605170185988092
bio 1 2.995732273553991 2.995732273553991
biological 1 3.912023005428146 3.912023005428146
biologist 1 3.912023005428146 3.912023005428146
biology 1 2.995732273553991 2.995732273553991
biotechnology 1 3.912023005428146 3.912023005428146
black 1 0.8915981192837835 0.8915981192837835
blanchfield 1 4.605170185988092 4.605170185988092
blue 1 1.4696759700589417 1.4696759700589417
bluerimmed 1 4.605170185988092 4.605170185988092
bluntnosed 1 4.605170185988092 4.605170185988092
bob 1 1.8971199848858813 1.8971199848858813
body 1 1.4271163556401458 1.4271163556401458
bokml 1 2.120263536200091 2.120263536200091
bold 1 2.407945608651872 2.407945608651872
bonneville 1 3.912023005428146 3.912023005428146
book 1 0.6348782724359695 0.6348782724359695
border 1 2.8134107167600364 2.8134107167600364
bosanski 1 3.2188758248682006 3.2188758248682006
boston 1 1.7719568419318754 1.7719568419318754
bottom 1 2.302585092994046 2.302585092994046
bradford 1 3.2188758248682006 3.2188758248682006
bradley 1 2.407945608651872 2.407945608651872
breakdown 1 2.659260036932778 2.659260036932778
british 1 1.5606477482646683 1.5606477482646683
brook 1 2.659260036932778 2.659260036932778
brooke 1 2.995732273553991 2.995732273553991
brookie 1 4.605170185988092 4.605170185988092
brooktrout 1 4.605170185988092 4.605170185988092
brooktroutca 1 4.605170185988092 4.605170185988092
brown 1 1.6607312068216509 1.6607312068216509
browny 1 4.605170185988092 4.605170185988092
bull 1 2.5257286443082556 2.5257286443082556
buries 1 4.605170185988092 4.605170185988092
bush 1 2.5257286443082556 2.5257286443082556
cabi 1 4.605170185988092 4.605170185988092
caddisflies 1 4.605170185988092 4.605170185988092
calculating 1 4.605170185988092 4.605170185988092
california 1 1.4696759700589417 1.4696759700589417
calin 1 4.605170185988092 4.605170185988092
called 1 0.8209805520698303 0.8209805520698303
camouflage 1 4.605170185988092 4.605170185988092
camuto 1 4.605170185988092 4.605170185988092
canada 1 1.4696759700589417 1.4696759700589417
canadensis 1 3.912023005428146 3.912023005428146
canadian 1 1.9661128563728327 1.9661128563728327
cannibalized 1 4.605170185988092 4.605170185988092
capable 1 2.995732273553991 2.995732273553991
captive 1 4.605170185988092 4.605170185988092
capturerecapture 1 4.605170185988092 4.605170185988092
cardoso 1 4.605170185988092 4.605170185988092
carmans 1 4.605170185988092 4.605170185988092
carmona 1 4.605170185988092 4.605170185988092
carolina 1 1.7147984280919266 1.7147984280919266
cascade 1 3.912023005428146 3.912023005428146
case 1 1.3862943611198906 1.3862943611198906
casey 1 2.659260036932778 2.659260036932778
catal 1 3.2188758248682006 3.2188758248682006
catchandrelease 1 4.605170185988092 4.605170185988092
catching 1 3.2188758248682006 3.2188758248682006
category 1 0.0 0.0
catot 1 4.605170185988092 4.605170185988092
caught 1 2.8134107167600364 2.8134107167600364
cause 1 2.0402208285265546 2.0402208285265546
caused 1 2.407945608651872 2.407945608651872
cebuanoetina 1 4.605170185988092 4.605170185988092
center 1 1.171182981502945 1.171182981502945
centerpx 1 0.0408219945202552 0.0408219945202552
centre 1 2.0402208285265546 2.0402208285265546
century 1 1.3470736479666094 1.3470736479666094
certain 1 2.302585092994046 2.302585092994046
cfcadbdadeaf 1 4.605170185988092 4.605170185988092
challenged 1 2.207274913189721 2.207274913189721
change 1 0.0 0.0
char 1 4.605170185988092 4.605170185988092
characterized 1 2.659260036932778 2.659260036932778
charles 1 1.171182981502945 1.171182981502945
charr 1 4.605170185988092 4.605170185988092
chasing 1 3.506557897319982 3.506557897319982
chebuctonsca 1 4.605170185988092 4.605170185988092
check 1 2.302585092994046 2.302585092994046
chemical 1 3.2188758248682006 3.2188758248682006
cherry 1 3.2188758248682006 3.2188758248682006
child 1 1.07880966137193 1.07880966137193
chordata 1 4.605170185988092 4.605170185988092
chris 1 1.6607312068216509 1.6607312068216509
christopher 1 1.9661128563728327 1.9661128563728327
church 1 1.6607312068216509 1.6607312068216509
circular 1 3.506557897319982 3.506557897319982
circulate 1 3.912023005428146 3.912023005428146
citation 1 0.0408219945202552 0.0408219945202552
cite 1 0.0 0.0
citebook 1 1.8971199848858813 1.8971199848858813
citejournal 1 1.9661128563728327 1.9661128563728327
citeweb 1 0.5447271754416719 0.5447271754416719
cjfash 1 4.605170185988092 4.605170185988092
claim 1 2.0402208285265546 2.0402208285265546
clarki 1 3.912023005428146 3.912023005428146
clarkii 1 4.605170185988092 4.605170185988092
clay 1 2.8134107167600364 2.8134107167600364
clean 1 2.8134107167600364 2.8134107167600364
clear 1 2.207274913189721 2.207274913189721
clearcutting 1 4.605170185988092 4.605170185988092
climate 1 2.995732273553991 2.995732273553991
closeup 1 4.605170185988092 4.605170185988092
coalition 1 2.407945608651872 2.407945608651872
coarse 1 4.605170185988092 4.605170185988092
coastal 1 2.995732273553991 2.995732273553991
coaster 1 3.912023005428146 3.912023005428146
code 1 0.0 0.0
cold 1 2.207274913189721 2.207274913189721
cole 1 2.659260036932778 2.659260036932778
collected 1 2.5257286443082556 2.5257286443082556
collection 1 1.8971199848858813 1.8971199848858813
collins 1 2.0402208285265546 2.0402208285265546
colonial 1 2.5257286443082556 2.5257286443082556
colonized 1 4.605170185988092 4.605170185988092
color 1 2.0402208285265546 2.0402208285265546
colusa 1 4.605170185988092 4.605170185988092
come 1 1.3470736479666094 1.3470736479666094
commission 1 1.7147984280919266 1.7147984280919266
common 1 0.0 0.0
commonly 1 2.659260036932778 2.659260036932778
company 1 1.2729656758128876 1.2729656758128876
compensate 1 4.605170185988092 4.605170185988092
competition 1 1.8971199848858813 1.8971199848858813
competitor 1 2.8134107167600364 2.8134107167600364
completion 1 3.2188758248682006 3.2188758248682006
con 1 3.2188758248682006 3.2188758248682006
conduct 1 0.0 0.0
confined 1 3.912023005428146 3.912023005428146
congener 1 4.605170185988092 4.605170185988092
conservation 1 3.912023005428146 3.912023005428146
conserving 1 4.605170185988092 4.605170185988092
considered 1 1.3862943611198906 1.3862943611198906
consist 1 3.506557897319982 3.506557897319982
consisting 1 3.912023005428146 3.912023005428146
constant 1 2.659260036932778 2.659260036932778
construct 1 2.8134107167600364 2.8134107167600364
construction 1 1.8325814637483102 1.8325814637483102
consumption 1 3.506557897319982 3.506557897319982
contact 1 0.0 0.0
containing 1 1.4271163556401458 1.4271163556401458
content 1 0.0 0.0
context 1 0.010050335853501506 0.010050335853501506
contextspecific 1 4.605170185988092 4.605170185988092
contribute 1 0.0 0.0
contribution 1 0.0 0.0
contributor 1 3.912023005428146 3.912023005428146
control 1 0.7765287894989963 0.7765287894989963
controlled 1 2.8134107167600364 2.8134107167600364
controversy 1 2.407945608651872 2.407945608651872
cook 1 2.8134107167600364 2.8134107167600364
cookie 1 0.0 0.0
cookiematch 1 0.0 0.0
coombs 1 4.605170185988092 4.605170185988092
coomsaharn 1 4.605170185988092 4.605170185988092
corey 1 3.2188758248682006 3.2188758248682006
correlate 1 4.605170185988092 4.605170185988092
cost 1 2.0402208285265546 2.0402208285265546
could 1 1.2378743560016172 1.2378743560016172
counteract 1 4.605170185988092 4.605170185988092
counterlistitema 1 0.127833371509885 0.127833371509885
counterpart 1 2.995732273553991 2.995732273553991
county 1 1.6607312068216509 1.6607312068216509
cover 1 1.6094379124341003 1.6094379124341003
crain 1 3.506557897319982 3.506557897319982
create 1 0.0 0.0
creative 1 0.0 0.0
creek 1 2.995732273553991 2.995732273553991
crevice 1 4.605170185988092 4.605170185988092
cricket 1 3.506557897319982 3.506557897319982
cross 1 1.8325814637483102 1.8325814637483102
crustacean 1 4.605170185988092 4.605170185988092
csmaintcolorf 1 0.06187540371808745 0.06187540371808745
csmaintcolorfmedia 1 0.0408219945202552 0.0408219945202552
cswsicon 1 0.0408219945202552 0.0408219945202552
current 1 0.0 0.0
currently 1 2.207274913189721 2.207274913189721
currier 1 3.912023005428146 3.912023005428146
cutthroat 1 4.605170185988092 4.605170185988092
cycle 1 2.5257286443082556 2.5257286443082556
cymraeg 1 3.2188758248682006 3.2188758248682006
czech 1 2.207274913189721 2.207274913189721
dam 1 4.605170185988092 4.605170185988092
damage 1 2.995732273553991 2.995732273553991
dammed 1 4.605170185988092 4.605170185988092
damming 1 4.605170185988092 4.605170185988092
daniel 1 1.3862943611198906 1.3862943611198906
dark 1 2.207274913189721 2.207274913189721
database 1 0.9675840262617057 0.9675840262617057
david 1 0.9942522733438669 0.9942522733438669
day 1 0.5276327420823719 0.5276327420823719
dcnr 1 4.605170185988092 4.605170185988092
december 1 0.37106368139083196 0.37106368139083196
decline 1 2.5257286443082556 2.5257286443082556
declined 1 2.8134107167600364 2.8134107167600364
declining 1 3.912023005428146 3.912023005428146
decomposed 1 4.605170185988092 4.605170185988092
decrease 1 3.506557897319982 3.506557897319982
decreasing 1 3.912023005428146 3.912023005428146
deficiency 1 3.912023005428146 3.912023005428146
degradation 1 4.605170185988092 4.605170185988092
denser 1 4.605170185988092 4.605170185988092
department 1 1.7719568419318754 1.7719568419318754
dependent 1 3.2188758248682006 3.2188758248682006
depicts 1 3.2188758248682006 3.2188758248682006
depnjgov 1 4.605170185988092 4.605170185988092
deposition 1 4.605170185988092 4.605170185988092
depression 1 3.2188758248682006 3.2188758248682006
derived 1 2.659260036932778 2.659260036932778
described 1 1.5141277326297755 1.5141277326297755
description 1 0.07257069283483537 0.07257069283483537
despite 1 1.1394342831883648 1.1394342831883648
destruction 1 2.659260036932778 2.659260036932778
determined 1 2.407945608651872 2.407945608651872
deutsch 1 0.9416085398584451 0.9416085398584451
develop 1 2.659260036932778 2.659260036932778
developed 1 1.7147984280919266 1.7147984280919266
developer 1 0.0 0.0
development 1 1.3093333199837622 1.3093333199837622
devil 1 2.207274913189721 2.207274913189721
dickerson 1 4.605170185988092 4.605170185988092
diet 1 3.912023005428146 3.912023005428146
dipteran 1 4.605170185988092 4.605170185988092
directly 1 2.659260036932778 2.659260036932778
disappearance 1 3.2188758248682006 3.2188758248682006
disclaimer 1 0.0 0.0
dispatch 1 3.2188758248682006 3.2188758248682006
displaced 1 4.605170185988092 4.605170185988092
displacement 1 2.995732273553991 2.995732273553991
distinctive 1 3.2188758248682006 3.2188758248682006
district 1 1.4271163556401458 1.4271163556401458
diverse 1 3.2188758248682006 3.2188758248682006
doi 1 2.0402208285265546 2.0402208285265546
doianbe 1 4.605170185988092 4.605170185988092
doicjfas 1 4.605170185988092 4.605170185988092
doieva 1 4.605170185988092 4.605170185988092
doijbiocon 1 4.605170185988092 4.605170185988092
doijeb 1 4.605170185988092 4.605170185988092
doijjglr 1 4.605170185988092 4.605170185988092
doijx 1 4.605170185988092 4.605170185988092
doim 1 4.605170185988092 4.605170185988092
dolly 1 4.605170185988092 4.605170185988092
domain 1 2.5257286443082556 2.5257286443082556
donate 1 0.0 0.0
dorsal 1 4.605170185988092 4.605170185988092
dot 1 3.506557897319982 3.506557897319982
dottedcursorhelp 1 2.120263536200091 2.120263536200091
douglas 1 2.407945608651872 2.407945608651872
dowell 1 2.995732273553991 2.995732273553991
download 1 0.0 0.0
downstream 1 4.605170185988092 4.605170185988092
drainage 1 3.506557897319982 3.506557897319982
drastically 1 3.912023005428146 3.912023005428146
dtaftercontent 1 0.127833371509885 0.127833371509885
dublin 1 3.506557897319982 3.506557897319982
dubreuil 1 4.605170185988092 4.605170185988092
due 1 0.9416085398584451 0.9416085398584451
dunham 1 3.912023005428146 3.912023005428146
dylan 1 3.506557897319982 3.506557897319982
eagle 1 1.9661128563728327 1.9661128563728327
early 1 0.6348782724359695 0.6348782724359695
east 1 1.0498221244986776 1.0498221244986776
eastern 1 1.5606477482646683 1.5606477482646683
easternbrooktroutorg 1 4.605170185988092 4.605170185988092
easton 1 4.605170185988092 4.605170185988092
ebtjv 1 4.605170185988092 4.605170185988092
eco 1 2.995732273553991 2.995732273553991
ecological 1 4.605170185988092 4.605170185988092
ecology 1 3.912023005428146 3.912023005428146
ecosystem 1 4.605170185988092 4.605170185988092
edbe 1 4.605170185988092 4.605170185988092
edge 1 2.120263536200091 2.120263536200091
edged 1 3.912023005428146 3.912023005428146
eesti 1 2.8134107167600364 2.8134107167600364
effect 1 2.0402208285265546 2.0402208285265546
effectively 1 2.8134107167600364 2.8134107167600364
effort 1 1.5141277326297755 1.5141277326297755
egg 1 3.912023005428146 3.912023005428146
elaborate 1 3.506557897319982 3.506557897319982
elevation 1 3.506557897319982 3.506557897319982
eligible 1 2.302585092994046 2.302585092994046
elliot 1 3.912023005428146 3.912023005428146
embryo 1 4.605170185988092 4.605170185988092
emili 1 4.605170185988092 4.605170185988092
encyclopedia 1 0.0 0.0
endangered 1 4.605170185988092 4.605170185988092
english 1 0.0 0.0
enhance 1 3.2188758248682006 3.2188758248682006
enric 1 4.605170185988092 4.605170185988092
ensuing 1 3.506557897319982 3.506557897319982
enter 1 2.995732273553991 2.995732273553991
environment 1 2.407945608651872 2.407945608651872
environmental 1 2.8134107167600364 2.8134107167600364
epithet 1 3.912023005428146 3.912023005428146
eppo 1 4.605170185988092 4.605170185988092
eradication 1 3.912023005428146 3.912023005428146
eric 1 1.8971199848858813 1.8971199848858813
erin 1 2.995732273553991 2.995732273553991
espaol 1 1.1394342831883648 1.1394342831883648
established 1 1.1086626245216111 1.1086626245216111
estimate 1 3.506557897319982 3.506557897319982
eugene 1 2.659260036932778 2.659260036932778
eukaryota 1 4.605170185988092 4.605170185988092
eunis 1 4.605170185988092 4.605170185988092
europaea 1 4.605170185988092 4.605170185988092
europe 1 1.5141277326297755 1.5141277326297755
european 1 1.3093333199837622 1.3093333199837622
euskara 1 2.659260036932778 2.659260036932778
even 1 1.1394342831883648 1.1394342831883648
event 1 0.0 0.0
eventually 1 1.9661128563728327 1.9661128563728327
evolutionary 1 3.506557897319982 3.506557897319982
evolved 1 4.605170185988092 4.605170185988092
example 1 1.8325814637483102 1.8325814637483102
exhibit 1 4.605170185988092 4.605170185988092
exogenous 1 4.605170185988092 4.605170185988092
exp 1 0.0 0.0
expansion 1 2.0402208285265546 2.0402208285265546
experimental 1 2.995732273553991 2.995732273553991
exploration 1 3.2188758248682006 3.2188758248682006
explorer 1 3.2188758248682006 3.2188758248682006
exposed 1 3.506557897319982 3.506557897319982
express 1 1.9661128563728327 1.9661128563728327
expressing 1 3.912023005428146 3.912023005428146
extend 1 3.506557897319982 3.506557897319982
extending 1 4.605170185988092 4.605170185988092
extension 1 2.207274913189721 2.207274913189721
extinct 1 4.605170185988092 4.605170185988092
extirpated 1 4.605170185988092 4.605170185988092
extirpation 1 4.605170185988092 4.605170185988092
extreme 1 2.8134107167600364 2.8134107167600364
faced 1 2.659260036932778 2.659260036932778
facing 1 3.506557897319982 3.506557897319982
fact 1 1.5141277326297755 1.5141277326297755
factor 1 2.5257286443082556 2.5257286443082556
fall 1 1.07880966137193 1.07880966137193
family 1 0.9162907318741551 0.9162907318741551
far 1 1.6607312068216509 1.6607312068216509
faster 1 2.995732273553991 2.995732273553991
fat 1 3.912023005428146 3.912023005428146
fauna 1 3.506557897319982 3.506557897319982
fausch 1 4.605170185988092 4.605170185988092
feature 1 1.4696759700589417 1.4696759700589417
february 1 0.27443684570176036 0.27443684570176036
fed 1 4.605170185988092 4.605170185988092
federal 1 1.8971199848858813 1.8971199848858813
feed 1 3.912023005428146 3.912023005428146
feeding 1 4.605170185988092 4.605170185988092
female 1 2.207274913189721 2.207274913189721
ferox 1 4.605170185988092 4.605170185988092
fertile 1 4.605170185988092 4.605170185988092
fertilizer 1 4.605170185988092 4.605170185988092
fertilizing 1 4.605170185988092 4.605170185988092
fibreno 1 4.605170185988092 4.605170185988092
field 1 1.0498221244986776 1.0498221244986776
file 1 0.0 0.0
filtered 1 4.605170185988092 4.605170185988092
fin 1 2.995732273553991 2.995732273553991
final 1 0.9942522733438669 0.9942522733438669
finally 1 1.8971199848858813 1.8971199848858813
finfishes 1 4.605170185988092 4.605170185988092
fingerling 1 4.605170185988092 4.605170185988092
first 1 0.1508228897345837 0.1508228897345837
fish 1 2.995732273553991 2.995732273553991
fishbase 1 4.605170185988092 4.605170185988092
fisheating 1 4.605170185988092 4.605170185988092
fisher 1 2.995732273553991 2.995732273553991
fisherman 1 3.912023005428146 3.912023005428146
fishery 1 3.912023005428146 3.912023005428146
fishing 1 3.912023005428146 3.912023005428146
fishingmagconz 1 4.605170185988092 4.605170185988092
fishn 1 4.605170185988092 4.605170185988092
fishstocking 1 4.605170185988092 4.605170185988092
fitness 1 3.2188758248682006 3.2188758248682006
fitzwilliam 1 4.605170185988092 4.605170185988092
flank 1 4.605170185988092 4.605170185988092
flathead 1 4.605170185988092 4.605170185988092
floating 1 3.506557897319982 3.506557897319982
flocked 1 4.605170185988092 4.605170185988092
flow 1 2.659260036932778 2.659260036932778
fly 1 2.659260036932778 2.659260036932778
flyfishing 1 4.605170185988092 4.605170185988092
following 1 0.7133498878774648 0.7133498878774648
fontinalis 1 4.605170185988092 4.605170185988092
food 1 1.9661128563728327 1.9661128563728327
foot 1 2.407945608651872 2.407945608651872
forefront 1 4.605170185988092 4.605170185988092
forest 1 2.302585092994046 2.302585092994046
form 1 1.3470736479666094 1.3470736479666094
formula 1 2.407945608651872 2.407945608651872
forresters 1 4.605170185988092 4.605170185988092
fort 1 2.120263536200091 2.120263536200091
found 1 1.2039728043259361 1.2039728043259361
foundation 1 0.0 0.0
fountain 1 3.2188758248682006 3.2188758248682006
franais 1 0.8675005677047231 0.8675005677047231
frank 1 1.7147984280919266 1.7147984280919266
fraser 1 2.995732273553991 2.995732273553991
free 1 0.0 0.0
freshwater 1 4.605170185988092 4.605170185988092
frog 1 3.506557897319982 3.506557897319982
fry 1 3.912023005428146 3.912023005428146
fully 1 2.5257286443082556 2.5257286443082556
gain 1 2.207274913189721 2.207274913189721
game 1 1.2378743560016172 1.2378743560016172
garca 1 3.2188758248682006 3.2188758248682006
garda 1 4.605170185988092 4.605170185988092
garman 1 4.605170185988092 4.605170185988092
gary 1 2.120263536200091 2.120263536200091
gasp 1 4.605170185988092 4.605170185988092
gate 1 2.5257286443082556 2.5257286443082556
gbif 1 4.605170185988092 4.605170185988092
gellike 1 4.605170185988092 4.605170185988092
general 1 0.0 0.0
genetic 1 3.912023005428146 3.912023005428146
genetics 1 3.912023005428146 3.912023005428146
genio 1 4.605170185988092 4.605170185988092
genomic 1 4.605170185988092 4.605170185988092
gently 1 4.605170185988092 4.605170185988092
genus 1 4.605170185988092 4.605170185988092
geo 1 3.912023005428146 3.912023005428146
geological 1 3.912023005428146 3.912023005428146
georgia 1 2.302585092994046 2.302585092994046
gerard 1 3.2188758248682006 3.2188758248682006
get 1 0.0 0.0
gila 1 4.605170185988092 4.605170185988092
gill 1 3.912023005428146 3.912023005428146
gillaroo 1 4.605170185988092 4.605170185988092
gisd 1 4.605170185988092 4.605170185988092
global 1 1.7719568419318754 1.7719568419318754
globally 1 3.506557897319982 3.506557897319982
going 1 1.8325814637483102 1.8325814637483102
gold 1 1.6094379124341003 1.6094379124341003
golden 1 1.9661128563728327 1.9661128563728327
goldsworthy 1 4.605170185988092 4.605170185988092
gomez 1 3.2188758248682006 3.2188758248682006
good 1 1.3093333199837622 1.3093333199837622
goode 1 4.605170185988092 4.605170185988092
grasshopper 1 3.506557897319982 3.506557897319982
gravel 1 4.605170185988092 4.605170185988092
great 1 0.9675840262617057 0.9675840262617057
green 1 1.171182981502945 1.171182981502945
griffith 1 2.995732273553991 2.995732273553991
groundwater 1 3.912023005428146 3.912023005428146
group 1 0.8209805520698303 0.8209805520698303
grow 1 3.506557897319982 3.506557897319982
grown 1 2.995732273553991 2.995732273553991
growth 1 2.8134107167600364 2.8134107167600364
guide 1 1.8971199848858813 1.8971199848858813
guilford 1 4.605170185988092 4.605170185988092
habitability 1 4.605170185988092 4.605170185988092
habitat 1 4.605170185988092 4.605170185988092
haddy 1 4.605170185988092 4.605170185988092
hallock 1 4.605170185988092 4.605170185988092
halo 1 4.605170185988092 4.605170185988092
hampshire 1 2.8134107167600364 2.8134107167600364
hand 1 1.3862943611198906 1.3862943611198906
harbicht 1 4.605170185988092 4.605170185988092
harter 1 4.605170185988092 4.605170185988092
hatch 1 3.912023005428146 3.912023005428146
hatched 1 4.605170185988092 4.605170185988092
hatchery 1 4.605170185988092 4.605170185988092
hatnote 1 0.843970070294529 0.843970070294529
hdl 1 3.912023005428146 3.912023005428146
headwater 1 4.605170185988092 4.605170185988092
help 1 0.0 0.0
henn 1 3.912023005428146 3.912023005428146
henry 1 1.5606477482646683 1.5606477482646683
herbert 1 2.8134107167600364 2.8134107167600364
hidden 1 0.010050335853501506 0.010050335853501506
hide 1 0.0 0.0
hiding 1 3.912023005428146 3.912023005428146
high 1 0.9416085398584451 0.9416085398584451
higher 1 2.0402208285265546 2.0402208285265546
higherelevation 1 4.605170185988092 4.605170185988092
highest 1 1.7719568419318754 1.7719568419318754
highly 1 2.120263536200091 2.120263536200091
historic 1 2.659260036932778 2.659260036932778
history 1 0.0 0.0
hlist 1 0.127833371509885 0.127833371509885
hlistinline 1 0.127833371509885 0.127833371509885
hold 1 1.3470736479666094 1.3470736479666094
holden 1 3.506557897319982 3.506557897319982
holt 1 3.506557897319982 3.506557897319982
hookedin 1 4.605170185988092 4.605170185988092
hope 1 1.6607312068216509 1.6607312068216509
horrocks 1 4.605170185988092 4.605170185988092
however 1 0.6931471805599453 0.6931471805599453
hrvatskislenska 1 4.605170185988092 4.605170185988092
hudson 1 2.207274913189721 2.207274913189721
hudsonicus 1 4.605170185988092 4.605170185988092
human 1 1.3862943611198906 1.3862943611198906
humanmediated 1 4.605170185988092 4.605170185988092
hybrid 1 3.912023005428146 3.912023005428146
hybridization 1 4.605170185988092 4.605170185988092
hybridizing 1 4.605170185988092 4.605170185988092
hydroelectric 1 4.605170185988092 4.605170185988092
ibbotson 1 4.605170185988092 4.605170185988092
id 1 4.605170185988092 4.605170185988092
ideal 1 3.2188758248682006 3.2188758248682006
identifier 1 4.605170185988092 4.605170185988092
idlockfree 1 0.0408219945202552 0.0408219945202552
idlockfreeidlockfree 1 0.0408219945202552 0.0408219945202552
idlocklimited 1 0.0408219945202552 0.0408219945202552
idlockregistration 1 0.0408219945202552 0.0408219945202552
idlocksubscription 1 0.0408219945202552 0.0408219945202552
illustrates 1 4.605170185988092 4.605170185988092
illustrator 1 3.506557897319982 3.506557897319982
imgsrc 1 1.3862943611198906 1.3862943611198906
impact 1 2.302585092994046 2.302585092994046
impede 1 4.605170185988092 4.605170185988092
inbreeding 1 4.605170185988092 4.605170185988092
inc 1 0.0 0.0
inch 1 2.5257286443082556 2.5257286443082556
includes 1 1.9661128563728327 1.9661128563728327
increased 1 2.302585092994046 2.302585092994046
increasingly 1 2.659260036932778 2.659260036932778
incubation 1 4.605170185988092 4.605170185988092
index 1 1.9661128563728327 1.9661128563728327
indicative 1 4.605170185988092 4.605170185988092
individual 1 1.5606477482646683 1.5606477482646683
industrialization 1 4.605170185988092 4.605170185988092
influence 1 2.0402208285265546 2.0402208285265546
infoboxbiota 1 4.605170185988092 4.605170185988092
infocom 1 4.605170185988092 4.605170185988092
inform 1 3.506557897319982 3.506557897319982
information 1 0.0 0.0
inhabit 1 4.605170185988092 4.605170185988092
inhabits 1 4.605170185988092 4.605170185988092
initially 1 2.207274913189721 2.207274913189721
initiative 1 2.8134107167600364 2.8134107167600364
inland 1 3.912023005428146 3.912023005428146
inlet 1 3.912023005428146 3.912023005428146
insect 1 4.605170185988092 4.605170185988092
inseminated 1 4.605170185988092 4.605170185988092
institute 1 1.5141277326297755 1.5141277326297755
insular 1 4.605170185988092 4.605170185988092
integrated 1 2.407945608651872 2.407945608651872
intergeneric 1 4.605170185988092 4.605170185988092
interior 1 2.5257286443082556 2.5257286443082556
international 1 0.5978370007556204 0.5978370007556204
intrageneric 1 4.605170185988092 4.605170185988092
introduced 1 1.5606477482646683 1.5606477482646683
introducing 1 2.5257286443082556 2.5257286443082556
introduction 1 2.207274913189721 2.207274913189721
introductory 1 3.2188758248682006 3.2188758248682006
introgression 1 4.605170185988092 4.605170185988092
invasion 1 2.407945608651872 2.407945608651872
invasive 1 4.605170185988092 4.605170185988092
invertebrate 1 3.912023005428146 3.912023005428146
involve 1 4.605170185988092 4.605170185988092
iowa 1 2.8134107167600364 2.8134107167600364
irish 1 2.659260036932778 2.659260036932778
irmng 1 4.605170185988092 4.605170185988092
isbn 1 0.9942522733438669 0.9942522733438669
isc 1 4.605170185988092 4.605170185988092
island 1 1.5141277326297755 1.5141277326297755
isli 1 4.605170185988092 4.605170185988092
isolated 1 3.912023005428146 3.912023005428146
issg 1 4.605170185988092 4.605170185988092
issn 1 1.8971199848858813 1.8971199848858813
italiano 1 1.07880966137193 1.07880966137193
item 1 0.010050335853501506 0.010050335853501506
itis 1 4.605170185988092 4.605170185988092
itsuro 1 4.605170185988092 4.605170185988092
iucn 1 4.605170185988092 4.605170185988092
iucnukrltstaen 1 4.605170185988092 4.605170185988092
jacob 1 2.120263536200091 2.120263536200091
james 1 1.0498221244986776 1.0498221244986776
jan 1 2.0402208285265546 2.0402208285265546
jannson 1 4.605170185988092 4.605170185988092
january 1 0.3424903089467759 0.3424903089467759
jar 1 4.605170185988092 4.605170185988092
jason 1 1.6607312068216509 1.6607312068216509
jersey 1 2.120263536200091 2.120263536200091
jexp 1 4.605170185988092 4.605170185988092
jfbio 1 4.605170185988092 4.605170185988092
jglrm 1 4.605170185988092 4.605170185988092
john 1 0.49429632181478017 0.49429632181478017
joint 1 2.302585092994046 2.302585092994046
joseph 1 1.5141277326297755 1.5141277326297755
journal 1 1.3093333199837622 1.3093333199837622
jstor 1 1.5141277326297755 1.5141277326297755
july 1 0.43078291609245434 0.43078291609245434
jump 1 0.0 0.0
june 1 0.40047756659712536 0.40047756659712536
juvenile 1 4.605170185988092 4.605170185988092
karas 1 4.605170185988092 4.605170185988092
kazyak 1 4.605170185988092 4.605170185988092
keep 1 1.7719568419318754 1.7719568419318754
keith 1 2.407945608651872 2.407945608651872
kenneth 1 2.8134107167600364 2.8134107167600364
kill 1 1.7719568419318754 1.7719568419318754
king 1 1.3093333199837622 1.3093333199837622
kingdom 1 1.5141277326297755 1.5141277326297755
kirikuchi 1 4.605170185988092 4.605170185988092
known 1 0.7985076962177716 0.7985076962177716
koizumi 1 3.912023005428146 3.912023005428146
krzysztof 1 4.605170185988092 4.605170185988092
kurt 1 2.995732273553991 2.995732273553991
lack 1 2.120263536200091 2.120263536200091
lacustrine 1 4.605170185988092 4.605170185988092
lake 1 1.8325814637483102 1.8325814637483102
lamar 1 3.2188758248682006 3.2188758248682006
land 1 1.5141277326297755 1.5141277326297755
landguth 1 4.605170185988092 4.605170185988092
language 1 0.0 0.0
large 1 1.4696759700589417 1.4696759700589417
larger 1 2.407945608651872 2.407945608651872
larval 1 4.605170185988092 4.605170185988092
last 1 0.0 0.0
late 1 1.3093333199837622 1.3093333199837622
later 1 0.5621189181535412 0.5621189181535412
latham 1 4.605170185988092 4.605170185988092
latin 1 2.5257286443082556 2.5257286443082556
latter 1 1.6607312068216509 1.6607312068216509
lawrence 1 2.302585092994046 2.302585092994046
lead 1 1.6607312068216509 1.6607312068216509
leading 1 1.3093333199837622 1.3093333199837622
learn 1 0.0 0.0
least 1 1.8971199848858813 1.8971199848858813
led 1 1.07880966137193 1.07880966137193
length 1 1.7719568419318754 1.7719568419318754
lesley 1 3.2188758248682006 3.2188758248682006
less 1 1.5141277326297755 1.5141277326297755
letcher 1 4.605170185988092 4.605170185988092
level 1 1.9661128563728327 1.9661128563728327
liaftercontent 1 0.127833371509885 0.127833371509885
lib 1 3.506557897319982 3.506557897319982
license 1 0.0 0.0
lietuvi 1 2.8134107167600364 2.8134107167600364
life 1 0.5447271754416719 0.5447271754416719
lighter 1 4.605170185988092 4.605170185988092
likely 1 2.5257286443082556 2.5257286443082556
limarginbottom 1 0.9675840262617057 0.9675840262617057
limited 1 2.0402208285265546 2.0402208285265546
line 1 1.4696759700589417 1.4696759700589417
link 1 0.0 0.0
lisa 1 2.995732273553991 2.995732273553991
list 1 0.6348782724359695 0.6348782724359695
listed 1 2.302585092994046 2.302585092994046
lithograph 1 3.912023005428146 3.912023005428146
little 1 1.4696759700589417 1.4696759700589417
live 1 1.2378743560016172 1.2378743560016172
living 1 1.07880966137193 1.07880966137193
loathed 1 4.605170185988092 4.605170185988092
location 1 1.171182981502945 1.171182981502945
log 1 0.0 0.0
logged 1 0.0 0.0
long 1 1.1086626245216111 1.1086626245216111
longer 1 2.207274913189721 2.207274913189721
longlived 1 4.605170185988092 4.605170185988092
look 1 2.0402208285265546 2.0402208285265546
losing 1 2.120263536200091 2.120263536200091
loss 1 1.7147984280919266 1.7147984280919266
lough 1 4.605170185988092 4.605170185988092
louis 1 1.5141277326297755 1.5141277326297755
loved 1 3.2188758248682006 3.2188758248682006
low 1 1.9661128563728327 1.9661128563728327
lower 1 1.8325814637483102 1.8325814637483102
lubinski 1 4.605170185988092 4.605170185988092
luell 1 4.605170185988092 4.605170185988092
lyon 1 2.8134107167600364 2.8134107167600364
made 1 0.653926467406664 0.653926467406664
magazine 1 1.8971199848858813 1.8971199848858813
magyar 1 2.0402208285265546 2.0402208285265546
main 1 0.0 0.0
maine 1 2.659260036932778 2.659260036932778
mainegov 1 4.605170185988092 4.605170185988092
male 1 1.6607312068216509 1.6607312068216509
mallard 1 4.605170185988092 4.605170185988092
mammal 1 3.912023005428146 3.912023005428146
mamoozadeh 1 4.605170185988092 4.605170185988092
management 1 1.7719568419318754 1.7719568419318754
mandatory 1 4.605170185988092 4.605170185988092
manitoba 1 3.912023005428146 3.912023005428146
manual 1 2.5257286443082556 2.5257286443082556
many 1 0.7550225842780328 0.7550225842780328
mar 1 2.0402208285265546 2.0402208285265546
marble 1 3.506557897319982 3.506557897319982
marbled 1 4.605170185988092 4.605170185988092
march 1 0.3147107448397002 0.3147107448397002
marine 1 2.407945608651872 2.407945608651872
maritime 1 2.5257286443082556 2.5257286443082556
mark 1 1.1394342831883648 1.1394342831883648
marketing 1 2.8134107167600364 2.8134107167600364
marking 1 2.995732273553991 2.995732273553991
massaged 1 4.605170185988092 4.605170185988092
match 1 0.8675005677047231 0.8675005677047231
mating 1 4.605170185988092 4.605170185988092
matthew 1 1.8325814637483102 1.8325814637483102
mature 1 4.605170185988092 4.605170185988092
maximum 1 2.659260036932778 2.659260036932778
may 1 0.0 0.0
mayfly 1 4.605170185988092 4.605170185988092
mean 1 1.7719568419318754 1.7719568419318754
measurement 1 4.605170185988092 4.605170185988092
medium 1 0.49429632181478017 0.49429632181478017
meek 1 4.605170185988092 4.605170185988092
melvin 1 3.912023005428146 3.912023005428146
menu 1 0.0 0.0
mexican 1 2.5257286443082556 2.5257286443082556
michael 1 1.171182981502945 1.171182981502945
michigan 1 2.207274913189721 2.207274913189721
microformats 1 2.5257286443082556 2.5257286443082556
midthcentury 1 4.605170185988092 4.605170185988092
migrate 1 3.506557897319982 3.506557897319982
mild 1 4.605170185988092 4.605170185988092
mile 1 1.8971199848858813 1.8971199848858813
mill 1 2.302585092994046 2.302585092994046
miller 1 1.6094379124341003 1.6094379124341003
milt 1 4.605170185988092 4.605170185988092
mimic 1 3.2188758248682006 3.2188758248682006
mineral 1 3.2188758248682006 3.2188758248682006
miniature 1 3.912023005428146 3.912023005428146
minimizes 1 4.605170185988092 4.605170185988092
minnesota 1 2.0402208285265546 2.0402208285265546
mississippi 1 2.407945608651872 2.407945608651872
mitchill 1 4.605170185988092 4.605170185988092
mobile 1 0.0 0.0
model 1 1.8971199848858813 1.8971199848858813
modeling 1 3.506557897319982 3.506557897319982
moderate 1 2.995732273553991 2.995732273553991
moeller 1 4.605170185988092 4.605170185988092
mohammed 1 3.2188758248682006 3.2188758248682006
mollusc 1 4.605170185988092 4.605170185988092
monitoring 1 3.506557897319982 3.506557897319982
montana 1 2.8134107167600364 2.8134107167600364
month 1 0.8915981192837835 0.8915981192837835
morrissey 1 4.605170185988092 4.605170185988092
mortimer 1 3.506557897319982 3.506557897319982
mound 1 4.605170185988092 4.605170185988092
mountain 1 1.8971199848858813 1.8971199848858813
mouth 1 2.8134107167600364 2.8134107167600364
move 1 0.0 0.0
moved 1 1.7719568419318754 1.7719568419318754
movement 1 1.6607312068216509 1.6607312068216509
moyle 1 4.605170185988092 4.605170185988092
much 1 1.171182981502945 1.171182981502945
mud 1 3.912023005428146 3.912023005428146
museum 1 2.302585092994046 2.302585092994046
na 1 3.912023005428146 3.912023005428146
najfmc 1 4.605170185988092 4.605170185988092
namaycush 1 4.605170185988092 4.605170185988092
name 1 0.5276327420823719 0.5276327420823719
named 1 1.2039728043259361 1.2039728043259361
nathan 1 2.5257286443082556 2.5257286443082556
national 1 0.5108256237659907 0.5108256237659907
native 1 2.407945608651872 2.407945608651872
natural 1 1.8325814637483102 1.8325814637483102
naturalist 1 3.912023005428146 3.912023005428146
naturally 1 3.912023005428146 3.912023005428146
nature 1 2.0402208285265546 2.0402208285265546
natured 1 4.605170185988092 4.605170185988092
navbar 1 0.23572233352106994 0.23572233352106994
navbarmini 1 0.23572233352106994 0.23572233352106994
navbox 1 0.1392620673335076 0.1392620673335076
navboximage 1 0.1392620673335076 0.1392620673335076
navboxsubgroup 1 0.1392620673335076 0.1392620673335076
navboxtitle 1 0.1392620673335076 0.1392620673335076
navigation 1 0.0 0.0
nbn 1 4.605170185988092 4.605170185988092
ncbi 1 3.912023005428146 3.912023005428146
near 1 1.8325814637483102 1.8325814637483102
nederland 1 1.7147984280919266 1.7147984280919266
negative 1 2.5257286443082556 2.5257286443082556
network 1 1.3470736479666094 1.3470736479666094
nevada 1 2.995732273553991 2.995732273553991
new 1 0.24846135929849972 0.24846135929849972
newfoundland 1 4.605170185988092 4.605170185988092
next 1 1.1086626245216111 1.1086626245216111
nhmsys 1 4.605170185988092 4.605170185988092
nick 1 2.120263536200091 2.120263536200091
nipigon 1 4.605170185988092 4.605170185988092
nislow 1 4.605170185988092 4.605170185988092
nobanis 1 4.605170185988092 4.605170185988092
non 1 2.302585092994046 2.302585092994046
nonindigenous 1 4.605170185988092 4.605170185988092
nonnative 1 4.605170185988092 4.605170185988092
nonprofit 1 0.0 0.0
norris 1 2.995732273553991 2.995732273553991
norsk 1 1.9661128563728327 1.9661128563728327
north 1 0.8209805520698303 0.8209805520698303
northeastern 1 3.2188758248682006 3.2188758248682006
northern 1 1.3093333199837622 1.3093333199837622
northernorigin 1 4.605170185988092 4.605170185988092
northwest 1 2.8134107167600364 2.8134107167600364
norton 1 4.605170185988092 4.605170185988092
norwalk 1 4.605170185988092 4.605170185988092
nov 1 2.0402208285265546 2.0402208285265546
november 1 0.3011050927839216 0.3011050927839216
novinger 1 4.605170185988092 4.605170185988092
number 1 0.7550225842780328 0.7550225842780328
nutrient 1 4.605170185988092 4.605170185988092
nynorsk 1 2.8134107167600364 2.8134107167600364
nzor 1 4.605170185988092 4.605170185988092
obi 1 4.605170185988092 4.605170185988092
observationorg 1 4.605170185988092 4.605170185988092
observed 1 2.5257286443082556 2.5257286443082556
occasion 1 2.659260036932778 2.659260036932778
occasional 1 3.506557897319982 3.506557897319982
occur 1 3.506557897319982 3.506557897319982
occurs 1 3.506557897319982 3.506557897319982
ocean 1 2.407945608651872 2.407945608651872
oceania 1 3.506557897319982 3.506557897319982
october 1 0.28768207245178085 0.28768207245178085
odonnell 1 3.912023005428146 3.912023005428146
often 1 1.6607312068216509 1.6607312068216509
ohara 1 3.506557897319982 3.506557897319982
ohrid 1 4.605170185988092 4.605170185988092
oil 1 2.5257286443082556 2.5257286443082556
old 1 1.07880966137193 1.07880966137193
olivegreen 1 4.605170185988092 4.605170185988092
ollibeforecontent 1 0.127833371509885 0.127833371509885
oncorhynchus 1 4.605170185988092 4.605170185988092
one 1 0.23572233352106994 0.23572233352106994
online 1 1.4696759700589417 1.4696759700589417
ontario 1 2.995732273553991 2.995732273553991
operate 1 2.995732273553991 2.995732273553991
oquossoc 1 4.605170185988092 4.605170185988092
orange 1 2.5257286443082556 2.5257286443082556
order 1 1.171182981502945 1.171182981502945
organization 1 0.0 0.0
organizationname 1 0.010050335853501506 0.010050335853501506
original 1 0.4155154439616658 0.4155154439616658
orkney 1 4.605170185988092 4.605170185988092
others 1 1.1394342831883648 1.1394342831883648
outcompeting 1 4.605170185988092 4.605170185988092
outside 1 1.7147984280919266 1.7147984280919266
overall 1 1.8325814637483102 1.8325814637483102
overfishing 1 4.605170185988092 4.605170185988092
overharvesting 1 4.605170185988092 4.605170185988092
overview 1 2.0402208285265546 2.0402208285265546
oxygen 1 3.506557897319982 3.506557897319982
pacific 1 2.302585092994046 2.302585092994046
page 1 0.0 0.0
painting 1 2.8134107167600364 2.8134107167600364
parental 1 3.506557897319982 3.506557897319982
park 1 1.3093333199837622 1.3093333199837622
parr 1 3.912023005428146 3.912023005428146
part 1 0.6348782724359695 0.6348782724359695
particularly 1 2.120263536200091 2.120263536200091
partnering 1 3.912023005428146 3.912023005428146
pass 1 2.407945608651872 2.407945608651872
patrick 1 1.8971199848858813 1.8971199848858813
pattern 1 3.506557897319982 3.506557897319982
paul 1 0.8675005677047231 0.8675005677047231
pauline 1 3.912023005428146 3.912023005428146
pdf 1 1.0498221244986776 1.0498221244986776
pdfprintable 1 0.0 0.0
pelleted 1 4.605170185988092 4.605170185988092
penaluna 1 4.605170185988092 4.605170185988092
pennsylvania 1 2.302585092994046 2.302585092994046
perch 1 3.912023005428146 3.912023005428146
percids 1 4.605170185988092 4.605170185988092
percolate 1 4.605170185988092 4.605170185988092
period 1 1.4271163556401458 1.4271163556401458
peripheral 1 3.506557897319982 3.506557897319982
permanent 1 0.0 0.0
perris 1 4.605170185988092 4.605170185988092
personal 1 0.0 0.0
peter 1 1.3093333199837622 1.3093333199837622
peterson 1 3.506557897319982 3.506557897319982
phylogeography 1 4.605170185988092 4.605170185988092
phylum 1 3.912023005428146 3.912023005428146
physician 1 2.8134107167600364 2.8134107167600364
piscivorous 1 4.605170185988092 4.605170185988092
plainlist 1 0.7339691750802005 0.7339691750802005
plant 1 2.5257286443082556 2.5257286443082556
pmc 1 3.506557897319982 3.506557897319982
pmid 1 3.2188758248682006 3.2188758248682006
point 1 1.2729656758128876 1.2729656758128876
pointer 1 4.605170185988092 4.605170185988092
policy 1 0.0 0.0
polluted 1 4.605170185988092 4.605170185988092
pollution 1 3.912023005428146 3.912023005428146
polski 1 1.3470736479666094 1.3470736479666094
pond 1 3.912023005428146 3.912023005428146
pool 1 2.995732273553991 2.995732273553991
popular 1 1.4696759700589417 1.4696759700589417
population 1 2.207274913189721 2.207274913189721
portal 1 0.0 0.0
portugus 1 1.171182981502945 1.171182981502945
posing 1 3.912023005428146 3.912023005428146
possibility 1 2.5257286443082556 2.5257286443082556
possible 1 1.8971199848858813 1.8971199848858813
pot 1 4.605170185988092 4.605170185988092
potamodromous 1 4.605170185988092 4.605170185988092
potential 1 2.659260036932778 2.659260036932778
power 1 1.0216512475319812 1.0216512475319812
practice 1 2.0402208285265546 2.0402208285265546
precipitation 1 4.605170185988092 4.605170185988092
predaceous 1 4.605170185988092 4.605170185988092
predacious 1 4.605170185988092 4.605170185988092
predatory 1 4.605170185988092 4.605170185988092
present 1 0.9675840262617057 0.9675840262617057
preserve 1 3.506557897319982 3.506557897319982
prespa 1 4.605170185988092 4.605170185988092
press 1 0.7550225842780328 0.7550225842780328
pressure 1 2.8134107167600364 2.8134107167600364
previous 1 1.6607312068216509 1.6607312068216509
preying 1 4.605170185988092 4.605170185988092
printbodyns 1 0.09431067947124142 0.09431067947124142
printexport 1 0.0 0.0
privacy 1 0.0 0.0
private 1 1.8325814637483102 1.8325814637483102
problematic 1 3.912023005428146 3.912023005428146
process 1 1.5141277326297755 1.5141277326297755
produce 1 2.5257286443082556 2.5257286443082556
produced 1 1.7719568419318754 1.7719568419318754
production 1 1.6607312068216509 1.6607312068216509
profile 1 2.0402208285265546 2.0402208285265546
program 1 1.7719568419318754 1.7719568419318754
project 1 0.0 0.0
promoting 1 3.506557897319982 3.506557897319982
propagated 1 4.605170185988092 4.605170185988092
propagation 1 4.605170185988092 4.605170185988092
proposed 1 2.5257286443082556 2.5257286443082556
protect 1 3.2188758248682006 3.2188758248682006
protein 1 3.912023005428146 3.912023005428146
provided 1 1.8971199848858813 1.8971199848858813
province 1 2.120263536200091 2.120263536200091
provincial 1 2.995732273553991 2.995732273553991
provoke 1 4.605170185988092 4.605170185988092
publishing 1 1.7719568419318754 1.7719568419318754
pull 1 3.2188758248682006 3.2188758248682006
pupal 1 4.605170185988092 4.605170185988092
purportedly 1 4.605170185988092 4.605170185988092
pursue 1 2.995732273553991 2.995732273553991
putnam 1 4.605170185988092 4.605170185988092
quackenbos 1 4.605170185988092 4.605170185988092
quality 1 2.407945608651872 2.407945608651872
quickly 1 2.407945608651872 2.407945608651872
radar 1 4.605170185988092 4.605170185988092
rain 1 2.995732273553991 2.995732273553991
rainbow 1 3.2188758248682006 3.2188758248682006
raise 1 2.302585092994046 2.302585092994046
raleigh 1 3.506557897319982 3.506557897319982
random 1 0.0 0.0
range 1 2.5257286443082556 2.5257286443082556
ranged 1 4.605170185988092 4.605170185988092
rangeley 1 4.605170185988092 4.605170185988092
rarely 1 3.506557897319982 3.506557897319982
rash 1 4.605170185988092 4.605170185988092
rate 1 2.407945608651872 2.407945608651872
reach 1 2.302585092994046 2.302585092994046
reached 1 2.302585092994046 2.302585092994046
reaching 1 2.995732273553991 2.995732273553991
read 1 0.0 0.0
reading 1 1.5606477482646683 1.5606477482646683
rearing 1 4.605170185988092 4.605170185988092
recent 1 0.0 0.0
recipe 1 4.605170185988092 4.605170185988092
recirculation 1 4.605170185988092 4.605170185988092
recognized 1 2.659260036932778 2.659260036932778
record 1 0.7765287894989963 0.7765287894989963
recorded 1 1.6607312068216509 1.6607312068216509
recover 1 3.506557897319982 3.506557897319982
recovery 1 3.2188758248682006 3.2188758248682006
red 1 1.07880966137193 1.07880966137193
redd 1 4.605170185988092 4.605170185988092
reddish 1 3.912023005428146 3.912023005428146
reduced 1 2.995732273553991 2.995732273553991
reference 1 0.03045920748470844 0.03045920748470844
referred 1 2.302585092994046 2.302585092994046
reflection 1 3.912023005428146 3.912023005428146
reflist 1 0.06187540371808745 0.06187540371808745
reflistcolumns 1 0.06187540371808745 0.06187540371808745
refrigeration 1 4.605170185988092 4.605170185988092
reg 1 0.0 0.0
region 1 1.6607312068216509 1.6607312068216509
registered 1 0.0 0.0
regulation 1 2.407945608651872 2.407945608651872
reinforce 1 4.605170185988092 4.605170185988092
related 1 0.0 0.0
relationship 1 1.8971199848858813 1.8971199848858813
release 1 1.3093333199837622 1.3093333199837622
released 1 1.2729656758128876 1.2729656758128876
rely 1 3.912023005428146 3.912023005428146
remaining 1 2.302585092994046 2.302585092994046
remote 1 3.2188758248682006 3.2188758248682006
removal 1 2.8134107167600364 2.8134107167600364
reoccurring 1 4.605170185988092 4.605170185988092
replaced 1 1.8971199848858813 1.8971199848858813
report 1 1.1086626245216111 1.1086626245216111
reproduction 1 4.605170185988092 4.605170185988092
reproductively 1 4.605170185988092 4.605170185988092
republic 1 1.5141277326297755 1.5141277326297755
research 1 1.6094379124341003 1.6094379124341003
resilience 1 4.605170185988092 4.605170185988092
resource 1 1.7147984280919266 1.7147984280919266
restore 1 2.995732273553991 2.995732273553991
restricted 1 3.2188758248682006 3.2188758248682006
restrictive 1 3.912023005428146 3.912023005428146
resulted 1 2.120263536200091 2.120263536200091
retrieved 1 0.0 0.0
return 1 1.07880966137193 1.07880966137193
returning 1 2.207274913189721 2.207274913189721
reuben 1 3.506557897319982 3.506557897319982
reused 1 4.605170185988092 4.605170185988092
revealed 1 2.302585092994046 2.302585092994046
revenue 1 2.8134107167600364 2.8134107167600364
review 1 1.07880966137193 1.07880966137193
reviseded 1 4.605170185988092 4.605170185988092
rex 1 2.995732273553991 2.995732273553991
rfbfd 1 4.605170185988092 4.605170185988092
rhead 1 4.605170185988092 4.605170185988092
ridge 1 3.506557897319982 3.506557897319982
ridgway 1 4.605170185988092 4.605170185988092
rinckenbach 1 4.605170185988092 4.605170185988092
river 1 1.4271163556401458 1.4271163556401458
rms 1 4.605170185988092 4.605170185988092
robert 1 0.8675005677047231 0.8675005677047231
robust 1 3.506557897319982 3.506557897319982
rock 1 1.6094379124341003 1.6094379124341003
rockies 1 3.2188758248682006 3.2188758248682006
rocky 1 2.659260036932778 2.659260036932778
rod 1 2.995732273553991 2.995732273553991
romn 1 2.5257286443082556 2.5257286443082556
romonca 1 4.605170185988092 4.605170185988092
ronald 1 2.659260036932778 2.659260036932778
roosevelt 1 3.912023005428146 3.912023005428146
royal 1 1.8325814637483102 1.8325814637483102
run 1 1.171182981502945 1.171182981502945
runoff 1 4.605170185988092 4.605170185988092
russell 1 2.0402208285265546 2.0402208285265546
sac 1 4.605170185988092 4.605170185988092
sagassizii 1 4.605170185988092 4.605170185988092
saibling 1 4.605170185988092 4.605170185988092
saint 1 1.6607312068216509 1.6607312068216509
sakrejda 1 4.605170185988092 4.605170185988092
sale 1 1.8971199848858813 1.8971199848858813
salmo 1 3.912023005428146 3.912023005428146
salmon 1 4.605170185988092 4.605170185988092
salmonid 1 4.605170185988092 4.605170185988092
salmonidae 1 4.605170185988092 4.605170185988092
salmoniformes 1 4.605170185988092 4.605170185988092
salpinus 1 4.605170185988092 4.605170185988092
salter 1 4.605170185988092 4.605170185988092
saltwater 1 4.605170185988092 4.605170185988092
salvelinus 1 4.605170185988092 4.605170185988092
salvelinusfontinalis 1 4.605170185988092 4.605170185988092
salvfo 1 4.605170185988092 4.605170185988092
samuel 1 2.302585092994046 2.302585092994046
save 1 1.8971199848858813 1.8971199848858813
schroeter 1 4.605170185988092 4.605170185988092
schueller 1 4.605170185988092 4.605170185988092
schullery 1 4.605170185988092 4.605170185988092
scid 1 2.659260036932778 2.659260036932778
science 1 1.171182981502945 1.171182981502945
scientific 1 2.659260036932778 2.659260036932778
scientifically 1 4.605170185988092 4.605170185988092
scott 1 1.2729656758128876 1.2729656758128876
screen 1 0.010050335853501506 0.010050335853501506
sea 1 2.0402208285265546 2.0402208285265546
search 1 0.0 0.0
searun 1 4.605170185988092 4.605170185988092
season 1 1.1394342831883648 1.1394342831883648
seasonal 1 3.2188758248682006 3.2188758248682006
second 1 0.49429632181478017 0.49429632181478017
section 1 1.8325814637483102 1.8325814637483102
secure 1 2.8134107167600364 2.8134107167600364
see 1 0.40047756659712536 0.40047756659712536
seek 1 2.302585092994046 2.302585092994046
seen 1 1.8971199848858813 1.8971199848858813
selection 1 2.5257286443082556 2.5257286443082556
selfsustaining 1 4.605170185988092 4.605170185988092
semianadromous 1 4.605170185988092 4.605170185988092
september 1 0.43078291609245434 0.43078291609245434
serve 1 2.207274913189721 2.207274913189721
service 1 1.2378743560016172 1.2378743560016172
settled 1 2.995732273553991 2.995732273553991
sevan 1 4.605170185988092 4.605170185988092
seven 1 1.6094379124341003 1.6094379124341003
several 1 0.8209805520698303 0.8209805520698303
severely 1 3.912023005428146 3.912023005428146
sfagassizii 1 4.605170185988092 4.605170185988092
sfontinalis 1 4.605170185988092 4.605170185988092
sftimagamiensis 1 4.605170185988092 4.605170185988092
shade 1 3.2188758248682006 3.2188758248682006
shannon 1 2.5257286443082556 2.5257286443082556
share 1 0.0 0.0
sheet 1 3.912023005428146 3.912023005428146
shelbourne 1 4.605170185988092 4.605170185988092
shell 1 2.995732273553991 2.995732273553991
shepard 1 4.605170185988092 4.605170185988092
shewmaker 1 4.605170185988092 4.605170185988092
shoreline 1 4.605170185988092 4.605170185988092
short 1 0.06187540371808745 0.06187540371808745
shortdescription 1 0.2613647641344075 0.2613647641344075
shortened 1 0.0 0.0
shortlived 1 3.912023005428146 3.912023005428146
shortliving 1 4.605170185988092 4.605170185988092
side 1 1.4271163556401458 1.4271163556401458
sidebar 1 0.0 0.0
sideboxmarginpx 1 1.3862943611198906 1.3862943611198906
sideboxtextpaddingem 1 1.3862943611198906 1.3862943611198906
significant 1 2.407945608651872 2.407945608651872
sigourney 1 3.912023005428146 3.912023005428146
silted 1 4.605170185988092 4.605170185988092
silver 1 1.8971199848858813 1.8971199848858813
silvery 1 4.605170185988092 4.605170185988092
similarly 1 3.912023005428146 3.912023005428146
simulation 1 4.605170185988092 4.605170185988092
since 1 0.7985076962177716 0.7985076962177716
sister 1 1.8325814637483102 1.8325814637483102
sisterbox 1 3.2188758248682006 3.2188758248682006
sistersitebox 1 1.3862943611198906 1.3862943611198906
site 1 0.0 0.0
size 1 2.659260036932778 2.659260036932778
sizedependent 1 4.605170185988092 4.605170185988092
skip 1 3.912023005428146 3.912023005428146
skretting 1 4.605170185988092 4.605170185988092
slightly 1 2.659260036932778 2.659260036932778
slovenina 1 2.5257286443082556 2.5257286443082556
small 1 1.4271163556401458 1.4271163556401458
smaller 1 2.659260036932778 2.659260036932778
smallmouth 1 4.605170185988092 4.605170185988092
smallmouthed 1 4.605170185988092 4.605170185988092
smith 1 1.2039728043259361 1.2039728043259361
snamaycush 1 4.605170185988092 4.605170185988092
society 1 1.4271163556401458 1.4271163556401458
solid 1 0.09431067947124142 0.09431067947124142
sometimes 1 2.302585092994046 2.302585092994046
son 1 1.3093333199837622 1.3093333199837622
sonaghen 1 4.605170185988092 4.605170185988092
sooner 1 3.912023005428146 3.912023005428146
source 1 0.5798184952529422 0.5798184952529422
south 1 0.9162907318741551 0.9162907318741551
southern 1 1.6607312068216509 1.6607312068216509
southward 1 4.605170185988092 4.605170185988092
sparctic 1 4.605170185988092 4.605170185988092
sparked 1 3.506557897319982 3.506557897319982
spawn 1 4.605170185988092 4.605170185988092
spawning 1 4.605170185988092 4.605170185988092
speas 1 4.605170185988092 4.605170185988092
special 1 0.0 0.0
specialist 1 3.506557897319982 3.506557897319982
specialized 1 3.506557897319982 3.506557897319982
specie 1 2.995732273553991 2.995732273553991
speciesbox 1 4.605170185988092 4.605170185988092
specific 1 2.8134107167600364 2.8134107167600364
specimen 1 4.605170185988092 4.605170185988092
speckled 1 3.912023005428146 3.912023005428146
spend 1 3.2188758248682006 3.2188758248682006
spinyrayed 1 4.605170185988092 4.605170185988092
splake 1 4.605170185988092 4.605170185988092
sport 1 1.1394342831883648 1.1394342831883648
sporting 1 2.8134107167600364 2.8134107167600364
spot 1 2.659260036932778 2.659260036932778
spread 1 2.302585092994046 2.302585092994046
spring 1 1.5606477482646683 1.5606477482646683
sprinkling 1 4.605170185988092 4.605170185988092
squaretail 1 4.605170185988092 4.605170185988092
srpski 1 3.2188758248682006 3.2188758248682006
srpskohrvatski 1 3.912023005428146 3.912023005428146
ssc 1 4.605170185988092 4.605170185988092
stage 1 1.9661128563728327 1.9661128563728327
stand 1 2.120263536200091 2.120263536200091
standard 1 1.6607312068216509 1.6607312068216509
start 1 1.4271163556401458 1.4271163556401458
started 1 1.6094379124341003 1.6094379124341003
state 1 0.3147107448397002 0.3147107448397002
statement 1 0.0 0.0
statistic 1 0.0 0.0
status 1 1.7719568419318754 1.7719568419318754
steelhead 1 4.605170185988092 4.605170185988092
stephanie 1 2.995732273553991 2.995732273553991
sterile 1 4.605170185988092 4.605170185988092
steve 1 1.8971199848858813 1.8971199848858813
steven 1 2.207274913189721 2.207274913189721
stocking 1 4.605170185988092 4.605170185988092
stonefly 1 4.605170185988092 4.605170185988092
strained 1 3.912023005428146 3.912023005428146
strategy 1 2.995732273553991 2.995732273553991
stray 1 4.605170185988092 4.605170185988092
stream 1 3.506557897319982 3.506557897319982
stress 1 2.995732273553991 2.995732273553991
stressed 1 3.506557897319982 3.506557897319982
stressful 1 4.605170185988092 4.605170185988092
strong 1 1.6607312068216509 1.6607312068216509
study 1 1.2729656758128876 1.2729656758128876
subgenus 1 4.605170185988092 4.605170185988092
subject 1 2.8134107167600364 2.8134107167600364
subsection 1 0.3424903089467759 0.3424903089467759
subspecies 1 4.605170185988092 4.605170185988092
substantial 1 2.8134107167600364 2.8134107167600364
substructure 1 4.605170185988092 4.605170185988092
succeeding 1 3.506557897319982 3.506557897319982
successful 1 2.0402208285265546 2.0402208285265546
successively 1 3.912023005428146 3.912023005428146
suckley 1 4.605170185988092 4.605170185988092
sufficient 1 2.995732273553991 2.995732273553991
suitability 1 4.605170185988092 4.605170185988092
suitable 1 3.2188758248682006 3.2188758248682006
summer 1 1.5141277326297755 1.5141277326297755
suomi 1 1.7719568419318754 1.7719568419318754
superior 1 2.8134107167600364 2.8134107167600364
suppression 1 3.2188758248682006 3.2188758248682006
surrounded 1 2.995732273553991 2.995732273553991
survey 1 2.5257286443082556 2.5257286443082556
survival 1 3.2188758248682006 3.2188758248682006
survive 1 3.2188758248682006 3.2188758248682006
susan 1 2.659260036932778 2.659260036932778
susceptible 1 4.605170185988092 4.605170185988092
sustain 1 4.605170185988092 4.605170185988092
sutter 1 4.605170185988092 4.605170185988092
svenska 1 1.9661128563728327 1.9661128563728327
syllabus 1 3.912023005428146 3.912023005428146
symbol 1 2.0402208285265546 2.0402208285265546
synonym 1 4.605170185988092 4.605170185988092
system 1 0.9162907318741551 0.9162907318741551
systematic 1 3.2188758248682006 3.2188758248682006
systematics 1 4.605170185988092 4.605170185988092
table 1 0.0 0.0
tablebiotainfobox 1 4.605170185988092 4.605170185988092
tactic 1 3.912023005428146 3.912023005428146
tagalog 1 4.605170185988092 4.605170185988092
tail 1 3.912023005428146 3.912023005428146
taits 1 4.605170185988092 4.605170185988092
take 1 0.9675840262617057 0.9675840262617057
talk 1 0.0 0.0
tank 1 2.5257286443082556 2.5257286443082556
taxoboxcore 1 4.605170185988092 4.605170185988092
taxon 1 4.605170185988092 4.605170185988092
taxonbar 1 4.605170185988092 4.605170185988092
taxonbars 1 4.605170185988092 4.605170185988092
taxonomy 1 4.605170185988092 4.605170185988092
taylor 1 1.7719568419318754 1.7719568419318754
tdhlist 1 0.1392620673335076 0.1392620673335076
tdpaddingpx 1 4.605170185988092 4.605170185988092
team 1 1.0498221244986776 1.0498221244986776
technology 1 1.7719568419318754 1.7719568419318754
telecommunication 1 3.912023005428146 3.912023005428146
temagami 1 4.605170185988092 4.605170185988092
temperate 1 4.605170185988092 4.605170185988092
temperature 1 3.912023005428146 3.912023005428146
template 1 0.0 0.0
tend 1 4.605170185988092 4.605170185988092
tenkara 1 4.605170185988092 4.605170185988092
tennessee 1 2.120263536200091 2.120263536200091
term 1 0.0 0.0
terrestrial 1 3.912023005428146 3.912023005428146
territorial 1 3.912023005428146 3.912023005428146
text 1 0.0 0.0
thaddeus 1 4.605170185988092 4.605170185988092
thcenturies 1 4.605170185988092 4.605170185988092
thcentury 1 3.506557897319982 3.506557897319982
theodore 1 3.912023005428146 3.912023005428146
thompson 1 2.0402208285265546 2.0402208285265546
thorough 1 4.605170185988092 4.605170185988092
threat 1 2.407945608651872 2.407945608651872
threatened 1 2.8134107167600364 2.8134107167600364
three 1 0.5798184952529422 0.5798184952529422
throughout 1 1.171182981502945 1.171182981502945
tiger 1 3.2188758248682006 3.2188758248682006
till 1 2.302585092994046 2.302585092994046
tim 1 1.6607312068216509 1.6607312068216509
timagamiensis 1 4.605170185988092 4.605170185988092
time 1 0.28768207245178085 0.28768207245178085
ting 1 2.407945608651872 2.407945608651872
tobias 1 3.912023005428146 3.912023005428146
today 1 1.4696759700589417 1.4696759700589417
todd 1 2.5257286443082556 2.5257286443082556
toggle 1 0.010050335853501506 0.010050335853501506
tolerant 1 4.605170185988092 4.605170185988092
tomelleri 1 4.605170185988092 4.605170185988092
took 1 1.171182981502945 1.171182981502945
tool 1 0.0 0.0
top 1 0.010050335853501506 0.010050335853501506
topic 1 0.0 0.0
total 1 0.0 0.0
tourist 1 2.995732273553991 2.995732273553991
toward 1 2.207274913189721 2.207274913189721
trademark 1 0.0 0.0
transferred 1 1.9661128563728327 1.9661128563728327
transplantation 1 3.912023005428146 3.912023005428146
transplanted 1 3.912023005428146 3.912023005428146
transported 1 3.912023005428146 3.912023005428146
treatise 1 3.912023005428146 3.912023005428146
trend 1 3.506557897319982 3.506557897319982
tributary 1 4.605170185988092 4.605170185988092
trip 1 2.302585092994046 2.302585092994046
trotter 1 3.912023005428146 3.912023005428146
trout 1 4.605170185988092 4.605170185988092
troutstercom 1 4.605170185988092 4.605170185988092
trtaxonrow 1 4.605170185988092 4.605170185988092
trutta 1 4.605170185988092 4.605170185988092
two 1 0.43078291609245434 0.43078291609245434
tyler 1 2.8134107167600364 2.8134107167600364
typical 1 2.995732273553991 2.995732273553991
typically 1 2.995732273553991 2.995732273553991
uchida 1 3.912023005428146 3.912023005428146
ulpaddingem 1 0.1392620673335076 0.1392620673335076
uncommon 1 4.605170185988092 4.605170185988092
underbelly 1 4.605170185988092 4.605170185988092
understanding 1 2.659260036932778 2.659260036932778
undertake 1 3.912023005428146 3.912023005428146
underway 1 2.995732273553991 2.995732273553991
unfavorable 1 3.912023005428146 3.912023005428146
unfit 1 3.506557897319982 3.506557897319982
union 1 1.07880966137193 1.07880966137193
united 1 0.4155154439616658 0.4155154439616658
university 1 0.616186139423817 0.616186139423817
unlimited 1 2.995732273553991 2.995732273553991
upload 1 0.0 0.0
upon 1 1.2729656758128876 1.2729656758128876
upper 1 2.0402208285265546 2.0402208285265546
upstate 1 4.605170185988092 4.605170185988092
upward 1 4.605170185988092 4.605170185988092
urban 1 2.120263536200091 2.120263536200091
use 1 0.0 0.0
used 1 0.8675005677047231 0.8675005677047231
using 1 0.0 0.0
utah 1 2.302585092994046 2.302585092994046
utc 1 0.0 0.0
utica 1 4.605170185988092 4.605170185988092
var 1 0.0 0.0
varden 1 4.605170185988092 4.605170185988092
variation 1 3.506557897319982 3.506557897319982
vary 1 3.912023005428146 3.912023005428146
venture 1 2.995732273553991 2.995732273553991
vermiculation 1 4.605170185988092 4.605170185988092
vermont 1 2.8134107167600364 2.8134107167600364
version 1 0.0 0.0
vessel 1 2.659260036932778 2.659260036932778
via 1 1.4271163556401458 1.4271163556401458
viable 1 3.912023005428146 3.912023005428146
vibrant 1 3.506557897319982 3.506557897319982
view 1 0.0 0.0
virginia 1 1.8971199848858813 1.8971199848858813
visible 1 4.605170185988092 4.605170185988092
vit 1 2.407945608651872 2.407945608651872
vital 1 2.995732273553991 2.995732273553991
vitamin 1 4.605170185988092 4.605170185988092
vol 1 1.5606477482646683 1.5606477482646683
vole 1 4.605170185988092 4.605170185988092
volume 1 1.6094379124341003 1.6094379124341003
wagner 1 2.8134107167600364 2.8134107167600364
wallingford 1 3.912023005428146 3.912023005428146
warm 1 4.605170185988092 4.605170185988092
warmwater 1 4.605170185988092 4.605170185988092
water 1 1.5606477482646683 1.5606477482646683
watercourse 1 4.605170185988092 4.605170185988092
watershed 1 3.912023005428146 3.912023005428146
waterway 1 4.605170185988092 4.605170185988092
wavy 1 3.912023005428146 3.912023005428146
way 1 1.1086626245216111 1.1086626245216111
webster 1 2.302585092994046 2.302585092994046
week 1 1.2729656758128876 1.2729656758128876
weigh 1 4.605170185988092 4.605170185988092
weighed 1 4.605170185988092 4.605170185988092
weighing 1 3.506557897319982 3.506557897319982
weight 1 2.120263536200091 2.120263536200091
weiss 1 4.605170185988092 4.605170185988092
west 1 1.171182981502945 1.171182981502945
western 1 1.2039728043259361 1.2039728043259361
whats 1 2.8134107167600364 2.8134107167600364
whereas 1 2.995732273553991 2.995732273553991
white 1 1.171182981502945 1.171182981502945
whiteley 1 4.605170185988092 4.605170185988092
whitespotted 1 3.912023005428146 3.912023005428146
wide 1 2.5257286443082556 2.5257286443082556
widthpxmargin 1 3.2188758248682006 3.2188758248682006
wikibooks 1 3.912023005428146 3.912023005428146
wikidata 1 0.010050335853501506 0.010050335853501506
wikimedia 1 0.0 0.0
wikipedia 1 0.0 0.0
wikipedias 1 2.5257286443082556 2.5257286443082556
wikispecies 1 4.605170185988092 4.605170185988092
wild 1 2.302585092994046 2.302585092994046
wildlife 1 3.506557897319982 3.506557897319982
william 1 1.171182981502945 1.171182981502945
wilson 1 1.7719568419318754 1.7719568419318754
winaray 1 4.605170185988092 4.605170185988092
wind 1 3.506557897319982 3.506557897319982
winter 1 1.8325814637483102 1.8325814637483102
wiseman 1 4.605170185988092 4.605170185988092
within 1 1.3862943611198906 1.3862943611198906
without 1 1.3093333199837622 1.3093333199837622
wont 1 2.8134107167600364 2.8134107167600364
woodward 1 3.2188758248682006 3.2188758248682006
world 1 0.5108256237659907 0.5108256237659907
worm 1 4.605170185988092 4.605170185988092
worst 1 2.5257286443082556 2.5257286443082556
wright 1 2.302585092994046 2.302585092994046
writer 1 1.5141277326297755 1.5141277326297755
wwwfaoorg 1 4.605170185988092 4.605170185988092
wwwfwsgov 1 4.605170185988092 4.605170185988092
wwwnobanisorg 1 4.605170185988092 4.605170185988092
wyoming 1 3.2188758248682006 3.2188758248682006
year 1 0.3424903089467759 0.3424903089467759
yearold 1 2.5257286443082556 2.5257286443082556
yellow 1 1.9661128563728327 1.9661128563728327
yellowstone 1 4.605170185988092 4.605170185988092
yolk 1 4.605170185988092 4.605170185988092
york 1 0.8209805520698303 0.8209805520698303
yosemite 1 4.605170185988092 4.605170185988092
young 1 1.2378743560016172 1.2378743560016172
yuba 1 4.605170185988092 4.605170185988092
zachary 1 3.912023005428146 3.912023005428146
zealand 1 2.120263536200091 2.120263536200091
zooplankton 1 4.605170185988092 4.605170185988092
