ability 1 2.302585092994046 2.302585092994046
abner 1 4.605170185988092 4.605170185988092
abnett 1 4.605170185988092 4.605170185988092
abomination 1 4.605170185988092 4.605170185988092
absorbing 1 4.605170185988092 4.605170185988092
accept 1 3.2188758248682006 3.2188758248682006
accolade 1 3.912023005428146 3.912023005428146
accompanying 1 3.912023005428146 3.912023005428146
according 1 1.3093333199837622 1.3093333199837622
account 1 0.0 0.0
accuser 1 4.605170185988092 4.605170185988092
action 1 0.0 0.0
actor 1 2.207274913189721 2.207274913189721
adam 1 1.5141277326297755 1.5141277326297755
adaptoid 1 4.605170185988092 4.605170185988092
add 1 0.0 0.0
addition 1 1.3862943611198906 1.3862943611198906
additional 1 0.0 0.0
additionally 1 2.8134107167600364 2.8134107167600364
adventurer 1 3.912023005428146 3.912023005428146
affiliation 1 2.995732273553991 2.995732273553991
agamotto 1 4.605170185988092 4.605170185988092
agatha 1 4.605170185988092 4.605170185988092
agent 1 2.207274913189721 2.207274913189721
agree 1 0.0 0.0
agrees 1 3.2188758248682006 3.2188758248682006
aidan 1 3.2188758248682006 3.2188758248682006
aim 1 2.8134107167600364 2.8134107167600364
air 1 1.8971199848858813 1.8971199848858813
albert 1 2.0402208285265546 2.0402208285265546
aleta 1 4.605170185988092 4.605170185988092
alex 1 2.120263536200091 2.120263536200091
alexander 1 1.5141277326297755 1.5141277326297755
alicia 1 3.2188758248682006 3.2188758248682006
alien 1 2.8134107167600364 2.8134107167600364
alike 1 0.0 0.0
allan 1 3.506557897319982 3.506557897319982
alliance 1 1.8971199848858813 1.8971199848858813
allows 1 2.5257286443082556 2.5257286443082556
along 1 1.4696759700589417 1.4696759700589417
alongside 1 1.9661128563728327 1.9661128563728327
also 1 0.127833371509885 0.127833371509885
alter 1 3.506557897319982 3.506557897319982
alternate 1 2.995732273553991 2.995732273553991
amazing 1 3.506557897319982 3.506557897319982
america 1 0.8675005677047231 0.8675005677047231
american 1 0.5276327420823719 0.5276327420823719
amidst 1 3.2188758248682006 3.2188758248682006
amp 1 0.4620354595965586 0.4620354595965586
amphibion 1 4.605170185988092 4.605170185988092
amulax 1 4.605170185988092 4.605170185988092
ancestor 1 3.2188758248682006 3.2188758248682006
ancient 1 2.302585092994046 2.302585092994046
andbusinesses 1 4.605170185988092 4.605170185988092
android 1 4.605170185988092 4.605170185988092
andy 1 2.5257286443082556 2.5257286443082556
angel 1 2.407945608651872 2.407945608651872
angela 1 2.659260036932778 2.659260036932778
animated 1 2.8134107167600364 2.8134107167600364
anna 1 2.302585092994046 2.302585092994046
annihilation 1 4.605170185988092 4.605170185988092
annihilator 1 4.605170185988092 4.605170185988092
annihilus 1 4.605170185988092 4.605170185988092
announced 1 1.2039728043259361 1.2039728043259361
announces 1 2.659260036932778 2.659260036932778
annual 1 1.6607312068216509 1.6607312068216509
ant 1 3.2188758248682006 3.2188758248682006
antagonist 1 3.912023005428146 3.912023005428146
antiquated 1 4.605170185988092 4.605170185988092
ape 1 4.605170185988092 4.605170185988092
apologizes 1 4.605170185988092 4.605170185988092
appear 1 2.407945608651872 2.407945608651872
appearance 1 0.0 0.0
appeared 1 1.8971199848858813 1.8971199848858813
appearing 1 2.5257286443082556 2.5257286443082556
appears 1 2.120263536200091 2.120263536200091
appendage 1 4.605170185988092 4.605170185988092
apply 1 0.0 0.0
april 1 0.44628710262841953 0.44628710262841953
archer 1 3.2188758248682006 3.2188758248682006
archery 1 4.605170185988092 4.605170185988092
archived 1 0.47803580094299974 0.47803580094299974
are 1 4.605170185988092 4.605170185988092
arm 1 2.0402208285265546 2.0402208285265546
arnold 1 2.5257286443082556 2.5257286443082556
arrive 1 3.912023005428146 3.912023005428146
arrow 1 2.659260036932778 2.659260036932778
art 1 1.2039728043259361 1.2039728043259361
article 1 0.0 0.0
asbestos 1 4.605170185988092 4.605170185988092
asgard 1 4.605170185988092 4.605170185988092
asgardians 1 4.605170185988092 4.605170185988092
assist 1 2.5257286443082556 2.5257286443082556
astonishing 1 4.605170185988092 4.605170185988092
astro 1 3.506557897319982 3.506557897319982
astronaut 1 3.506557897319982 3.506557897319982
athena 1 4.605170185988092 4.605170185988092
attack 1 1.7147984280919266 1.7147984280919266
attribution 1 0.0 0.0
attuma 1 4.605170185988092 4.605170185988092
aug 1 2.5257286443082556 2.5257286443082556
august 1 0.3424903089467759 0.3424903089467759
aunt 1 3.2188758248682006 3.2188758248682006
auto 1 0.1392620673335076 0.1392620673335076
available 1 0.0 0.0
avenger 1 4.605170185988092 4.605170185988092
avril 1 3.912023005428146 3.912023005428146
awesome 1 3.912023005428146 3.912023005428146
ayesha 1 4.605170185988092 4.605170185988092
back 1 1.0216512475319812 1.0216512475319812
backstreet 1 4.605170185988092 4.605170185988092
badoon 1 4.605170185988092 4.605170185988092
badoons 1 4.605170185988092 4.605170185988092
bal 1 4.605170185988092 4.605170185988092
balder 1 4.605170185988092 4.605170185988092
barbarian 1 4.605170185988092 4.605170185988092
barbed 1 4.605170185988092 4.605170185988092
barbolak 1 4.605170185988092 4.605170185988092
baron 1 2.407945608651872 2.407945608651872
based 1 1.07880966137193 1.07880966137193
batroc 1 4.605170185988092 4.605170185988092
battery 1 2.995732273553991 2.995732273553991
battle 1 1.3862943611198906 1.3862943611198906
baxter 1 4.605170185988092 4.605170185988092
beast 1 2.995732273553991 2.995732273553991
beetle 1 3.912023005428146 3.912023005428146
behalf 1 3.2188758248682006 3.2188758248682006
behind 1 1.8971199848858813 1.8971199848858813
believed 1 2.120263536200091 2.120263536200091
ben 1 2.207274913189721 2.207274913189721
beta 1 4.605170185988092 4.605170185988092
betty 1 3.912023005428146 3.912023005428146
big 1 1.3862943611198906 1.3862943611198906
bill 1 1.171182981502945 1.171182981502945
billy 1 2.5257286443082556 2.5257286443082556
biography 1 1.6607312068216509 1.6607312068216509
bionic 1 4.605170185988092 4.605170185988092
black 1 0.8915981192837835 0.8915981192837835
blastaar 1 4.605170185988092 4.605170185988092
blizzard 1 3.2188758248682006 3.2188758248682006
blob 1 4.605170185988092 4.605170185988092
block 1 2.407945608651872 2.407945608651872
blonde 1 3.506557897319982 3.506557897319982
blood 1 2.302585092994046 2.302585092994046
bolivar 1 4.605170185988092 4.605170185988092
bolt 1 3.506557897319982 3.506557897319982
boocock 1 4.605170185988092 4.605170185988092
book 1 0.6348782724359695 0.6348782724359695
bookcom 1 4.605170185988092 4.605170185988092
boomerang 1 3.912023005428146 3.912023005428146
boy 1 1.8325814637483102 1.8325814637483102
brain 1 2.995732273553991 2.995732273553991
brant 1 4.605170185988092 4.605170185988092
breakout 1 3.912023005428146 3.912023005428146
brigade 1 3.506557897319982 3.506557897319982
broke 1 2.8134107167600364 2.8134107167600364
brood 1 4.605170185988092 4.605170185988092
brother 1 1.6607312068216509 1.6607312068216509
brotherhood 1 2.8134107167600364 2.8134107167600364
bug 1 4.605170185988092 4.605170185988092
bugle 1 4.605170185988092 4.605170185988092
building 1 1.6607312068216509 1.6607312068216509
burglar 1 4.605170185988092 4.605170185988092
buttery 1 4.605170185988092 4.605170185988092
called 1 0.8209805520698303 0.8209805520698303
cameo 1 3.506557897319982 3.506557897319982
cannonball 1 3.912023005428146 3.912023005428146
captain 1 2.120263536200091 2.120263536200091
capture 1 2.995732273553991 2.995732273553991
carolina 1 1.7147984280919266 1.7147984280919266
carter 1 2.5257286443082556 2.5257286443082556
cast 1 1.8971199848858813 1.8971199848858813
cat 1 1.5606477482646683 1.5606477482646683
category 1 0.0 0.0
cave 1 2.8134107167600364 2.8134107167600364
cavern 1 4.605170185988092 4.605170185988092
cbrcom 1 4.605170185988092 4.605170185988092
celestials 1 4.605170185988092 4.605170185988092
centauri 1 4.605170185988092 4.605170185988092
centaurian 1 4.605170185988092 4.605170185988092
centaurians 1 4.605170185988092 4.605170185988092
centerpx 1 0.0408219945202552 0.0408219945202552
century 1 1.3470736479666094 1.3470736479666094
cerebro 1 4.605170185988092 4.605170185988092
chameleon 1 4.605170185988092 4.605170185988092
champion 1 1.3862943611198906 1.3862943611198906
change 1 0.0 0.0
character 1 1.7147984280919266 1.7147984280919266
charlie 1 2.5257286443082556 2.5257286443082556
check 1 2.302585092994046 2.302585092994046
child 1 1.07880966137193 1.07880966137193
ching 1 3.912023005428146 3.912023005428146
chitauri 1 4.605170185988092 4.605170185988092
chooses 1 3.506557897319982 3.506557897319982
chris 1 1.6607312068216509 1.6607312068216509
chronicle 1 2.659260036932778 2.659260036932778
chu 1 3.912023005428146 3.912023005428146
church 1 1.6607312068216509 1.6607312068216509
cinematic 1 4.605170185988092 4.605170185988092
circus 1 3.912023005428146 3.912023005428146
citation 1 0.0408219945202552 0.0408219945202552
cite 1 0.0 0.0
city 1 0.6348782724359695 0.6348782724359695
claiming 1 2.995732273553991 2.995732273553991
clea 1 4.605170185988092 4.605170185988092
clown 1 4.605170185988092 4.605170185988092
club 1 1.4271163556401458 1.4271163556401458
cobra 1 3.2188758248682006 3.2188758248682006
code 1 0.0 0.0
colan 1 4.605170185988092 4.605170185988092
collage 1 3.912023005428146 3.912023005428146
collected 1 2.5257286443082556 2.5257286443082556
collector 1 2.8134107167600364 2.8134107167600364
collider 1 4.605170185988092 4.605170185988092
collins 1 2.0402208285265546 2.0402208285265546
colony 1 2.8134107167600364 2.8134107167600364
colt 1 3.506557897319982 3.506557897319982
comic 1 2.407945608651872 2.407945608651872
commando 1 3.506557897319982 3.506557897319982
common 1 0.0 0.0
communicate 1 3.506557897319982 3.506557897319982
community 1 1.6094379124341003 1.6094379124341003
composed 1 1.8971199848858813 1.8971199848858813
con 1 3.2188758248682006 3.2188758248682006
concealed 1 4.605170185988092 4.605170185988092
concealment 1 4.605170185988092 4.605170185988092
condor 1 4.605170185988092 4.605170185988092
conduct 1 0.0 0.0
conference 1 1.3862943611198906 1.3862943611198906
confirmed 1 2.207274913189721 2.207274913189721
connors 1 3.912023005428146 3.912023005428146
conquered 1 4.605170185988092 4.605170185988092
conqueror 1 4.605170185988092 4.605170185988092
conquest 1 3.506557897319982 3.506557897319982
contact 1 0.0 0.0
contained 1 2.8134107167600364 2.8134107167600364
content 1 0.0 0.0
contest 1 3.2188758248682006 3.2188758248682006
context 1 0.010050335853501506 0.010050335853501506
continuity 1 3.912023005428146 3.912023005428146
contribute 1 0.0 0.0
contribution 1 0.0 0.0
control 1 0.7765287894989963 0.7765287894989963
controlled 1 2.8134107167600364 2.8134107167600364
converting 1 3.506557897319982 3.506557897319982
cookie 1 0.0 0.0
cookiematch 1 0.0 0.0
corp 1 2.302585092994046 2.302585092994046
cosmic 1 4.605170185988092 4.605170185988092
cosmo 1 4.605170185988092 4.605170185988092
could 1 1.2378743560016172 1.2378743560016172
count 1 2.407945608651872 2.407945608651872
counterlistitema 1 0.127833371509885 0.127833371509885
counterpart 1 2.995732273553991 2.995732273553991
cover 1 1.6094379124341003 1.6094379124341003
create 1 0.0 0.0
created 1 1.5606477482646683 1.5606477482646683
creative 1 0.0 0.0
crime 1 1.9661128563728327 1.9661128563728327
crimson 1 3.912023005428146 3.912023005428146
crystal 1 2.995732273553991 2.995732273553991
csmaintcolorf 1 0.06187540371808745 0.06187540371808745
csmaintcolorfmedia 1 0.0408219945202552 0.0408219945202552
cswsicon 1 0.0408219945202552 0.0408219945202552
cube 1 3.506557897319982 3.506557897319982
cup 1 1.7719568419318754 1.7719568419318754
current 1 0.0 0.0
cyberspace 1 3.912023005428146 3.912023005428146
cyborg 1 4.605170185988092 4.605170185988092
cyclops 1 3.912023005428146 3.912023005428146
cyttorak 1 4.605170185988092 4.605170185988092
daily 1 1.4271163556401458 1.4271163556401458
dan 1 1.7719568419318754 1.7719568419318754
dane 1 3.912023005428146 3.912023005428146
daredevil 1 4.605170185988092 4.605170185988092
database 1 0.9675840262617057 0.9675840262617057
date 1 0.3147107448397002 0.3147107448397002
dave 1 2.302585092994046 2.302585092994046
deadline 1 3.506557897319982 3.506557897319982
deal 1 1.8325814637483102 1.8325814637483102
death 1 1.171182981502945 1.171182981502945
december 1 0.37106368139083196 0.37106368139083196
declares 1 4.605170185988092 4.605170185988092
defeat 1 1.9661128563728327 1.9661128563728327
defender 1 3.2188758248682006 3.2188758248682006
depicted 1 2.995732273553991 2.995732273553991
described 1 1.5141277326297755 1.5141277326297755
description 1 0.07257069283483537 0.07257069283483537
destiny 1 2.995732273553991 2.995732273553991
destroyed 1 2.302585092994046 2.302585092994046
destroyer 1 4.605170185988092 4.605170185988092
destroys 1 3.506557897319982 3.506557897319982
developer 1 0.0 0.0
device 1 2.8134107167600364 2.8134107167600364
diablo 1 4.605170185988092 4.605170185988092
diego 1 2.659260036932778 2.659260036932778
different 1 0.3424903089467759 0.3424903089467759
disclaimer 1 0.0 0.0
discovering 1 3.912023005428146 3.912023005428146
disney 1 3.912023005428146 3.912023005428146
distant 1 3.2188758248682006 3.2188758248682006
dlc 1 4.605170185988092 4.605170185988092
doctor 1 1.6607312068216509 1.6607312068216509
donate 1 0.0 0.0
doom 1 3.912023005428146 3.912023005428146
doombot 1 4.605170185988092 4.605170185988092
doomsday 1 3.912023005428146 3.912023005428146
dormammu 1 4.605170185988092 4.605170185988092
dorrek 1 4.605170185988092 4.605170185988092
download 1 0.0 0.0
drag 1 4.605170185988092 4.605170185988092
dragon 1 3.2188758248682006 3.2188758248682006
drake 1 2.659260036932778 2.659260036932778
draw 1 2.302585092994046 2.302585092994046
drawing 1 2.659260036932778 2.659260036932778
drax 1 4.605170185988092 4.605170185988092
dredmund 1 4.605170185988092 4.605170185988092
druid 1 4.605170185988092 4.605170185988092
dtaftercontent 1 0.127833371509885 0.127833371509885
duck 1 3.506557897319982 3.506557897319982
dugan 1 4.605170185988092 4.605170185988092
dum 1 3.912023005428146 3.912023005428146
duo 1 3.912023005428146 3.912023005428146
duplicate 1 3.506557897319982 3.506557897319982
dweller 1 4.605170185988092 4.605170185988092
dynamo 1 3.506557897319982 3.506557897319982
earlier 1 1.8971199848858813 1.8971199848858813
earth 1 2.407945608651872 2.407945608651872
easily 1 2.995732273553991 2.995732273553991
edgerly 1 4.605170185988092 4.605170185988092
edwin 1 2.5257286443082556 2.5257286443082556
eel 1 4.605170185988092 4.605170185988092
egghead 1 4.605170185988092 4.605170185988092
ego 1 3.506557897319982 3.506557897319982
elder 1 2.8134107167600364 2.8134107167600364
electro 1 3.912023005428146 3.912023005428146
emissary 1 4.605170185988092 4.605170185988092
empathic 1 4.605170185988092 4.605170185988092
empathically 1 4.605170185988092 4.605170185988092
empaths 1 4.605170185988092 4.605170185988092
empire 1 1.9661128563728327 1.9661128563728327
enchantress 1 3.912023005428146 3.912023005428146
enclave 1 4.605170185988092 4.605170185988092
encounter 1 3.506557897319982 3.506557897319982
encyclopedia 1 0.0 0.0
energy 1 1.6607312068216509 1.6607312068216509
enforcer 1 4.605170185988092 4.605170185988092
english 1 0.0 0.0
enlarged 1 3.506557897319982 3.506557897319982
enlist 1 3.912023005428146 3.912023005428146
entertainment 1 1.8325814637483102 1.8325814637483102
epic 1 3.2188758248682006 3.2188758248682006
episode 1 1.6094379124341003 1.6094379124341003
eric 1 1.8971199848858813 1.8971199848858813
erik 1 2.5257286443082556 2.5257286443082556
escape 1 2.5257286443082556 2.5257286443082556
escaped 1 3.2188758248682006 3.2188758248682006
escaping 1 3.912023005428146 3.912023005428146
espaol 1 1.1394342831883648 1.1394342831883648
eternity 1 3.2188758248682006 3.2188758248682006
event 1 0.0 0.0
every 1 1.4271163556401458 1.4271163556401458
evil 1 2.5257286443082556 2.5257286443082556
evolutionary 1 3.506557897319982 3.506557897319982
executes 1 4.605170185988092 4.605170185988092
executioner 1 4.605170185988092 4.605170185988092
exile 1 2.8134107167600364 2.8134107167600364
exp 1 0.0 0.0
expert 1 2.995732273553991 2.995732273553991
explained 1 2.995732273553991 2.995732273553991
explore 1 3.506557897319982 3.506557897319982
external 1 0.44628710262841953 0.44628710262841953
extraterrestrial 1 3.912023005428146 3.912023005428146
extremely 1 2.995732273553991 2.995732273553991
eye 1 1.6607312068216509 1.6607312068216509
faction 1 2.995732273553991 2.995732273553991
fafnir 1 4.605170185988092 4.605170185988092
falcon 1 3.912023005428146 3.912023005428146
fandral 1 4.605170185988092 4.605170185988092
fang 1 3.506557897319982 3.506557897319982
fantastic 1 3.912023005428146 3.912023005428146
farewell 1 2.8134107167600364 2.8134107167600364
farley 1 4.605170185988092 4.605170185988092
father 1 1.3093333199837622 1.3093333199837622
faustus 1 4.605170185988092 4.605170185988092
fay 1 4.605170185988092 4.605170185988092
fear 1 2.659260036932778 2.659260036932778
feature 1 1.4696759700589417 1.4696759700589417
feb 1 2.659260036932778 2.659260036932778
fellow 1 2.120263536200091 2.120263536200091
femizons 1 4.605170185988092 4.605170185988092
fenris 1 3.912023005428146 3.912023005428146
fetch 1 4.605170185988092 4.605170185988092
fictional 1 2.995732273553991 2.995732273553991
fight 1 1.8325814637483102 1.8325814637483102
file 1 0.0 0.0
film 1 1.4696759700589417 1.4696759700589417
fin 1 2.995732273553991 2.995732273553991
find 1 1.3093333199837622 1.3093333199837622
fireside 1 4.605170185988092 4.605170185988092
first 1 0.1508228897345837 0.1508228897345837
fisk 1 3.2188758248682006 3.2188758248682006
fixer 1 4.605170185988092 4.605170185988092
flag 1 1.7147984280919266 1.7147984280919266
flash 1 3.506557897319982 3.506557897319982
flashback 1 3.912023005428146 3.912023005428146
flashman 1 4.605170185988092 4.605170185988092
foggy 1 4.605170185988092 4.605170185988092
following 1 0.7133498878774648 0.7133498878774648
foom 1 4.605170185988092 4.605170185988092
forbush 1 4.605170185988092 4.605170185988092
force 1 1.2378743560016172 1.2378743560016172
forcibly 1 3.506557897319982 3.506557897319982
form 1 1.3470736479666094 1.3470736479666094
former 1 0.9675840262617057 0.9675840262617057
forming 1 2.8134107167600364 2.8134107167600364
foster 1 2.207274913189721 2.207274913189721
foswell 1 4.605170185988092 4.605170185988092
found 1 1.2039728043259361 1.2039728043259361
foundation 1 0.0 0.0
founding 1 2.302585092994046 2.302585092994046
four 1 0.7985076962177716 0.7985076962177716
franais 1 0.8675005677047231 0.8675005677047231
frankenstein 1 3.912023005428146 3.912023005428146
franklin 1 2.407945608651872 2.407945608651872
frederick 1 2.302585092994046 2.302585092994046
free 1 0.0 0.0
frigga 1 4.605170185988092 4.605170185988092
frightful 1 4.605170185988092 4.605170185988092
frog 1 3.506557897319982 3.506557897319982
function 1 2.207274913189721 2.207274913189721
funeral 1 2.5257286443082556 2.5257286443082556
funky 1 4.605170185988092 4.605170185988092
fury 1 2.995732273553991 2.995732273553991
future 1 1.6607312068216509 1.6607312068216509
gabe 1 3.506557897319982 3.506557897319982
galactus 1 4.605170185988092 4.605170185988092
galaxy 1 2.995732273553991 2.995732273553991
game 1 1.2378743560016172 1.2378743560016172
gamora 1 4.605170185988092 4.605170185988092
gang 1 2.5257286443082556 2.5257286443082556
gargoyle 1 3.912023005428146 3.912023005428146
garner 1 3.912023005428146 3.912023005428146
garrett 1 3.2188758248682006 3.2188758248682006
garron 1 4.605170185988092 4.605170185988092
gene 1 2.995732273553991 2.995732273553991
general 1 0.0 0.0
george 1 1.07880966137193 1.07880966137193
gerber 1 3.912023005428146 3.912023005428146
get 1 0.0 0.0
ghost 1 2.302585092994046 2.302585092994046
giant 1 2.302585092994046 2.302585092994046
gibbon 1 2.8134107167600364 2.8134107167600364
giganto 1 4.605170185988092 4.605170185988092
give 1 1.5141277326297755 1.5141277326297755
gladiator 1 4.605170185988092 4.605170185988092
glenn 1 2.5257286443082556 2.5257286443082556
goblin 1 4.605170185988092 4.605170185988092
god 1 2.207274913189721 2.207274913189721
goliath 1 4.605170185988092 4.605170185988092
goom 1 4.605170185988092 4.605170185988092
gorgilla 1 4.605170185988092 4.605170185988092
gorgon 1 4.605170185988092 4.605170185988092
grandmaster 1 3.912023005428146 3.912023005428146
grasp 1 3.912023005428146 3.912023005428146
grayson 1 4.605170185988092 4.605170185988092
great 1 0.9675840262617057 0.9675840262617057
greater 1 2.302585092994046 2.302585092994046
green 1 1.171182981502945 1.171182981502945
grey 1 2.995732273553991 2.995732273553991
grizzly 1 3.506557897319982 3.506557897319982
groot 1 3.2188758248682006 3.2188758248682006
growing 1 2.5257286443082556 2.5257286443082556
grown 1 2.995732273553991 2.995732273553991
guard 1 2.0402208285265546 2.0402208285265546
guardian 1 2.302585092994046 2.302585092994046
gun 1 2.207274913189721 2.207274913189721
gwen 1 3.912023005428146 3.912023005428146
hala 1 4.605170185988092 4.605170185988092
halfworld 1 4.605170185988092 4.605170185988092
hand 1 1.3862943611198906 1.3862943611198906
hank 1 2.659260036932778 2.659260036932778
happy 1 2.659260036932778 2.659260036932778
harkness 1 3.912023005428146 3.912023005428146
harry 1 2.120263536200091 2.120263536200091
hatchet 1 4.605170185988092 4.605170185988092
hate 1 3.912023005428146 3.912023005428146
hatnote 1 0.843970070294529 0.843970070294529
hawkeye 1 4.605170185988092 4.605170185988092
headmounted 1 4.605170185988092 4.605170185988092
heal 1 3.912023005428146 3.912023005428146
heimdall 1 4.605170185988092 4.605170185988092
heinrich 1 2.995732273553991 2.995732273553991
hela 1 4.605170185988092 4.605170185988092
help 1 0.0 0.0
hera 1 4.605170185988092 4.605170185988092
herbie 1 4.605170185988092 4.605170185988092
hercules 1 4.605170185988092 4.605170185988092
hermes 1 3.912023005428146 3.912023005428146
hero 1 2.207274913189721 2.207274913189721
heroman 1 4.605170185988092 4.605170185988092
hidden 1 0.010050335853501506 0.010050335853501506
hide 1 0.0 0.0
high 1 0.9416085398584451 0.9416085398584451
highoctave 1 4.605170185988092 4.605170185988092
hippolyta 1 4.605170185988092 4.605170185988092
hire 1 3.912023005428146 3.912023005428146
history 1 0.0 0.0
hlist 1 0.127833371509885 0.127833371509885
hlistinline 1 0.127833371509885 0.127833371509885
hogan 1 3.506557897319982 3.506557897319982
hogun 1 4.605170185988092 4.605170185988092
holiday 1 2.659260036932778 2.659260036932778
hollywood 1 2.8134107167600364 2.8134107167600364
home 1 0.7339691750802005 0.7339691750802005
hope 1 1.6607312068216509 1.6607312068216509
howard 1 2.120263536200091 2.120263536200091
however 1 0.6931471805599453 0.6931471805599453
howling 1 4.605170185988092 4.605170185988092
hughes 1 3.2188758248682006 3.2188758248682006
hulk 1 4.605170185988092 4.605170185988092
hulkling 1 4.605170185988092 4.605170185988092
human 1 1.3862943611198906 1.3862943611198906
humanity 1 2.659260036932778 2.659260036932778
humanoid 1 4.605170185988092 4.605170185988092
humphries 1 3.912023005428146 3.912023005428146
hunter 1 2.0402208285265546 2.0402208285265546
hyde 1 2.995732273553991 2.995732273553991
hydra 1 4.605170185988092 4.605170185988092
ibcomics 1 3.912023005428146 3.912023005428146
iceman 1 4.605170185988092 4.605170185988092
idea 1 1.8325814637483102 1.8325814637483102
idlockfree 1 0.0408219945202552 0.0408219945202552
idlockfreeidlockfree 1 0.0408219945202552 0.0408219945202552
idlocklimited 1 0.0408219945202552 0.0408219945202552
idlockregistration 1 0.0408219945202552 0.0408219945202552
idlocksubscription 1 0.0408219945202552 0.0408219945202552
ign 1 3.506557897319982 3.506557897319982
illegal 1 3.2188758248682006 3.2188758248682006
illustrated 1 2.659260036932778 2.659260036932778
imagine 1 3.2188758248682006 3.2188758248682006
immortus 1 4.605170185988092 4.605170185988092
imperative 1 3.912023005428146 3.912023005428146
imperial 1 2.5257286443082556 2.5257286443082556
impossible 1 2.995732273553991 2.995732273553991
inc 1 0.0 0.0
incarnation 1 3.912023005428146 3.912023005428146
included 1 1.3093333199837622 1.3093333199837622
including 1 0.7133498878774648 0.7133498878774648
incorporated 1 2.120263536200091 2.120263536200091
incredible 1 3.912023005428146 3.912023005428146
indicates 1 2.995732273553991 2.995732273553991
individual 1 1.5606477482646683 1.5606477482646683
industry 1 1.8325814637483102 1.8325814637483102
infinity 1 3.912023005428146 3.912023005428146
infobox 1 0.3011050927839216 0.3011050927839216
infoboxes 1 4.605170185988092 4.605170185988092
infoboxlabelwidth 1 3.912023005428146 3.912023005428146
infoboxtable 1 0.3147107448397002 0.3147107448397002
information 1 0.0 0.0
informs 1 3.912023005428146 3.912023005428146
inherits 1 3.2188758248682006 3.2188758248682006
inhumans 1 4.605170185988092 4.605170185988092
initially 1 2.207274913189721 2.207274913189721
instead 1 1.6607312068216509 1.6607312068216509
instinct 1 4.605170185988092 4.605170185988092
instory 1 4.605170185988092 4.605170185988092
intelligence 1 2.407945608651872 2.407945608651872
intent 1 3.506557897319982 3.506557897319982
interface 1 3.506557897319982 3.506557897319982
intriguing 1 4.605170185988092 4.605170185988092
introduced 1 1.5606477482646683 1.5606477482646683
invisible 1 3.912023005428146 3.912023005428146
iron 1 2.8134107167600364 2.8134107167600364
isbn 1 0.9942522733438669 0.9942522733438669
isbnt 1 4.605170185988092 4.605170185988092
issue 1 1.1086626245216111 1.1086626245216111
italiano 1 1.07880966137193 1.07880966137193
item 1 0.010050335853501506 0.010050335853501506
jack 1 1.4696759700589417 1.4696759700589417
jackal 1 4.605170185988092 4.605170185988092
james 1 1.0498221244986776 1.0498221244986776
jameson 1 4.605170185988092 4.605170185988092
jane 1 2.5257286443082556 2.5257286443082556
january 1 0.3424903089467759 0.3424903089467759
jarrod 1 3.506557897319982 3.506557897319982
jarvis 1 3.912023005428146 3.912023005428146
jasper 1 3.912023005428146 3.912023005428146
jatactor 1 4.605170185988092 4.605170185988092
javier 1 3.2188758248682006 3.2188758248682006
jean 1 1.7719568419318754 1.7719568419318754
jenkins 1 3.2188758248682006 3.2188758248682006
jester 1 3.912023005428146 3.912023005428146
jndu 1 4.605170185988092 4.605170185988092
joan 1 2.995732273553991 2.995732273553991
john 1 0.49429632181478017 0.49429632181478017
join 1 1.6607312068216509 1.6607312068216509
jonah 1 3.912023005428146 3.912023005428146
jones 1 1.5141277326297755 1.5141277326297755
josten 1 4.605170185988092 4.605170185988092
json 1 3.912023005428146 3.912023005428146
juggernaut 1 3.912023005428146 3.912023005428146
july 1 0.43078291609245434 0.43078291609245434
jump 1 0.0 0.0
june 1 0.40047756659712536 0.40047756659712536
junior 1 2.0402208285265546 2.0402208285265546
juniper 1 3.506557897319982 3.506557897319982
jupiter 1 3.912023005428146 3.912023005428146
kaecilius 1 4.605170185988092 4.605170185988092
kala 1 4.605170185988092 4.605170185988092
kaluu 1 4.605170185988092 4.605170185988092
kang 1 3.506557897319982 3.506557897319982
kangaroo 1 3.912023005428146 3.912023005428146
karen 1 2.8134107167600364 2.8134107167600364
karnak 1 4.605170185988092 4.605170185988092
karnilla 1 4.605170185988092 4.605170185988092
keep 1 1.7719568419318754 1.7719568419318754
kelley 1 2.8134107167600364 2.8134107167600364
kevin 1 1.5606477482646683 1.5606477482646683
khan 1 3.2188758248682006 3.2188758248682006
kid 1 1.8971199848858813 1.8971199848858813
kidnaps 1 3.912023005428146 3.912023005428146
kikaahe 1 4.605170185988092 4.605170185988092
kill 1 1.7719568419318754 1.7719568419318754
killraven 1 4.605170185988092 4.605170185988092
king 1 1.3093333199837622 1.3093333199837622
kingpin 1 4.605170185988092 4.605170185988092
kismet 1 4.605170185988092 4.605170185988092
kitty 1 4.605170185988092 4.605170185988092
klaw 1 4.605170185988092 4.605170185988092
knight 1 2.0402208285265546 2.0402208285265546
knowhere 1 4.605170185988092 4.605170185988092
knull 1 4.605170185988092 4.605170185988092
koenig 1 4.605170185988092 4.605170185988092
korath 1 4.605170185988092 4.605170185988092
korvac 1 4.605170185988092 4.605170185988092
kraglin 1 4.605170185988092 4.605170185988092
krang 1 4.605170185988092 4.605170185988092
kraven 1 4.605170185988092 4.605170185988092
kree 1 4.605170185988092 4.605170185988092
land 1 1.5141277326297755 1.5141277326297755
language 1 0.0 0.0
lanning 1 4.605170185988092 4.605170185988092
larry 1 2.207274913189721 2.207274913189721
laser 1 4.605170185988092 4.605170185988092
last 1 0.0 0.0
later 1 0.5621189181535412 0.5621189181535412
latest 1 2.8134107167600364 2.8134107167600364
latter 1 1.6607312068216509 1.6607312068216509
latveria 1 4.605170185988092 4.605170185988092
laufey 1 4.605170185988092 4.605170185988092
launch 1 2.5257286443082556 2.5257286443082556
leader 1 1.3862943611198906 1.3862943611198906
leading 1 1.3093333199837622 1.3093333199837622
leaf 1 2.302585092994046 2.302585092994046
leap 1 4.605170185988092 4.605170185988092
leaper 1 4.605170185988092 4.605170185988092
learn 1 0.0 0.0
learning 1 2.407945608651872 2.407945608651872
lee 1 1.6607312068216509 1.6607312068216509
leeds 1 3.506557897319982 3.506557897319982
legendary 1 2.8134107167600364 2.8134107167600364
lego 1 3.912023005428146 3.912023005428146
liaftercontent 1 0.127833371509885 0.127833371509885
license 1 0.0 0.0
lieber 1 4.605170185988092 4.605170185988092
life 1 0.5447271754416719 0.5447271754416719
lightspeed 1 4.605170185988092 4.605170185988092
limarginbottom 1 0.9675840262617057 0.9675840262617057
linda 1 3.2188758248682006 3.2188758248682006
link 1 0.0 0.0
list 1 0.6348782724359695 0.6348782724359695
liveaction 1 3.2188758248682006 3.2188758248682006
lived 1 2.207274913189721 2.207274913189721
living 1 1.07880966137193 1.07880966137193
liz 1 4.605170185988092 4.605170185988092
lizard 1 3.912023005428146 3.912023005428146
location 1 1.171182981502945 1.171182981502945
lockjaw 1 4.605170185988092 4.605170185988092
log 1 0.0 0.0
logged 1 0.0 0.0
loki 1 4.605170185988092 4.605170185988092
longer 1 2.207274913189721 2.207274913189721
looter 1 4.605170185988092 4.605170185988092
lord 1 2.0402208285265546 2.0402208285265546
lost 1 1.171182981502945 1.171182981502945
loyalist 1 3.912023005428146 3.912023005428146
lucifer 1 4.605170185988092 4.605170185988092
lucky 1 3.2188758248682006 3.2188758248682006
lumpkin 1 4.605170185988092 4.605170185988092
mace 1 3.912023005428146 3.912023005428146
machinesmith 1 4.605170185988092 4.605170185988092
mad 1 3.506557897319982 3.506557897319982
madame 1 2.995732273553991 2.995732273553991
maggia 1 4.605170185988092 4.605170185988092
magneto 1 4.605170185988092 4.605170185988092
main 1 0.0 0.0
mainstream 1 3.2188758248682006 3.2188758248682006
make 1 1.0498221244986776 1.0498221244986776
male 1 1.6607312068216509 1.6607312068216509
man 1 1.0498221244986776 1.0498221244986776
mandarin 1 3.912023005428146 3.912023005428146
mangog 1 4.605170185988092 4.605170185988092
manhood 1 4.605170185988092 4.605170185988092
mansion 1 3.912023005428146 3.912023005428146
mantis 1 4.605170185988092 4.605170185988092
mar 1 2.0402208285265546 2.0402208285265546
marauder 1 3.912023005428146 3.912023005428146
march 1 0.3147107448397002 0.3147107448397002
mark 1 1.1394342831883648 1.1394342831883648
marko 1 3.506557897319982 3.506557897319982
martha 1 2.8134107167600364 2.8134107167600364
martinex 1 4.605170185988092 4.605170185988092
marvel 1 4.605170185988092 4.605170185988092
marvelcom 1 4.605170185988092 4.605170185988092
mary 1 1.7719568419318754 1.7719568419318754
masked 1 4.605170185988092 4.605170185988092
masque 1 4.605170185988092 4.605170185988092
master 1 1.3093333199837622 1.3093333199837622
mastermind 1 4.605170185988092 4.605170185988092
matador 1 3.912023005428146 3.912023005428146
material 1 1.3093333199837622 1.3093333199837622
maximus 1 3.506557897319982 3.506557897319982
may 1 0.0 0.0
mcu 1 4.605170185988092 4.605170185988092
medium 1 0.49429632181478017 0.49429632181478017
medusa 1 4.605170185988092 4.605170185988092
meet 1 1.6607312068216509 1.6607312068216509
melter 1 4.605170185988092 4.605170185988092
member 1 0.6733445532637655 0.6733445532637655
men 1 1.2039728043259361 1.2039728043259361
menace 1 3.2188758248682006 3.2188758248682006
mendel 1 4.605170185988092 4.605170185988092
mentallo 1 4.605170185988092 4.605170185988092
menu 1 0.0 0.0
mephisto 1 4.605170185988092 4.605170185988092
merlin 1 3.506557897319982 3.506557897319982
metal 1 2.207274913189721 2.207274913189721
meteor 1 4.605170185988092 4.605170185988092
michael 1 1.171182981502945 1.171182981502945
midgard 1 4.605170185988092 4.605170185988092
mighty 1 3.506557897319982 3.506557897319982
milano 1 3.912023005428146 3.912023005428146
millie 1 4.605170185988092 4.605170185988092
mimic 1 3.2188758248682006 3.2188758248682006
mindless 1 4.605170185988092 4.605170185988092
mineral 1 3.2188758248682006 3.2188758248682006
minion 1 4.605170185988092 4.605170185988092
miracle 1 2.659260036932778 2.659260036932778
mission 1 2.302585092994046 2.302585092994046
mister 1 3.506557897319982 3.506557897319982
mjolnir 1 4.605170185988092 4.605170185988092
mobile 1 0.0 0.0
modok 1 4.605170185988092 4.605170185988092
mold 1 3.912023005428146 3.912023005428146
mole 1 3.912023005428146 3.912023005428146
molecule 1 4.605170185988092 4.605170185988092
molten 1 4.605170185988092 4.605170185988092
monger 1 4.605170185988092 4.605170185988092
monster 1 2.8134107167600364 2.8134107167600364
monsteroso 1 4.605170185988092 4.605170185988092
montana 1 2.8134107167600364 2.8134107167600364
montano 1 3.912023005428146 3.912023005428146
moondragon 1 4.605170185988092 4.605170185988092
mordo 1 4.605170185988092 4.605170185988092
mordred 1 4.605170185988092 4.605170185988092
morgan 1 2.207274913189721 2.207274913189721
morrat 1 4.605170185988092 4.605170185988092
morrow 1 3.2188758248682006 3.2188758248682006
mosaic 1 3.506557897319982 3.506557897319982
mother 1 1.5141277326297755 1.5141277326297755
mountain 1 1.8971199848858813 1.8971199848858813
move 1 0.0 0.0
murdock 1 4.605170185988092 4.605170185988092
mutant 1 3.912023005428146 3.912023005428146
mutineer 1 3.912023005428146 3.912023005428146
mutiny 1 3.912023005428146 3.912023005428146
mysterio 1 3.912023005428146 3.912023005428146
natasha 1 3.506557897319982 3.506557897319982
nathan 1 2.5257286443082556 2.5257286443082556
natural 1 1.8325814637483102 1.8325814637483102
navbar 1 0.23572233352106994 0.23572233352106994
navbarfontsizemedia 1 0.3147107448397002 0.3147107448397002
navbarmini 1 0.23572233352106994 0.23572233352106994
navbox 1 0.1392620673335076 0.1392620673335076
navboximage 1 0.1392620673335076 0.1392620673335076
navboxsubgroup 1 0.1392620673335076 0.1392620673335076
navboxtitle 1 0.1392620673335076 0.1392620673335076
navigation 1 0.0 0.0
nebula 1 3.912023005428146 3.912023005428146
ned 1 2.995732273553991 2.995732273553991
nederland 1 1.7147984280919266 1.7147984280919266
needing 1 1.8971199848858813 1.8971199848858813
nefaria 1 4.605170185988092 4.605170185988092
negative 1 2.5257286443082556 2.5257286443082556
nelson 1 2.407945608651872 2.407945608651872
neptune 1 3.506557897319982 3.506557897319982
netmarble 1 4.605170185988092 4.605170185988092
new 1 0.24846135929849972 0.24846135929849972
newfound 1 3.912023005428146 3.912023005428146
news 1 0.843970070294529 0.843970070294529
newsaramacom 1 4.605170185988092 4.605170185988092
next 1 1.1086626245216111 1.1086626245216111
nick 1 2.120263536200091 2.120263536200091
night 1 1.7719568419318754 1.7719568419318754
nightmare 1 3.2188758248682006 3.2188758248682006
nikki 1 3.2188758248682006 3.2188758248682006
nonprofit 1 0.0 0.0
norman 1 2.302585092994046 2.302585092994046
norn 1 4.605170185988092 4.605170185988092
north 1 0.8209805520698303 0.8209805520698303
nov 1 2.0402208285265546 2.0402208285265546
nova 1 3.2188758248682006 3.2188758248682006
nullifier 1 4.605170185988092 4.605170185988092
number 1 0.7550225842780328 0.7550225842780328
obfonteris 1 4.605170185988092 4.605170185988092
object 1 2.659260036932778 2.659260036932778
occupier 1 4.605170185988092 4.605170185988092
october 1 0.28768207245178085 0.28768207245178085
octopus 1 4.605170185988092 4.605170185988092
odin 1 4.605170185988092 4.605170185988092
ogord 1 4.605170185988092 4.605170185988092
old 1 1.07880966137193 1.07880966137193
ollibeforecontent 1 0.127833371509885 0.127833371509885
olympian 1 4.605170185988092 4.605170185988092
one 1 0.23572233352106994 0.23572233352106994
order 1 1.171182981502945 1.171182981502945
organization 1 0.0 0.0
organizationname 1 0.010050335853501506 0.010050335853501506
original 1 0.4155154439616658 0.4155154439616658
orphan 1 3.912023005428146 3.912023005428146
osborn 1 3.506557897319982 3.506557897319982
oscorp 1 4.605170185988092 4.605170185988092
others 1 1.1394342831883648 1.1394342831883648
outpost 1 3.912023005428146 3.912023005428146
overmind 1 4.605170185988092 4.605170185988092
overtakes 1 4.605170185988092 4.605170185988092
owl 1 3.912023005428146 3.912023005428146
pack 1 3.506557897319982 3.506557897319982
page 1 0.0 0.0
pagetype 1 1.2729656758128876 1.2729656758128876
paige 1 3.912023005428146 3.912023005428146
painter 1 3.2188758248682006 3.2188758248682006
panther 1 3.2188758248682006 3.2188758248682006
parker 1 2.659260036932778 2.659260036932778
part 1 0.6348782724359695 0.6348782724359695
particle 1 4.605170185988092 4.605170185988092
pdfprintable 1 0.0 0.0
peggy 1 3.506557897319982 3.506557897319982
penciled 1 4.605170185988092 4.605170185988092
people 1 0.49429632181478017 0.49429632181478017
pepper 1 3.506557897319982 3.506557897319982
percy 1 3.506557897319982 3.506557897319982
perform 1 2.302585092994046 2.302585092994046
permanent 1 0.0 0.0
perry 1 4.605170185988092 4.605170185988092
personal 1 0.0 0.0
peter 1 1.3093333199837622 1.3093333199837622
phantom 1 3.506557897319982 3.506557897319982
phase 1 2.302585092994046 2.302585092994046
phylum 1 3.912023005428146 3.912023005428146
piecing 1 4.605170185988092 4.605170185988092
pilot 1 2.659260036932778 2.659260036932778
pinkerton 1 4.605170185988092 4.605170185988092
pinky 1 3.912023005428146 3.912023005428146
pirate 1 2.5257286443082556 2.5257286443082556
plainlist 1 0.7339691750802005 0.7339691750802005
planet 1 2.659260036932778 2.659260036932778
plantman 1 4.605170185988092 4.605170185988092
playable 1 4.605170185988092 4.605170185988092
player 1 1.6094379124341003 1.6094379124341003
plunderer 1 4.605170185988092 4.605170185988092
pluto 1 3.912023005428146 3.912023005428146
policy 1 0.0 0.0
pop 1 2.302585092994046 2.302585092994046
porcupine 1 4.605170185988092 4.605170185988092
portal 1 0.0 0.0
portrayed 1 2.5257286443082556 2.5257286443082556
portugus 1 1.171182981502945 1.171182981502945
possesses 1 3.506557897319982 3.506557897319982
potts 1 3.912023005428146 3.912023005428146
pow 1 3.912023005428146 3.912023005428146
power 1 1.0216512475319812 1.0216512475319812
practice 1 2.0402208285265546 2.0402208285265546
present 1 0.9675840262617057 0.9675840262617057
pretend 1 3.506557897319982 3.506557897319982
priest 1 2.207274913189721 2.207274913189721
priestess 1 3.506557897319982 3.506557897319982
princess 1 2.995732273553991 2.995732273553991
printbodyns 1 0.09431067947124142 0.09431067947124142
printexport 1 0.0 0.0
privacy 1 0.0 0.0
production 1 1.6607312068216509 1.6607312068216509
professor 1 2.207274913189721 2.207274913189721
project 1 0.0 0.0
propulsion 1 3.506557897319982 3.506557897319982
prototype 1 3.912023005428146 3.912023005428146
prowler 1 4.605170185988092 4.605170185988092
pryde 1 4.605170185988092 4.605170185988092
psycho 1 3.912023005428146 3.912023005428146
publication 1 1.3862943611198906 1.3862943611198906
published 1 1.3862943611198906 1.3862943611198906
publisher 1 1.8325814637483102 1.8325814637483102
publishing 1 1.7719568419318754 1.7719568419318754
puppet 1 3.912023005428146 3.912023005428146
purple 1 3.506557897319982 3.506557897319982
pursuer 1 4.605170185988092 4.605170185988092
puzzle 1 4.605170185988092 4.605170185988092
pym 1 3.912023005428146 3.912023005428146
python 1 3.506557897319982 3.506557897319982
quasar 1 4.605170185988092 4.605170185988092
quest 1 2.5257286443082556 2.5257286443082556
questioned 1 2.995732273553991 2.995732273553991
quicksilver 1 3.912023005428146 3.912023005428146
quill 1 4.605170185988092 4.605170185988092
raccoon 1 4.605170185988092 4.605170185988092
race 1 1.7147984280919266 1.7147984280919266
rachel 1 2.8134107167600364 2.8134107167600364
radio 1 1.4696759700589417 1.4696759700589417
radioactive 1 3.912023005428146 3.912023005428146
raise 1 2.302585092994046 2.302585092994046
raleigh 1 3.506557897319982 3.506557897319982
ralston 1 3.506557897319982 3.506557897319982
random 1 0.0 0.0
randy 1 2.8134107167600364 2.8134107167600364
rattler 1 4.605170185988092 4.605170185988092
ravage 1 4.605170185988092 4.605170185988092
ravager 1 4.605170185988092 4.605170185988092
ravagers 1 4.605170185988092 4.605170185988092
ravonna 1 4.605170185988092 4.605170185988092
rawhide 1 3.912023005428146 3.912023005428146
ray 1 1.7147984280919266 1.7147984280919266
read 1 0.0 0.0
real 1 1.4271163556401458 1.4271163556401458
reality 1 2.5257286443082556 2.5257286443082556
realm 1 3.506557897319982 3.506557897319982
rebel 1 2.8134107167600364 2.8134107167600364
reborn 1 4.605170185988092 4.605170185988092
recall 1 3.506557897319982 3.506557897319982
recent 1 0.0 0.0
red 1 1.07880966137193 1.07880966137193
redemption 1 3.506557897319982 3.506557897319982
reduced 1 2.995732273553991 2.995732273553991
redwing 1 4.605170185988092 4.605170185988092
reference 1 0.03045920748470844 0.03045920748470844
reflection 1 3.912023005428146 3.912023005428146
reflist 1 0.06187540371808745 0.06187540371808745
reflistcolumns 1 0.06187540371808745 0.06187540371808745
reg 1 0.0 0.0
registered 1 0.0 0.0
related 1 0.0 0.0
relationship 1 1.8971199848858813 1.8971199848858813
release 1 1.3093333199837622 1.3093333199837622
released 1 1.2729656758128876 1.2729656758128876
relents 1 4.605170185988092 4.605170185988092
reliable 1 1.9661128563728327 1.9661128563728327
remains 1 2.0402208285265546 2.0402208285265546
remove 1 1.6607312068216509 1.6607312068216509
renege 1 4.605170185988092 4.605170185988092
repair 1 2.995732273553991 2.995732273553991
repelled 1 4.605170185988092 4.605170185988092
replaced 1 1.8971199848858813 1.8971199848858813
replacing 1 2.8134107167600364 2.8134107167600364
requiring 1 2.995732273553991 2.995732273553991
resource 1 1.7147984280919266 1.7147984280919266
respective 1 3.2188758248682006 3.2188758248682006
rest 1 2.0402208285265546 2.0402208285265546
restore 1 2.995732273553991 2.995732273553991
retake 1 4.605170185988092 4.605170185988092
retaliation 1 3.506557897319982 3.506557897319982
retrieved 1 0.0 0.0
return 1 1.07880966137193 1.07880966137193
revealed 1 2.302585092994046 2.302585092994046
reveals 1 2.659260036932778 2.659260036932778
revived 1 3.506557897319982 3.506557897319982
rewind 1 3.912023005428146 3.912023005428146
rhino 1 4.605170185988092 4.605170185988092
richard 1 1.1394342831883648 1.1394342831883648
richards 1 2.8134107167600364 2.8134107167600364
rick 1 2.207274913189721 2.207274913189721
rider 1 2.8134107167600364 2.8134107167600364
right 1 0.9675840262617057 0.9675840262617057
ringmaster 1 3.912023005428146 3.912023005428146
rise 1 1.8325814637483102 1.8325814637483102
robbie 1 3.912023005428146 3.912023005428146
robert 1 0.8675005677047231 0.8675005677047231
robertson 1 2.659260036932778 2.659260036932778
rocket 1 3.506557897319982 3.506557897319982
rogg 1 4.605170185988092 4.605170185988092
role 1 1.3470736479666094 1.3470736479666094
romanova 1 4.605170185988092 4.605170185988092
ronan 1 3.912023005428146 3.912023005428146
rooker 1 4.605170185988092 4.605170185988092
ross 1 2.0402208285265546 2.0402208285265546
roy 1 2.120263536200091 2.120263536200091
sacrifice 1 3.506557897319982 3.506557897319982
saga 1 2.995732273553991 2.995732273553991
sally 1 2.995732273553991 2.995732273553991
sam 1 2.8134107167600364 2.8134107167600364
san 1 1.2378743560016172 1.2378743560016172
sanctorum 1 4.605170185988092 4.605170185988092
sanctum 1 3.912023005428146 3.912023005428146
sandman 1 4.605170185988092 4.605170185988092
savage 1 3.912023005428146 3.912023005428146
save 1 1.8971199848858813 1.8971199848858813
sawyer 1 4.605170185988092 4.605170185988092
scarecrow 1 3.506557897319982 3.506557897319982
scarlet 1 4.605170185988092 4.605170185988092
scorpion 1 4.605170185988092 4.605170185988092
screen 1 0.010050335853501506 0.010050335853501506
screenshot 1 3.912023005428146 3.912023005428146
screenshots 1 4.605170185988092 4.605170185988092
scythe 1 4.605170185988092 4.605170185988092
sdcc 1 4.605170185988092 4.605170185988092
search 1 0.0 0.0
secret 1 2.0402208285265546 2.0402208285265546
secures 1 3.506557897319982 3.506557897319982
see 1 0.40047756659712536 0.40047756659712536
sensational 1 4.605170185988092 4.605170185988092
sense 1 2.995732273553991 2.995732273553991
sensor 1 3.912023005428146 3.912023005428146
sentinel 1 2.8134107167600364 2.8134107167600364
sentry 1 4.605170185988092 4.605170185988092
sept 1 3.2188758248682006 3.2188758248682006
september 1 0.43078291609245434 0.43078291609245434
sequence 1 2.302585092994046 2.302585092994046
series 1 0.8675005677047231 0.8675005677047231
serpent 1 3.912023005428146 3.912023005428146
sersi 1 4.605170185988092 4.605170185988092
set 1 0.9942522733438669 0.9942522733438669
seven 1 1.6094379124341003 1.6094379124341003
several 1 0.8209805520698303 0.8209805520698303
sgt 1 3.912023005428146 3.912023005428146
shalla 1 4.605170185988092 4.605170185988092
share 1 0.0 0.0
sharon 1 2.659260036932778 2.659260036932778
shiar 1 4.605170185988092 4.605170185988092
shield 1 3.2188758248682006 3.2188758248682006
shielding 1 3.912023005428146 3.912023005428146
ship 1 2.0402208285265546 2.0402208285265546
shocker 1 4.605170185988092 4.605170185988092
short 1 0.06187540371808745 0.06187540371808745
shortdescription 1 0.2613647641344075 0.2613647641344075
shortened 1 0.0 0.0
show 1 1.0498221244986776 1.0498221244986776
sidebar 1 0.0 0.0
sif 1 4.605170185988092 4.605170185988092
silver 1 1.8971199848858813 1.8971199848858813
silvermane 1 4.605170185988092 4.605170185988092
simply 1 2.5257286443082556 2.5257286443082556
since 1 0.7985076962177716 0.7985076962177716
sinister 1 3.2188758248682006 3.2188758248682006
sir 1 2.5257286443082556 2.5257286443082556
sisterhood 1 4.605170185988092 4.605170185988092
site 1 0.0 0.0
sitwell 1 4.605170185988092 4.605170185988092
six 1 1.3470736479666094 1.3470736479666094
sixth 1 1.9661128563728327 1.9661128563728327
size 1 2.659260036932778 2.659260036932778
skeptical 1 4.605170185988092 4.605170185988092
skrull 1 4.605170185988092 4.605170185988092
skrulls 1 4.605170185988092 4.605170185988092
slaughtered 1 4.605170185988092 4.605170185988092
slave 1 3.912023005428146 3.912023005428146
slayer 1 4.605170185988092 4.605170185988092
sleeper 1 4.605170185988092 4.605170185988092
small 1 1.4271163556401458 1.4271163556401458
smythe 1 4.605170185988092 4.605170185988092
snafu 1 4.605170185988092 4.605170185988092
solar 1 2.995732273553991 2.995732273553991
solid 1 0.09431067947124142 0.09431067947124142
son 1 1.3093333199837622 1.3093333199837622
sound 1 1.7719568419318754 1.7719568419318754
soundsensitive 1 4.605170185988092 4.605170185988092
soundtrack 1 2.659260036932778 2.659260036932778
source 1 0.5798184952529422 0.5798184952529422
sovereign 1 3.506557897319982 3.506557897319982
space 1 1.7719568419318754 1.7719568419318754
spacedog 1 4.605170185988092 4.605170185988092
spear 1 3.2188758248682006 3.2188758248682006
special 1 0.0 0.0
specie 1 2.995732273553991 2.995732273553991
spencer 1 2.659260036932778 2.659260036932778
spider 1 3.2188758248682006 3.2188758248682006
spiritual 1 2.120263536200091 2.120263536200091
spotlight 1 3.2188758248682006 3.2188758248682006
spymaster 1 4.605170185988092 4.605170185988092
stacy 1 4.605170185988092 4.605170185988092
stalker 1 4.605170185988092 4.605170185988092
stan 1 3.912023005428146 3.912023005428146
star 1 0.9675840262617057 0.9675840262617057
starborn 1 4.605170185988092 4.605170185988092
starhawk 1 4.605170185988092 4.605170185988092
starjammers 1 4.605170185988092 4.605170185988092
stark 1 3.912023005428146 3.912023005428146
starship 1 3.912023005428146 3.912023005428146
statement 1 0.0 0.0
statistic 1 0.0 0.0
stcentury 1 4.605170185988092 4.605170185988092
steal 1 2.8134107167600364 2.8134107167600364
stealing 1 3.2188758248682006 3.2188758248682006
steve 1 1.8971199848858813 1.8971199848858813
stillwell 1 4.605170185988092 4.605170185988092
stone 1 1.8971199848858813 1.8971199848858813
storm 1 2.302585092994046 2.302585092994046
storyline 1 2.8134107167600364 2.8134107167600364
stranded 1 3.506557897319982 3.506557897319982
strange 1 2.659260036932778 2.659260036932778
stranger 1 3.912023005428146 3.912023005428146
street 1 1.4271163556401458 1.4271163556401458
strength 1 2.407945608651872 2.407945608651872
stripperella 1 4.605170185988092 4.605170185988092
stromm 1 4.605170185988092 4.605170185988092
strongman 1 4.605170185988092 4.605170185988092
strucker 1 4.605170185988092 4.605170185988092
studio 1 1.8971199848858813 1.8971199848858813
subsection 1 0.3424903089467759 0.3424903089467759
super 1 2.302585092994046 2.302585092994046
superhero 1 3.506557897319982 3.506557897319982
superheroes 1 3.912023005428146 3.912023005428146
superhuman 1 3.912023005428146 3.912023005428146
superhumans 1 3.912023005428146 3.912023005428146
supporting 1 2.407945608651872 2.407945608651872
supportingcharacters 1 4.605170185988092 4.605170185988092
supreme 1 2.120263536200091 2.120263536200091
surfer 1 3.506557897319982 3.506557897319982
surtur 1 4.605170185988092 4.605170185988092
survived 1 2.8134107167600364 2.8134107167600364
survivor 1 2.8134107167600364 2.8134107167600364
swordsman 1 3.912023005428146 3.912023005428146
symbiote 1 4.605170185988092 4.605170185988092
system 1 0.9162907318741551 0.9162907318741551
table 1 0.0 0.0
take 1 0.9675840262617057 0.9675840262617057
taken 1 2.0402208285265546 2.0402208285265546
talbot 1 3.912023005428146 3.912023005428146
tale 1 3.2188758248682006 3.2188758248682006
talk 1 0.0 0.0
talon 1 4.605170185988092 4.605170185988092
taserface 1 4.605170185988092 4.605170185988092
taylor 1 1.7719568419318754 1.7719568419318754
tchaka 1 4.605170185988092 4.605170185988092
tdhlist 1 0.1392620673335076 0.1392620673335076
team 1 1.0498221244986776 1.0498221244986776
technology 1 1.7719568419318754 1.7719568419318754
teen 1 2.995732273553991 2.995732273553991
television 1 1.6607312068216509 1.6607312068216509
telltale 1 3.912023005428146 3.912023005428146
template 1 0.0 0.0
term 1 0.0 0.0
text 1 0.0 0.0
thanos 1 4.605170185988092 4.605170185988092
thbodyskinresponsive 1 0.3147107448397002 0.3147107448397002
thereby 1 2.995732273553991 2.995732273553991
thing 1 1.5606477482646683 1.5606477482646683
thinker 1 3.506557897319982 3.506557897319982
thomas 1 1.1394342831883648 1.1394342831883648
thompson 1 2.0402208285265546 2.0402208285265546
thor 1 3.2188758248682006 3.2188758248682006
thought 1 1.8971199848858813 1.8971199848858813
threat 1 2.407945608651872 2.407945608651872
three 1 0.5798184952529422 0.5798184952529422
thunderbolt 1 3.912023005428146 3.912023005428146
thus 1 1.7147984280919266 1.7147984280919266
tiboro 1 4.605170185988092 4.605170185988092
time 1 0.28768207245178085 0.28768207245178085
timeline 1 2.207274913189721 2.207274913189721
timetravel 1 4.605170185988092 4.605170185988092
timetraveling 1 4.605170185988092 4.605170185988092
tinkerer 1 4.605170185988092 4.605170185988092
titanium 1 4.605170185988092 4.605170185988092
title 1 0.9162907318741551 0.9162907318741551
titus 1 4.605170185988092 4.605170185988092
toad 1 4.605170185988092 4.605170185988092
together 1 1.5141277326297755 1.5141277326297755
toggle 1 0.010050335853501506 0.010050335853501506
told 1 2.302585092994046 2.302585092994046
tool 1 0.0 0.0
top 1 0.010050335853501506 0.010050335853501506
topic 1 0.0 0.0
torch 1 3.912023005428146 3.912023005428146
total 1 0.0 0.0
tower 1 2.5257286443082556 2.5257286443082556
track 1 1.7719568419318754 1.7719568419318754
trademark 1 0.0 0.0
trafficking 1 3.506557897319982 3.506557897319982
trailer 1 3.506557897319982 3.506557897319982
trajectory 1 4.605170185988092 4.605170185988092
trapster 1 4.605170185988092 4.605170185988092
trask 1 4.605170185988092 4.605170185988092
travel 1 1.9661128563728327 1.9661128563728327
traveling 1 2.995732273553991 2.995732273553991
treatment 1 2.659260036932778 2.659260036932778
trial 1 1.8971199848858813 1.8971199848858813
tribe 1 2.8134107167600364 2.8134107167600364
tribunal 1 3.912023005428146 3.912023005428146
tricephalous 1 4.605170185988092 4.605170185988092
trick 1 3.2188758248682006 3.2188758248682006
trillite 1 4.605170185988092 4.605170185988092
trilogy 1 3.506557897319982 3.506557897319982
triton 1 4.605170185988092 4.605170185988092
trke 1 2.207274913189721 2.207274913189721
trust 1 2.995732273553991 2.995732273553991
truth 1 2.407945608651872 2.407945608651872
tumbler 1 4.605170185988092 4.605170185988092
twitter 1 2.5257286443082556 2.5257286443082556
two 1 0.43078291609245434 0.43078291609245434
twoin 1 4.605170185988092 4.605170185988092
tyr 1 4.605170185988092 4.605170185988092
tyrannus 1 4.605170185988092 4.605170185988092
uatu 1 4.605170185988092 4.605170185988092
udonta 1 4.605170185988092 4.605170185988092
udontas 1 4.605170185988092 4.605170185988092
ulik 1 4.605170185988092 4.605170185988092
ulpaddingem 1 0.1392620673335076 0.1392620673335076
ultimate 1 2.302585092994046 2.302585092994046
ultimo 1 4.605170185988092 4.605170185988092
unacceptable 1 4.605170185988092 4.605170185988092
uncanny 1 4.605170185988092 4.605170185988092
uncertain 1 2.995732273553991 2.995732273553991
uncle 1 2.659260036932778 2.659260036932778
unfriendly 1 4.605170185988092 4.605170185988092
unicorn 1 3.912023005428146 3.912023005428146
universal 1 2.407945608651872 2.407945608651872
universe 1 2.8134107167600364 2.8134107167600364
unsourced 1 1.3862943611198906 1.3862943611198906
untouchable 1 4.605170185988092 4.605170185988092
unus 1 4.605170185988092 4.605170185988092
unveils 1 3.2188758248682006 3.2188758248682006
unwrap 1 4.605170185988092 4.605170185988092
update 1 2.659260036932778 2.659260036932778
upload 1 0.0 0.0
use 1 0.0 0.0
using 1 0.0 0.0
utc 1 0.0 0.0
valkyrior 1 4.605170185988092 4.605170185988092
vance 1 3.506557897319982 3.506557897319982
vances 1 4.605170185988092 4.605170185988092
vanessa 1 3.506557897319982 3.506557897319982
vanisher 1 4.605170185988092 4.605170185988092
var 1 0.0 0.0
variant 1 3.2188758248682006 3.2188758248682006
vaughn 1 3.506557897319982 3.506557897319982
vell 1 4.605170185988092 4.605170185988092
venom 1 4.605170185988092 4.605170185988092
venus 1 3.506557897319982 3.506557897319982
version 1 0.0 0.0
via 1 1.4271163556401458 1.4271163556401458
vibranium 1 4.605170185988092 4.605170185988092
video 1 1.3862943611198906 1.3862943611198906
view 1 0.0 0.0
vii 1 2.995732273553991 2.995732273553991
villain 1 3.506557897319982 3.506557897319982
vision 1 2.120263536200091 2.120263536200091
voice 1 2.120263536200091 2.120263536200091
voiced 1 2.995732273553991 2.995732273553991
vol 1 1.5606477482646683 1.5606477482646683
volla 1 4.605170185988092 4.605170185988092
volstagg 1 4.605170185988092 4.605170185988092
voodoo 1 4.605170185988092 4.605170185988092
vortex 1 4.605170185988092 4.605170185988092
vte 1 0.7550225842780328 0.7550225842780328
vulcan 1 4.605170185988092 4.605170185988092
vulture 1 4.605170185988092 4.605170185988092
wakanda 1 4.605170185988092 4.605170185988092
walker 1 2.207274913189721 2.207274913189721
wall 1 1.9661128563728327 1.9661128563728327
want 1 1.9661128563728327 1.9661128563728327
war 1 0.7985076962177716 0.7985076962177716
warlock 1 4.605170185988092 4.605170185988092
warrior 1 2.407945608651872 2.407945608651872
wasp 1 4.605170185988092 4.605170185988092
wastelanders 1 4.605170185988092 4.605170185988092
watch 1 1.8971199848858813 1.8971199848858813
watcher 1 4.605170185988092 4.605170185988092
watson 1 2.659260036932778 2.659260036932778
wave 1 2.995732273553991 2.995732273553991
way 1 1.1086626245216111 1.1086626245216111
weapon 1 2.8134107167600364 2.8134107167600364
weaponhand 1 4.605170185988092 4.605170185988092
wendell 1 4.605170185988092 4.605170185988092
west 1 1.171182981502945 1.171182981502945
whether 1 2.302585092994046 2.302585092994046
whiplash 1 4.605170185988092 4.605170185988092
whirlwind 1 3.912023005428146 3.912023005428146
whistling 1 4.605170185988092 4.605170185988092
whitman 1 3.912023005428146 3.912023005428146
whose 1 1.7147984280919266 1.7147984280919266
wiccan 1 4.605170185988092 4.605170185988092
widow 1 2.407945608651872 2.407945608651872
wields 1 4.605170185988092 4.605170185988092
wife 1 1.7719568419318754 1.7719568419318754
wiki 1 2.120263536200091 2.120263536200091
wikidata 1 0.010050335853501506 0.010050335853501506
wikimedia 1 0.0 0.0
wikipedia 1 0.0 0.0
william 1 1.171182981502945 1.171182981502945
willie 1 3.2188758248682006 3.2188758248682006
wingfoot 1 4.605170185988092 4.605170185988092
witch 1 2.995732273553991 2.995732273553991
within 1 1.3862943611198906 1.3862943611198906
witness 1 2.407945608651872 2.407945608651872
wizard 1 3.2188758248682006 3.2188758248682006
woke 1 2.995732273553991 2.995732273553991
wolf 1 2.207274913189721 2.207274913189721
woman 1 1.171182981502945 1.171182981502945
wonder 1 2.8134107167600364 2.8134107167600364
wong 1 3.912023005428146 3.912023005428146
work 1 0.7133498878774648 0.7133498878774648
world 1 0.5108256237659907 0.5108256237659907
wrecker 1 4.605170185988092 4.605170185988092
writer 1 1.5141277326297755 1.5141277326297755
written 1 0.9416085398584451 0.9416085398584451
wwwxboxcom 1 4.605170185988092 4.605170185988092
wyatt 1 3.506557897319982 3.506557897319982
xbox 1 3.912023005428146 3.912023005428146
xds 1 4.605170185988092 4.605170185988092
xmansion 1 4.605170185988092 4.605170185988092
xmen 1 4.605170185988092 4.605170185988092
yaka 1 4.605170185988092 4.605170185988092
yancy 1 4.605170185988092 4.605170185988092
year 1 0.3424903089467759 0.3424903089467759
yinsen 1 4.605170185988092 4.605170185988092
ymir 1 4.605170185988092 4.605170185988092
yon 1 4.605170185988092 4.605170185988092
yondu 1 4.605170185988092 4.605170185988092
yondus 1 4.605170185988092 4.605170185988092
york 1 0.8209805520698303 0.8209805520698303
young 1 1.2378743560016172 1.2378743560016172
zabu 1 4.605170185988092 4.605170185988092
zar 1 4.605170185988092 4.605170185988092
zarrko 1 4.605170185988092 4.605170185988092
zatoan 1 4.605170185988092 4.605170185988092
zemo 1 4.605170185988092 4.605170185988092
zeus 1 3.912023005428146 3.912023005428146
zombie 1 3.506557897319982 3.506557897319982
zone 1 2.407945608651872 2.407945608651872
