account 1 0.0 0.0
action 1 0.0 0.0
active 1 2.0402208285265546 2.0402208285265546
actually 1 2.8134107167600364 2.8134107167600364
adam 1 1.5141277326297755 1.5141277326297755
add 1 0.0 0.0
additional 1 0.0 0.0
administrator 1 3.506557897319982 3.506557897319982
afterlife 1 3.912023005428146 3.912023005428146
age 1 0.7985076962177716 0.7985076962177716
aged 1 2.120263536200091 2.120263536200091
agent 1 2.207274913189721 2.207274913189721
agree 1 0.0 0.0
agriculture 1 2.5257286443082556 2.5257286443082556
alabama 1 2.995732273553991 2.995732273553991
albert 1 2.0402208285265546 2.0402208285265546
albertito 1 4.605170185988092 4.605170185988092
alex 1 2.120263536200091 2.120263536200091
alike 1 0.0 0.0
also 1 0.127833371509885 0.127833371509885
alter 1 3.506557897319982 3.506557897319982
alternative 1 2.207274913189721 2.207274913189721
america 1 0.8675005677047231 0.8675005677047231
american 1 0.5276327420823719 0.5276327420823719
among 1 1.2378743560016172 1.2378743560016172
analysis 1 2.120263536200091 2.120263536200091
angel 1 2.407945608651872 2.407945608651872
angeles 1 1.6607312068216509 1.6607312068216509
anne 1 2.5257286443082556 2.5257286443082556
anniston 1 3.912023005428146 3.912023005428146
antioch 1 4.605170185988092 4.605170185988092
antoine 1 2.995732273553991 2.995732273553991
appearance 1 0.0 0.0
apply 1 0.0 0.0
aprorg 1 4.605170185988092 4.605170185988092
arktos 1 4.605170185988092 4.605170185988092
around 1 1.0216512475319812 1.0216512475319812
art 1 1.2039728043259361 1.2039728043259361
article 1 0.0 0.0
artist 1 1.7147984280919266 1.7147984280919266
asphodel 1 4.605170185988092 4.605170185988092
association 1 1.1394342831883648 1.1394342831883648
atlanta 1 2.207274913189721 2.207274913189721
attended 1 2.120263536200091 2.120263536200091
attribution 1 0.0 0.0
august 1 0.3424903089467759 0.3424903089467759
austerity 1 3.912023005428146 3.912023005428146
australopiths 1 4.605170185988092 4.605170185988092
author 1 1.8971199848858813 1.8971199848858813
authority 1 0.8915981192837835 0.8915981192837835
authoritycontrol 1 2.5257286443082556 2.5257286443082556
auto 1 0.1392620673335076 0.1392620673335076
available 1 0.0 0.0
award 1 1.171182981502945 1.171182981502945
bachelor 1 2.995732273553991 2.995732273553991
backcountry 1 4.605170185988092 4.605170185988092
banded 1 4.605170185988092 4.605170185988092
barbara 1 2.302585092994046 2.302585092994046
barrett 1 2.995732273553991 2.995732273553991
baskerville 1 3.912023005428146 3.912023005428146
beauty 1 2.207274913189721 2.207274913189721
becomes 1 2.0402208285265546 2.0402208285265546
began 1 0.8675005677047231 0.8675005677047231
believe 1 2.302585092994046 2.302585092994046
bent 1 3.506557897319982 3.506557897319982
bernadino 1 4.605170185988092 4.605170185988092
best 1 1.0216512475319812 1.0216512475319812
bibliographic 1 4.605170185988092 4.605170185988092
bill 1 1.171182981502945 1.171182981502945
biography 1 1.6607312068216509 1.6607312068216509
biology 1 2.995732273553991 2.995732273553991
birthsthcentury 1 3.912023005428146 3.912023005428146
black 1 0.8915981192837835 0.8915981192837835
book 1 0.6348782724359695 0.6348782724359695
borgo 1 4.605170185988092 4.605170185988092
born 1 1.1394342831883648 1.1394342831883648
brent 1 3.2188758248682006 3.2188758248682006
brilliantly 1 3.912023005428146 3.912023005428146
brought 1 1.5606477482646683 1.5606477482646683
builder 1 3.506557897319982 3.506557897319982
built 1 1.6607312068216509 1.6607312068216509
bust 1 3.2188758248682006 3.2188758248682006
bye 1 3.912023005428146 3.912023005428146
cachapoal 1 4.605170185988092 4.605170185988092
calif 1 4.605170185988092 4.605170185988092
call 1 1.7719568419318754 1.7719568419318754
called 1 0.8209805520698303 0.8209805520698303
calling 1 2.407945608651872 2.407945608651872
caricature 1 3.912023005428146 3.912023005428146
carry 1 2.5257286443082556 2.5257286443082556
cat 1 1.5606477482646683 1.5606477482646683
catalog 1 3.2188758248682006 3.2188758248682006
cataloglookuplink 1 3.912023005428146 3.912023005428146
category 1 0.0 0.0
centerpx 1 0.0408219945202552 0.0408219945202552
centreville 1 4.605170185988092 4.605170185988092
century 1 1.3470736479666094 1.3470736479666094
change 1 0.0 0.0
charles 1 1.171182981502945 1.171182981502945
charming 1 4.605170185988092 4.605170185988092
chelsea 1 3.2188758248682006 3.2188758248682006
chicago 1 1.8971199848858813 1.8971199848858813
chile 1 2.659260036932778 2.659260036932778
christopher 1 1.9661128563728327 1.9661128563728327
chronicle 1 2.659260036932778 2.659260036932778
chronicled 1 4.605170185988092 4.605170185988092
citation 1 0.0408219945202552 0.0408219945202552
cite 1 0.0 0.0
citeweb 1 0.5447271754416719 0.5447271754416719
clark 1 1.6607312068216509 1.6607312068216509
code 1 0.0 0.0
cohabiting 1 4.605170185988092 4.605170185988092
college 1 1.1394342831883648 1.1394342831883648
come 1 1.3470736479666094 1.3470736479666094
comedy 1 2.8134107167600364 2.8134107167600364
comic 1 2.407945608651872 2.407945608651872
commented 1 3.506557897319982 3.506557897319982
common 1 0.0 0.0
complains 1 4.605170185988092 4.605170185988092
complete 1 1.8325814637483102 1.8325814637483102
comprehensive 1 2.8134107167600364 2.8134107167600364
conduct 1 0.0 0.0
congress 1 1.7147984280919266 1.7147984280919266
consciously 1 4.605170185988092 4.605170185988092
contact 1 0.0 0.0
contemporary 1 2.5257286443082556 2.5257286443082556
content 1 0.0 0.0
context 1 0.010050335853501506 0.010050335853501506
contribute 1 0.0 0.0
contribution 1 0.0 0.0
control 1 0.7765287894989963 0.7765287894989963
cookie 1 0.0 0.0
cookiematch 1 0.0 0.0
copyright 1 3.912023005428146 3.912023005428146
counter 1 3.506557897319982 3.506557897319982
counterlistitema 1 0.127833371509885 0.127833371509885
country 1 0.843970070294529 0.843970070294529
courage 1 2.8134107167600364 2.8134107167600364
craft 1 3.2188758248682006 3.2188758248682006
create 1 0.0 0.0
creative 1 0.0 0.0
creator 1 3.2188758248682006 3.2188758248682006
critic 1 1.9661128563728327 1.9661128563728327
critical 1 2.207274913189721 2.207274913189721
crusade 1 3.506557897319982 3.506557897319982
csmaintcolorf 1 0.06187540371808745 0.06187540371808745
csmaintcolorfmedia 1 0.0408219945202552 0.0408219945202552
cswsicon 1 0.0408219945202552 0.0408219945202552
cumulative 1 4.605170185988092 4.605170185988092
current 1 0.0 0.0
cynosura 1 4.605170185988092 4.605170185988092
data 1 1.3862943611198906 1.3862943611198906
database 1 0.9675840262617057 0.9675840262617057
date 1 0.3147107448397002 0.3147107448397002
daughter 1 1.5141277326297755 1.5141277326297755
day 1 0.5276327420823719 0.5276327420823719
dead 1 1.5606477482646683 1.5606477482646683
debut 1 1.8325814637483102 1.8325814637483102
decadence 1 4.605170185988092 4.605170185988092
december 1 0.37106368139083196 0.37106368139083196
decided 1 2.120263536200091 2.120263536200091
degeneration 1 3.912023005428146 3.912023005428146
denouement 1 4.605170185988092 4.605170185988092
derek 1 3.2188758248682006 3.2188758248682006
description 1 0.07257069283483537 0.07257069283483537
design 1 1.8971199848858813 1.8971199848858813
destiny 1 2.995732273553991 2.995732273553991
deutsch 1 0.9416085398584451 0.9416085398584451
developer 1 0.0 0.0
dick 1 2.120263536200091 2.120263536200091
different 1 0.3424903089467759 0.3424903089467759
disclaimer 1 0.0 0.0
discussed 1 3.2188758248682006 3.2188758248682006
disjointed 1 4.605170185988092 4.605170185988092
donate 1 0.0 0.0
dont 1 1.9661128563728327 1.9661128563728327
download 1 0.0 0.0
drew 1 2.659260036932778 2.659260036932778
dropped 1 2.0402208285265546 2.0402208285265546
dtaftercontent 1 0.127833371509885 0.127833371509885
early 1 0.6348782724359695 0.6348782724359695
eccentric 1 3.912023005428146 3.912023005428146
ego 1 3.506557897319982 3.506557897319982
eight 1 1.8971199848858813 1.8971199848858813
electrical 1 2.659260036932778 2.659260036932778
element 1 1.9661128563728327 1.9661128563728327
elsewhere 1 3.506557897319982 3.506557897319982
empire 1 1.9661128563728327 1.9661128563728327
encountered 1 3.912023005428146 3.912023005428146
encyclopedia 1 0.0 0.0
engineer 1 2.302585092994046 2.302585092994046
engineera 1 4.605170185988092 4.605170185988092
english 1 0.0 0.0
entering 1 3.2188758248682006 3.2188758248682006
entomological 1 4.605170185988092 4.605170185988092
entry 1 1.5606477482646683 1.5606477482646683
episode 1 1.6094379124341003 1.6094379124341003
escrubilator 1 4.605170185988092 4.605170185988092
european 1 1.3093333199837622 1.3093333199837622
even 1 1.1394342831883648 1.1394342831883648
event 1 0.0 0.0
exceedingly 1 4.605170185988092 4.605170185988092
exp 1 0.0 0.0
expatriate 1 3.2188758248682006 3.2188758248682006
expelled 1 2.659260036932778 2.659260036932778
explains 1 2.302585092994046 2.302585092994046
external 1 0.44628710262841953 0.44628710262841953
eyed 1 3.506557897319982 3.506557897319982
family 1 0.9162907318741551 0.9162907318741551
fantasy 1 2.8134107167600364 2.8134107167600364
father 1 1.3093333199837622 1.3093333199837622
favourite 1 3.506557897319982 3.506557897319982
feature 1 1.4696759700589417 1.4696759700589417
fellow 1 2.120263536200091 2.120263536200091
fiction 1 2.5257286443082556 2.5257286443082556
field 1 1.0498221244986776 1.0498221244986776
file 1 0.0 0.0
find 1 1.3093333199837622 1.3093333199837622
first 1 0.1508228897345837 0.1508228897345837
fleming 1 3.912023005428146 3.912023005428146
floyd 1 2.8134107167600364 2.8134107167600364
fluid 1 4.605170185988092 4.605170185988092
forebear 1 4.605170185988092 4.605170185988092
fort 1 2.120263536200091 2.120263536200091
foundation 1 0.0 0.0
four 1 0.7985076962177716 0.7985076962177716
fourth 1 1.4696759700589417 1.4696759700589417
fourvolume 1 4.605170185988092 4.605170185988092
france 1 1.2039728043259361 1.2039728043259361
free 1 0.0 0.0
full 1 1.1086626245216111 1.1086626245216111
fulltime 1 3.506557897319982 3.506557897319982
future 1 1.6607312068216509 1.6607312068216509
gary 1 2.120263536200091 2.120263536200091
general 1 0.0 0.0
genius 1 3.2188758248682006 3.2188758248682006
genre 1 2.207274913189721 2.207274913189721
germany 1 1.4271163556401458 1.4271163556401458
get 1 0.0 0.0
gizmo 1 4.605170185988092 4.605170185988092
good 1 1.3093333199837622 1.3093333199837622
graduated 1 2.5257286443082556 2.5257286443082556
greatly 1 3.2188758248682006 3.2188758248682006
green 1 1.171182981502945 1.171182981502945
greg 1 2.302585092994046 2.302585092994046
guide 1 1.8971199848858813 1.8971199848858813
half 1 2.207274913189721 2.207274913189721
hallucinatory 1 4.605170185988092 4.605170185988092
heidt 1 4.605170185988092 4.605170185988092
help 1 0.0 0.0
heritage 1 2.207274913189721 2.207274913189721
hidden 1 0.010050335853501506 0.010050335853501506
hide 1 0.0 0.0
historian 1 2.8134107167600364 2.8134107167600364
history 1 0.0 0.0
hlist 1 0.127833371509885 0.127833371509885
hlistinline 1 0.127833371509885 0.127833371509885
house 1 1.0216512475319812 1.0216512475319812
however 1 0.6931471805599453 0.6931471805599453
hyperallergic 1 4.605170185988092 4.605170185988092
idiosyncratic 1 3.912023005428146 3.912023005428146
idlockfree 1 0.0408219945202552 0.0408219945202552
idlockfreeidlockfree 1 0.0408219945202552 0.0408219945202552
idlocklimited 1 0.0408219945202552 0.0408219945202552
idlockregistration 1 0.0408219945202552 0.0408219945202552
idlocksubscription 1 0.0408219945202552 0.0408219945202552
iii 1 1.7147984280919266 1.7147984280919266
important 1 1.8325814637483102 1.8325814637483102
inc 1 0.0 0.0
include 1 1.3093333199837622 1.3093333199837622
including 1 0.7133498878774648 0.7133498878774648
incorporates 1 3.2188758248682006 3.2188758248682006
indescribable 1 4.605170185988092 4.605170185988092
index 1 1.9661128563728327 1.9661128563728327
indian 1 1.9661128563728327 1.9661128563728327
indiana 1 2.302585092994046 2.302585092994046
infobox 1 0.3011050927839216 0.3011050927839216
infoboxtable 1 0.3147107448397002 0.3147107448397002
infoboxwriter 1 3.912023005428146 3.912023005428146
information 1 0.0 0.0
international 1 0.5978370007556204 0.5978370007556204
interview 1 1.8325814637483102 1.8325814637483102
isbn 1 0.9942522733438669 0.9942522733438669
isniviafworld 1 3.912023005428146 3.912023005428146
item 1 0.010050335853501506 0.010050335853501506
james 1 1.0498221244986776 1.0498221244986776
january 1 0.3424903089467759 0.3424903089467759
jillian 1 3.506557897319982 3.506557897319982
jim 1 1.4696759700589417 1.4696759700589417
johnson 1 1.6094379124341003 1.6094379124341003
journey 1 2.995732273553991 2.995732273553991
judy 1 3.506557897319982 3.506557897319982
july 1 0.43078291609245434 0.43078291609245434
jump 1 0.0 0.0
junction 1 3.2188758248682006 3.2188758248682006
june 1 0.40047756659712536 0.40047756659712536
junior 1 2.0402208285265546 2.0402208285265546
kaser 1 4.605170185988092 4.605170185988092
kauffman 1 4.605170185988092 4.605170185988092
kauffmans 1 4.605170185988092 4.605170185988092
kirkus 1 4.605170185988092 4.605170185988092
knipfel 1 4.605170185988092 4.605170185988092
know 1 1.7147984280919266 1.7147984280919266
krafft 1 4.605170185988092 4.605170185988092
kurtagi 1 4.605170185988092 4.605170185988092
kurtagis 1 4.605170185988092 4.605170185988092
language 1 0.0 0.0
last 1 0.0 0.0
later 1 0.5621189181535412 0.5621189181535412
league 1 1.3470736479666094 1.3470736479666094
learn 1 0.0 0.0
learned 1 2.5257286443082556 2.5257286443082556
lee 1 1.6607312068216509 1.6607312068216509
leland 1 4.605170185988092 4.605170185988092
liaftercontent 1 0.127833371509885 0.127833371509885
librarian 1 3.912023005428146 3.912023005428146
library 1 1.6094379124341003 1.6094379124341003
license 1 0.0 0.0
life 1 0.5447271754416719 0.5447271754416719
like 1 1.2039728043259361 1.2039728043259361
link 1 0.0 0.0
literary 1 2.5257286443082556 2.5257286443082556
literature 1 1.9661128563728327 1.9661128563728327
literaturethcentury 1 4.605170185988092 4.605170185988092
little 1 1.4696759700589417 1.4696759700589417
live 1 1.2378743560016172 1.2378743560016172
living 1 1.07880966137193 1.07880966137193
location 1 1.171182981502945 1.171182981502945
log 1 0.0 0.0
logged 1 0.0 0.0
london 1 1.5141277326297755 1.5141277326297755
los 1 1.5141277326297755 1.5141277326297755
lost 1 1.171182981502945 1.171182981502945
love 1 1.4271163556401458 1.4271163556401458
lovecraft 1 4.605170185988092 4.605170185988092
lucid 1 4.605170185988092 4.605170185988092
machine 1 1.4696759700589417 1.4696759700589417
main 1 0.0 0.0
male 1 1.6607312068216509 1.6607312068216509
man 1 1.0498221244986776 1.0498221244986776
manuscript 1 2.8134107167600364 2.8134107167600364
many 1 0.7550225842780328 0.7550225842780328
map 1 2.0402208285265546 2.0402208285265546
march 1 0.3147107448397002 0.3147107448397002
marco 1 2.5257286443082556 2.5257286443082556
marquis 1 2.995732273553991 2.995732273553991
married 1 1.5141277326297755 1.5141277326297755
marvelous 1 3.506557897319982 3.506557897319982
material 1 1.3093333199837622 1.3093333199837622
matter 1 2.0402208285265546 2.0402208285265546
may 1 0.0 0.0
mdy 1 1.3862943611198906 1.3862943611198906
mean 1 1.7719568419318754 1.7719568419318754
mecum 1 4.605170185988092 4.605170185988092
member 1 0.6733445532637655 0.6733445532637655
menu 1 0.0 0.0
merely 1 4.605170185988092 4.605170185988092
mike 1 1.6094379124341003 1.6094379124341003
misanthrope 1 4.605170185988092 4.605170185988092
miss 1 2.302585092994046 2.302585092994046
mister 1 3.506557897319982 3.506557897319982
misusages 1 4.605170185988092 4.605170185988092
ml 1 3.506557897319982 3.506557897319982
mobile 1 0.0 0.0
modern 1 1.5606477482646683 1.5606477482646683
morning 1 1.8325814637483102 1.8325814637483102
mother 1 1.5141277326297755 1.5141277326297755
move 1 0.0 0.0
much 1 1.171182981502945 1.171182981502945
musical 1 1.8971199848858813 1.8971199848858813
named 1 1.2039728043259361 1.2039728043259361
national 1 0.5108256237659907 0.5108256237659907
nationalist 1 3.506557897319982 3.506557897319982
nationality 1 2.302585092994046 2.302585092994046
navbarfontsizemedia 1 0.3147107448397002 0.3147107448397002
navbox 1 0.1392620673335076 0.1392620673335076
navboximage 1 0.1392620673335076 0.1392620673335076
navboxsubgroup 1 0.1392620673335076 0.1392620673335076
navboxtitle 1 0.1392620673335076 0.1392620673335076
navigation 1 0.0 0.0
neighborhood 1 3.2188758248682006 3.2188758248682006
new 1 0.24846135929849972 0.24846135929849972
nine 1 1.7719568419318754 1.7719568419318754
nineteenth 1 4.605170185988092 4.605170185988092
noble 1 2.659260036932778 2.659260036932778
node 1 3.912023005428146 3.912023005428146
nonfiction 1 3.912023005428146 3.912023005428146
nonprofit 1 0.0 0.0
note 1 0.8209805520698303 0.8209805520698303
noting 1 3.2188758248682006 3.2188758248682006
novel 1 2.5257286443082556 2.5257286443082556
novelist 1 3.506557897319982 3.506557897319982
novelistsstcentury 1 4.605170185988092 4.605170185988092
november 1 0.3011050927839216 0.3011050927839216
occupation 1 1.8971199848858813 1.8971199848858813
october 1 0.28768207245178085 0.28768207245178085
official 1 0.7550225842780328 0.7550225842780328
often 1 1.6607312068216509 1.6607312068216509
ollibeforecontent 1 0.127833371509885 0.127833371509885
omnicompetent 1 4.605170185988092 4.605170185988092
one 1 0.23572233352106994 0.23572233352106994
opinion 1 2.120263536200091 2.120263536200091
opportunity 1 2.5257286443082556 2.5257286443082556
order 1 1.171182981502945 1.171182981502945
organization 1 0.0 0.0
organizationname 1 0.010050335853501506 0.010050335853501506
overlook 1 4.605170185988092 4.605170185988092
page 1 0.0 0.0
paperback 1 3.2188758248682006 3.2188758248682006
parent 1 1.9661128563728327 1.9661128563728327
passage 1 2.659260036932778 2.659260036932778
patriot 1 3.2188758248682006 3.2188758248682006
pdfprintable 1 0.0 0.0
peachtree 1 4.605170185988092 4.605170185988092
pefley 1 4.605170185988092 4.605170185988092
penname 1 4.605170185988092 4.605170185988092
people 1 0.49429632181478017 0.49429632181478017
perdue 1 4.605170185988092 4.605170185988092
perdues 1 4.605170185988092 4.605170185988092
perform 1 2.302585092994046 2.302585092994046
permanent 1 0.0 0.0
personal 1 0.0 0.0
philatelist 1 4.605170185988092 4.605170185988092
philip 1 1.7147984280919266 1.7147984280919266
picaresques 1 4.605170185988092 4.605170185988092
place 1 0.653926467406664 0.653926467406664
plot 1 2.5257286443082556 2.5257286443082556
plymouth 1 3.2188758248682006 3.2188758248682006
policy 1 0.0 0.0
political 1 1.3470736479666094 1.3470736479666094
popular 1 1.4696759700589417 1.4696759700589417
porcelain 1 4.605170185988092 4.605170185988092
portal 1 0.0 0.0
portrait 1 2.659260036932778 2.659260036932778
praise 1 2.659260036932778 2.659260036932778
press 1 0.7550225842780328 0.7550225842780328
pretension 1 4.605170185988092 4.605170185988092
printbodyns 1 0.09431067947124142 0.09431067947124142
printexport 1 0.0 0.0
privacy 1 0.0 0.0
prize 1 2.659260036932778 2.659260036932778
producing 1 2.995732273553991 2.995732273553991
professor 1 2.207274913189721 2.207274913189721
progressively 1 3.912023005428146 3.912023005428146
project 1 0.0 0.0
prominently 1 3.912023005428146 3.912023005428146
property 1 1.7147984280919266 1.7147984280919266
prose 1 3.506557897319982 3.506557897319982
providence 1 3.506557897319982 3.506557897319982
province 1 2.120263536200091 2.120263536200091
publication 1 1.3862943611198906 1.3862943611198906
published 1 1.3862943611198906 1.3862943611198906
publisher 1 1.8325814637483102 1.8325814637483102
pyramid 1 3.506557897319982 3.506557897319982
qamp 1 3.506557897319982 3.506557897319982
quarterly 1 2.995732273553991 2.995732273553991
question 1 1.7719568419318754 1.7719568419318754
radio 1 1.4696759700589417 1.4696759700589417
rage 1 3.506557897319982 3.506557897319982
random 1 0.0 0.0
reactionary 1 4.605170185988092 4.605170185988092
read 1 0.0 0.0
rebel 1 2.8134107167600364 2.8134107167600364
received 1 1.1394342831883648 1.1394342831883648
recent 1 0.0 0.0
reception 1 1.8971199848858813 1.8971199848858813
recognition 1 2.5257286443082556 2.5257286443082556
record 1 0.7765287894989963 0.7765287894989963
redraw 1 3.912023005428146 3.912023005428146
reference 1 0.03045920748470844 0.03045920748470844
reflist 1 0.06187540371808745 0.06187540371808745
reflistcolumns 1 0.06187540371808745 0.06187540371808745
reg 1 0.0 0.0
reginald 1 4.605170185988092 4.605170185988092
registered 1 0.0 0.0
related 1 0.0 0.0
renewal 1 4.605170185988092 4.605170185988092
resource 1 1.7147984280919266 1.7147984280919266
retired 1 1.7719568419318754 1.7719568419318754
retrieved 1 0.0 0.0
returned 1 1.4271163556401458 1.4271163556401458
reuben 1 3.506557897319982 3.506557897319982
review 1 1.07880966137193 1.07880966137193
right 1 0.9675840262617057 0.9675840262617057
river 1 1.4271163556401458 1.4271163556401458
robert 1 0.8675005677047231 0.8675005677047231
roraback 1 4.605170185988092 4.605170185988092
royal 1 1.8325814637483102 1.8325814637483102
san 1 1.2378743560016172 1.2378743560016172
satire 1 3.506557897319982 3.506557897319982
satirical 1 4.605170185988092 4.605170185988092
savage 1 3.912023005428146 3.912023005428146
scarecrow 1 3.506557897319982 3.506557897319982
scented 1 4.605170185988092 4.605170185988092
scholarly 1 3.506557897319982 3.506557897319982
school 1 0.7765287894989963 0.7765287894989963
science 1 1.171182981502945 1.171182981502945
screen 1 0.010050335853501506 0.010050335853501506
search 1 0.0 0.0
secessionist 1 3.506557897319982 3.506557897319982
section 1 1.8325814637483102 1.8325814637483102
september 1 0.43078291609245434 0.43078291609245434
sequence 1 2.302585092994046 2.302585092994046
sewell 1 3.506557897319982 3.506557897319982
shall 1 2.8134107167600364 2.8134107167600364
share 1 0.0 0.0
short 1 0.06187540371808745 0.06187540371808745
shortdescription 1 0.2613647641344075 0.2613647641344075
shortened 1 0.0 0.0
sic 1 3.506557897319982 3.506557897319982
sidebar 1 0.0 0.0
sink 1 3.912023005428146 3.912023005428146
site 1 0.0 0.0
smut 1 4.605170185988092 4.605170185988092
snob 1 4.605170185988092 4.605170185988092
society 1 1.4271163556401458 1.4271163556401458
solid 1 0.09431067947124142 0.09431067947124142
song 1 1.3470736479666094 1.3470736479666094
sound 1 1.7719568419318754 1.7719568419318754
south 1 0.9162907318741551 0.9162907318741551
southern 1 1.6607312068216509 1.6607312068216509
southwest 1 2.407945608651872 2.407945608651872
special 1 0.0 0.0
spring 1 1.5606477482646683 1.5606477482646683
standard 1 1.6607312068216509 1.6607312068216509
starry 1 4.605170185988092 4.605170185988092
state 1 0.3147107448397002 0.3147107448397002
statement 1 0.0 0.0
statistic 1 0.0 0.0
steinhauer 1 4.605170185988092 4.605170185988092
strange 1 2.659260036932778 2.659260036932778
student 1 1.3862943611198906 1.3862943611198906
subject 1 2.8134107167600364 2.8134107167600364
subsection 1 0.3424903089467759 0.3424903089467759
success 1 1.8325814637483102 1.8325814637483102
summit 1 3.2188758248682006 3.2188758248682006
surprisingly 1 4.605170185988092 4.605170185988092
sweet 1 3.506557897319982 3.506557897319982
table 1 0.0 0.0
talk 1 0.0 0.0
tdhlist 1 0.1392620673335076 0.1392620673335076
template 1 0.0 0.0
term 1 0.0 0.0
texas 1 1.8971199848858813 1.8971199848858813
text 1 0.0 0.0
textured 1 4.605170185988092 4.605170185988092
thbodyskinresponsive 1 0.3147107448397002 0.3147107448397002
thing 1 1.5606477482646683 1.5606477482646683
thomas 1 1.1394342831883648 1.1394342831883648
though 1 1.6607312068216509 1.6607312068216509
time 1 0.28768207245178085 0.28768207245178085
tiny 1 3.912023005428146 3.912023005428146
tito 1 3.506557897319982 3.506557897319982
toggle 1 0.010050335853501506 0.010050335853501506
tonedeaf 1 4.605170185988092 4.605170185988092
tool 1 0.0 0.0
top 1 0.010050335853501506 0.010050335853501506
topic 1 0.0 0.0
total 1 0.0 0.0
trademark 1 0.0 0.0
translucent 1 4.605170185988092 4.605170185988092
trophy 1 3.506557897319982 3.506557897319982
troubling 1 4.605170185988092 4.605170185988092
tuggle 1 4.605170185988092 4.605170185988092
turner 1 2.207274913189721 2.207274913189721
turning 1 3.506557897319982 3.506557897319982
twentiethcentury 1 4.605170185988092 4.605170185988092
ulpaddingem 1 0.1392620673335076 0.1392620673335076
underdog 1 3.912023005428146 3.912023005428146
united 1 0.4155154439616658 0.4155154439616658
university 1 0.616186139423817 0.616186139423817
unleashed 1 4.605170185988092 4.605170185988092
upload 1 0.0 0.0
upon 1 1.2729656758128876 1.2729656758128876
use 1 0.0 0.0
using 1 0.0 0.0
utc 1 0.0 0.0
utterly 1 4.605170185988092 4.605170185988092
vade 1 4.605170185988092 4.605170185988092
var 1 0.0 0.0
varlet 1 4.605170185988092 4.605170185988092
version 1 0.0 0.0
view 1 0.0 0.0
visionary 1 3.912023005428146 3.912023005428146
vitriolic 1 4.605170185988092 4.605170185988092
vol 1 1.5606477482646683 1.5606477482646683
volcano 1 3.2188758248682006 3.2188758248682006
wall 1 1.9661128563728327 1.9661128563728327
war 1 0.7985076962177716 0.7985076962177716
washington 1 1.2378743560016172 1.2378743560016172
website 1 1.6094379124341003 1.6094379124341003
websitetitoperduecom 1 4.605170185988092 4.605170185988092
weekly 1 2.5257286443082556 2.5257286443082556
weight 1 2.120263536200091 2.120263536200091
wetumpka 1 4.605170185988092 4.605170185988092
white 1 1.171182981502945 1.171182981502945
whitehouse 1 3.506557897319982 3.506557897319982
who 1 2.659260036932778 2.659260036932778
wikidata 1 0.010050335853501506 0.010050335853501506
wikimedia 1 0.0 0.0
wikipedia 1 0.0 0.0
williams 1 1.8971199848858813 1.8971199848858813
wilson 1 1.7719568419318754 1.7719568419318754
window 1 2.995732273553991 2.995732273553991
wing 1 2.5257286443082556 2.5257286443082556
wish 1 2.995732273553991 2.995732273553991
without 1 1.3093333199837622 1.3093333199837622
woman 1 1.171182981502945 1.171182981502945
word 1 1.6094379124341003 1.6094379124341003
work 1 0.7133498878774648 0.7133498878774648
worked 1 1.6607312068216509 1.6607312068216509
working 1 1.8971199848858813 1.8971199848858813
world 1 0.5108256237659907 0.5108256237659907
worth 1 2.5257286443082556 2.5257286443082556
would 1 0.7550225842780328 0.7550225842780328
write 1 3.2188758248682006 3.2188758248682006
writer 1 1.5141277326297755 1.5141277326297755
writersstcentury 1 3.912023005428146 3.912023005428146
wrote 1 1.3470736479666094 1.3470736479666094
year 1 0.3424903089467759 0.3424903089467759
yet 1 1.8971199848858813 1.8971199848858813
york 1 0.8209805520698303 0.8209805520698303
young 1 1.2378743560016172 1.2378743560016172
