aarthi 1 4.605170185988092 4.605170185988092
aarthis 1 4.605170185988092 4.605170185988092
aayiram 1 4.605170185988092 4.605170185988092
abi 1 4.605170185988092 4.605170185988092
abinesh 1 4.605170185988092 4.605170185988092
abruptly 1 3.506557897319982 3.506557897319982
accident 1 2.407945608651872 2.407945608651872
acclaim 1 3.912023005428146 3.912023005428146
accompany 1 4.605170185988092 4.605170185988092
account 1 0.0 0.0
action 1 0.0 0.0
actor 1 2.207274913189721 2.207274913189721
actually 1 2.8134107167600364 2.8134107167600364
add 1 0.0 0.0
added 1 1.8325814637483102 1.8325814637483102
additional 1 0.0 0.0
advance 1 2.5257286443082556 2.5257286443082556
advises 1 3.912023005428146 3.912023005428146
agent 1 2.207274913189721 2.207274913189721
agree 1 0.0 0.0
album 1 2.407945608651872 2.407945608651872
albumby 1 2.995732273553991 2.995732273553991
albumcitation 1 4.605170185988092 4.605170185988092
alike 1 0.0 0.0
almost 1 1.7147984280919266 1.7147984280919266
alone 1 2.5257286443082556 2.5257286443082556
also 1 0.127833371509885 0.127833371509885
alt 1 2.995732273553991 2.995732273553991
amp 1 0.4620354595965586 0.4620354595965586
anjali 1 4.605170185988092 4.605170185988092
another 1 0.9675840262617057 0.9675840262617057
anusha 1 4.605170185988092 4.605170185988092
apparition 1 4.605170185988092 4.605170185988092
appear 1 2.407945608651872 2.407945608651872
appearance 1 0.0 0.0
appears 1 2.120263536200091 2.120263536200091
apply 1 0.0 0.0
april 1 0.44628710262841953 0.44628710262841953
archived 1 0.47803580094299974 0.47803580094299974
art 1 1.2039728043259361 1.2039728043259361
article 1 0.0 0.0
arun 1 4.605170185988092 4.605170185988092
arunraja 1 4.605170185988092 4.605170185988092
ashok 1 3.2188758248682006 3.2188758248682006
assistant 1 1.7147984280919266 1.7147984280919266
assumed 1 2.659260036932778 2.659260036932778
assuming 1 3.912023005428146 3.912023005428146
atmos 1 3.912023005428146 3.912023005428146
attribution 1 0.0 0.0
audio 1 2.207274913189721 2.207274913189721
august 1 0.3424903089467759 0.3424903089467759
authority 1 0.8915981192837835 0.8915981192837835
auto 1 0.1392620673335076 0.1392620673335076
available 1 0.0 0.0
award 1 1.171182981502945 1.171182981502945
away 1 1.5606477482646683 1.5606477482646683
bad 1 2.0402208285265546 2.0402208285265546
bag 1 3.912023005428146 3.912023005428146
bala 1 4.605170185988092 4.605170185988092
bankrupt 1 4.605170185988092 4.605170185988092
beat 1 2.120263536200091 2.120263536200091
became 1 0.7133498878774648 0.7133498878774648
become 1 1.2378743560016172 1.2378743560016172
begin 1 1.7147984280919266 1.7147984280919266
behind 1 1.8971199848858813 1.8971199848858813
best 1 1.0216512475319812 1.0216512475319812
bigger 1 2.8134107167600364 2.8134107167600364
block 1 2.407945608651872 2.407945608651872
book 1 0.6348782724359695 0.6348782724359695
boomiyil 1 4.605170185988092 4.605170185988092
bought 1 2.995732273553991 2.995732273553991
boy 1 1.8325814637483102 1.8325814637483102
brainz 1 2.995732273553991 2.995732273553991
break 1 2.407945608651872 2.407945608651872
bring 1 1.8971199848858813 1.8971199848858813
broker 1 3.912023005428146 3.912023005428146
building 1 1.6607312068216509 1.6607312068216509
burn 1 2.302585092994046 2.302585092994046
buy 1 2.5257286443082556 2.5257286443082556
buyer 1 3.506557897319982 3.506557897319982
call 1 1.7719568419318754 1.7719568419318754
called 1 0.8209805520698303 0.8209805520698303
came 1 1.6094379124341003 1.6094379124341003
cant 1 2.8134107167600364 2.8134107167600364
car 1 1.7147984280919266 1.7147984280919266
career 1 1.2729656758128876 1.2729656758128876
cast 1 1.8971199848858813 1.8971199848858813
castiron 1 4.605170185988092 4.605170185988092
category 1 0.0 0.0
centerpx 1 0.0408219945202552 0.0408219945202552
chakravarthy 1 4.605170185988092 4.605170185988092
change 1 0.0 0.0
chaos 1 2.995732273553991 2.995732273553991
character 1 1.7147984280919266 1.7147984280919266
cheap 1 4.605170185988092 4.605170185988092
chennai 1 3.912023005428146 3.912023005428146
chose 1 3.2188758248682006 3.2188758248682006
chronicle 1 2.659260036932778 2.659260036932778
chronology 1 2.407945608651872 2.407945608651872
church 1 1.6607312068216509 1.6607312068216509
cinema 1 3.506557897319982 3.506557897319982
cinematography 1 3.506557897319982 3.506557897319982
citation 1 0.0408219945202552 0.0408219945202552
cite 1 0.0 0.0
citeweb 1 0.5447271754416719 0.5447271754416719
claim 1 2.0402208285265546 2.0402208285265546
climax 1 4.605170185988092 4.605170185988092
closing 1 2.995732273553991 2.995732273553991
code 1 0.0 0.0
come 1 1.3470736479666094 1.3470736479666094
commence 1 3.912023005428146 3.912023005428146
commenced 1 3.2188758248682006 3.2188758248682006
common 1 0.0 0.0
comparison 1 3.506557897319982 3.506557897319982
complete 1 1.8325814637483102 1.8325814637483102
completed 1 2.0402208285265546 2.0402208285265546
composed 1 1.8971199848858813 1.8971199848858813
compound 1 3.2188758248682006 3.2188758248682006
concludes 1 2.995732273553991 2.995732273553991
conduct 1 0.0 0.0
conjecture 1 4.605170185988092 4.605170185988092
consult 1 4.605170185988092 4.605170185988092
contact 1 0.0 0.0
content 1 0.0 0.0
context 1 0.010050335853501506 0.010050335853501506
continues 1 2.302585092994046 2.302585092994046
contract 1 2.207274913189721 2.207274913189721
contribute 1 0.0 0.0
contribution 1 0.0 0.0
control 1 0.7765287894989963 0.7765287894989963
cookie 1 0.0 0.0
cookiematch 1 0.0 0.0
coproduced 1 3.506557897319982 3.506557897319982
counterlistitema 1 0.127833371509885 0.127833371509885
country 1 0.843970070294529 0.843970070294529
cover 1 1.6094379124341003 1.6094379124341003
crack 1 3.506557897319982 3.506557897319982
create 1 0.0 0.0
created 1 1.5606477482646683 1.5606477482646683
creative 1 0.0 0.0
creature 1 2.659260036932778 2.659260036932778
creepyno 1 4.605170185988092 4.605170185988092
crime 1 1.9661128563728327 1.9661128563728327
critical 1 2.207274913189721 2.207274913189721
csmaintcolorf 1 0.06187540371808745 0.06187540371808745
csmaintcolorfmedia 1 0.0408219945202552 0.0408219945202552
cswsicon 1 0.0408219945202552 0.0408219945202552
cuckoo 1 3.912023005428146 3.912023005428146
curious 1 3.506557897319982 3.506557897319982
current 1 0.0 0.0
cymraeg 1 3.2188758248682006 3.2188758248682006
database 1 0.9675840262617057 0.9675840262617057
date 1 0.3147107448397002 0.3147107448397002
day 1 0.5276327420823719 0.5276327420823719
dead 1 1.5606477482646683 1.5606477482646683
death 1 1.171182981502945 1.171182981502945
debt 1 2.995732273553991 2.995732273553991
debut 1 1.8325814637483102 1.8325814637483102
debutant 1 4.605170185988092 4.605170185988092
deccan 1 4.605170185988092 4.605170185988092
deceased 1 2.995732273553991 2.995732273553991
decide 1 2.995732273553991 2.995732273553991
deepak 1 3.912023005428146 3.912023005428146
deepan 1 4.605170185988092 4.605170185988092
defends 1 3.912023005428146 3.912023005428146
deliberately 1 3.2188758248682006 3.2188758248682006
depicted 1 2.995732273553991 2.995732273553991
depicting 1 3.506557897319982 3.506557897319982
description 1 0.07257069283483537 0.07257069283483537
destroyed 1 2.302585092994046 2.302585092994046
devanesan 1 4.605170185988092 4.605170185988092
developer 1 0.0 0.0
dhee 1 4.605170185988092 4.605170185988092
dialogue 1 2.8134107167600364 2.8134107167600364
different 1 0.3424903089467759 0.3424903089467759
directed 1 2.120263536200091 2.120263536200091
director 1 1.4271163556401458 1.4271163556401458
directorial 1 4.605170185988092 4.605170185988092
disclaimer 1 0.0 0.0
disclosed 1 3.912023005428146 3.912023005428146
disco 1 3.912023005428146 3.912023005428146
discovers 1 3.506557897319982 3.506557897319982
discovery 1 2.995732273553991 2.995732273553991
disease 1 2.5257286443082556 2.5257286443082556
disgusting 1 4.605170185988092 4.605170185988092
distributed 1 2.995732273553991 2.995732273553991
divcol 1 2.302585092994046 2.302585092994046
dmy 1 1.4271163556401458 1.4271163556401458
dolby 1 3.506557897319982 3.506557897319982
donate 1 0.0 0.0
done 1 2.302585092994046 2.302585092994046
door 1 2.5257286443082556 2.5257286443082556
download 1 0.0 0.0
dtaftercontent 1 0.127833371509885 0.127833371509885
dual 1 2.995732273553991 2.995732273553991
ecstatic 1 3.912023005428146 3.912023005428146
elangovan 1 4.605170185988092 4.605170185988092
encyclopedia 1 0.0 0.0
end 1 0.7985076962177716 0.7985076962177716
energy 1 1.6607312068216509 1.6607312068216509
english 1 0.0 0.0
engvar 1 3.912023005428146 3.912023005428146
enngal 1 4.605170185988092 4.605170185988092
entertainment 1 1.8325814637483102 1.8325814637483102
entry 1 1.5606477482646683 1.5606477482646683
error 1 2.407945608651872 2.407945608651872
established 1 1.1086626245216111 1.1086626245216111
estate 1 2.120263536200091 2.120263536200091
even 1 1.1394342831883648 1.1394342831883648
event 1 0.0 0.0
eventually 1 1.9661128563728327 1.9661128563728327
evident 1 3.2188758248682006 3.2188758248682006
excessive 1 3.912023005428146 3.912023005428146
exp 1 0.0 0.0
experiment 1 2.5257286443082556 2.5257286443082556
explanation 1 2.995732273553991 2.995732273553991
express 1 1.9661128563728327 1.9661128563728327
external 1 0.44628710262841953 0.44628710262841953
faced 1 2.659260036932778 2.659260036932778
family 1 0.9162907318741551 0.9162907318741551
father 1 1.3093333199837622 1.3093333199837622
feature 1 1.4696759700589417 1.4696759700589417
file 1 0.0 0.0
film 1 1.4696759700589417 1.4696759700589417
filmed 1 2.659260036932778 2.659260036932778
filming 1 2.8134107167600364 2.8134107167600364
filmss 1 3.912023005428146 3.912023005428146
find 1 1.3093333199837622 1.3093333199837622
fire 1 1.7147984280919266 1.7147984280919266
first 1 0.1508228897345837 0.1508228897345837
fitting 1 3.912023005428146 3.912023005428146
flaw 1 3.912023005428146 3.912023005428146
floor 1 2.207274913189721 2.207274913189721
fork 1 3.506557897319982 3.506557897319982
forward 1 2.207274913189721 2.207274913189721
found 1 1.2039728043259361 1.2039728043259361
foundation 1 0.0 0.0
framed 1 4.605170185988092 4.605170185988092
franchise 1 2.207274913189721 2.207274913189721
fratricide 1 4.605170185988092 4.605170185988092
freak 1 3.912023005428146 3.912023005428146
free 1 0.0 0.0
french 1 1.3862943611198906 1.3862943611198906
friend 1 1.3470736479666094 1.3470736479666094
frustrated 1 3.912023005428146 3.912023005428146
fun 1 2.8134107167600364 2.8134107167600364
furiously 1 3.912023005428146 3.912023005428146
furniture 1 4.605170185988092 4.605170185988092
future 1 1.6607312068216509 1.6607312068216509
gaana 1 4.605170185988092 4.605170185988092
gain 1 2.207274913189721 2.207274913189721
ganeshkumar 1 4.605170185988092 4.605170185988092
gate 1 2.5257286443082556 2.5257286443082556
general 1 0.0 0.0
genre 1 2.207274913189721 2.207274913189721
geometry 1 4.605170185988092 4.605170185988092
get 1 0.0 0.0
getting 1 2.207274913189721 2.207274913189721
gift 1 2.8134107167600364 2.8134107167600364
girl 1 1.7719568419318754 1.7719568419318754
girlfriend 1 3.506557897319982 3.506557897319982
given 1 1.2378743560016172 1.2378743560016172
gkb 1 4.605170185988092 4.605170185988092
gnanavel 1 4.605170185988092 4.605170185988092
gnyanam 1 4.605170185988092 4.605170185988092
golpo 1 4.605170185988092 4.605170185988092
good 1 1.3093333199837622 1.3093333199837622
gory 1 4.605170185988092 4.605170185988092
gradually 1 2.8134107167600364 2.8134107167600364
green 1 1.171182981502945 1.171182981502945
grim 1 3.912023005428146 3.912023005428146
gripping 1 4.605170185988092 4.605170185988092
group 1 0.8209805520698303 0.8209805520698303
guest 1 2.302585092994046 2.302585092994046
gupta 1 3.506557897319982 3.506557897319982
handled 1 3.2188758248682006 3.2188758248682006
happening 1 3.2188758248682006 3.2188758248682006
harming 1 4.605170185988092 4.605170185988092
heavy 1 2.407945608651872 2.407945608651872
hell 1 2.659260036932778 2.659260036932778
help 1 0.0 0.0
hero 1 2.207274913189721 2.207274913189721
hidden 1 0.010050335853501506 0.010050335853501506
hide 1 0.0 0.0
hindu 1 3.506557897319982 3.506557897319982
history 1 0.0 0.0
hit 1 2.407945608651872 2.407945608651872
hlist 1 0.127833371509885 0.127833371509885
hlistinline 1 0.127833371509885 0.127833371509885
holeo 1 4.605170185988092 4.605170185988092
hope 1 1.6607312068216509 1.6607312068216509
hoped 1 2.995732273553991 2.995732273553991
horror 1 2.659260036932778 2.659260036932778
house 1 1.0216512475319812 1.0216512475319812
however 1 0.6931471805599453 0.6931471805599453
husband 1 1.9661128563728327 1.9661128563728327
idea 1 1.8325814637483102 1.8325814637483102
identity 1 2.207274913189721 2.207274913189721
idlockfree 1 0.0408219945202552 0.0408219945202552
idlockfreeidlockfree 1 0.0408219945202552 0.0408219945202552
idlocklimited 1 0.0408219945202552 0.0408219945202552
idlockregistration 1 0.0408219945202552 0.0408219945202552
idlocksubscription 1 0.0408219945202552 0.0408219945202552
imdb 1 2.302585092994046 2.302585092994046
immediately 1 2.207274913189721 2.207274913189721
inc 1 0.0 0.0
india 1 1.7147984280919266 1.7147984280919266
indian 1 1.9661128563728327 1.9661128563728327
indicated 1 2.5257286443082556 2.5257286443082556
inevitable 1 4.605170185988092 4.605170185988092
infanticide 1 4.605170185988092 4.605170185988092
infobox 1 0.3011050927839216 0.3011050927839216
infoboxalbum 1 2.995732273553991 2.995732273553991
infoboxfilm 1 3.912023005428146 3.912023005428146
infoboxtable 1 0.3147107448397002 0.3147107448397002
information 1 0.0 0.0
inherited 1 3.2188758248682006 3.2188758248682006
injured 1 2.407945608651872 2.407945608651872
input 1 3.2188758248682006 3.2188758248682006
inside 1 2.0402208285265546 2.0402208285265546
insolvency 1 4.605170185988092 4.605170185988092
installment 1 4.605170185988092 4.605170185988092
instinctively 1 4.605170185988092 4.605170185988092
instrumental 1 3.2188758248682006 3.2188758248682006
intention 1 2.659260036932778 2.659260036932778
interest 1 1.6607312068216509 1.6607312068216509
item 1 0.010050335853501506 0.010050335853501506
jammed 1 4.605170185988092 4.605170185988092
jayakumar 1 4.605170185988092 4.605170185988092
jebin 1 4.605170185988092 4.605170185988092
jebins 1 4.605170185988092 4.605170185988092
john 1 0.49429632181478017 0.49429632181478017
jointly 1 3.912023005428146 3.912023005428146
jose 1 2.120263536200091 2.120263536200091
july 1 0.43078291609245434 0.43078291609245434
jump 1 0.0 0.0
june 1 0.40047756659712536 0.40047756659712536
justify 1 4.605170185988092 4.605170185988092
kaali 1 4.605170185988092 4.605170185988092
kalyani 1 4.605170185988092 4.605170185988092
kamaraj 1 4.605170185988092 4.605170185988092
kannum 1 4.605170185988092 4.605170185988092
kavvum 1 4.605170185988092 4.605170185988092
key 1 1.6094379124341003 1.6094379124341003
killer 1 3.2188758248682006 3.2188758248682006
killing 1 2.5257286443082556 2.5257286443082556
kumar 1 3.2188758248682006 3.2188758248682006
label 1 2.5257286443082556 2.5257286443082556
lacking 1 2.120263536200091 2.120263536200091
language 1 0.0 0.0
last 1 0.0 0.0
later 1 0.5621189181535412 0.5621189181535412
launch 1 2.5257286443082556 2.5257286443082556
lawyer 1 2.120263536200091 2.120263536200091
lead 1 1.6607312068216509 1.6607312068216509
learn 1 0.0 0.0
leaving 1 1.7147984280919266 1.7147984280919266
leftover 1 4.605170185988092 4.605170185988092
leg 1 2.659260036932778 2.659260036932778
legally 1 2.995732273553991 2.995732273553991
length 1 1.7719568419318754 1.7719568419318754
leo 1 2.8134107167600364 2.8134107167600364
less 1 1.5141277326297755 1.5141277326297755
letdown 1 3.912023005428146 3.912023005428146
liaftercontent 1 0.127833371509885 0.127833371509885
license 1 0.0 0.0
lid 1 4.605170185988092 4.605170185988092
life 1 0.5447271754416719 0.5447271754416719
like 1 1.2039728043259361 1.2039728043259361
liked 1 4.605170185988092 4.605170185988092
limarginbottom 1 0.9675840262617057 0.9675840262617057
link 1 0.0 0.0
listing 1 2.407945608651872 2.407945608651872
literary 1 2.5257286443082556 2.5257286443082556
lock 1 3.2188758248682006 3.2188758248682006
log 1 0.0 0.0
logged 1 0.0 0.0
long 1 1.1086626245216111 1.1086626245216111
loose 1 3.2188758248682006 3.2188758248682006
loses 1 2.659260036932778 2.659260036932778
love 1 1.4271163556401458 1.4271163556401458
lover 1 3.506557897319982 3.506557897319982
luck 1 3.912023005428146 3.912023005428146
lunacy 1 4.605170185988092 4.605170185988092
luz 1 3.506557897319982 3.506557897319982
lyric 1 2.8134107167600364 2.8134107167600364
main 1 0.0 0.0
mainother 1 1.5141277326297755 1.5141277326297755
make 1 1.0498221244986776 1.0498221244986776
making 1 1.6607312068216509 1.6607312068216509
man 1 1.0498221244986776 1.0498221244986776
mani 1 3.912023005428146 3.912023005428146
manifest 1 3.912023005428146 3.912023005428146
manikandan 1 4.605170185988092 4.605170185988092
many 1 0.7550225842780328 0.7550225842780328
map 1 2.0402208285265546 2.0402208285265546
march 1 0.3147107448397002 0.3147107448397002
marriage 1 2.120263536200091 2.120263536200091
married 1 1.5141277326297755 1.5141277326297755
marries 1 3.506557897319982 3.506557897319982
marrying 1 3.506557897319982 3.506557897319982
marshall 1 2.407945608651872 2.407945608651872
may 1 0.0 0.0
maybe 1 3.912023005428146 3.912023005428146
meanwhile 1 2.8134107167600364 2.8134107167600364
menu 1 0.0 0.0
metal 1 2.207274913189721 2.207274913189721
microformats 1 2.5257286443082556 2.5257286443082556
midway 1 4.605170185988092 4.605170185988092
minute 1 1.6607312068216509 1.6607312068216509
mobile 1 0.0 0.0
money 1 1.8325814637483102 1.8325814637483102
moody 1 2.8134107167600364 2.8134107167600364
mother 1 1.5141277326297755 1.5141277326297755
motion 1 2.8134107167600364 2.8134107167600364
move 1 0.0 0.0
movie 1 1.7719568419318754 1.7719568419318754
mummy 1 3.506557897319982 3.506557897319982
munishkanth 1 4.605170185988092 4.605170185988092
music 1 1.3862943611198906 1.3862943611198906
mylapore 1 4.605170185988092 4.605170185988092
mysterious 1 2.5257286443082556 2.5257286443082556
mystery 1 2.407945608651872 2.407945608651872
naig 1 4.605170185988092 4.605170185988092
nair 1 3.912023005428146 3.912023005428146
name 1 0.5276327420823719 0.5276327420823719
narayanan 1 4.605170185988092 4.605170185988092
nassar 1 4.605170185988092 4.605170185988092
navbar 1 0.23572233352106994 0.23572233352106994
navbarfontsizemedia 1 0.3147107448397002 0.3147107448397002
navbarmini 1 0.23572233352106994 0.23572233352106994
navbox 1 0.1392620673335076 0.1392620673335076
navboximage 1 0.1392620673335076 0.1392620673335076
navboxsubgroup 1 0.1392620673335076 0.1392620673335076
navboxtitle 1 0.1392620673335076 0.1392620673335076
navigation 1 0.0 0.0
needed 1 1.3862943611198906 1.3862943611198906
negative 1 2.5257286443082556 2.5257286443082556
neither 1 3.2188758248682006 3.2188758248682006
nevertheless 1 2.5257286443082556 2.5257286443082556
new 1 0.24846135929849972 0.24846135929849972
next 1 1.1086626245216111 1.1086626245216111
night 1 1.7719568419318754 1.7719568419318754
nonprofit 1 0.0 0.0
nothing 1 2.5257286443082556 2.5257286443082556
notice 1 2.8134107167600364 2.8134107167600364
novel 1 2.5257286443082556 2.5257286443082556
november 1 0.3011050927839216 0.3011050927839216
nowrunningcom 1 4.605170185988092 4.605170185988092
number 1 0.7550225842780328 0.7550225842780328
occurrence 1 3.912023005428146 3.912023005428146
officer 1 1.7719568419318754 1.7719568419318754
ollibeforecontent 1 0.127833371509885 0.127833371509885
omen 1 4.605170185988092 4.605170185988092
one 1 0.23572233352106994 0.23572233352106994
open 1 1.4696759700589417 1.4696759700589417
opening 1 1.9661128563728327 1.9661128563728327
orchestra 1 3.506557897319982 3.506557897319982
organization 1 0.0 0.0
organizationname 1 0.010050335853501506 0.010050335853501506
original 1 0.4155154439616658 0.4155154439616658
outlet 1 3.2188758248682006 3.2188758248682006
overwhelmed 1 3.912023005428146 3.912023005428146
owner 1 1.7147984280919266 1.7147984280919266
padhy 1 4.605170185988092 4.605170185988092
page 1 0.0 0.0
painting 1 2.8134107167600364 2.8134107167600364
pair 1 2.407945608651872 2.407945608651872
parapsychologist 1 4.605170185988092 4.605170185988092
part 1 0.6348782724359695 0.6348782724359695
particularly 1 2.120263536200091 2.120263536200091
passion 1 3.506557897319982 3.506557897319982
paul 1 0.8675005677047231 0.8675005677047231
pay 1 2.120263536200091 2.120263536200091
pdfprintable 1 0.0 0.0
penned 1 4.605170185988092 4.605170185988092
per 1 1.7147984280919266 1.7147984280919266
permanent 1 0.0 0.0
permission 1 2.659260036932778 2.659260036932778
personal 1 0.0 0.0
phenomenon 1 3.912023005428146 3.912023005428146
piano 1 2.995732273553991 2.995732273553991
picture 1 2.5257286443082556 2.5257286443082556
pivotal 1 3.506557897319982 3.506557897319982
pizza 1 3.506557897319982 3.506557897319982
plainlist 1 0.7339691750802005 0.7339691750802005
plan 1 1.4696759700589417 1.4696759700589417
play 1 1.2039728043259361 1.2039728043259361
played 1 1.3862943611198906 1.3862943611198906
playing 1 2.120263536200091 2.120263536200091
plenty 1 4.605170185988092 4.605170185988092
plot 1 2.5257286443082556 2.5257286443082556
police 1 1.7719568419318754 1.7719568419318754
policy 1 0.0 0.0
pondicherry 1 3.912023005428146 3.912023005428146
ponraj 1 4.605170185988092 4.605170185988092
portal 1 0.0 0.0
poster 1 2.407945608651872 2.407945608651872
potential 1 2.659260036932778 2.659260036932778
pradeep 1 3.912023005428146 3.912023005428146
pratap 1 3.912023005428146 3.912023005428146
precognition 1 4.605170185988092 4.605170185988092
predict 1 4.605170185988092 4.605170185988092
predicted 1 3.506557897319982 3.506557897319982
prestigious 1 2.995732273553991 2.995732273553991
prevent 1 2.659260036932778 2.659260036932778
printbodyns 1 0.09431067947124142 0.09431067947124142
printexport 1 0.0 0.0
prior 1 1.8325814637483102 1.8325814637483102
privacy 1 0.0 0.0
probe 1 4.605170185988092 4.605170185988092
process 1 1.5141277326297755 1.5141277326297755
produce 1 2.5257286443082556 2.5257286443082556
produced 1 1.7719568419318754 1.7719568419318754
producer 1 2.0402208285265546 2.0402208285265546
production 1 1.6607312068216509 1.6607312068216509
productioncompanies 1 4.605170185988092 4.605170185988092
project 1 0.0 0.0
property 1 1.7147984280919266 1.7147984280919266
prophecy 1 3.506557897319982 3.506557897319982
provided 1 1.8971199848858813 1.8971199848858813
psychic 1 4.605170185988092 4.605170185988092
public 1 0.9675840262617057 0.9675840262617057
publisher 1 1.8325814637483102 1.8325814637483102
purchased 1 2.120263536200091 2.120263536200091
quickly 1 2.407945608651872 2.407945608651872
radio 1 1.4696759700589417 1.4696759700589417
raja 1 4.605170185988092 4.605170185988092
rajan 1 3.912023005428146 3.912023005428146
rajesh 1 3.506557897319982 3.506557897319982
ramanathan 1 4.605170185988092 4.605170185988092
random 1 0.0 0.0
rao 1 3.912023005428146 3.912023005428146
read 1 0.0 0.0
realise 1 3.912023005428146 3.912023005428146
realises 1 3.912023005428146 3.912023005428146
recent 1 0.0 0.0
reception 1 1.8971199848858813 1.8971199848858813
recorded 1 1.6607312068216509 1.6607312068216509
reddy 1 3.506557897319982 3.506557897319982
rediffcom 1 4.605170185988092 4.605170185988092
reference 1 0.03045920748470844 0.03045920748470844
reflist 1 0.06187540371808745 0.06187540371808745
reflistcolumns 1 0.06187540371808745 0.06187540371808745
reg 1 0.0 0.0
registered 1 0.0 0.0
related 1 0.0 0.0
release 1 1.3093333199837622 1.3093333199837622
released 1 1.2729656758128876 1.2729656758128876
remake 1 3.912023005428146 3.912023005428146
remarkable 1 3.506557897319982 3.506557897319982
remove 1 1.6607312068216509 1.6607312068216509
renowned 1 3.506557897319982 3.506557897319982
replace 1 2.995732273553991 2.995732273553991
replaced 1 1.8971199848858813 1.8971199848858813
replaces 1 3.506557897319982 3.506557897319982
report 1 1.1086626245216111 1.1086626245216111
retained 1 2.659260036932778 2.659260036932778
retrieved 1 0.0 0.0
return 1 1.07880966137193 1.07880966137193
revealed 1 2.302585092994046 2.302585092994046
review 1 1.07880966137193 1.07880966137193
right 1 0.9675840262617057 0.9675840262617057
rinku 1 4.605170185988092 4.605170185988092
role 1 1.3470736479666094 1.3470736479666094
rolecitation 1 4.605170185988092 4.605170185988092
rolled 1 3.912023005428146 3.912023005428146
romantic 1 2.8134107167600364 2.8134107167600364
room 1 2.207274913189721 2.207274913189721
rotten 1 3.912023005428146 3.912023005428146
run 1 1.171182981502945 1.171182981502945
running 1 1.6607312068216509 1.6607312068216509
said 1 1.5606477482646683 1.5606477482646683
sale 1 1.8971199848858813 1.8971199848858813
salvage 1 3.506557897319982 3.506557897319982
sanchita 1 4.605170185988092 4.605170185988092
sanchitha 1 4.605170185988092 4.605170185988092
santhanam 1 4.605170185988092 4.605170185988092
santhosh 1 4.605170185988092 4.605170185988092
saraswathi 1 4.605170185988092 4.605170185988092
scaring 1 4.605170185988092 4.605170185988092
scene 1 2.0402208285265546 2.0402208285265546
scientific 1 2.659260036932778 2.659260036932778
screen 1 0.010050335853501506 0.010050335853501506
script 1 2.5257286443082556 2.5257286443082556
search 1 0.0 0.0
second 1 0.49429632181478017 0.49429632181478017
secret 1 2.0402208285265546 2.0402208285265546
secure 1 2.8134107167600364 2.8134107167600364
secured 1 2.995732273553991 2.995732273553991
seduces 1 4.605170185988092 4.605170185988092
see 1 0.40047756659712536 0.40047756659712536
seeing 1 3.2188758248682006 3.2188758248682006
seek 1 2.302585092994046 2.302585092994046
sell 1 2.5257286443082556 2.5257286443082556
selling 1 2.8134107167600364 2.8134107167600364
selvan 1 4.605170185988092 4.605170185988092
sep 1 2.659260036932778 2.659260036932778
september 1 0.43078291609245434 0.43078291609245434
sequel 1 3.506557897319982 3.506557897319982
sequence 1 2.302585092994046 2.302585092994046
series 1 0.8675005677047231 0.8675005677047231
set 1 0.9942522733438669 0.9942522733438669
share 1 0.0 0.0
shetty 1 3.912023005428146 3.912023005428146
shooting 1 2.5257286443082556 2.5257286443082556
short 1 0.06187540371808745 0.06187540371808745
shortdescription 1 0.2613647641344075 0.2613647641344075
shortened 1 0.0 0.0
shot 1 2.207274913189721 2.207274913189721
shotti 1 4.605170185988092 4.605170185988092
show 1 1.0498221244986776 1.0498221244986776
sidebar 1 0.0 0.0
sify 1 3.912023005428146 3.912023005428146
sign 1 1.8971199848858813 1.8971199848858813
similar 1 1.9661128563728327 1.9661128563728327
singer 1 2.5257286443082556 2.5257286443082556
singing 1 2.5257286443082556 2.5257286443082556
site 1 0.0 0.0
skill 1 2.8134107167600364 2.8134107167600364
slice 1 3.506557897319982 3.506557897319982
slowly 1 3.912023005428146 3.912023005428146
slowpaced 1 4.605170185988092 4.605170185988092
sold 1 2.0402208285265546 2.0402208285265546
solid 1 0.09431067947124142 0.09431067947124142
solution 1 2.5257286443082556 2.5257286443082556
song 1 1.3470736479666094 1.3470736479666094
soodhu 1 4.605170185988092 4.605170185988092
soon 1 1.8325814637483102 1.8325814637483102
sound 1 1.7719568419318754 1.7719568419318754
soundtrack 1 2.659260036932778 2.659260036932778
source 1 0.5798184952529422 0.5798184952529422
special 1 0.0 0.0
spiritual 1 2.120263536200091 2.120263536200091
star 1 0.9675840262617057 0.9675840262617057
starting 1 1.8971199848858813 1.8971199848858813
statement 1 0.0 0.0
station 1 1.8325814637483102 1.8325814637483102
statistic 1 0.0 0.0
stay 1 2.0402208285265546 2.0402208285265546
straight 1 2.5257286443082556 2.5257286443082556
string 1 2.995732273553991 2.995732273553991
student 1 1.3862943611198906 1.3862943611198906
studio 1 1.8971199848858813 1.8971199848858813
stumble 1 4.605170185988092 4.605170185988092
style 1 1.8325814637483102 1.8325814637483102
submitted 1 2.8134107167600364 2.8134107167600364
successful 1 2.0402208285265546 2.0402208285265546
successor 1 2.207274913189721 2.207274913189721
suganth 1 4.605170185988092 4.605170185988092
suggests 1 2.659260036932778 2.659260036932778
sundar 1 4.605170185988092 4.605170185988092
supernatural 1 4.605170185988092 4.605170185988092
survive 1 3.2188758248682006 3.2188758248682006
suryah 1 4.605170185988092 4.605170185988092
suryan 1 4.605170185988092 4.605170185988092
suspense 1 4.605170185988092 4.605170185988092
sydney 1 2.5257286443082556 2.5257286443082556
symptom 1 4.605170185988092 4.605170185988092
table 1 0.0 0.0
taken 1 2.0402208285265546 2.0402208285265546
talk 1 0.0 0.0
tamil 1 2.995732273553991 2.995732273553991
tamillanguage 1 4.605170185988092 4.605170185988092
tdhlist 1 0.1392620673335076 0.1392620673335076
tell 1 2.407945608651872 2.407945608651872
template 1 0.0 0.0
term 1 0.0 0.0
text 1 0.0 0.0
thbodyskinresponsive 1 0.3147107448397002 0.3147107448397002
theatrical 1 3.2188758248682006 3.2188758248682006
theme 1 2.302585092994046 2.302585092994046
think 1 2.207274913189721 2.207274913189721
thirukumaran 1 4.605170185988092 4.605170185988092
thought 1 1.8971199848858813 1.8971199848858813
three 1 0.5798184952529422 0.5798184952529422
thrill 1 3.912023005428146 3.912023005428146
thriller 1 3.2188758248682006 3.2188758248682006
thus 1 1.7147984280919266 1.7147984280919266
time 1 0.28768207245178085 0.28768207245178085
title 1 0.9162907318741551 0.9162907318741551
titled 1 2.5257286443082556 2.5257286443082556
toggle 1 0.010050335853501506 0.010050335853501506
tomato 1 3.2188758248682006 3.2188758248682006
tool 1 0.0 0.0
top 1 0.010050335853501506 0.010050335853501506
topic 1 0.0 0.0
toppling 1 4.605170185988092 4.605170185988092
total 1 0.0 0.0
track 1 1.7719568419318754 1.7719568419318754
tracklist 1 2.995732273553991 2.995732273553991
tracklisttotallength 1 2.995732273553991 2.995732273553991
trademark 1 0.0 0.0
transferred 1 1.9661128563728327 1.9661128563728327
trunk 1 3.912023005428146 3.912023005428146
try 1 2.5257286443082556 2.5257286443082556
tuning 1 4.605170185988092 4.605170185988092
twobook 1 4.605170185988092 4.605170185988092
udhav 1 4.605170185988092 4.605170185988092
ulpaddingem 1 0.1392620673335076 0.1392620673335076
underneath 1 3.506557897319982 3.506557897319982
understood 1 3.2188758248682006 3.2188758248682006
unexplained 1 3.912023005428146 3.912023005428146
unfolding 1 4.605170185988092 4.605170185988092
unlisted 1 4.605170185988092 4.605170185988092
unsourced 1 1.3862943611198906 1.3862943611198906
upandcoming 1 3.912023005428146 3.912023005428146
upload 1 0.0 0.0
upon 1 1.2729656758128876 1.2729656758128876
urge 1 3.2188758248682006 3.2188758248682006
us 1 1.6094379124341003 1.6094379124341003
use 1 0.0 0.0
using 1 0.0 0.0
utc 1 0.0 0.0
vaibhav 1 4.605170185988092 4.605170185988092
vaibhavs 1 4.605170185988092 4.605170185988092
valuation 1 4.605170185988092 4.605170185988092
var 1 0.0 0.0
varaipadam 1 4.605170185988092 4.605170185988092
veera 1 4.605170185988092 4.605170185988092
vegan 1 4.605170185988092 4.605170185988092
venkadesan 1 4.605170185988092 4.605170185988092
venkat 1 4.605170185988092 4.605170185988092
venkatesh 1 4.605170185988092 4.605170185988092
version 1 0.0 0.0
victorian 1 3.912023005428146 3.912023005428146
view 1 0.0 0.0
villa 1 2.995732273553991 2.995732273553991
vineet 1 4.605170185988092 4.605170185988092
visit 1 2.0402208285265546 2.0402208285265546
visited 1 2.302585092994046 2.302585092994046
wardrobe 1 3.506557897319982 3.506557897319982
week 1 1.2729656758128876 1.2729656758128876
well 1 0.7765287894989963 0.7765287894989963
whereabouts 1 3.912023005428146 3.912023005428146
whistle 1 3.506557897319982 3.506557897319982
wikidata 1 0.010050335853501506 0.010050335853501506
wikimedia 1 0.0 0.0
wikipedia 1 0.0 0.0
win 1 1.1086626245216111 1.1086626245216111
within 1 1.3862943611198906 1.3862943611198906
woman 1 1.171182981502945 1.171182981502945
work 1 0.7133498878774648 0.7133498878774648
would 1 0.7550225842780328 0.7550225842780328
wrapped 1 4.605170185988092 4.605170185988092
writer 1 1.5141277326297755 1.5141277326297755
written 1 0.9416085398584451 0.9416085398584451
wrote 1 1.3470736479666094 1.3470736479666094
yearold 1 2.5257286443082556 2.5257286443082556
zamindar 1 3.912023005428146 3.912023005428146
