aaron 1 2.207274913189721 2.207274913189721
aboard 1 3.506557897319982 3.506557897319982
academy 1 1.8325814637483102 1.8325814637483102
account 1 0.0 0.0
action 1 0.0 0.0
add 1 0.0 0.0
addition 1 1.3862943611198906 1.3862943611198906
additional 1 0.0 0.0
age 1 0.7985076962177716 0.7985076962177716
agree 1 0.0 0.0
ahead 1 2.207274913189721 2.207274913189721
aimer 1 4.605170185988092 4.605170185988092
akka 1 4.605170185988092 4.605170185988092
akkaasp 1 4.605170185988092 4.605170185988092
albeit 1 3.506557897319982 3.506557897319982
albert 1 2.0402208285265546 2.0402208285265546
alessandro 1 4.605170185988092 4.605170185988092
alessio 1 4.605170185988092 4.605170185988092
alex 1 2.120263536200091 2.120263536200091
alexander 1 1.5141277326297755 1.5141277326297755
alike 1 0.0 0.0
alongside 1 1.9661128563728327 1.9661128563728327
also 1 0.127833371509885 0.127833371509885
ambassador 1 2.995732273553991 2.995732273553991
amg 1 4.605170185988092 4.605170185988092
amp 1 0.4620354595965586 0.4620354595965586
andrea 1 2.8134107167600364 2.8134107167600364
angelis 1 4.605170185988092 4.605170185988092
announced 1 1.2039728043259361 1.2039728043259361
announces 1 2.659260036932778 2.659260036932778
another 1 0.9675840262617057 0.9675840262617057
anpassungen 1 4.605170185988092 4.605170185988092
anthony 1 1.5141277326297755 1.5141277326297755
antonio 1 2.659260036932778 2.659260036932778
appearance 1 0.0 0.0
apply 1 0.0 0.0
april 1 0.44628710262841953 0.44628710262841953
arabia 1 2.995732273553991 2.995732273553991
archived 1 0.47803580094299974 0.47803580094299974
article 1 0.0 0.0
as 1 3.912023005428146 3.912023005428146
asp 1 4.605170185988092 4.605170185988092
associs 1 4.605170185988092 4.605170185988092
attribution 1 0.0 0.0
aubry 1 4.605170185988092 4.605170185988092
audi 1 4.605170185988092 4.605170185988092
audis 1 4.605170185988092 4.605170185988092
august 1 0.3424903089467759 0.3424903089467759
augusto 1 3.506557897319982 3.506557897319982
austin 1 2.659260036932778 2.659260036932778
auto 1 0.1392620673335076 0.1392620673335076
autohebdo 1 4.605170185988092 4.605170185988092
autosport 1 4.605170185988092 4.605170185988092
available 1 0.0 0.0
avec 1 3.912023005428146 3.912023005428146
aws 1 4.605170185988092 4.605170185988092
bachler 1 4.605170185988092 4.605170185988092
back 1 1.0216512475319812 1.0216512475319812
baptiste 1 3.506557897319982 3.506557897319982
barcelona 1 3.2188758248682006 3.2188758248682006
barnicoat 1 4.605170185988092 4.605170185988092
bartone 1 4.605170185988092 4.605170185988092
bastian 1 4.605170185988092 4.605170185988092
battle 1 1.3862943611198906 1.3862943611198906
bear 1 2.302585092994046 2.302585092994046
bearing 1 2.659260036932778 2.659260036932778
beautiful 1 2.120263536200091 2.120263536200091
began 1 0.8675005677047231 0.8675005677047231
begun 1 2.8134107167600364 2.8134107167600364
bell 1 2.0402208285265546 2.0402208285265546
ben 1 2.207274913189721 2.207274913189721
benjamin 1 2.0402208285265546 2.0402208285265546
beretta 1 4.605170185988092 4.605170185988092
bertolini 1 4.605170185988092 4.605170185988092
best 1 1.0216512475319812 1.0216512475319812
birth 1 1.1394342831883648 1.1394342831883648
blancpain 1 4.605170185988092 4.605170185988092
blocking 1 4.605170185988092 4.605170185988092
bmw 1 4.605170185988092 4.605170185988092
bold 1 2.407945608651872 2.407945608651872
born 1 1.1394342831883648 1.1394342831883648
brand 1 2.302585092994046 2.302585092994046
brh 1 4.605170185988092 4.605170185988092
brhret 1 4.605170185988092 4.605170185988092
bronze 1 2.995732273553991 2.995732273553991
brother 1 1.6607312068216509 1.6607312068216509
brseparatedentries 1 2.995732273553991 2.995732273553991
bruno 1 2.995732273553991 2.995732273553991
bull 1 2.5257286443082556 2.5257286443082556
buret 1 4.605170185988092 4.605170185988092
calado 1 4.605170185988092 4.605170185988092
caldarelli 1 4.605170185988092 4.605170185988092
calendar 1 2.5257286443082556 2.5257286443082556
called 1 0.8209805520698303 0.8209805520698303
callum 1 4.605170185988092 4.605170185988092
came 1 1.6094379124341003 1.6094379124341003
campaign 1 1.6607312068216509 1.6607312068216509
car 1 1.7147984280919266 1.7147984280919266
career 1 1.2729656758128876 1.2729656758128876
castellet 1 4.605170185988092 4.605170185988092
cat 1 1.5606477482646683 1.5606477482646683
categorisation 1 4.605170185988092 4.605170185988092
category 1 0.0 0.0
catret 1 4.605170185988092 4.605170185988092
catsburg 1 4.605170185988092 4.605170185988092
centerpx 1 0.0408219945202552 0.0408219945202552
challenge 1 2.302585092994046 2.302585092994046
champion 1 1.3862943611198906 1.3862943611198906
championship 1 1.5606477482646683 1.5606477482646683
chance 1 2.659260036932778 2.659260036932778
change 1 0.0 0.0
charles 1 1.171182981502945 1.171182981502945
checkered 1 4.605170185988092 4.605170185988092
chez 1 3.912023005428146 3.912023005428146
christopher 1 1.9661128563728327 1.9661128563728327
cindric 1 4.605170185988092 4.605170185988092
citation 1 0.0408219945202552 0.0408219945202552
cite 1 0.0 0.0
citeweb 1 0.5447271754416719 0.5447271754416719
claudio 1 3.912023005428146 3.912023005428146
clinch 1 3.912023005428146 3.912023005428146
clinching 1 4.605170185988092 4.605170185988092
code 1 0.0 0.0
cole 1 2.659260036932778 2.659260036932778
collision 1 3.2188758248682006 3.2188758248682006
coming 1 1.7719568419318754 1.7719568419318754
common 1 0.0 0.0
competing 1 3.2188758248682006 3.2188758248682006
competition 1 1.8971199848858813 1.8971199848858813
competizione 1 4.605170185988092 4.605170185988092
competizioni 1 4.605170185988092 4.605170185988092
complete 1 1.8325814637483102 1.8325814637483102
concession 1 4.605170185988092 4.605170185988092
concluded 1 3.2188758248682006 3.2188758248682006
conduct 1 0.0 0.0
confirm 1 4.605170185988092 4.605170185988092
confirmed 1 2.207274913189721 2.207274913189721
connor 1 2.995732273553991 2.995732273553991
contact 1 0.0 0.0
content 1 0.0 0.0
context 1 0.010050335853501506 0.010050335853501506
contribute 1 0.0 0.0
contribution 1 0.0 0.0
cookie 1 0.0 0.0
cookiematch 1 0.0 0.0
corse 1 4.605170185988092 4.605170185988092
corvette 1 3.912023005428146 3.912023005428146
cost 1 2.0402208285265546 2.0402208285265546
costa 1 2.995732273553991 2.995732273553991
costing 1 4.605170185988092 4.605170185988092
counterlistitema 1 0.127833371509885 0.127833371509885
coupled 1 3.506557897319982 3.506557897319982
courage 1 2.8134107167600364 2.8134107167600364
cours 1 4.605170185988092 4.605170185988092
course 1 2.0402208285265546 2.0402208285265546
create 1 0.0 0.0
creative 1 0.0 0.0
cressoni 1 4.605170185988092 4.605170185988092
crowning 1 3.912023005428146 3.912023005428146
csmaintcolorf 1 0.06187540371808745 0.06187540371808745
csmaintcolorfmedia 1 0.0408219945202552 0.0408219945202552
cswsicon 1 0.0408219945202552 0.0408219945202552
cup 1 1.7719568419318754 1.7719568419318754
current 1 0.0 0.0
dagys 1 4.605170185988092 4.605170185988092
dailysportscar 1 4.605170185988092 4.605170185988092
dailysportscarcom 1 4.605170185988092 4.605170185988092
dan 1 1.7719568419318754 1.7719568419318754
daniel 1 1.3862943611198906 1.3862943611198906
date 1 0.3147107448397002 0.3147107448397002
davide 1 4.605170185988092 4.605170185988092
davoir 1 4.605170185988092 4.605170185988092
day 1 0.5276327420823719 0.5276327420823719
dbcom 1 4.605170185988092 4.605170185988092
dead 1 1.5606477482646683 1.5606477482646683
debut 1 1.8325814637483102 1.8325814637483102
december 1 0.37106368139083196 0.37106368139083196
delivers 1 3.912023005428146 3.912023005428146
dennis 1 2.120263536200091 2.120263536200091
der 1 2.302585092994046 2.302585092994046
description 1 0.07257069283483537 0.07257069283483537
despite 1 1.1394342831883648 1.1394342831883648
deutsch 1 0.9416085398584451 0.9416085398584451
developer 1 0.0 0.0
development 1 1.3093333199837622 1.3093333199837622
dfense 1 4.605170185988092 4.605170185988092
disappointing 1 3.506557897319982 3.506557897319982
disappointingly 1 4.605170185988092 4.605170185988092
disclaimer 1 0.0 0.0
dmy 1 1.4271163556401458 1.4271163556401458
dnf 1 4.605170185988092 4.605170185988092
dominate 1 3.912023005428146 3.912023005428146
donate 1 0.0 0.0
dottedcursorhelp 1 2.120263536200091 2.120263536200091
double 1 2.407945608651872 2.407945608651872
download 1 0.0 0.0
dragon 1 3.2188758248682006 3.2188758248682006
driver 1 2.207274913189721 2.207274913189721
driversstcentury 1 4.605170185988092 4.605170185988092
driving 1 2.302585092994046 2.302585092994046
drove 1 3.506557897319982 3.506557897319982
dsq 1 4.605170185988092 4.605170185988092
dtaftercontent 1 0.127833371509885 0.127833371509885
dubai 1 3.912023005428146 3.912023005428146
duty 1 2.5257286443082556 2.5257286443082556
early 1 0.6348782724359695 0.6348782724359695
earned 1 2.207274913189721 2.207274913189721
eighth 1 2.8134107167600364 2.8134107167600364
emil 1 3.912023005428146 3.912023005428146
emlv 1 4.605170185988092 4.605170185988092
empty 1 2.407945608651872 2.407945608651872
encyclopedia 1 0.0 0.0
end 1 0.7985076962177716 0.7985076962177716
ended 1 2.0402208285265546 2.0402208285265546
endurance 1 3.912023005428146 3.912023005428146
engel 1 4.605170185988092 4.605170185988092
english 1 0.0 0.0
engstler 1 4.605170185988092 4.605170185988092
enough 1 2.207274913189721 2.207274913189721
entrant 1 3.912023005428146 3.912023005428146
entry 1 1.5606477482646683 1.5606477482646683
est 1 3.2188758248682006 3.2188758248682006
etudiant 1 4.605170185988092 4.605170185988092
eurocup 1 4.605170185988092 4.605170185988092
europe 1 1.5141277326297755 1.5141277326297755
european 1 1.3093333199837622 1.3093333199837622
even 1 1.1394342831883648 1.1394342831883648
event 1 0.0 0.0
evo 1 4.605170185988092 4.605170185988092
exp 1 0.0 0.0
experienced 1 2.659260036932778 2.659260036932778
express 1 1.9661128563728327 1.9661128563728327
external 1 0.44628710262841953 0.44628710262841953
fabian 1 3.912023005428146 3.912023005428146
factory 1 2.5257286443082556 2.5257286443082556
failed 1 2.302585092994046 2.302585092994046
fait 1 4.605170185988092 4.605170185988092
fanatec 1 4.605170185988092 4.605170185988092
fannin 1 4.605170185988092 4.605170185988092
farfus 1 4.605170185988092 4.605170185988092
fastest 1 3.2188758248682006 3.2188758248682006
february 1 0.27443684570176036 0.27443684570176036
ferrari 1 3.506557897319982 3.506557897319982
fewtrell 1 4.605170185988092 4.605170185988092
fff 1 4.605170185988092 4.605170185988092
fia 1 4.605170185988092 4.605170185988092
fias 1 4.605170185988092 4.605170185988092
field 1 1.0498221244986776 1.0498221244986776
figaro 1 3.912023005428146 3.912023005428146
file 1 0.0 0.0
final 1 0.9942522733438669 0.9942522733438669
finale 1 2.8134107167600364 2.8134107167600364
finali 1 4.605170185988092 4.605170185988092
finish 1 2.407945608651872 2.407945608651872
finished 1 2.0402208285265546 2.0402208285265546
finishing 1 2.407945608651872 2.407945608651872
finishst 1 4.605170185988092 4.605170185988092
first 1 0.1508228897345837 0.1508228897345837
fisichella 1 4.605170185988092 4.605170185988092
five 1 1.0216512475319812 1.0216512475319812
flag 1 1.7147984280919266 1.7147984280919266
flagicon 1 2.659260036932778 2.659260036932778
flap 1 3.912023005428146 3.912023005428146
focus 1 2.0402208285265546 2.0402208285265546
focused 1 2.995732273553991 2.995732273553991
followed 1 1.3093333199837622 1.3093333199837622
following 1 0.7133498878774648 0.7133498878774648
ford 1 2.5257286443082556 2.5257286443082556
former 1 0.9675840262617057 0.9675840262617057
formula 1 2.407945608651872 2.407945608651872
foundation 1 0.0 0.0
four 1 0.7985076962177716 0.7985076962177716
fourth 1 1.4696759700589417 1.4696759700589417
france 1 1.2039728043259361 1.2039728043259361
francorchamps 1 4.605170185988092 4.605170185988092
frdric 1 4.605170185988092 4.605170185988092
free 1 0.0 0.0
french 1 1.3862943611198906 1.3862943611198906
frenchlanguage 1 2.407945608651872 2.407945608651872
frenchman 1 4.605170185988092 4.605170185988092
frey 1 3.506557897319982 3.506557897319982
fruit 1 2.8134107167600364 2.8134107167600364
full 1 1.1086626245216111 1.1086626245216111
fulltime 1 3.506557897319982 3.506557897319982
fuoco 1 4.605170185988092 4.605170185988092
gabriel 1 2.659260036932778 2.659260036932778
garcia 1 2.8134107167600364 2.8134107167600364
general 1 0.0 0.0
german 1 1.7147984280919266 1.7147984280919266
germanlanguage 1 2.995732273553991 2.995732273553991
get 1 0.0 0.0
giacomo 1 4.605170185988092 4.605170185988092
giancarlo 1 4.605170185988092 4.605170185988092
giovinazzi 1 4.605170185988092 4.605170185988092
gisbergen 1 4.605170185988092 4.605170185988092
give 1 1.5141277326297755 1.5141277326297755
glock 1 3.912023005428146 3.912023005428146
glory 1 2.995732273553991 2.995732273553991
goethe 1 3.506557897319982 3.506557897319982
gold 1 1.6094379124341003 1.6094379124341003
goodwin 1 3.506557897319982 3.506557897319982
gounon 1 4.605170185988092 4.605170185988092
graham 1 2.659260036932778 2.659260036932778
grenier 1 4.605170185988092 4.605170185988092
gtd 1 4.605170185988092 4.605170185988092
gte 1 3.912023005428146 3.912023005428146
gteam 1 4.605170185988092 4.605170185988092
gtplacecom 1 4.605170185988092 4.605170185988092
gtpro 1 4.605170185988092 4.605170185988092
gts 1 4.605170185988092 4.605170185988092
gtwc 1 4.605170185988092 4.605170185988092
guest 1 2.302585092994046 2.302585092994046
guidi 1 4.605170185988092 4.605170185988092
gunn 1 3.506557897319982 3.506557897319982
habul 1 4.605170185988092 4.605170185988092
hankook 1 4.605170185988092 4.605170185988092
harper 1 2.995732273553991 2.995732273553991
hatch 1 3.912023005428146 3.912023005428146
heart 1 1.4696759700589417 1.4696759700589417
heinrich 1 2.995732273553991 2.995732273553991
help 1 0.0 0.0
hesse 1 3.912023005428146 3.912023005428146
hidden 1 0.010050335853501506 0.010050335853501506
hide 1 0.0 0.0
highestplaced 1 4.605170185988092 4.605170185988092
highlight 1 2.407945608651872 2.407945608651872
hinchcliffe 1 4.605170185988092 4.605170185988092
history 1 0.0 0.0
hlist 1 0.127833371509885 0.127833371509885
hlistinline 1 0.127833371509885 0.127833371509885
hmp 1 4.605170185988092 4.605170185988092
hmpret 1 4.605170185988092 4.605170185988092
hoc 1 3.912023005428146 3.912023005428146
hockenheimring 1 4.605170185988092 4.605170185988092
hocret 1 4.605170185988092 4.605170185988092
home 1 0.7339691750802005 0.7339691750802005
hour 1 1.7719568419318754 1.7719568419318754
hun 1 3.912023005428146 3.912023005428146
hunret 1 4.605170185988092 4.605170185988092
idlockfree 1 0.0408219945202552 0.0408219945202552
idlockfreeidlockfree 1 0.0408219945202552 0.0408219945202552
idlocklimited 1 0.0408219945202552 0.0408219945202552
idlockregistration 1 0.0408219945202552 0.0408219945202552
idlocksubscription 1 0.0408219945202552 0.0408219945202552
ilott 1 4.605170185988092 4.605170185988092
imo 1 4.605170185988092 4.605170185988092
imola 1 4.605170185988092 4.605170185988092
imsa 1 4.605170185988092 4.605170185988092
inc 1 0.0 0.0
included 1 1.3093333199837622 1.3093333199837622
indicate 1 2.302585092994046 2.302585092994046
ineligible 1 3.2188758248682006 3.2188758248682006
info 1 2.659260036932778 2.659260036932778
infobox 1 0.3011050927839216 0.3011050927839216
infoboxracingdriver 1 4.605170185988092 4.605170185988092
infoboxtable 1 0.3147107448397002 0.3147107448397002
information 1 0.0 0.0
input 1 3.2188758248682006 3.2188758248682006
intercontinental 1 3.912023005428146 3.912023005428146
international 1 0.5978370007556204 0.5978370007556204
iron 1 2.8134107167600364 2.8134107167600364
italian 1 2.302585092994046 2.302585092994046
italianlanguage 1 3.912023005428146 3.912023005428146
italic 1 3.2188758248682006 3.2188758248682006
item 1 0.010050335853501506 0.010050335853501506
jacos 1 4.605170185988092 4.605170185988092
jai 1 3.2188758248682006 3.2188758248682006
jake 1 3.912023005428146 3.912023005428146
james 1 1.0498221244986776 1.0498221244986776
january 1 0.3424903089467759 0.3424903089467759
jean 1 1.7719568419318754 1.7719568419318754
jed 1 4.605170185988092 4.605170185988092
jeromepolicandcom 1 4.605170185988092 4.605170185988092
jesse 1 2.8134107167600364 2.8134107167600364
jewel 1 4.605170185988092 4.605170185988092
jmw 1 4.605170185988092 4.605170185988092
jody 1 3.912023005428146 3.912023005428146
john 1 0.49429632181478017 0.49429632181478017
joined 1 1.6607312068216509 1.6607312068216509
joining 1 2.659260036932778 2.659260036932778
jonas 1 2.995732273553991 2.995732273553991
jordan 1 1.7147984280919266 1.7147984280919266
jrme 1 3.506557897319982 3.506557897319982
jrmy 1 4.605170185988092 4.605170185988092
jules 1 3.506557897319982 3.506557897319982
july 1 0.43078291609245434 0.43078291609245434
jump 1 0.0 0.0
juncadella 1 4.605170185988092 4.605170185988092
june 1 0.40047756659712536 0.40047756659712536
karting 1 4.605170185988092 4.605170185988092
keating 1 3.912023005428146 3.912023005428146
keilloh 1 4.605170185988092 4.605170185988092
kelvin 1 4.605170185988092 4.605170185988092
kenny 1 2.995732273553991 2.995732273553991
key 1 1.6094379124341003 1.6094379124341003
kilshaw 1 4.605170185988092 4.605170185988092
kirkwood 1 4.605170185988092 4.605170185988092
kiwi 1 4.605170185988092 4.605170185988092
klaus 1 3.506557897319982 3.506557897319982
krohn 1 4.605170185988092 4.605170185988092
kyle 1 2.120263536200091 2.120263536200091
lamborghini 1 4.605170185988092 4.605170185988092
language 1 0.0 0.0
lap 1 3.2188758248682006 3.2188758248682006
lapped 1 4.605170185988092 4.605170185988092
last 1 0.0 0.0
late 1 1.3093333199837622 1.3093333199837622
latter 1 1.6607312068216509 1.6607312068216509
laughlin 1 3.506557897319982 3.506557897319982
laurent 1 3.506557897319982 3.506557897319982
laurin 1 4.605170185988092 4.605170185988092
le 1 2.995732273553991 2.995732273553991
learn 1 0.0 0.0
lec 1 4.605170185988092 4.605170185988092
lecret 1 4.605170185988092 4.605170185988092
left 1 1.171182981502945 1.171182981502945
legendary 1 2.8134107167600364 2.8134107167600364
lexus 1 3.912023005428146 3.912023005428146
liaftercontent 1 0.127833371509885 0.127833371509885
licence 1 3.2188758248682006 3.2188758248682006
license 1 0.0 0.0
lie 1 2.302585092994046 2.302585092994046
lietz 1 4.605170185988092 4.605170185988092
life 1 0.5447271754416719 0.5447271754416719
lilou 1 4.605170185988092 4.605170185988092
limarginbottomvte 1 4.605170185988092 4.605170185988092
linde 1 3.912023005428146 3.912023005428146
lineup 1 2.8134107167600364 2.8134107167600364
link 1 0.0 0.0
living 1 1.07880966137193 1.07880966137193
lloyd 1 2.8134107167600364 2.8134107167600364
lm 1 4.605170185988092 4.605170185988092
lmgte 1 4.605170185988092 4.605170185988092
log 1 0.0 0.0
logged 1 0.0 0.0
louis 1 1.5141277326297755 1.5141277326297755
lower 1 1.8325814637483102 1.8325814637483102
lquipage 1 4.605170185988092 4.605170185988092
luca 1 3.912023005428146 3.912023005428146
lynx 1 3.912023005428146 3.912023005428146
made 1 0.653926467406664 0.653926467406664
madison 1 2.659260036932778 2.659260036932778
mag 1 3.912023005428146 3.912023005428146
magny 1 4.605170185988092 4.605170185988092
magret 1 4.605170185988092 4.605170185988092
main 1 0.0 0.0
making 1 1.6607312068216509 1.6607312068216509
man 1 1.0498221244986776 1.0498221244986776
managed 1 2.995732273553991 2.995732273553991
management 1 1.7719568419318754 1.7719568419318754
many 1 0.7550225842780328 0.7550225842780328
mapelli 1 4.605170185988092 4.605170185988092
march 1 0.3147107448397002 0.3147107448397002
marco 1 2.5257286443082556 2.5257286443082556
maro 1 3.912023005428146 3.912023005428146
martin 1 1.3470736479666094 1.3470736479666094
match 1 0.8675005677047231 0.8675005677047231
matteo 1 3.912023005428146 3.912023005428146
max 1 2.302585092994046 2.302585092994046
maxime 1 4.605170185988092 4.605170185988092
maxwell 1 3.912023005428146 3.912023005428146
may 1 0.0 0.0
meanwhile 1 2.8134107167600364 2.8134107167600364
medium 1 0.49429632181478017 0.49429632181478017
menu 1 0.0 0.0
mercedes 1 3.506557897319982 3.506557897319982
mercier 1 4.605170185988092 4.605170185988092
mi 1 3.912023005428146 3.912023005428146
mies 1 4.605170185988092 4.605170185988092
miguel 1 2.302585092994046 2.302585092994046
mikal 1 4.605170185988092 4.605170185988092
mike 1 1.6094379124341003 1.6094379124341003
miller 1 1.6094379124341003 1.6094379124341003
milner 1 4.605170185988092 4.605170185988092
misano 1 4.605170185988092 4.605170185988092
misret 1 4.605170185988092 4.605170185988092
missing 1 1.8971199848858813 1.8971199848858813
mistakefree 1 4.605170185988092 4.605170185988092
mnz 1 4.605170185988092 4.605170185988092
mnzret 1 4.605170185988092 4.605170185988092
mobile 1 0.0 0.0
molina 1 4.605170185988092 4.605170185988092
mon 1 2.995732273553991 2.995732273553991
mondiali 1 4.605170185988092 4.605170185988092
monoplace 1 4.605170185988092 4.605170185988092
monret 1 4.605170185988092 4.605170185988092
monza 1 3.912023005428146 3.912023005428146
motopark 1 4.605170185988092 4.605170185988092
motor 1 2.302585092994046 2.302585092994046
motorsport 1 3.2188758248682006 3.2188758248682006
motorsports 1 3.506557897319982 3.506557897319982
move 1 0.0 0.0
mtec 1 4.605170185988092 4.605170185988092
mugello 1 4.605170185988092 4.605170185988092
muller 1 3.506557897319982 3.506557897319982
multimatic 1 4.605170185988092 4.605170185988092
multiple 1 1.6607312068216509 1.6607312068216509
name 1 0.5276327420823719 0.5276327420823719
nationality 1 2.302585092994046 2.302585092994046
navbar 1 0.23572233352106994 0.23572233352106994
navbarfontsizemedia 1 0.3147107448397002 0.3147107448397002
navbarmini 1 0.23572233352106994 0.23572233352106994
navbox 1 0.1392620673335076 0.1392620673335076
navboximage 1 0.1392620673335076 0.1392620673335076
navboxsubgroup 1 0.1392620673335076 0.1392620673335076
navboxtitle 1 0.1392620673335076 0.1392620673335076
navigation 1 0.0 0.0
nec 1 3.912023005428146 3.912023005428146
neil 1 2.995732273553991 2.995732273553991
neubauer 1 3.506557897319982 3.506557897319982
neubauers 1 4.605170185988092 4.605170185988092
next 1 1.1086626245216111 1.1086626245216111
nicklas 1 4.605170185988092 4.605170185988092
nicky 1 3.912023005428146 3.912023005428146
nico 1 3.912023005428146 3.912023005428146
nielsen 1 3.912023005428146 3.912023005428146
ninth 1 2.659260036932778 2.659260036932778
nonprofit 1 0.0 0.0
noor 1 4.605170185988092 4.605170185988092
northern 1 1.3093333199837622 1.3093333199837622
november 1 0.3011050927839216 0.3011050927839216
nrburgring 1 3.912023005428146 3.912023005428146
nrret 1 4.605170185988092 4.605170185988092
number 1 0.7550225842780328 0.7550225842780328
obtaining 1 3.506557897319982 3.506557897319982
october 1 0.28768207245178085 0.28768207245178085
old 1 1.07880966137193 1.07880966137193
olivier 1 4.605170185988092 4.605170185988092
ollibeforecontent 1 0.127833371509885 0.127833371509885
olsen 1 3.506557897319982 3.506557897319982
oneoff 1 4.605170185988092 4.605170185988092
open 1 1.4696759700589417 1.4696759700589417
opening 1 1.9661128563728327 1.9661128563728327
operation 1 1.7147984280919266 1.7147984280919266
orange 1 2.5257286443082556 2.5257286443082556
organization 1 0.0 0.0
organizationname 1 0.010050335853501506 0.010050335853501506
original 1 0.4155154439616658 0.4155154439616658
ouest 1 3.912023005428146 3.912023005428146
outfit 1 4.605170185988092 4.605170185988092
overall 1 1.8325814637483102 1.8325814637483102
paddock 1 3.912023005428146 3.912023005428146
page 1 0.0 0.0
pairing 1 4.605170185988092 4.605170185988092
palmet 1 4.605170185988092 4.605170185988092
panis 1 4.605170185988092 4.605170185988092
parameter 1 2.120263536200091 2.120263536200091
paris 1 2.0402208285265546 2.0402208285265546
part 1 0.6348782724359695 0.6348782724359695
partnered 1 3.912023005428146 3.912023005428146
partnering 1 3.912023005428146 3.912023005428146
pau 1 3.506557897319982 3.506557897319982
paul 1 0.8675005677047231 0.8675005677047231
pauline 1 3.912023005428146 3.912023005428146
pdf 1 1.0498221244986776 1.0498221244986776
pdfprintable 1 0.0 0.0
penalty 1 2.8134107167600364 2.8134107167600364
penultimate 1 4.605170185988092 4.605170185988092
people 1 0.49429632181478017 0.49429632181478017
pepper 1 3.506557897319982 3.506557897319982
perform 1 2.302585092994046 2.302585092994046
performance 1 1.7719568419318754 1.7719568419318754
permanent 1 0.0 0.0
permanently 1 2.5257286443082556 2.5257286443082556
personal 1 0.0 0.0
petrobelli 1 4.605170185988092 4.605170185988092
pfaff 1 4.605170185988092 4.605170185988092
phillippi 1 4.605170185988092 4.605170185988092
picariello 1 4.605170185988092 4.605170185988092
pier 1 3.912023005428146 3.912023005428146
pilote 1 4.605170185988092 4.605170185988092
pirelli 1 3.912023005428146 3.912023005428146
place 1 0.653926467406664 0.653926467406664
placing 1 3.912023005428146 3.912023005428146
plainlist 1 0.7339691750802005 0.7339691750802005
plmer 1 4.605170185988092 4.605170185988092
po 1 2.407945608651872 2.407945608651872
podium 1 3.2188758248682006 3.2188758248682006
point 1 1.2729656758128876 1.2729656758128876
pole 1 2.995732273553991 2.995732273553991
policand 1 4.605170185988092 4.605170185988092
policy 1 0.0 0.0
portal 1 0.0 0.0
position 1 1.1394342831883648 1.1394342831883648
pour 1 3.912023005428146 3.912023005428146
poursuit 1 4.605170185988092 4.605170185988092
powered 1 3.506557897319982 3.506557897319982
pozzi 1 4.605170185988092 4.605170185988092
pratt 1 3.2188758248682006 3.2188758248682006
preining 1 4.605170185988092 4.605170185988092
prette 1 4.605170185988092 4.605170185988092
previous 1 1.6607312068216509 1.6607312068216509
priaulx 1 4.605170185988092 4.605170185988092
printbodyns 1 0.09431067947124142 0.09431067947124142
printexport 1 0.0 0.0
privacy 1 0.0 0.0
pro 1 1.6607312068216509 1.6607312068216509
professional 1 1.6607312068216509 1.6607312068216509
progress 1 3.2188758248682006 3.2188758248682006
project 1 0.0 0.0
propelled 1 4.605170185988092 4.605170185988092
proton 1 4.605170185988092 4.605170185988092
proved 1 3.506557897319982 3.506557897319982
put 1 1.8971199848858813 1.8971199848858813
race 1 1.7147984280919266 1.7147984280919266
raced 1 3.912023005428146 3.912023005428146
racing 1 2.5257286443082556 2.5257286443082556
racingfr 1 3.912023005428146 3.912023005428146
random 1 0.0 0.0
rbr 1 3.912023005428146 3.912023005428146
rbrdns 1 4.605170185988092 4.605170185988092
read 1 0.0 0.0
recent 1 0.0 0.0
record 1 0.7765287894989963 0.7765287894989963
red 1 1.07880966137193 1.07880966137193
reference 1 0.03045920748470844 0.03045920748470844
reflist 1 0.06187540371808745 0.06187540371808745
reflistcolumns 1 0.06187540371808745 0.06187540371808745
reg 1 0.0 0.0
registered 1 0.0 0.0
reign 1 2.995732273553991 2.995732273553991
reigning 1 3.912023005428146 3.912023005428146
rejoint 1 4.605170185988092 4.605170185988092
related 1 0.0 0.0
remained 1 1.7719568419318754 1.7719568419318754
renault 1 3.912023005428146 3.912023005428146
restart 1 3.912023005428146 3.912023005428146
restricted 1 3.2188758248682006 3.2188758248682006
result 1 0.9942522733438669 0.9942522733438669
retired 1 1.7719568419318754 1.7719568419318754
retrieved 1 0.0 0.0
return 1 1.07880966137193 1.07880966137193
returned 1 1.4271163556401458 1.4271163556401458
returning 1 2.207274913189721 2.207274913189721
riberas 1 4.605170185988092 4.605170185988092
ricard 1 4.605170185988092 4.605170185988092
richard 1 1.1394342831883648 1.1394342831883648
rigon 1 4.605170185988092 4.605170185988092
ring 1 1.8971199848858813 1.8971199848858813
robert 1 0.8675005677047231 0.8675005677047231
rockenfeller 1 4.605170185988092 4.605170185988092
rodrigo 1 2.995732273553991 2.995732273553991
rofgo 1 4.605170185988092 4.605170185988092
roman 1 1.7719568419318754 1.7719568419318754
ross 1 2.0402208285265546 2.0402208285265546
rossi 1 4.605170185988092 4.605170185988092
round 1 1.3862943611198906 1.3862943611198906
rovera 1 4.605170185988092 4.605170185988092
rua 1 4.605170185988092 4.605170185988092
safety 1 2.407945608651872 2.407945608651872
sagrandit 1 4.605170185988092 4.605170185988092
sale 1 1.8971199848858813 1.8971199848858813
satis 1 4.605170185988092 4.605170185988092
saudi 1 3.506557897319982 3.506557897319982
saw 1 2.0402208285265546 2.0402208285265546
schiavoni 1 4.605170185988092 4.605170185988092
schiller 1 3.912023005428146 3.912023005428146
science 1 1.171182981502945 1.171182981502945
score 1 1.6607312068216509 1.6607312068216509
scored 1 2.302585092994046 2.302585092994046
scoring 1 2.995732273553991 2.995732273553991
scott 1 1.2729656758128876 1.2729656758128876
screen 1 0.010050335853501506 0.010050335853501506
seal 1 2.8134107167600364 2.8134107167600364
search 1 0.0 0.0
season 1 1.1394342831883648 1.1394342831883648
sebastian 1 2.5257286443082556 2.5257286443082556
second 1 0.49429632181478017 0.49429632181478017
secure 1 2.8134107167600364 2.8134107167600364
secures 1 3.506557897319982 3.506557897319982
september 1 0.43078291609245434 0.43078291609245434
series 1 0.8675005677047231 0.8675005677047231
serra 1 3.506557897319982 3.506557897319982
seven 1 1.6094379124341003 1.6094379124341003
seventh 1 2.5257286443082556 2.5257286443082556
shane 1 2.995732273553991 2.995732273553991
share 1 0.0 0.0
shine 1 3.506557897319982 3.506557897319982
short 1 0.06187540371808745 0.06187540371808745
shortened 1 0.0 0.0
shwartzman 1 4.605170185988092 4.605170185988092
sidebar 1 0.0 0.0
siegt 1 4.605170185988092 4.605170185988092
sil 1 3.912023005428146 3.912023005428146
silver 1 1.8971199848858813 1.8971199848858813
simmenauer 1 4.605170185988092 4.605170185988092
sims 1 3.912023005428146 3.912023005428146
singleseater 1 4.605170185988092 4.605170185988092
site 1 0.0 0.0
sixth 1 1.9661128563728327 1.9661128563728327
small 1 1.4271163556401458 1.4271163556401458
snow 1 3.506557897319982 3.506557897319982
sole 1 2.659260036932778 2.659260036932778
solid 1 0.09431067947124142 0.09431067947124142
source 1 0.5798184952529422 0.5798184952529422
spa 1 3.506557897319982 3.506557897319982
spah 1 4.605170185988092 4.605170185988092
spahret 1 4.605170185988092 4.605170185988092
spare 1 3.506557897319982 3.506557897319982
spawd 1 4.605170185988092 4.605170185988092
special 1 0.0 0.0
speed 1 2.302585092994046 2.302585092994046
sport 1 1.1394342831883648 1.1394342831883648
sportscar 1 3.912023005428146 3.912023005428146
sportsman 1 3.2188758248682006 3.2188758248682006
sprint 1 3.2188758248682006 3.2188758248682006
sprinter 1 3.912023005428146 3.912023005428146
squad 1 2.659260036932778 2.659260036932778
srensen 1 3.912023005428146 3.912023005428146
standing 1 1.8971199848858813 1.8971199848858813
start 1 1.4271163556401458 1.4271163556401458
started 1 1.6094379124341003 1.6094379124341003
starter 1 3.506557897319982 3.506557897319982
statement 1 0.0 0.0
statistic 1 0.0 0.0
status 1 1.7719568419318754 1.7719568419318754
still 1 0.9416085398584451 0.9416085398584451
stolz 1 4.605170185988092 4.605170185988092
strong 1 1.6607312068216509 1.6607312068216509
study 1 1.2729656758128876 1.2729656758128876
stuff 1 3.506557897319982 3.506557897319982
style 1 1.8325814637483102 1.8325814637483102
subsection 1 0.3424903089467759 0.3424903089467759
success 1 1.8325814637483102 1.8325814637483102
successful 1 2.0402208285265546 2.0402208285265546
sullivan 1 2.659260036932778 2.659260036932778
summary 1 2.407945608651872 2.407945608651872
sunday 1 1.9661128563728327 1.9661128563728327
supreme 1 2.120263536200091 2.120263536200091
switch 1 3.2188758248682006 3.2188758248682006
table 1 0.0 0.0
tablenotnotheme 1 2.302585092994046 2.302585092994046
take 1 0.9675840262617057 0.9675840262617057
taking 1 1.6607312068216509 1.6607312068216509
talk 1 0.0 0.0
tania 1 3.912023005428146 3.912023005428146
tau 1 3.506557897319982 3.506557897319982
taupo 1 4.605170185988092 4.605170185988092
tdhlist 1 0.1392620673335076 0.1392620673335076
team 1 1.0498221244986776 1.0498221244986776
teammate 1 3.506557897319982 3.506557897319982
tech 1 2.207274913189721 2.207274913189721
telitz 1 4.605170185988092 4.605170185988092
template 1 0.0 0.0
ter 1 4.605170185988092 4.605170185988092
term 1 0.0 0.0
text 1 0.0 0.0
thbodyskinresponsive 1 0.3147107448397002 0.3147107448397002
third 1 0.9162907318741551 0.9162907318741551
thomas 1 1.1394342831883648 1.1394342831883648
three 1 0.5798184952529422 0.5798184952529422
throughout 1 1.171182981502945 1.171182981502945
timo 1 3.912023005428146 3.912023005428146
timoth 1 4.605170185988092 4.605170185988092
title 1 0.9162907318741551 0.9162907318741551
together 1 1.5141277326297755 1.5141277326297755
toggle 1 0.010050335853501506 0.010050335853501506
tomczyk 1 4.605170185988092 4.605170185988092
tommy 1 2.5257286443082556 2.5257286443082556
toni 1 4.605170185988092 4.605170185988092
took 1 1.171182981502945 1.171182981502945
tool 1 0.0 0.0
top 1 0.010050335853501506 0.010050335853501506
topic 1 0.0 0.0
topten 1 4.605170185988092 4.605170185988092
total 1 0.0 0.0
townsend 1 3.912023005428146 3.912023005428146
toyota 1 3.912023005428146 3.912023005428146
trackhouse 1 3.912023005428146 3.912023005428146
trademark 1 0.0 0.0
trio 1 3.506557897319982 3.506557897319982
trofeo 1 4.605170185988092 4.605170185988092
trouv 1 4.605170185988092 4.605170185988092
trs 1 4.605170185988092 4.605170185988092
tudiant 1 4.605170185988092 4.605170185988092
two 1 0.43078291609245434 0.43078291609245434
ulpaddingem 1 0.1392620673335076 0.1392620673335076
unable 1 2.407945608651872 2.407945608651872
unfortunately 1 3.2188758248682006 3.2188758248682006
upgrade 1 3.506557897319982 3.506557897319982
upload 1 0.0 0.0
use 1 0.0 0.0
using 1 0.0 0.0
utc 1 0.0 0.0
val 1 4.605170185988092 4.605170185988092
valencia 1 3.912023005428146 3.912023005428146
van 1 1.7147984280919266 1.7147984280919266
vanthoor 1 4.605170185988092 4.605170185988092
var 1 0.0 0.0
varrone 1 4.605170185988092 4.605170185988092
vasser 1 4.605170185988092 4.605170185988092
venue 1 2.407945608651872 2.407945608651872
verge 1 3.506557897319982 3.506557897319982
verhagen 1 4.605170185988092 4.605170185988092
version 1 0.0 0.0
vervisch 1 4.605170185988092 4.605170185988092
victory 1 1.6094379124341003 1.6094379124341003
view 1 0.0 0.0
vilander 1 4.605170185988092 4.605170185988092
vincono 1 4.605170185988092 4.605170185988092
vln 1 4.605170185988092 4.605170185988092
wadoux 1 4.605170185988092 4.605170185988092
walkenhorst 1 4.605170185988092 4.605170185988092
weather 1 3.506557897319982 3.506557897319982
weerts 1 4.605170185988092 4.605170185988092
well 1 0.7765287894989963 0.7765287894989963
went 1 1.5141277326297755 1.5141277326297755
wheel 1 2.8134107167600364 2.8134107167600364
whilst 1 2.8134107167600364 2.8134107167600364
wikidata 1 0.010050335853501506 0.010050335853501506
wikimedia 1 0.0 0.0
wikipedia 1 0.0 0.0
win 1 1.1086626245216111 1.1086626245216111
winning 1 1.8971199848858813 1.8971199848858813
winter 1 1.8325814637483102 1.8325814637483102
work 1 0.7133498878774648 0.7133498878774648
world 1 0.5108256237659907 0.5108256237659907
would 1 0.7550225842780328 0.7550225842780328
wrt 1 4.605170185988092 4.605170185988092
wrtracing 1 4.605170185988092 4.605170185988092
wwwdailysportscarcom 1 4.605170185988092 4.605170185988092
year 1 0.3424903089467759 0.3424903089467759
yield 1 3.506557897319982 3.506557897319982
yielded 1 4.605170185988092 4.605170185988092
yifei 1 4.605170185988092 4.605170185988092
zan 1 4.605170185988092 4.605170185988092
zandvoort 1 4.605170185988092 4.605170185988092
zilisch 1 4.605170185988092 4.605170185988092
