able 1 1.7719568419318754 1.7719568419318754
aboard 1 3.506557897319982 3.506557897319982
abreu 1 3.912023005428146 3.912023005428146
absolute 1 2.5257286443082556 2.5257286443082556
abuse 1 2.5257286443082556 2.5257286443082556
academy 1 1.8325814637483102 1.8325814637483102
accomplish 1 3.912023005428146 3.912023005428146
accomplished 1 2.995732273553991 2.995732273553991
accord 1 3.506557897319982 3.506557897319982
according 1 1.3093333199837622 1.3093333199837622
account 1 0.0 0.0
accused 1 2.995732273553991 2.995732273553991
across 1 1.8325814637483102 1.8325814637483102
act 1 1.3470736479666094 1.3470736479666094
acting 1 1.8971199848858813 1.8971199848858813
action 1 0.0 0.0
active 1 2.0402208285265546 2.0402208285265546
actively 1 3.506557897319982 3.506557897319982
activist 1 2.407945608651872 2.407945608651872
activity 1 1.8325814637483102 1.8325814637483102
add 1 0.0 0.0
addition 1 1.3862943611198906 1.3862943611198906
additional 1 0.0 0.0
adjustment 1 4.605170185988092 4.605170185988092
administration 1 2.120263536200091 2.120263536200091
admired 1 3.912023005428146 3.912023005428146
admits 1 3.506557897319982 3.506557897319982
admitted 1 2.659260036932778 2.659260036932778
adolescent 1 3.912023005428146 3.912023005428146
adopted 1 2.207274913189721 2.207274913189721
affair 1 1.6094379124341003 1.6094379124341003
afraid 1 3.912023005428146 3.912023005428146
aftermath 1 2.659260036932778 2.659260036932778
age 1 0.7985076962177716 0.7985076962177716
aged 1 2.120263536200091 2.120263536200091
agency 1 2.120263536200091 2.120263536200091
agero 1 4.605170185988092 4.605170185988092
agree 1 0.0 0.0
agreed 1 2.659260036932778 2.659260036932778
agreement 1 2.5257286443082556 2.5257286443082556
aguero 1 4.605170185988092 4.605170185988092
aid 1 2.0402208285265546 2.0402208285265546
aircraft 1 3.912023005428146 3.912023005428146
airline 1 3.506557897319982 3.506557897319982
airplane 1 3.506557897319982 3.506557897319982
airport 1 3.506557897319982 3.506557897319982
airway 1 4.605170185988092 4.605170185988092
alan 1 2.0402208285265546 2.0402208285265546
alike 1 0.0 0.0
almost 1 1.7147984280919266 1.7147984280919266
along 1 1.4696759700589417 1.4696759700589417
alpha 1 3.506557897319982 3.506557897319982
already 1 2.0402208285265546 2.0402208285265546
alsina 1 4.605170185988092 4.605170185988092
also 1 0.127833371509885 0.127833371509885
alvarez 1 4.605170185988092 4.605170185988092
ambassador 1 2.995732273553991 2.995732273553991
amcog 1 4.605170185988092 4.605170185988092
amendment 1 3.2188758248682006 3.2188758248682006
america 1 0.8675005677047231 0.8675005677047231
american 1 0.5276327420823719 0.5276327420823719
among 1 1.2378743560016172 1.2378743560016172
amount 1 2.5257286443082556 2.5257286443082556
amp 1 0.4620354595965586 0.4620354595965586
amricas 1 4.605170185988092 4.605170185988092
ana 1 3.912023005428146 3.912023005428146
andres 1 3.506557897319982 3.506557897319982
angeles 1 1.6607312068216509 1.6607312068216509
another 1 0.9675840262617057 0.9675840262617057
anti 1 2.207274913189721 2.207274913189721
antigovernment 1 4.605170185988092 4.605170185988092
antonio 1 2.659260036932778 2.659260036932778
anything 1 2.995732273553991 2.995732273553991
appearance 1 0.0 0.0
appeared 1 1.8971199848858813 1.8971199848858813
appendicitis 1 4.605170185988092 4.605170185988092
apple 1 2.659260036932778 2.659260036932778
apply 1 0.0 0.0
april 1 0.44628710262841953 0.44628710262841953
archdiocese 1 3.506557897319982 3.506557897319982
archived 1 0.47803580094299974 0.47803580094299974
arent 1 3.912023005428146 3.912023005428146
army 1 1.6094379124341003 1.6094379124341003
arocha 1 4.605170185988092 4.605170185988092
around 1 1.0216512475319812 1.0216512475319812
arrested 1 2.8134107167600364 2.8134107167600364
arrival 1 2.5257286443082556 2.5257286443082556
arrived 1 2.5257286443082556 2.5257286443082556
art 1 1.2039728043259361 1.2039728043259361
article 1 0.0 0.0
artist 1 1.7147984280919266 1.7147984280919266
ash 1 2.995732273553991 2.995732273553991
asis 1 4.605170185988092 4.605170185988092
ask 1 2.8134107167600364 2.8134107167600364
asked 1 2.120263536200091 2.120263536200091
assassination 1 3.506557897319982 3.506557897319982
asset 1 3.2188758248682006 3.2188758248682006
assist 1 2.5257286443082556 2.5257286443082556
assistance 1 2.302585092994046 2.302585092994046
assisted 1 2.995732273553991 2.995732273553991
assisting 1 3.912023005428146 3.912023005428146
associate 1 2.659260036932778 2.659260036932778
associated 1 1.4696759700589417 1.4696759700589417
asylum 1 3.2188758248682006 3.2188758248682006
atlanta 1 2.207274913189721 2.207274913189721
attempt 1 1.6607312068216509 1.6607312068216509
attempting 1 3.912023005428146 3.912023005428146
attended 1 2.120263536200091 2.120263536200091
attention 1 2.302585092994046 2.302585092994046
attribution 1 0.0 0.0
august 1 0.3424903089467759 0.3424903089467759
authority 1 0.8915981192837835 0.8915981192837835
autntico 1 4.605170185988092 4.605170185988092
auto 1 0.1392620673335076 0.1392620673335076
available 1 0.0 0.0
avenue 1 2.659260036932778 2.659260036932778
aviacin 1 4.605170185988092 4.605170185988092
away 1 1.5606477482646683 1.5606477482646683
back 1 1.0216512475319812 1.0216512475319812
balseros 1 4.605170185988092 4.605170185988092
baltimore 1 2.302585092994046 2.302585092994046
banana 1 3.912023005428146 3.912023005428146
banco 1 4.605170185988092 4.605170185988092
baptist 1 2.995732273553991 2.995732273553991
base 1 1.4696759700589417 1.4696759700589417
baseball 1 2.5257286443082556 2.5257286443082556
batista 1 4.605170185988092 4.605170185988092
batistas 1 4.605170185988092 4.605170185988092
bay 1 1.6094379124341003 1.6094379124341003
beach 1 2.407945608651872 2.407945608651872
beacon 1 3.2188758248682006 3.2188758248682006
beauty 1 2.207274913189721 2.207274913189721
became 1 0.7133498878774648 0.7133498878774648
began 1 0.8675005677047231 0.8675005677047231
beginning 1 1.6607312068216509 1.6607312068216509
behalf 1 3.2188758248682006 3.2188758248682006
behind 1 1.8971199848858813 1.8971199848858813
belief 1 2.5257286443082556 2.5257286443082556
believe 1 2.302585092994046 2.302585092994046
believed 1 2.120263536200091 2.120263536200091
benes 1 4.605170185988092 4.605170185988092
bernado 1 4.605170185988092 4.605170185988092
bernardo 1 3.506557897319982 3.506557897319982
better 1 1.8971199848858813 1.8971199848858813
bez 1 3.912023005428146 3.912023005428146
bill 1 1.171182981502945 1.171182981502945
bird 1 2.659260036932778 2.659260036932778
birth 1 1.1394342831883648 1.1394342831883648
bit 1 2.995732273553991 2.995732273553991
blue 1 1.4696759700589417 1.4696759700589417
boat 1 3.2188758248682006 3.2188758248682006
boatlift 1 4.605170185988092 4.605170185988092
bolender 1 4.605170185988092 4.605170185988092
book 1 0.6348782724359695 0.6348782724359695
boquern 1 4.605170185988092 4.605170185988092
border 1 2.8134107167600364 2.8134107167600364
born 1 1.1394342831883648 1.1394342831883648
bosch 1 4.605170185988092 4.605170185988092
boston 1 1.7719568419318754 1.7719568419318754
boundary 1 2.995732273553991 2.995732273553991
brave 1 3.2188758248682006 3.2188758248682006
brigade 1 3.506557897319982 3.506557897319982
bring 1 1.8971199848858813 1.8971199848858813
bringing 1 3.506557897319982 3.506557897319982
brother 1 1.6607312068216509 1.6607312068216509
brseparatedentries 1 2.995732273553991 2.995732273553991
brunswick 1 2.8134107167600364 2.8134107167600364
bryan 1 3.2188758248682006 3.2188758248682006
buddy 1 3.506557897319982 3.506557897319982
bureau 1 2.659260036932778 2.659260036932778
buried 1 2.659260036932778 2.659260036932778
burton 1 2.995732273553991 2.995732273553991
bush 1 2.5257286443082556 2.5257286443082556
businessman 1 2.659260036932778 2.659260036932778
cairo 1 3.2188758248682006 3.2188758248682006
called 1 0.8209805520698303 0.8209805520698303
calling 1 2.407945608651872 2.407945608651872
calm 1 3.2188758248682006 3.2188758248682006
camp 1 2.120263536200091 2.120263536200091
campaign 1 1.6607312068216509 1.6607312068216509
campus 1 2.302585092994046 2.302585092994046
card 1 1.7147984280919266 1.7147984280919266
care 1 2.120263536200091 2.120263536200091
carlos 1 2.995732273553991 2.995732273553991
carol 1 3.2188758248682006 3.2188758248682006
carolina 1 1.7147984280919266 1.7147984280919266
carriles 1 4.605170185988092 4.605170185988092
carter 1 2.5257286443082556 2.5257286443082556
castro 1 3.2188758248682006 3.2188758248682006
category 1 0.0 0.0
catholic 1 2.207274913189721 2.207274913189721
caucus 1 3.506557897319982 3.506557897319982
caught 1 2.8134107167600364 2.8134107167600364
cause 1 2.0402208285265546 2.0402208285265546
cemetery 1 2.995732273553991 2.995732273553991
center 1 1.171182981502945 1.171182981502945
centerpx 1 0.0408219945202552 0.0408219945202552
central 1 1.07880966137193 1.07880966137193
ceremonial 1 2.995732273553991 2.995732273553991
certificate 1 3.506557897319982 3.506557897319982
chaffee 1 3.912023005428146 3.912023005428146
change 1 0.0 0.0
changed 1 1.6607312068216509 1.6607312068216509
chapter 1 1.9661128563728327 1.9661128563728327
charge 1 2.0402208285265546 2.0402208285265546
chicago 1 1.8971199848858813 1.8971199848858813
child 1 1.07880966137193 1.07880966137193
childrens 1 2.207274913189721 2.207274913189721
chomsky 1 4.605170185988092 4.605170185988092
church 1 1.6607312068216509 1.6607312068216509
chury 1 4.605170185988092 4.605170185988092
cia 1 3.912023005428146 3.912023005428146
ciabacked 1 4.605170185988092 4.605170185988092
circa 1 3.912023005428146 3.912023005428146
citation 1 0.0408219945202552 0.0408219945202552
cite 1 0.0 0.0
citenews 1 1.5606477482646683 1.5606477482646683
citizen 1 1.9661128563728327 1.9661128563728327
city 1 0.6348782724359695 0.6348782724359695
clipping 1 3.912023005428146 3.912023005428146
close 1 1.9661128563728327 1.9661128563728327
coconut 1 4.605170185988092 4.605170185988092
code 1 0.0 0.0
coincidentally 1 3.912023005428146 3.912023005428146
cold 1 2.207274913189721 2.207274913189721
collection 1 1.8971199848858813 1.8971199848858813
college 1 1.1394342831883648 1.1394342831883648
come 1 1.3470736479666094 1.3470736479666094
coming 1 1.7719568419318754 1.7719568419318754
commission 1 1.7147984280919266 1.7147984280919266
commissioner 1 2.659260036932778 2.659260036932778
committee 1 1.6607312068216509 1.6607312068216509
common 1 0.0 0.0
commonly 1 2.659260036932778 2.659260036932778
communism 1 3.2188758248682006 3.2188758248682006
communist 1 2.407945608651872 2.407945608651872
completed 1 2.0402208285265546 2.0402208285265546
completing 1 3.2188758248682006 3.2188758248682006
comprehensive 1 2.8134107167600364 2.8134107167600364
concurrence 1 4.605170185988092 4.605170185988092
conde 1 4.605170185988092 4.605170185988092
condition 1 2.0402208285265546 2.0402208285265546
conduct 1 0.0 0.0
confessed 1 3.912023005428146 3.912023005428146
conflict 1 2.0402208285265546 2.0402208285265546
congestive 1 4.605170185988092 4.605170185988092
congregation 1 3.2188758248682006 3.2188758248682006
congressional 1 2.8134107167600364 2.8134107167600364
connected 1 3.912023005428146 3.912023005428146
connection 1 2.120263536200091 2.120263536200091
consequence 1 2.8134107167600364 2.8134107167600364
consequential 1 4.605170185988092 4.605170185988092
conspiring 1 4.605170185988092 4.605170185988092
contact 1 0.0 0.0
content 1 0.0 0.0
context 1 0.010050335853501506 0.010050335853501506
contribute 1 0.0 0.0
contribution 1 0.0 0.0
control 1 0.7765287894989963 0.7765287894989963
convicted 1 2.995732273553991 2.995732273553991
convinced 1 3.912023005428146 3.912023005428146
cookie 1 0.0 0.0
cookiematch 1 0.0 0.0
coordination 1 2.995732273553991 2.995732273553991
coordinator 1 3.506557897319982 3.506557897319982
copy 1 1.9661128563728327 1.9661128563728327
coral 1 4.605170185988092 4.605170185988092
correct 1 3.912023005428146 3.912023005428146
correspondence 1 2.995732273553991 2.995732273553991
coubre 1 4.605170185988092 4.605170185988092
could 1 1.2378743560016172 1.2378743560016172
council 1 1.4696759700589417 1.4696759700589417
counterfeiting 1 4.605170185988092 4.605170185988092
counterlistitema 1 0.127833371509885 0.127833371509885
counterrevolutionary 1 4.605170185988092 4.605170185988092
country 1 0.843970070294529 0.843970070294529
coup 1 2.8134107167600364 2.8134107167600364
crateology 1 4.605170185988092 4.605170185988092
create 1 0.0 0.0
created 1 1.5606477482646683 1.5606477482646683
creative 1 0.0 0.0
cremation 1 4.605170185988092 4.605170185988092
crisis 1 2.302585092994046 2.302585092994046
cross 1 1.8325814637483102 1.8325814637483102
csmaintcolorf 1 0.06187540371808745 0.06187540371808745
csmaintcolorfmedia 1 0.0408219945202552 0.0408219945202552
cswsicon 1 0.0408219945202552 0.0408219945202552
cuba 1 3.2188758248682006 3.2188758248682006
cuban 1 3.912023005428146 3.912023005428146
cubana 1 4.605170185988092 4.605170185988092
cubanexile 1 4.605170185988092 4.605170185988092
current 1 0.0 0.0
custody 1 3.506557897319982 3.506557897319982
data 1 1.3862943611198906 1.3862943611198906
date 1 0.3147107448397002 0.3147107448397002
daughter 1 1.5141277326297755 1.5141277326297755
day 1 0.5276327420823719 0.5276327420823719
dealt 1 3.506557897319982 3.506557897319982
death 1 1.171182981502945 1.171182981502945
deborah 1 3.912023005428146 3.912023005428146
declined 1 2.8134107167600364 2.8134107167600364
decorum 1 4.605170185988092 4.605170185988092
defected 1 3.912023005428146 3.912023005428146
dejes 1 4.605170185988092 4.605170185988092
democracy 1 2.302585092994046 2.302585092994046
democratic 1 2.120263536200091 2.120263536200091
denied 1 2.8134107167600364 2.8134107167600364
department 1 1.7719568419318754 1.7719568419318754
described 1 1.5141277326297755 1.5141277326297755
description 1 0.07257069283483537 0.07257069283483537
despite 1 1.1394342831883648 1.1394342831883648
detat 1 3.912023005428146 3.912023005428146
detention 1 3.912023005428146 3.912023005428146
determined 1 2.407945608651872 2.407945608651872
developer 1 0.0 0.0
dialogue 1 2.8134107167600364 2.8134107167600364
dialoguero 1 4.605170185988092 4.605170185988092
diario 1 4.605170185988092 4.605170185988092
diaspora 1 3.506557897319982 3.506557897319982
dictator 1 3.912023005428146 3.912023005428146
dictatorship 1 3.912023005428146 3.912023005428146
died 1 1.3093333199837622 1.3093333199837622
different 1 0.3424903089467759 0.3424903089467759
dilogo 1 4.605170185988092 4.605170185988092
diplomacy 1 3.912023005428146 3.912023005428146
diplomatic 1 2.995732273553991 2.995732273553991
directing 1 3.506557897319982 3.506557897319982
directorio 1 4.605170185988092 4.605170185988092
dis 1 4.605170185988092 4.605170185988092
disclaimer 1 0.0 0.0
discontent 1 4.605170185988092 4.605170185988092
disease 1 2.5257286443082556 2.5257286443082556
dissident 1 3.506557897319982 3.506557897319982
distribute 1 3.912023005428146 3.912023005428146
distributed 1 2.995732273553991 2.995732273553991
distributing 1 3.506557897319982 3.506557897319982
dixie 1 3.912023005428146 3.912023005428146
document 1 2.120263536200091 2.120263536200091
doiicpsr 1 4.605170185988092 4.605170185988092
doijcttpv 1 4.605170185988092 4.605170185988092
dominic 1 3.2188758248682006 3.2188758248682006
donate 1 0.0 0.0
doubtful 1 4.605170185988092 4.605170185988092
download 1 0.0 0.0
downtown 1 3.506557897319982 3.506557897319982
dry 1 3.506557897319982 3.506557897319982
dtaftercontent 1 0.127833371509885 0.127833371509885
due 1 0.9416085398584451 0.9416085398584451
duke 1 2.120263536200091 2.120263536200091
durham 1 2.995732273553991 2.995732273553991
dy 1 2.5257286443082556 2.5257286443082556
earlier 1 1.8971199848858813 1.8971199848858813
early 1 0.6348782724359695 0.6348782724359695
education 1 1.3470736479666094 1.3470736479666094
edward 1 1.5606477482646683 1.5606477482646683
effort 1 1.5141277326297755 1.5141277326297755
either 1 1.9661128563728327 1.9661128563728327
elderly 1 3.912023005428146 3.912023005428146
elected 1 1.9661128563728327 1.9661128563728327
elin 1 4.605170185988092 4.605170185988092
elsa 1 4.605170185988092 4.605170185988092
embargo 1 4.605170185988092 4.605170185988092
embassy 1 2.995732273553991 2.995732273553991
emigrant 1 2.8134107167600364 2.8134107167600364
enabled 1 3.506557897319982 3.506557897319982
encouraged 1 2.995732273553991 2.995732273553991
encouragement 1 4.605170185988092 4.605170185988092
encouraging 1 3.912023005428146 3.912023005428146
encyclopedia 1 0.0 0.0
end 1 0.7985076962177716 0.7985076962177716
engage 1 3.506557897319982 3.506557897319982
engaged 1 2.995732273553991 2.995732273553991
english 1 0.0 0.0
enhancement 1 4.605170185988092 4.605170185988092
entire 1 2.0402208285265546 2.0402208285265546
entirely 1 2.407945608651872 2.407945608651872
entirety 1 3.912023005428146 3.912023005428146
error 1 2.407945608651872 2.407945608651872
escaped 1 3.2188758248682006 3.2188758248682006
espionage 1 3.912023005428146 3.912023005428146
established 1 1.1086626245216111 1.1086626245216111
estudiantil 1 4.605170185988092 4.605170185988092
etat 1 4.605170185988092 4.605170185988092
even 1 1.1394342831883648 1.1394342831883648
event 1 0.0 0.0
eventually 1 1.9661128563728327 1.9661128563728327
every 1 1.4271163556401458 1.4271163556401458
everything 1 2.659260036932778 2.659260036932778
excited 1 3.912023005428146 3.912023005428146
executed 1 3.506557897319982 3.506557897319982
exhibition 1 3.2188758248682006 3.2188758248682006
exile 1 2.8134107167600364 2.8134107167600364
exiled 1 3.912023005428146 3.912023005428146
exit 1 2.995732273553991 2.995732273553991
exodus 1 4.605170185988092 4.605170185988092
exp 1 0.0 0.0
expand 1 2.8134107167600364 2.8134107167600364
explained 1 2.995732273553991 2.995732273553991
explaining 1 4.605170185988092 4.605170185988092
explosion 1 3.506557897319982 3.506557897319982
export 1 4.605170185988092 4.605170185988092
express 1 1.9661128563728327 1.9661128563728327
extent 1 2.5257286443082556 2.5257286443082556
external 1 0.44628710262841953 0.44628710262841953
fabricated 1 4.605170185988092 4.605170185988092
failing 1 2.8134107167600364 2.8134107167600364
fair 1 2.5257286443082556 2.5257286443082556
faith 1 1.9661128563728327 1.9661128563728327
fake 1 3.2188758248682006 3.2188758248682006
fallen 1 2.659260036932778 2.659260036932778
fame 1 2.207274913189721 2.207274913189721
family 1 0.9162907318741551 0.9162907318741551
famously 1 4.605170185988092 4.605170185988092
feared 1 4.605170185988092 4.605170185988092
february 1 0.27443684570176036 0.27443684570176036
federal 1 1.8971199848858813 1.8971199848858813
feel 1 3.2188758248682006 3.2188758248682006
felt 1 2.302585092994046 2.302585092994046
fepcube 1 4.605170185988092 4.605170185988092
fidel 1 4.605170185988092 4.605170185988092
fight 1 1.8325814637483102 1.8325814637483102
file 1 0.0 0.0
filibuster 1 4.605170185988092 4.605170185988092
finally 1 1.8971199848858813 1.8971199848858813
find 1 1.3093333199837622 1.3093333199837622
finding 1 1.9661128563728327 1.9661128563728327
first 1 0.1508228897345837 0.1508228897345837
five 1 1.0216512475319812 1.0216512475319812
flager 1 4.605170185988092 4.605170185988092
fleeing 1 3.912023005428146 3.912023005428146
flight 1 3.2188758248682006 3.2188758248682006
florida 1 1.9661128563728327 1.9661128563728327
foot 1 2.407945608651872 2.407945608651872
football 1 1.8325814637483102 1.8325814637483102
forced 1 2.207274913189721 2.207274913189721
forget 1 2.995732273553991 2.995732273553991
former 1 0.9675840262617057 0.9675840262617057
fort 1 2.120263536200091 2.120263536200091
foster 1 2.207274913189721 2.207274913189721
foundation 1 0.0 0.0
four 1 0.7985076962177716 0.7985076962177716
fourth 1 1.4696759700589417 1.4696759700589417
francisco 1 1.7719568419318754 1.7719568419318754
fransisco 1 4.605170185988092 4.605170185988092
free 1 0.0 0.0
freed 1 3.2188758248682006 3.2188758248682006
freedom 1 2.302585092994046 2.302585092994046
friend 1 1.3470736479666094 1.3470736479666094
frightened 1 4.605170185988092 4.605170185988092
front 1 1.7147984280919266 1.7147984280919266
fugitive 1 3.912023005428146 3.912023005428146
fulgencio 1 4.605170185988092 4.605170185988092
funeral 1 2.5257286443082556 2.5257286443082556
future 1 1.6607312068216509 1.6607312068216509
gable 1 4.605170185988092 4.605170185988092
gaede 1 4.605170185988092 4.605170185988092
gainesville 1 3.912023005428146 3.912023005428146
gallery 1 2.659260036932778 2.659260036932778
garcia 1 2.8134107167600364 2.8134107167600364
gave 1 1.5606477482646683 1.5606477482646683
general 1 0.0 0.0
generosity 1 3.912023005428146 3.912023005428146
george 1 1.07880966137193 1.07880966137193
gerardo 1 3.912023005428146 3.912023005428146
get 1 0.0 0.0
getting 1 2.207274913189721 2.207274913189721
given 1 1.2378743560016172 1.2378743560016172
giving 1 2.207274913189721 2.207274913189721
goal 1 1.8971199848858813 1.8971199848858813
godmother 1 4.605170185988092 4.605170185988092
going 1 1.8325814637483102 1.8325814637483102
golden 1 1.9661128563728327 1.9661128563728327
gone 1 2.659260036932778 2.659260036932778
gonzlez 1 3.506557897319982 3.506557897319982
good 1 1.3093333199837622 1.3093333199837622
gotten 1 3.912023005428146 3.912023005428146
government 1 1.1086626245216111 1.1086626245216111
grandchild 1 3.912023005428146 3.912023005428146
grau 1 4.605170185988092 4.605170185988092
graus 1 4.605170185988092 4.605170185988092
grenada 1 3.912023005428146 3.912023005428146
gross 1 2.995732273553991 2.995732273553991
ground 1 1.8325814637483102 1.8325814637483102
group 1 0.8209805520698303 0.8209805520698303
grove 1 3.506557897319982 3.506557897319982
guantanamo 1 4.605170185988092 4.605170185988092
guantnamo 1 4.605170185988092 4.605170185988092
habana 1 4.605170185988092 4.605170185988092
hall 1 1.3470736479666094 1.3470736479666094
handed 1 3.2188758248682006 3.2188758248682006
handing 1 4.605170185988092 4.605170185988092
hasnt 1 4.605170185988092 4.605170185988092
havana 1 3.912023005428146 3.912023005428146
hay 1 2.995732273553991 2.995732273553991
headed 1 2.8134107167600364 2.8134107167600364
headline 1 3.506557897319982 3.506557897319982
health 1 1.6607312068216509 1.6607312068216509
heart 1 1.4696759700589417 1.4696759700589417
held 1 1.171182981502945 1.171182981502945
hell 1 2.659260036932778 2.659260036932778
helm 1 3.506557897319982 3.506557897319982
help 1 0.0 0.0
helped 1 2.207274913189721 2.207274913189721
helping 1 2.995732273553991 2.995732273553991
hemisphere 1 3.2188758248682006 3.2188758248682006
herald 1 1.8971199848858813 1.8971199848858813
heritage 1 2.207274913189721 2.207274913189721
hidden 1 0.010050335853501506 0.010050335853501506
hide 1 0.0 0.0
high 1 0.9416085398584451 0.9416085398584451
highest 1 1.7719568419318754 1.7719568419318754
highly 1 2.120263536200091 2.120263536200091
hijacking 1 4.605170185988092 4.605170185988092
hijooperation 1 4.605170185988092 4.605170185988092
hilda 1 3.912023005428146 3.912023005428146
history 1 0.0 0.0
hlist 1 0.127833371509885 0.127833371509885
hlistinline 1 0.127833371509885 0.127833371509885
holding 1 2.207274913189721 2.207274913189721
home 1 0.7339691750802005 0.7339691750802005
honor 1 1.8325814637483102 1.8325814637483102
hope 1 1.6607312068216509 1.6607312068216509
hoped 1 2.995732273553991 2.995732273553991
hospital 1 1.9661128563728327 1.9661128563728327
house 1 1.0216512475319812 1.0216512475319812
however 1 0.6931471805599453 0.6931471805599453
hudson 1 2.207274913189721 2.207274913189721
humberto 1 4.605170185988092 4.605170185988092
hurt 1 2.5257286443082556 2.5257286443082556
husband 1 1.9661128563728327 1.9661128563728327
icpsr 1 4.605170185988092 4.605170185988092
idea 1 1.8325814637483102 1.8325814637483102
identification 1 3.506557897319982 3.506557897319982
idlockfree 1 0.0408219945202552 0.0408219945202552
idlockfreeidlockfree 1 0.0408219945202552 0.0408219945202552
idlocklimited 1 0.0408219945202552 0.0408219945202552
idlockregistration 1 0.0408219945202552 0.0408219945202552
idlocksubscription 1 0.0408219945202552 0.0408219945202552
immigration 1 4.605170185988092 4.605170185988092
imprisoned 1 2.5257286443082556 2.5257286443082556
imprisonment 1 3.506557897319982 3.506557897319982
inc 1 0.0 0.0
incident 1 2.8134107167600364 2.8134107167600364
included 1 1.3093333199837622 1.3093333199837622
increased 1 2.302585092994046 2.302585092994046
independence 1 2.302585092994046 2.302585092994046
indoctrination 1 4.605170185988092 4.605170185988092
industry 1 1.8325814637483102 1.8325814637483102
influence 1 2.0402208285265546 2.0402208285265546
infobox 1 0.3011050927839216 0.3011050927839216
infoboxperson 1 2.8134107167600364 2.8134107167600364
infoboxtable 1 0.3147107448397002 0.3147107448397002
information 1 0.0 0.0
inhumane 1 4.605170185988092 4.605170185988092
inhumanely 1 4.605170185988092 4.605170185988092
initiative 1 2.8134107167600364 2.8134107167600364
integrity 1 3.912023005428146 3.912023005428146
intelligence 1 2.407945608651872 2.407945608651872
intention 1 2.659260036932778 2.659260036932778
inter 1 2.659260036932778 2.659260036932778
interest 1 1.6607312068216509 1.6607312068216509
intervention 1 3.2188758248682006 3.2188758248682006
interview 1 1.8325814637483102 1.8325814637483102
interviewed 1 3.506557897319982 3.506557897319982
invasion 1 2.407945608651872 2.407945608651872
invitation 1 4.605170185988092 4.605170185988092
involved 1 1.5606477482646683 1.5606477482646683
involvement 1 2.995732273553991 2.995732273553991
isbn 1 0.9942522733438669 0.9942522733438669
isbncite 1 4.605170185988092 4.605170185988092
isbnx 1 3.912023005428146 3.912023005428146
item 1 0.010050335853501506 0.010050335853501506
jackson 1 1.9661128563728327 1.9661128563728327
jail 1 3.2188758248682006 3.2188758248682006
jailed 1 3.506557897319982 3.506557897319982
jam 1 3.2188758248682006 3.2188758248682006
jamaican 1 4.605170185988092 4.605170185988092
january 1 0.3424903089467759 0.3424903089467759
jean 1 1.7719568419318754 1.7719568419318754
jet 1 3.506557897319982 3.506557897319982
jimmy 1 2.302585092994046 2.302585092994046
jmwave 1 4.605170185988092 4.605170185988092
johnny 1 1.9661128563728327 1.9661128563728327
join 1 1.6607312068216509 1.6607312068216509
joined 1 1.6607312068216509 1.6607312068216509
jos 1 2.302585092994046 2.302585092994046
jose 1 2.120263536200091 2.120263536200091
journal 1 1.3093333199837622 1.3093333199837622
journalist 1 2.8134107167600364 2.8134107167600364
jstor 1 1.5141277326297755 1.5141277326297755
juanita 1 4.605170185988092 4.605170185988092
july 1 0.43078291609245434 0.43078291609245434
jump 1 0.0 0.0
june 1 0.40047756659712536 0.40047756659712536
keep 1 1.7719568419318754 1.7719568419318754
keith 1 2.407945608651872 2.407945608651872
kendall 1 3.912023005428146 3.912023005428146
kid 1 1.8971199848858813 1.8971199848858813
kill 1 1.7719568419318754 1.7719568419318754
knew 1 2.8134107167600364 2.8134107167600364
knowledge 1 2.302585092994046 2.302585092994046
known 1 0.7985076962177716 0.7985076962177716
knownfor 1 3.912023005428146 3.912023005428146
la 1 2.407945608651872 2.407945608651872
lady 1 2.302585092994046 2.302585092994046
lago 1 3.912023005428146 3.912023005428146
language 1 0.0 0.0
last 1 0.0 0.0
lastly 1 3.912023005428146 3.912023005428146
late 1 1.3093333199837622 1.3093333199837622
later 1 0.5621189181535412 0.5621189181535412
latest 1 2.8134107167600364 2.8134107167600364
law 1 1.4271163556401458 1.4271163556401458
leader 1 1.3862943611198906 1.3862943611198906
leaflet 1 4.605170185988092 4.605170185988092
learn 1 0.0 0.0
leave 1 2.407945608651872 2.407945608651872
leaving 1 1.7147984280919266 1.7147984280919266
led 1 1.07880966137193 1.07880966137193
left 1 1.171182981502945 1.171182981502945
legacy 1 2.0402208285265546 2.0402208285265546
legal 1 1.9661128563728327 1.9661128563728327
legislation 1 2.659260036932778 2.659260036932778
leopoldina 1 4.605170185988092 4.605170185988092
letter 1 2.207274913189721 2.207274913189721
letterhead 1 3.912023005428146 3.912023005428146
levine 1 4.605170185988092 4.605170185988092
leyla 1 4.605170185988092 4.605170185988092
liaftercontent 1 0.127833371509885 0.127833371509885
liberty 1 2.8134107167600364 2.8134107167600364
library 1 1.6094379124341003 1.6094379124341003
license 1 0.0 0.0
life 1 0.5447271754416719 0.5447271754416719
like 1 1.2039728043259361 1.2039728043259361
likely 1 2.5257286443082556 2.5257286443082556
link 1 0.0 0.0
little 1 1.4696759700589417 1.4696759700589417
live 1 1.2378743560016172 1.2378743560016172
llama 1 3.912023005428146 3.912023005428146
lobby 1 3.506557897319982 3.506557897319982
located 1 2.407945608651872 2.407945608651872
location 1 1.171182981502945 1.171182981502945
log 1 0.0 0.0
logged 1 0.0 0.0
london 1 1.5141277326297755 1.5141277326297755
los 1 1.5141277326297755 1.5141277326297755
lose 1 2.995732273553991 2.995732273553991
lost 1 1.171182981502945 1.171182981502945
loyalty 1 3.912023005428146 3.912023005428146
lpez 1 3.2188758248682006 3.2188758248682006
luis 1 2.659260036932778 2.659260036932778
maceo 1 4.605170185988092 4.605170185988092
machado 1 4.605170185988092 4.605170185988092
main 1 0.0 0.0
maine 1 2.659260036932778 2.659260036932778
maint 1 1.6607312068216509 1.6607312068216509
maintain 1 3.506557897319982 3.506557897319982
majorly 1 4.605170185988092 4.605170185988092
make 1 1.0498221244986776 1.0498221244986776
maleconazo 1 4.605170185988092 4.605170185988092
manifesto 1 3.506557897319982 3.506557897319982
many 1 0.7550225842780328 0.7550225842780328
mara 1 3.2188758248682006 3.2188758248682006
march 1 0.3147107448397002 0.3147107448397002
maria 1 1.9661128563728327 1.9661128563728327
mariel 1 4.605170185988092 4.605170185988092
marielitos 1 4.605170185988092 4.605170185988092
maritime 1 2.5257286443082556 2.5257286443082556
married 1 1.5141277326297755 1.5141277326297755
mart 1 3.912023005428146 3.912023005428146
martin 1 1.3470736479666094 1.3470736479666094
martn 1 3.506557897319982 3.506557897319982
marzo 1 3.912023005428146 3.912023005428146
mass 1 1.9661128563728327 1.9661128563728327
matthew 1 1.8325814637483102 1.8325814637483102
maximum 1 2.659260036932778 2.659260036932778
may 1 0.0 0.0
mdy 1 1.3862943611198906 1.3862943611198906
mean 1 1.7719568419318754 1.7719568419318754
medal 1 2.5257286443082556 2.5257286443082556
medrano 1 4.605170185988092 4.605170185988092
meese 1 4.605170185988092 4.605170185988092
memorial 1 2.0402208285265546 2.0402208285265546
mentioned 1 2.659260036932778 2.659260036932778
menu 1 0.0 0.0
mercy 1 2.5257286443082556 2.5257286443082556
met 1 1.8325814637483102 1.8325814637483102
method 1 1.8971199848858813 1.8971199848858813
mexico 1 1.5606477482646683 1.5606477482646683
miami 1 2.5257286443082556 2.5257286443082556
middle 1 2.0402208285265546 2.0402208285265546
migrate 1 3.506557897319982 3.506557897319982
migration 1 3.506557897319982 3.506557897319982
military 1 1.4696759700589417 1.4696759700589417
milkshake 1 4.605170185988092 4.605170185988092
mind 1 2.302585092994046 2.302585092994046
mir 1 3.912023005428146 3.912023005428146
miracle 1 2.659260036932778 2.659260036932778
miramar 1 4.605170185988092 4.605170185988092
mirta 1 4.605170185988092 4.605170185988092
misinformation 1 4.605170185988092 4.605170185988092
missile 1 4.605170185988092 4.605170185988092
missing 1 1.8971199848858813 1.8971199848858813
mobile 1 0.0 0.0
moises 1 4.605170185988092 4.605170185988092
moment 1 2.302585092994046 2.302585092994046
monchy 1 4.605170185988092 4.605170185988092
mongo 1 3.912023005428146 3.912023005428146
mongoose 1 3.912023005428146 3.912023005428146
monsignor 1 4.605170185988092 4.605170185988092
monte 1 3.2188758248682006 3.2188758248682006
month 1 0.8915981192837835 0.8915981192837835
monument 1 3.912023005428146 3.912023005428146
moral 1 3.506557897319982 3.506557897319982
morally 1 4.605170185988092 4.605170185988092
mother 1 1.5141277326297755 1.5141277326297755
move 1 0.0 0.0
movement 1 1.6607312068216509 1.6607312068216509
movie 1 1.7719568419318754 1.7719568419318754
movimiento 1 3.912023005428146 3.912023005428146
much 1 1.171182981502945 1.171182981502945
muchachos 1 4.605170185988092 4.605170185988092
mujer 1 4.605170185988092 4.605170185988092
multiple 1 1.6607312068216509 1.6607312068216509
museum 1 2.302585092994046 2.302585092994046
myers 1 3.912023005428146 3.912023005428146
nacional 1 2.995732273553991 2.995732273553991
name 1 0.5276327420823719 0.5276327420823719
named 1 1.2039728043259361 1.2039728043259361
nation 1 1.2729656758128876 1.2729656758128876
national 1 0.5108256237659907 0.5108256237659907
nationalize 1 4.605170185988092 4.605170185988092
naturalization 1 4.605170185988092 4.605170185988092
naval 1 2.5257286443082556 2.5257286443082556
navbar 1 0.23572233352106994 0.23572233352106994
navbarfontsizemedia 1 0.3147107448397002 0.3147107448397002
navbarmini 1 0.23572233352106994 0.23572233352106994
navbox 1 0.1392620673335076 0.1392620673335076
navboximage 1 0.1392620673335076 0.1392620673335076
navboxsubgroup 1 0.1392620673335076 0.1392620673335076
navboxtitle 1 0.1392620673335076 0.1392620673335076
navigation 1 0.0 0.0
need 1 1.2039728043259361 1.2039728043259361
negro 1 3.912023005428146 3.912023005428146
neighbor 1 3.912023005428146 3.912023005428146
network 1 1.3470736479666094 1.3470736479666094
never 1 1.4696759700589417 1.4696759700589417
nevins 1 4.605170185988092 4.605170185988092
new 1 0.24846135929849972 0.24846135929849972
news 1 0.843970070294529 0.843970070294529
newspaper 1 1.5141277326297755 1.5141277326297755
next 1 1.1086626245216111 1.1086626245216111
noaa 1 4.605170185988092 4.605170185988092
noam 1 4.605170185988092 4.605170185988092
nonprofit 1 0.0 0.0
north 1 0.8209805520698303 0.8209805520698303
northwoods 1 4.605170185988092 4.605170185988092
nose 1 3.912023005428146 3.912023005428146
notable 1 1.7719568419318754 1.7719568419318754
november 1 0.3011050927839216 0.3011050927839216
npr 1 4.605170185988092 4.605170185988092
nuevo 1 3.2188758248682006 3.2188758248682006
number 1 0.7550225842780328 0.7550225842780328
nun 1 2.995732273553991 2.995732273553991
nursing 1 3.912023005428146 3.912023005428146
oas 1 4.605170185988092 4.605170185988092
obtain 1 2.5257286443082556 2.5257286443082556
obtaining 1 3.506557897319982 3.506557897319982
occupation 1 1.8971199848858813 1.8971199848858813
oclc 1 2.5257286443082556 2.5257286443082556
october 1 0.28768207245178085 0.28768207245178085
offer 1 2.302585092994046 2.302585092994046
office 1 1.1086626245216111 1.1086626245216111
official 1 0.7550225842780328 0.7550225842780328
ojito 1 4.605170185988092 4.605170185988092
old 1 1.07880966137193 1.07880966137193
ollibeforecontent 1 0.127833371509885 0.127833371509885
olvidar 1 4.605170185988092 4.605170185988092
omega 1 3.912023005428146 3.912023005428146
one 1 0.23572233352106994 0.23572233352106994
operacin 1 4.605170185988092 4.605170185988092
operation 1 1.7147984280919266 1.7147984280919266
operative 1 3.506557897319982 3.506557897319982
opportunity 1 2.5257286443082556 2.5257286443082556
opposed 1 2.407945608651872 2.407945608651872
opposition 1 1.9661128563728327 1.9661128563728327
oral 1 3.506557897319982 3.506557897319982
oregon 1 2.407945608651872 2.407945608651872
organization 1 0.0 0.0
organizationname 1 0.010050335853501506 0.010050335853501506
organized 1 2.302585092994046 2.302585092994046
original 1 0.4155154439616658 0.4155154439616658
oriole 1 3.912023005428146 3.912023005428146
orlando 1 3.912023005428146 3.912023005428146
ortsac 1 4.605170185988092 4.605170185988092
ostend 1 4.605170185988092 4.605170185988092
others 1 1.1394342831883648 1.1394342831883648
otto 1 2.995732273553991 2.995732273553991
outdated 1 3.912023005428146 3.912023005428146
outraged 1 4.605170185988092 4.605170185988092
outside 1 1.7147984280919266 1.7147984280919266
overthrow 1 3.506557897319982 3.506557897319982
owner 1 1.7147984280919266 1.7147984280919266
pac 1 4.605170185988092 4.605170185988092
pacification 1 4.605170185988092 4.605170185988092
page 1 0.0 0.0
pagetype 1 1.2729656758128876 1.2729656758128876
paid 1 2.407945608651872 2.407945608651872
pan 1 2.659260036932778 2.659260036932778
panamanian 1 3.506557897319982 3.506557897319982
panic 1 3.2188758248682006 3.2188758248682006
paper 1 1.6607312068216509 1.6607312068216509
paquete 1 4.605170185988092 4.605170185988092
parent 1 1.9661128563728327 1.9661128563728327
parental 1 3.506557897319982 3.506557897319982
part 1 0.6348782724359695 0.6348782724359695
participating 1 2.995732273553991 2.995732273553991
participation 1 2.407945608651872 2.407945608651872
particular 1 2.120263536200091 2.120263536200091
particularly 1 2.120263536200091 2.120263536200091
partido 1 3.506557897319982 3.506557897319982
party 1 1.2378743560016172 1.2378743560016172
pas 1 2.5257286443082556 2.5257286443082556
passage 1 2.659260036932778 2.659260036932778
passed 1 2.5257286443082556 2.5257286443082556
passport 1 3.912023005428146 3.912023005428146
past 1 1.7719568419318754 1.7719568419318754
patria 1 4.605170185988092 4.605170185988092
patrick 1 1.8971199848858813 1.8971199848858813
paulina 1 4.605170185988092 4.605170185988092
pawn 1 4.605170185988092 4.605170185988092
pdfprintable 1 0.0 0.0
pedro 1 2.995732273553991 2.995732273553991
penny 1 3.2188758248682006 3.2188758248682006
people 1 0.49429632181478017 0.49429632181478017
pepe 1 4.605170185988092 4.605170185988092
pereda 1 4.605170185988092 4.605170185988092
perfect 1 2.207274913189721 2.207274913189721
perform 1 2.302585092994046 2.302585092994046
period 1 1.4271163556401458 1.4271163556401458
periodical 1 3.506557897319982 3.506557897319982
permanent 1 0.0 0.0
personal 1 0.0 0.0
peruvian 1 3.506557897319982 3.506557897319982
peter 1 1.3093333199837622 1.3093333199837622
photograph 1 3.2188758248682006 3.2188758248682006
pig 1 3.912023005428146 3.912023005428146
place 1 0.653926467406664 0.653926467406664
plan 1 1.4696759700589417 1.4696759700589417
planned 1 2.5257286443082556 2.5257286443082556
platt 1 4.605170185988092 4.605170185988092
play 1 1.2039728043259361 1.2039728043259361
played 1 1.3862943611198906 1.3862943611198906
player 1 1.6094379124341003 1.6094379124341003
pluto 1 3.912023005428146 3.912023005428146
poison 1 3.506557897319982 3.506557897319982
pola 1 4.605170185988092 4.605170185988092
police 1 1.7719568419318754 1.7719568419318754
policy 1 0.0 0.0
polita 1 4.605170185988092 4.605170185988092
politas 1 4.605170185988092 4.605170185988092
political 1 1.3470736479666094 1.3470736479666094
politician 1 1.8971199848858813 1.8971199848858813
politics 1 1.9661128563728327 1.9661128563728327
poll 1 2.659260036932778 2.659260036932778
pollack 1 4.605170185988092 4.605170185988092
popularity 1 2.8134107167600364 2.8134107167600364
portal 1 0.0 0.0
portalborderborderpx 1 2.407945608651872 2.407945608651872
portalleftmarginem 1 2.407945608651872 2.407945608651872
posada 1 4.605170185988092 4.605170185988092
possibly 1 2.659260036932778 2.659260036932778
post 1 1.07880966137193 1.07880966137193
postprison 1 4.605170185988092 4.605170185988092
potestad 1 4.605170185988092 4.605170185988092
power 1 1.0216512475319812 1.0216512475319812
preferred 1 3.506557897319982 3.506557897319982
presidency 1 2.995732273553991 2.995732273553991
president 1 1.3470736479666094 1.3470736479666094
presidential 1 2.5257286443082556 2.5257286443082556
presos 1 4.605170185988092 4.605170185988092
press 1 0.7550225842780328 0.7550225842780328
price 1 1.9661128563728327 1.9661128563728327
priest 1 2.207274913189721 2.207274913189721
printbodyns 1 0.09431067947124142 0.09431067947124142
printed 1 2.659260036932778 2.659260036932778
printexport 1 0.0 0.0
prior 1 1.8325814637483102 1.8325814637483102
prison 1 2.302585092994046 2.302585092994046
prisoner 1 2.407945608651872 2.407945608651872
privacy 1 0.0 0.0
pro 1 1.6607312068216509 1.6607312068216509
process 1 1.5141277326297755 1.5141277326297755
program 1 1.7719568419318754 1.7719568419318754
project 1 0.0 0.0
promise 1 2.659260036932778 2.659260036932778
propaganda 1 2.995732273553991 2.995732273553991
properly 1 2.995732273553991 2.995732273553991
property 1 1.7147984280919266 1.7147984280919266
protection 1 2.407945608651872 2.407945608651872
protest 1 2.407945608651872 2.407945608651872
proud 1 3.506557897319982 3.506557897319982
province 1 2.120263536200091 2.120263536200091
public 1 0.9675840262617057 0.9675840262617057
published 1 1.3862943611198906 1.3862943611198906
publisher 1 1.8325814637483102 1.8325814637483102
puede 1 4.605170185988092 4.605170185988092
quesada 1 4.605170185988092 4.605170185988092
questioned 1 2.995732273553991 2.995732273553991
quitar 1 4.605170185988092 4.605170185988092
radical 1 3.2188758248682006 3.2188758248682006
radio 1 1.4696759700589417 1.4696759700589417
raft 1 4.605170185988092 4.605170185988092
rafter 1 3.912023005428146 3.912023005428146
ramn 1 3.506557897319982 3.506557897319982
ramon 1 3.506557897319982 3.506557897319982
random 1 0.0 0.0
rank 1 2.5257286443082556 2.5257286443082556
read 1 0.0 0.0
reading 1 1.5606477482646683 1.5606477482646683
realize 1 3.912023005428146 3.912023005428146
realized 1 3.2188758248682006 3.2188758248682006
reason 1 1.9661128563728327 1.9661128563728327
rebellion 1 2.659260036932778 2.659260036932778
receive 1 2.207274913189721 2.207274913189721
received 1 1.1394342831883648 1.1394342831883648
recent 1 0.0 0.0
reciprocal 1 3.912023005428146 3.912023005428146
recognized 1 2.659260036932778 2.659260036932778
red 1 1.07880966137193 1.07880966137193
reference 1 0.03045920748470844 0.03045920748470844
referred 1 2.302585092994046 2.302585092994046
reflist 1 0.06187540371808745 0.06187540371808745
reflistcolumns 1 0.06187540371808745 0.06187540371808745
reform 1 2.0402208285265546 2.0402208285265546
refugee 1 4.605170185988092 4.605170185988092
reg 1 0.0 0.0
regan 1 3.506557897319982 3.506557897319982
regime 1 3.506557897319982 3.506557897319982
registered 1 0.0 0.0
regulation 1 2.407945608651872 2.407945608651872
related 1 0.0 0.0
relating 1 2.995732273553991 2.995732273553991
relation 1 1.7719568419318754 1.7719568419318754
relative 1 2.5257286443082556 2.5257286443082556
release 1 1.3093333199837622 1.3093333199837622
released 1 1.2729656758128876 1.2729656758128876
remark 1 3.506557897319982 3.506557897319982
remember 1 2.8134107167600364 2.8134107167600364
remembered 1 3.2188758248682006 3.2188758248682006
remove 1 1.6607312068216509 1.6607312068216509
removed 1 1.6094379124341003 1.6094379124341003
replaced 1 1.8971199848858813 1.8971199848858813
representative 1 1.7147984280919266 1.7147984280919266
request 1 2.0402208285265546 2.0402208285265546
requires 1 3.2188758248682006 3.2188758248682006
rescate 1 4.605170185988092 4.605170185988092
rescue 1 2.659260036932778 2.659260036932778
researcher 1 3.2188758248682006 3.2188758248682006
resistance 1 2.995732273553991 2.995732273553991
resolution 1 2.407945608651872 2.407945608651872
respect 1 2.8134107167600364 2.8134107167600364
respected 1 3.506557897319982 3.506557897319982
responsible 1 2.302585092994046 2.302585092994046
resulted 1 2.120263536200091 2.120263536200091
resurrected 1 3.912023005428146 3.912023005428146
retells 1 4.605170185988092 4.605170185988092
retrieved 1 0.0 0.0
return 1 1.07880966137193 1.07880966137193
returned 1 1.4271163556401458 1.4271163556401458
reunite 1 4.605170185988092 4.605170185988092
reuniting 1 4.605170185988092 4.605170185988092
review 1 1.07880966137193 1.07880966137193
revolucionario 1 4.605170185988092 4.605170185988092
revolution 1 1.9661128563728327 1.9661128563728327
revolutionary 1 2.207274913189721 2.207274913189721
richter 1 3.506557897319982 3.506557897319982
right 1 0.9675840262617057 0.9675840262617057
ring 1 1.8971199848858813 1.8971199848858813
riot 1 2.659260036932778 2.659260036932778
risk 1 2.5257286443082556 2.5257286443082556
rivero 1 4.605170185988092 4.605170185988092
road 1 1.3862943611198906 1.3862943611198906
robert 1 0.8675005677047231 0.8675005677047231
roberto 1 2.8134107167600364 2.8134107167600364
role 1 1.3470736479666094 1.3470736479666094
roman 1 1.7719568419318754 1.7719568419318754
rose 1 1.8325814637483102 1.8325814637483102
rosenberg 1 4.605170185988092 4.605170185988092
routledge 1 2.659260036932778 2.659260036932778
rumor 1 3.2188758248682006 3.2188758248682006
rusk 1 3.912023005428146 3.912023005428146
russia 1 2.0402208285265546 2.0402208285265546
rutgers 1 4.605170185988092 4.605170185988092
sabbatino 1 4.605170185988092 4.605170185988092
safe 1 2.995732273553991 2.995732273553991
san 1 1.2378743560016172 1.2378743560016172
sanction 1 3.2188758248682006 3.2188758248682006
sandy 1 3.912023005428146 3.912023005428146
save 1 1.8971199848858813 1.8971199848858813
sawn 1 4.605170185988092 4.605170185988092
saxon 1 3.506557897319982 3.506557897319982
say 1 1.7719568419318754 1.7719568419318754
scare 1 4.605170185988092 4.605170185988092
school 1 0.7765287894989963 0.7765287894989963
science 1 1.171182981502945 1.171182981502945
screen 1 0.010050335853501506 0.010050335853501506
search 1 0.0 0.0
second 1 0.49429632181478017 0.49429632181478017
secret 1 2.0402208285265546 2.0402208285265546
secretly 1 3.2188758248682006 3.2188758248682006
section 1 1.8325814637483102 1.8325814637483102
security 1 1.6607312068216509 1.6607312068216509
see 1 0.40047756659712536 0.40047756659712536
seen 1 1.8971199848858813 1.8971199848858813
senate 1 2.5257286443082556 2.5257286443082556
senator 1 3.2188758248682006 3.2188758248682006
send 1 2.995732273553991 2.995732273553991
senior 1 2.0402208285265546 2.0402208285265546
sent 1 1.8971199848858813 1.8971199848858813
sentenced 1 2.995732273553991 2.995732273553991
sentinel 1 2.8134107167600364 2.8134107167600364
september 1 0.43078291609245434 0.43078291609245434
sergio 1 3.2188758248682006 3.2188758248682006
series 1 0.8675005677047231 0.8675005677047231
served 1 1.4696759700589417 1.4696759700589417
service 1 1.2378743560016172 1.2378743560016172
serving 1 2.120263536200091 2.120263536200091
seventeen 1 3.912023005428146 3.912023005428146
seventh 1 2.5257286443082556 2.5257286443082556
several 1 0.8209805520698303 0.8209805520698303
share 1 0.0 0.0
shelter 1 4.605170185988092 4.605170185988092
shnookal 1 4.605170185988092 4.605170185988092
shootdown 1 4.605170185988092 4.605170185988092
short 1 0.06187540371808745 0.06187540371808745
shortdescription 1 0.2613647641344075 0.2613647641344075
shortened 1 0.0 0.0
shortly 1 2.207274913189721 2.207274913189721
sibling 1 3.2188758248682006 3.2188758248682006
side 1 1.4271163556401458 1.4271163556401458
sidebar 1 0.0 0.0
significant 1 2.407945608651872 2.407945608651872
silver 1 1.8971199848858813 1.8971199848858813
since 1 0.7985076962177716 0.7985076962177716
sinking 1 4.605170185988092 4.605170185988092
sister 1 1.8325814637483102 1.8325814637483102
site 1 0.0 0.0
six 1 1.3470736479666094 1.3470736479666094
smbolo 1 4.605170185988092 4.605170185988092
socarrs 1 4.605170185988092 4.605170185988092
socially 1 3.506557897319982 3.506557897319982
solid 1 0.09431067947124142 0.09431067947124142
something 1 2.302585092994046 2.302585092994046
son 1 1.3093333199837622 1.3093333199837622
source 1 0.5798184952529422 0.5798184952529422
south 1 0.9162907318741551 0.9162907318741551
southern 1 1.6607312068216509 1.6607312068216509
soviet 1 2.407945608651872 2.407945608651872
space 1 1.7719568419318754 1.7719568419318754
spanish 1 1.7719568419318754 1.7719568419318754
spanishlanguage 1 2.5257286443082556 2.5257286443082556
special 1 0.0 0.0
specific 1 2.8134107167600364 2.8134107167600364
specifically 1 2.5257286443082556 2.5257286443082556
spending 1 3.2188758248682006 3.2188758248682006
spoken 1 3.2188758248682006 3.2188758248682006
sponsor 1 2.995732273553991 2.995732273553991
spread 1 2.302585092994046 2.302585092994046
spreading 1 3.912023005428146 3.912023005428146
spy 1 2.8134107167600364 2.8134107167600364
spying 1 4.605170185988092 4.605170185988092
stamp 1 3.506557897319982 3.506557897319982
stamped 1 4.605170185988092 4.605170185988092
start 1 1.4271163556401458 1.4271163556401458
started 1 1.6094379124341003 1.6094379124341003
state 1 0.3147107448397002 0.3147107448397002
stated 1 2.120263536200091 2.120263536200091
statement 1 0.0 0.0
statesponsored 1 3.912023005428146 3.912023005428146
statess 1 4.605170185988092 4.605170185988092
statistic 1 0.0 0.0
stay 1 2.0402208285265546 2.0402208285265546
stayed 1 3.912023005428146 3.912023005428146
stop 1 2.120263536200091 2.120263536200091
strait 1 4.605170185988092 4.605170185988092
street 1 1.4271163556401458 1.4271163556401458
struggled 1 3.506557897319982 3.506557897319982
student 1 1.3862943611198906 1.3862943611198906
subsection 1 0.3424903089467759 0.3424903089467759
successful 1 2.0402208285265546 2.0402208285265546
successor 1 2.207274913189721 2.207274913189721
sugar 1 2.8134107167600364 2.8134107167600364
sun 1 1.6607312068216509 1.6607312068216509
support 1 1.2729656758128876 1.2729656758128876
supported 1 1.8325814637483102 1.8325814637483102
supposed 1 3.506557897319982 3.506557897319982
sure 1 2.659260036932778 2.659260036932778
sweetness 1 4.605170185988092 4.605170185988092
symbol 1 2.0402208285265546 2.0402208285265546
syndrome 1 3.912023005428146 3.912023005428146
table 1 0.0 0.0
take 1 0.9675840262617057 0.9675840262617057
taken 1 2.0402208285265546 2.0402208285265546
taking 1 1.6607312068216509 1.6607312068216509
talk 1 0.0 0.0
task 1 2.5257286443082556 2.5257286443082556
tdhlist 1 0.1392620673335076 0.1392620673335076
team 1 1.0498221244986776 1.0498221244986776
telephone 1 4.605170185988092 4.605170185988092
televisin 1 4.605170185988092 4.605170185988092
tell 1 2.407945608651872 2.407945608651872
teller 1 3.506557897319982 3.506557897319982
template 1 0.0 0.0
teresian 1 4.605170185988092 4.605170185988092
term 1 0.0 0.0
terrorism 1 3.506557897319982 3.506557897319982
test 1 2.207274913189721 2.207274913189721
text 1 0.0 0.0
thaw 1 4.605170185988092 4.605170185988092
thbodyskinresponsive 1 0.3147107448397002 0.3147107448397002
therefore 1 2.207274913189721 2.207274913189721
thesis 1 3.506557897319982 3.506557897319982
thing 1 1.5606477482646683 1.5606477482646683
third 1 0.9162907318741551 0.9162907318741551
thousand 1 1.9661128563728327 1.9661128563728327
threat 1 2.407945608651872 2.407945608651872
throughout 1 1.171182981502945 1.171182981502945
ticket 1 2.995732273553991 2.995732273553991
time 1 0.28768207245178085 0.28768207245178085
timeline 1 2.207274913189721 2.207274913189721
timing 1 3.912023005428146 3.912023005428146
title 1 0.9162907318741551 0.9162907318741551
todavia 1 4.605170185988092 4.605170185988092
toggle 1 0.010050335853501506 0.010050335853501506
took 1 1.171182981502945 1.171182981502945
tool 1 0.0 0.0
top 1 0.010050335853501506 0.010050335853501506
topic 1 0.0 0.0
torres 1 3.2188758248682006 3.2188758248682006
total 1 0.0 0.0
towards 1 2.120263536200091 2.120263536200091
trade 1 1.7147984280919266 1.7147984280919266
trademark 1 0.0 0.0
trans 1 3.912023005428146 3.912023005428146
travel 1 1.9661128563728327 1.9661128563728327
traveled 1 3.912023005428146 3.912023005428146
treaty 1 2.5257286443082556 2.5257286443082556
triay 1 4.605170185988092 4.605170185988092
tribune 1 1.9661128563728327 1.9661128563728327
tried 1 2.5257286443082556 2.5257286443082556
trinity 1 2.5257286443082556 2.5257286443082556
tripartite 1 4.605170185988092 4.605170185988092
troika 1 4.605170185988092 4.605170185988092
tugboat 1 4.605170185988092 4.605170185988092
turned 1 2.5257286443082556 2.5257286443082556
twice 1 2.120263536200091 2.120263536200091
two 1 0.43078291609245434 0.43078291609245434
tyranny 1 4.605170185988092 4.605170185988092
ulpaddingem 1 0.1392620673335076 0.1392620673335076
unable 1 2.407945608651872 2.407945608651872
uncle 1 2.659260036932778 2.659260036932778
underground 1 2.5257286443082556 2.5257286443082556
undermine 1 3.506557897319982 3.506557897319982
united 1 0.4155154439616658 0.4155154439616658
university 1 0.616186139423817 0.616186139423817
unlike 1 2.995732273553991 2.995732273553991
unrest 1 3.506557897319982 3.506557897319982
unsuccessful 1 2.995732273553991 2.995732273553991
untold 1 4.605170185988092 4.605170185988092
upload 1 0.0 0.0
us 1 1.6094379124341003 1.6094379124341003
uscuba 1 4.605170185988092 4.605170185988092
use 1 0.0 0.0
used 1 0.8675005677047231 0.8675005677047231
using 1 0.0 0.0
usyearsactive 1 4.605170185988092 4.605170185988092
utc 1 0.0 0.0
valid 1 3.506557897319982 3.506557897319982
var 1 0.0 0.0
varela 1 3.506557897319982 3.506557897319982
varona 1 4.605170185988092 4.605170185988092
vedado 1 4.605170185988092 4.605170185988092
venceremos 1 3.912023005428146 3.912023005428146
version 1 0.0 0.0
victim 1 2.407945608651872 2.407945608651872
victor 1 2.8134107167600364 2.8134107167600364
view 1 0.0 0.0
viewed 1 3.506557897319982 3.506557897319982
villa 1 2.995732273553991 2.995732273553991
visa 1 3.912023005428146 3.912023005428146
visitation 1 3.506557897319982 3.506557897319982
voice 1 2.120263536200091 2.120263536200091
vte 1 0.7550225842780328 0.7550225842780328
waiver 1 3.912023005428146 3.912023005428146
wald 1 3.912023005428146 3.912023005428146
walking 1 2.659260036932778 2.659260036932778
walsh 1 2.302585092994046 2.302585092994046
wanted 1 2.207274913189721 2.207274913189721
war 1 0.7985076962177716 0.7985076962177716
washington 1 1.2378743560016172 1.2378743560016172
way 1 1.1086626245216111 1.1086626245216111
weaken 1 3.912023005428146 3.912023005428146
well 1 0.7765287894989963 0.7765287894989963
went 1 1.5141277326297755 1.5141277326297755
western 1 1.2039728043259361 1.2039728043259361
wet 1 3.506557897319982 3.506557897319982
white 1 1.171182981502945 1.171182981502945
whole 1 2.120263536200091 2.120263536200091
wider 1 2.659260036932778 2.659260036932778
wikidata 1 0.010050335853501506 0.010050335853501506
wikimedia 1 0.0 0.0
wikipedia 1 0.0 0.0
wisdom 1 3.2188758248682006 3.2188758248682006
without 1 1.3093333199837622 1.3093333199837622
wolfgang 1 2.995732273553991 2.995732273553991
woman 1 1.171182981502945 1.171182981502945
womens 1 2.0402208285265546 2.0402208285265546
work 1 0.7133498878774648 0.7133498878774648
worked 1 1.6607312068216509 1.6607312068216509
world 1 0.5108256237659907 0.5108256237659907
would 1 0.7550225842780328 0.7550225842780328
writing 1 1.8325814637483102 1.8325814637483102
wrote 1 1.3470736479666094 1.3470736479666094
wwwpresidencyucsbedu 1 4.605170185988092 4.605170185988092
year 1 0.3424903089467759 0.3424903089467759
yelled 1 4.605170185988092 4.605170185988092
york 1 0.8209805520698303 0.8209805520698303
yvonne 1 3.912023005428146 3.912023005428146
zemel 1 4.605170185988092 4.605170185988092
zita 1 4.605170185988092 4.605170185988092
zun 1 3.912023005428146 3.912023005428146
zuneo 1 4.605170185988092 4.605170185988092
