aaaborderbottompx 1 2.302585092994046 2.302585092994046
abromaitis 1 4.605170185988092 4.605170185988092
accolade 1 3.912023005428146 3.912023005428146
account 1 0.0 0.0
action 1 0.0 0.0
adam 1 1.5141277326297755 1.5141277326297755
add 1 0.0 0.0
additional 1 0.0 0.0
adonis 1 3.912023005428146 3.912023005428146
adrian 1 2.995732273553991 2.995732273553991
aek 1 3.912023005428146 3.912023005428146
aeks 1 4.605170185988092 4.605170185988092
afterwards 1 3.2188758248682006 3.2188758248682006
agree 1 0.0 0.0
alike 1 0.0 0.0
allen 1 2.207274913189721 2.207274913189721
allround 1 4.605170185988092 4.605170185988092
along 1 1.4696759700589417 1.4696759700589417
also 1 0.127833371509885 0.127833371509885
amath 1 4.605170185988092 4.605170185988092
amazing 1 3.506557897319982 3.506557897319982
amp 1 0.4620354595965586 0.4620354595965586
another 1 0.9675840262617057 0.9675840262617057
antigoni 1 4.605170185988092 4.605170185988092
antwerp 1 4.605170185988092 4.605170185988092
apart 1 2.5257286443082556 2.5257286443082556
appearance 1 0.0 0.0
apply 1 0.0 0.0
april 1 0.44628710262841953 0.44628710262841953
aris 1 4.605170185988092 4.605170185988092
arnas 1 4.605170185988092 4.605170185988092
article 1 0.0 0.0
ast 1 4.605170185988092 4.605170185988092
athens 1 3.2188758248682006 3.2188758248682006
attribution 1 0.0 0.0
audacious 1 4.605170185988092 4.605170185988092
auguste 1 3.2188758248682006 3.2188758248682006
austin 1 2.659260036932778 2.659260036932778
auto 1 0.1392620673335076 0.1392620673335076
available 1 0.0 0.0
avellino 1 4.605170185988092 4.605170185988092
avellinos 1 4.605170185988092 4.605170185988092
avtodor 1 4.605170185988092 4.605170185988092
avtodors 1 4.605170185988092 4.605170185988092
award 1 1.171182981502945 1.171182981502945
bamberg 1 3.912023005428146 3.912023005428146
bank 1 2.0402208285265546 2.0402208285265546
banvit 1 4.605170185988092 4.605170185988092
banvits 1 4.605170185988092 4.605170185988092
baron 1 2.407945608651872 2.407945608651872
basket 1 3.912023005428146 3.912023005428146
basketball 1 2.659260036932778 2.659260036932778
basketballclcom 1 4.605170185988092 4.605170185988092
bayreuth 1 4.605170185988092 4.605170185988092
bcl 1 4.605170185988092 4.605170185988092
becomes 1 2.0402208285265546 2.0402208285265546
began 1 0.8675005677047231 0.8675005677047231
beikta 1 4.605170185988092 4.605170185988092
benzing 1 4.605170185988092 4.605170185988092
berisha 1 4.605170185988092 4.605170185988092
besiktas 1 4.605170185988092 4.605170185988092
best 1 1.0216512475319812 1.0216512475319812
big 1 1.3862943611198906 1.3862943611198906
bochoridis 1 4.605170185988092 4.605170185988092
bogris 1 4.605170185988092 4.605170185988092
bologna 1 3.912023005428146 3.912023005428146
bonn 1 4.605170185988092 4.605170185988092
bost 1 4.605170185988092 4.605170185988092
brandon 1 2.5257286443082556 2.5257286443082556
brazelton 1 4.605170185988092 4.605170185988092
brindisi 1 4.605170185988092 4.605170185988092
brose 1 4.605170185988092 4.605170185988092
brown 1 1.6607312068216509 1.6607312068216509
bryon 1 4.605170185988092 4.605170185988092
burgos 1 3.506557897319982 3.506557897319982
butkevicius 1 4.605170185988092 4.605170185988092
butkeviius 1 4.605170185988092 4.605170185988092
byron 1 3.912023005428146 3.912023005428146
capture 1 2.995732273553991 2.995732273553991
casa 1 3.912023005428146 3.912023005428146
casademont 1 4.605170185988092 4.605170185988092
category 1 0.0 0.0
centerpx 1 0.0408219945202552 0.0408219945202552
cez 1 4.605170185988092 4.605170185988092
chalon 1 4.605170185988092 4.605170185988092
chalons 1 4.605170185988092 4.605170185988092
champion 1 1.3862943611198906 1.3862943611198906
championsleague 1 4.605170185988092 4.605170185988092
change 1 0.0 0.0
chris 1 1.6607312068216509 1.6607312068216509
chrysikopoulos 1 4.605170185988092 4.605170185988092
citation 1 0.0408219945202552 0.0408219945202552
cite 1 0.0 0.0
citenews 1 1.5606477482646683 1.5606477482646683
citeweb 1 0.5447271754416719 0.5447271754416719
claim 1 2.0402208285265546 2.0402208285265546
clark 1 1.6607312068216509 1.6607312068216509
clinch 1 3.912023005428146 3.912023005428146
club 1 1.4271163556401458 1.4271163556401458
coach 1 1.7719568419318754 1.7719568419318754
code 1 0.0 0.0
cole 1 2.659260036932778 2.659260036932778
common 1 0.0 0.0
conduct 1 0.0 0.0
considered 1 1.3862943611198906 1.3862943611198906
contact 1 0.0 0.0
content 1 0.0 0.0
context 1 0.010050335853501506 0.010050335853501506
contribute 1 0.0 0.0
contribution 1 0.0 0.0
cookie 1 0.0 0.0
cookiematch 1 0.0 0.0
corey 1 3.2188758248682006 3.2188758248682006
counterlistitema 1 0.127833371509885 0.127833371509885
create 1 0.0 0.0
creative 1 0.0 0.0
criterion 1 3.2188758248682006 3.2188758248682006
crowned 1 3.2188758248682006 3.2188758248682006
csmaintcolorf 1 0.06187540371808745 0.06187540371808745
csmaintcolorfmedia 1 0.0408219945202552 0.0408219945202552
cswsicon 1 0.0408219945202552 0.0408219945202552
cup 1 1.7719568419318754 1.7719568419318754
current 1 0.0 0.0
daniel 1 1.3862943611198906 1.3862943611198906
dardan 1 4.605170185988092 4.605170185988092
dashed 1 4.605170185988092 4.605170185988092
day 1 0.5276327420823719 0.5276327420823719
daye 1 4.605170185988092 4.605170185988092
dazzling 1 3.912023005428146 3.912023005428146
debut 1 1.8325814637483102 1.8325814637483102
december 1 0.37106368139083196 0.37106368139083196
decides 1 2.995732273553991 2.995732273553991
decisive 1 4.605170185988092 4.605170185988092
dee 1 3.2188758248682006 3.2188758248682006
developer 1 0.0 0.0
difference 1 2.302585092994046 2.302585092994046
dinamo 1 4.605170185988092 4.605170185988092
disclaimer 1 0.0 0.0
dividend 1 4.605170185988092 4.605170185988092
dominated 1 3.2188758248682006 3.2188758248682006
donate 1 0.0 0.0
dottedcursorhelp 1 2.120263536200091 2.120263536200091
doubledouble 1 4.605170185988092 4.605170185988092
download 1 0.0 0.0
drop 1 2.8134107167600364 2.8134107167600364
dtaftercontent 1 0.127833371509885 0.127833371509885
dyshawn 1 4.605170185988092 4.605170185988092
earl 1 2.659260036932778 2.659260036932778
earns 1 3.912023005428146 3.912023005428146
edge 1 2.120263536200091 2.120263536200091
eff 1 4.605170185988092 4.605170185988092
efficiency 1 3.2188758248682006 3.2188758248682006
effort 1 1.5141277326297755 1.5141277326297755
eight 1 1.8971199848858813 1.8971199848858813
elan 1 4.605170185988092 4.605170185988092
elevates 1 3.912023005428146 3.912023005428146
encyclopedia 1 0.0 0.0
english 1 0.0 0.0
estudiantes 1 3.506557897319982 3.506557897319982
euro 1 3.912023005428146 3.912023005428146
eurohoopsnet 1 4.605170185988092 4.605170185988092
europe 1 1.5141277326297755 1.5141277326297755
european 1 1.3093333199837622 1.3093333199837622
europeanwide 1 4.605170185988092 4.605170185988092
event 1 0.0 0.0
every 1 1.4271163556401458 1.4271163556401458
ewe 1 4.605170185988092 4.605170185988092
exp 1 0.0 0.0
external 1 0.44628710262841953 0.44628710262841953
fabulous 1 3.912023005428146 3.912023005428146
fadden 1 3.506557897319982 3.506557897319982
falco 1 3.506557897319982 3.506557897319982
february 1 0.27443684570176036 0.27443684570176036
feldeine 1 4.605170185988092 4.605170185988092
fesenko 1 4.605170185988092 4.605170185988092
fiba 1 4.605170185988092 4.605170185988092
file 1 0.0 0.0
final 1 0.9942522733438669 0.9942522733438669
first 1 0.1508228897345837 0.1508228897345837
five 1 1.0216512475319812 1.0216512475319812
flagicon 1 2.659260036932778 2.659260036932778
flagiconcore 1 3.912023005428146 3.912023005428146
flying 1 3.2188758248682006 3.2188758248682006
focus 1 2.0402208285265546 2.0402208285265546
foundation 1 0.0 0.0
four 1 0.7985076962177716 0.7985076962177716
free 1 0.0 0.0
full 1 1.1086626245216111 1.1086626245216111
gamble 1 4.605170185988092 4.605170185988092
game 1 1.2378743560016172 1.2378743560016172
gameday 1 4.605170185988092 4.605170185988092
gave 1 1.5606477482646683 1.5606477482646683
general 1 0.0 0.0
georgios 1 3.912023005428146 3.912023005428146
get 1 0.0 0.0
giant 1 2.302585092994046 2.302585092994046
given 1 1.2378743560016172 1.2378743560016172
gora 1 4.605170185988092 4.605170185988092
goran 1 4.605170185988092 4.605170185988092
grab 1 3.912023005428146 3.912023005428146
greatest 1 2.8134107167600364 2.8134107167600364
green 1 1.171182981502945 1.171182981502945
griffin 1 3.2188758248682006 3.2188758248682006
grigonis 1 4.605170185988092 4.605170185988092
hapoel 1 4.605170185988092 4.605170185988092
happy 1 2.659260036932778 2.659260036932778
harris 1 2.302585092994046 2.302585092994046
hatnote 1 0.843970070294529 0.843970070294529
help 1 0.0 0.0
hide 1 0.0 0.0
high 1 0.9416085398584451 0.9416085398584451
highest 1 1.7719568419318754 1.7719568419318754
history 1 0.0 0.0
hlist 1 0.127833371509885 0.127833371509885
hlistinline 1 0.127833371509885 0.127833371509885
holon 1 4.605170185988092 4.605170185988092
honor 1 1.8325814637483102 1.8325814637483102
honour 1 2.5257286443082556 2.5257286443082556
hope 1 1.6607312068216509 1.6607312068216509
howard 1 2.120263536200091 2.120263536200091
humble 1 4.605170185988092 4.605170185988092
hungarianborn 1 4.605170185988092 4.605170185988092
hungry 1 3.506557897319982 3.506557897319982
hunter 1 2.0402208285265546 2.0402208285265546
iberostar 1 4.605170185988092 4.605170185988092
idlockfree 1 0.0408219945202552 0.0408219945202552
idlockfreeidlockfree 1 0.0408219945202552 0.0408219945202552
idlocklimited 1 0.0408219945202552 0.0408219945202552
idlockregistration 1 0.0408219945202552 0.0408219945202552
idlocksubscription 1 0.0408219945202552 0.0408219945202552
importantly 1 4.605170185988092 4.605170185988092
inaugural 1 2.995732273553991 2.995732273553991
inc 1 0.0 0.0
individual 1 1.5606477482646683 1.5606477482646683
information 1 0.0 0.0
item 1 0.010050335853501506 0.010050335853501506
jam 1 3.2188758248682006 3.2188758248682006
jamal 1 3.912023005428146 3.912023005428146
james 1 1.0498221244986776 1.0498221244986776
jankovi 1 4.605170185988092 4.605170185988092
jankovic 1 4.605170185988092 4.605170185988092
january 1 0.3424903089467759 0.3424903089467759
japan 1 1.7719568419318754 1.7719568419318754
jarrod 1 3.506557897319982 3.506557897319982
jason 1 1.6607312068216509 1.6607312068216509
jcovan 1 4.605170185988092 4.605170185988092
jerusalem 1 2.995732273553991 2.995732273553991
jimmy 1 2.302585092994046 2.302585092994046
joe 1 1.5141277326297755 1.5141277326297755
jones 1 1.5141277326297755 1.5141277326297755
jong 1 3.912023005428146 3.912023005428146
jordan 1 1.7147984280919266 1.7147984280919266
julian 1 3.2188758248682006 3.2188758248682006
jump 1 0.0 0.0
karsiyaka 1 4.605170185988092 4.605170185988092
karsiyakas 1 4.605170185988092 4.605170185988092
karyaka 1 3.912023005428146 3.912023005428146
kataja 1 4.605170185988092 4.605170185988092
kennedy 1 2.407945608651872 2.407945608651872
kissic 1 4.605170185988092 4.605170185988092
klaipeda 1 4.605170185988092 4.605170185988092
knight 1 2.0402208285265546 2.0402208285265546
kramer 1 4.605170185988092 4.605170185988092
kyle 1 2.120263536200091 2.120263536200091
kyrylo 1 4.605170185988092 4.605170185988092
lacq 1 4.605170185988092 4.605170185988092
lan 1 3.506557897319982 3.506557897319982
language 1 0.0 0.0
last 1 0.0 0.0
lead 1 1.6607312068216509 1.6607312068216509
league 1 1.3470736479666094 1.3470736479666094
leaguebasketball 1 4.605170185988092 4.605170185988092
learn 1 0.0 0.0
lee 1 1.6607312068216509 1.6607312068216509
lefteris 1 4.605170185988092 4.605170185988092
level 1 1.9661128563728327 1.9661128563728327
liaftercontent 1 0.127833371509885 0.127833371509885
license 1 0.0 0.0
lineup 1 2.8134107167600364 2.8134107167600364
link 1 0.0 0.0
lino 1 3.912023005428146 3.912023005428146
log 1 0.0 0.0
logged 1 0.0 0.0
ludwigsburg 1 4.605170185988092 4.605170185988092
ludwigsburgs 1 4.605170185988092 4.605170185988092
made 1 0.653926467406664 0.653926467406664
main 1 0.0 0.0
make 1 1.0498221244986776 1.0498221244986776
malcolm 1 2.659260036932778 2.659260036932778
manny 1 3.912023005428146 3.912023005428146
march 1 0.3147107448397002 0.3147107448397002
marcos 1 3.912023005428146 3.912023005428146
marius 1 3.912023005428146 3.912023005428146
martin 1 1.3470736479666094 1.3470736479666094
marvelous 1 3.506557897319982 3.506557897319982
may 1 0.0 0.0
mbaye 1 4.605170185988092 4.605170185988092
medi 1 4.605170185988092 4.605170185988092
menu 1 0.0 0.0
mhp 1 4.605170185988092 4.605170185988092
mike 1 1.6094379124341003 1.6094379124341003
minnerath 1 4.605170185988092 4.605170185988092
mobile 1 0.0 0.0
move 1 0.0 0.0
movistar 1 3.912023005428146 3.912023005428146
mullings 1 4.605170185988092 4.605170185988092
muratbey 1 4.605170185988092 4.605170185988092
murcia 1 3.912023005428146 3.912023005428146
mvp 1 3.2188758248682006 3.2188758248682006
name 1 0.5276327420823719 0.5276327420823719
named 1 1.2039728043259361 1.2039728043259361
nanterre 1 4.605170185988092 4.605170185988092
narrow 1 3.506557897319982 3.506557897319982
national 1 0.5108256237659907 0.5108256237659907
nationality 1 2.302585092994046 2.302585092994046
navbar 1 0.23572233352106994 0.23572233352106994
navbarmini 1 0.23572233352106994 0.23572233352106994
navbox 1 0.1392620673335076 0.1392620673335076
navboximage 1 0.1392620673335076 0.1392620673335076
navboxsubgroup 1 0.1392620673335076 0.1392620673335076
navboxtitle 1 0.1392620673335076 0.1392620673335076
navigation 1 0.0 0.0
neptnas 1 4.605170185988092 4.605170185988092
neptunas 1 4.605170185988092 4.605170185988092
ni 1 4.605170185988092 4.605170185988092
nice 1 2.995732273553991 2.995732273553991
nick 1 2.120263536200091 2.120263536200091
nicolas 1 3.912023005428146 3.912023005428146
nizhny 1 4.605170185988092 4.605170185988092
nonprofit 1 0.0 0.0
norris 1 2.995732273553991 2.995732273553991
november 1 0.3011050927839216 0.3011050927839216
novgorod 1 4.605170185988092 4.605170185988092
novica 1 4.605170185988092 4.605170185988092
nymburk 1 4.605170185988092 4.605170185988092
october 1 0.28768207245178085 0.28768207245178085
official 1 0.7550225842780328 0.7550225842780328
oldenburg 1 4.605170185988092 4.605170185988092
ollibeforecontent 1 0.127833371509885 0.127833371509885
one 1 0.23572233352106994 0.23572233352106994
oneal 1 3.506557897319982 3.506557897319982
oradea 1 4.605170185988092 4.605170185988092
organization 1 0.0 0.0
organizationname 1 0.010050335853501506 0.010050335853501506
orlandinas 1 4.605170185988092 4.605170185988092
orthez 1 3.912023005428146 3.912023005428146
ovie 1 4.605170185988092 4.605170185988092
pablo 1 2.995732273553991 2.995732273553991
page 1 0.0 0.0
paok 1 4.605170185988092 4.605170185988092
paoks 1 4.605170185988092 4.605170185988092
paris 1 2.0402208285265546 2.0402208285265546
partizan 1 3.912023005428146 3.912023005428146
pau 1 3.506557897319982 3.506557897319982
pay 1 2.120263536200091 2.120263536200091
pdfprintable 1 0.0 0.0
perfect 1 2.207274913189721 2.207274913189721
performance 1 1.7719568419318754 1.7719568419318754
perl 1 3.506557897319982 3.506557897319982
permanent 1 0.0 0.0
personal 1 0.0 0.0
pierre 1 2.302585092994046 2.302585092994046
pinar 1 4.605170185988092 4.605170185988092
play 1 1.2039728043259361 1.2039728043259361
player 1 1.6094379124341003 1.6094379124341003
playoff 1 2.5257286443082556 2.5257286443082556
pnar 1 4.605170185988092 4.605170185988092
point 1 1.2729656758128876 1.2729656758128876
policy 1 0.0 0.0
portal 1 0.0 0.0
printbodyns 1 0.09431067947124142 0.09431067947124142
printexport 1 0.0 0.0
privacy 1 0.0 0.0
professional 1 1.6607312068216509 1.6607312068216509
project 1 0.0 0.0
pt 1 2.659260036932778 2.659260036932778
putback 1 4.605170185988092 4.605170185988092
qualifier 1 3.912023005428146 3.912023005428146
quarter 1 2.995732273553991 2.995732273553991
quarterfinal 1 2.407945608651872 2.407945608651872
radom 1 4.605170185988092 4.605170185988092
ragland 1 4.605170185988092 4.605170185988092
raglands 1 4.605170185988092 4.605170185988092
random 1 0.0 0.0
ranking 1 2.207274913189721 2.207274913189721
rating 1 2.0402208285265546 2.0402208285265546
read 1 0.0 0.0
reb 1 4.605170185988092 4.605170185988092
recent 1 0.0 0.0
record 1 0.7765287894989963 0.7765287894989963
ref 1 1.8971199848858813 1.8971199848858813
reference 1 0.03045920748470844 0.03045920748470844
reflist 1 0.06187540371808745 0.06187540371808745
reflistcolumns 1 0.06187540371808745 0.06187540371808745
reg 1 0.0 0.0
registered 1 0.0 0.0
regular 1 1.5606477482646683 1.5606477482646683
related 1 0.0 0.0
retrieved 1 0.0 0.0
reyer 1 4.605170185988092 4.605170185988092
rice 1 2.995732273553991 2.995732273553991
rich 1 2.207274913189721 2.207274913189721
riesen 1 4.605170185988092 4.605170185988092
robin 1 2.8134107167600364 2.8134107167600364
roos 1 3.912023005428146 3.912023005428146
rosa 1 3.2188758248682006 3.2188758248682006
round 1 1.3862943611198906 1.3862943611198906
san 1 1.2378743560016172 1.2378743560016172
sant 1 3.912023005428146 3.912023005428146
sassari 1 4.605170185988092 4.605170185988092
scandone 1 4.605170185988092 4.605170185988092
schedule 1 2.302585092994046 2.302585092994046
scoop 1 3.912023005428146 3.912023005428146
scorer 1 2.995732273553991 2.995732273553991
scoring 1 2.995732273553991 2.995732273553991
screen 1 0.010050335853501506 0.010050335853501506
search 1 0.0 0.0
season 1 1.1394342831883648 1.1394342831883648
second 1 0.49429632181478017 0.49429632181478017
secondary 1 2.659260036932778 2.659260036932778
see 1 0.40047756659712536 0.40047756659712536
segafredo 1 4.605170185988092 4.605170185988092
selection 1 2.5257286443082556 2.5257286443082556
shaquielle 1 4.605170185988092 4.605170185988092
share 1 0.0 0.0
shawn 1 2.659260036932778 2.659260036932778
shoot 1 2.8134107167600364 2.8134107167600364
shooting 1 2.5257286443082556 2.5257286443082556
shortened 1 0.0 0.0
show 1 1.0498221244986776 1.0498221244986776
showed 1 2.995732273553991 2.995732273553991
showman 1 4.605170185988092 4.605170185988092
shuler 1 4.605170185988092 4.605170185988092
sidebar 1 0.0 0.0
sidebarcollapse 1 2.302585092994046 2.302585092994046
sidebarnotnotheme 1 2.302585092994046 2.302585092994046
sidigas 1 4.605170185988092 4.605170185988092
sig 1 4.605170185988092 4.605170185988092
site 1 0.0 0.0
smith 1 1.2039728043259361 1.2039728043259361
soko 1 4.605170185988092 4.605170185988092
solid 1 0.09431067947124142 0.09431067947124142
sompo 1 4.605170185988092 4.605170185988092
special 1 0.0 0.0
sportif 1 4.605170185988092 4.605170185988092
star 1 0.9675840262617057 0.9675840262617057
statement 1 0.0 0.0
statistic 1 0.0 0.0
stelmet 1 4.605170185988092 4.605170185988092
stl 1 3.506557897319982 3.506557897319982
strasbourg 1 4.605170185988092 4.605170185988092
stunning 1 4.605170185988092 4.605170185988092
superman 1 3.912023005428146 3.912023005428146
suton 1 4.605170185988092 4.605170185988092
system 1 0.9162907318741551 0.9162907318741551
table 1 0.0 0.0
take 1 0.9675840262617057 0.9675840262617057
talk 1 0.0 0.0
tdhlist 1 0.1392620673335076 0.1392620673335076
team 1 1.0498221244986776 1.0498221244986776
tear 1 3.2188758248682006 3.2188758248682006
telekom 1 4.605170185988092 4.605170185988092
telenet 1 4.605170185988092 4.605170185988092
template 1 0.0 0.0
tenerife 1 4.605170185988092 4.605170185988092
term 1 0.0 0.0
text 1 0.0 0.0
thaddus 1 4.605170185988092 4.605170185988092
theodore 1 3.912023005428146 3.912023005428146
thomas 1 1.1394342831883648 1.1394342831883648
throttle 1 3.912023005428146 3.912023005428146
tim 1 1.6607312068216509 1.6607312068216509
time 1 0.28768207245178085 0.28768207245178085
toggle 1 0.010050335853501506 0.010050335853501506
tonic 1 4.605170185988092 4.605170185988092
tool 1 0.0 0.0
top 1 0.010050335853501506 0.010050335853501506
topic 1 0.0 0.0
total 1 0.0 0.0
trademark 1 0.0 0.0
tripledouble 1 4.605170185988092 4.605170185988092
trk 1 4.605170185988092 4.605170185988092
two 1 0.43078291609245434 0.43078291609245434
tyrese 1 4.605170185988092 4.605170185988092
tyrone 1 3.912023005428146 3.912023005428146
uak 1 3.912023005428146 3.912023005428146
ucam 1 4.605170185988092 4.605170185988092
ulpaddingem 1 0.1392620673335076 0.1392620673335076
umana 1 4.605170185988092 4.605170185988092
upload 1 0.0 0.0
use 1 0.0 0.0
using 1 0.0 0.0
utc 1 0.0 0.0
valuable 1 3.2188758248682006 3.2188758248682006
var 1 0.0 0.0
velickovic 1 4.605170185988092 4.605170185988092
velikovi 1 3.912023005428146 3.912023005428146
venezia 1 3.506557897319982 3.506557897319982
version 1 0.0 0.0
victory 1 1.6094379124341003 1.6094379124341003
view 1 0.0 0.0
vince 1 2.995732273553991 2.995732273553991
vinceable 1 4.605170185988092 4.605170185988092
virtu 1 3.912023005428146 3.912023005428146
vlado 1 4.605170185988092 4.605170185988092
vulcano 1 4.605170185988092 4.605170185988092
walden 1 3.912023005428146 3.912023005428146
want 1 1.9661128563728327 1.9661128563728327
way 1 1.1086626245216111 1.1086626245216111
website 1 1.6094379124341003 1.6094379124341003
week 1 1.2729656758128876 1.2729656758128876
wikidata 1 0.010050335853501506 0.010050335853501506
wikimedia 1 0.0 0.0
wikipedia 1 0.0 0.0
wiltjer 1 4.605170185988092 4.605170185988092
win 1 1.1086626245216111 1.1086626245216111
winner 1 1.5141277326297755 1.5141277326297755
wwwyoutubecom 1 3.912023005428146 3.912023005428146
yet 1 1.8971199848858813 1.8971199848858813
young 1 1.2378743560016172 1.2378743560016172
zach 1 3.2188758248682006 3.2188758248682006
zachari 1 4.605170185988092 4.605170185988092
zaragoza 1 3.912023005428146 3.912023005428146
zeno 1 4.605170185988092 4.605170185988092
zielona 1 4.605170185988092 4.605170185988092
zoltan 1 3.912023005428146 3.912023005428146
zoltn 1 3.912023005428146 3.912023005428146
