abandoned 1 3.2188758248682006 3.2188758248682006
abbsiyya 1 4.605170185988092 4.605170185988092
abd 1 3.912023005428146 3.912023005428146
abdel 1 3.912023005428146 3.912023005428146
absence 1 3.506557897319982 3.506557897319982
academic 1 1.8971199848858813 1.8971199848858813
accepted 1 2.207274913189721 2.207274913189721
accomplished 1 2.995732273553991 2.995732273553991
according 1 1.3093333199837622 1.3093333199837622
account 1 0.0 0.0
achieved 1 2.5257286443082556 2.5257286443082556
act 1 1.3470736479666094 1.3470736479666094
action 1 0.0 0.0
active 1 2.0402208285265546 2.0402208285265546
activity 1 1.8325814637483102 1.8325814637483102
acute 1 3.506557897319982 3.506557897319982
adaptation 1 3.2188758248682006 3.2188758248682006
add 1 0.0 0.0
additional 1 0.0 0.0
administered 1 4.605170185988092 4.605170185988092
administrative 1 2.995732273553991 2.995732273553991
adorns 1 4.605170185988092 4.605170185988092
adult 1 2.659260036932778 2.659260036932778
advice 1 3.506557897319982 3.506557897319982
advocate 1 3.2188758248682006 3.2188758248682006
african 1 2.659260036932778 2.659260036932778
aged 1 2.120263536200091 2.120263536200091
aggravated 1 4.605170185988092 4.605170185988092
agree 1 0.0 0.0
ahmad 1 3.2188758248682006 3.2188758248682006
akhbr 1 4.605170185988092 4.605170185988092
alamma 1 4.605170185988092 4.605170185988092
aldawla 1 4.605170185988092 4.605170185988092
alexandria 1 3.912023005428146 3.912023005428146
ali 1 2.995732273553991 2.995732273553991
alijar 1 4.605170185988092 4.605170185988092
alike 1 0.0 0.0
aljadd 1 4.605170185988092 4.605170185988092
allath 1 4.605170185988092 4.605170185988092
allow 1 2.207274913189721 2.207274913189721
alma 1 3.2188758248682006 3.2188758248682006
almadan 1 4.605170185988092 4.605170185988092
almadani 1 4.605170185988092 4.605170185988092
almisri 1 4.605170185988092 4.605170185988092
alnazariyya 1 4.605170185988092 4.605170185988092
alqad 1 4.605170185988092 4.605170185988092
alqnn 1 4.605170185988092 4.605170185988092
alrajul 1 4.605170185988092 4.605170185988092
alsiyasiyya 1 4.605170185988092 4.605170185988092
also 1 0.127833371509885 0.127833371509885
amad 1 4.605170185988092 4.605170185988092
amr 1 3.912023005428146 3.912023005428146
amra 1 4.605170185988092 4.605170185988092
anew 1 3.912023005428146 3.912023005428146
anglaise 1 4.605170185988092 4.605170185988092
annelise 1 4.605170185988092 4.605170185988092
antifascists 1 4.605170185988092 4.605170185988092
appearance 1 0.0 0.0
applicable 1 3.912023005428146 3.912023005428146
apply 1 0.0 0.0
appointed 1 1.9661128563728327 1.9661128563728327
aqd 1 4.605170185988092 4.605170185988092
arab 1 3.2188758248682006 3.2188758248682006
arabic 1 3.2188758248682006 3.2188758248682006
arabiclanguage 1 3.912023005428146 3.912023005428146
archived 1 0.47803580094299974 0.47803580094299974
argued 1 2.8134107167600364 2.8134107167600364
army 1 1.6094379124341003 1.6094379124341003
around 1 1.0216512475319812 1.0216512475319812
arrest 1 3.2188758248682006 3.2188758248682006
arthur 1 1.7147984280919266 1.7147984280919266
article 1 0.0 0.0
asan 1 4.605170185988092 4.605170185988092
ashmawi 1 4.605170185988092 4.605170185988092
ashshariyya 1 4.605170185988092 4.605170185988092
assault 1 2.5257286443082556 2.5257286443082556
assaulted 1 4.605170185988092 4.605170185988092
assembly 1 2.0402208285265546 2.0402208285265546
assigned 1 2.659260036932778 2.659260036932778
assist 1 2.5257286443082556 2.5257286443082556
association 1 1.1394342831883648 1.1394342831883648
attempt 1 1.6607312068216509 1.6607312068216509
attention 1 2.302585092994046 2.302585092994046
attribution 1 0.0 0.0
august 1 0.3424903089467759 0.3424903089467759
author 1 1.8971199848858813 1.8971199848858813
authority 1 0.8915981192837835 0.8915981192837835
authoritycontrol 1 2.5257286443082556 2.5257286443082556
auto 1 0.1392620673335076 0.1392620673335076
available 1 0.0 0.0
avowed 1 4.605170185988092 4.605170185988092
awarded 1 2.207274913189721 2.207274913189721
azmat 1 4.605170185988092 4.605170185988092
badr 1 3.912023005428146 3.912023005428146
baghdad 1 4.605170185988092 4.605170185988092
bahrain 1 3.912023005428146 3.912023005428146
balance 1 2.5257286443082556 2.5257286443082556
bar 1 2.5257286443082556 2.5257286443082556
became 1 0.7133498878774648 0.7133498878774648
bechor 1 4.605170185988092 4.605170185988092
become 1 1.2378743560016172 1.2378743560016172
bel 1 4.605170185988092 4.605170185988092
benefit 1 2.5257286443082556 2.5257286443082556
best 1 1.0216512475319812 1.0216512475319812
biard 1 4.605170185988092 4.605170185988092
bibliography 1 2.207274913189721 2.207274913189721
biographical 1 2.659260036932778 2.659260036932778
biography 1 1.6607312068216509 1.6607312068216509
birth 1 1.1394342831883648 1.1394342831883648
bookshelf 1 4.605170185988092 4.605170185988092
born 1 1.1394342831883648 1.1394342831883648
briefly 1 3.2188758248682006 3.2188758248682006
brill 1 4.605170185988092 4.605170185988092
brought 1 1.5606477482646683 1.5606477482646683
bsit 1 4.605170185988092 4.605170185988092
buried 1 2.659260036932778 2.659260036932778
cabinet 1 2.8134107167600364 2.8134107167600364
cairo 1 3.2188758248682006 3.2188758248682006
califat 1 4.605170185988092 4.605170185988092
called 1 0.8209805520698303 0.8209805520698303
came 1 1.6094379124341003 1.6094379124341003
careful 1 3.912023005428146 3.912023005428146
carried 1 2.659260036932778 2.659260036932778
case 1 1.3862943611198906 1.3862943611198906
castro 1 3.2188758248682006 3.2188758248682006
cat 1 1.5606477482646683 1.5606477482646683
category 1 0.0 0.0
centerpx 1 0.0408219945202552 0.0408219945202552
certificate 1 3.506557897319982 3.506557897319982
change 1 0.0 0.0
changing 1 2.659260036932778 2.659260036932778
character 1 1.7147984280919266 1.7147984280919266
citation 1 0.0408219945202552 0.0408219945202552
cite 1 0.0 0.0
citejournal 1 1.9661128563728327 1.9661128563728327
civil 1 1.7719568419318754 1.7719568419318754
claimed 1 2.207274913189721 2.207274913189721
claiming 1 2.995732273553991 2.995732273553991
clear 1 2.207274913189721 2.207274913189721
code 1 0.0 0.0
coercion 1 4.605170185988092 4.605170185988092
coincided 1 4.605170185988092 4.605170185988092
colonial 1 2.5257286443082556 2.5257286443082556
combined 1 2.659260036932778 2.659260036932778
command 1 2.5257286443082556 2.5257286443082556
commentary 1 2.995732273553991 2.995732273553991
commentator 1 2.8134107167600364 2.8134107167600364
committee 1 1.6607312068216509 1.6607312068216509
common 1 0.0 0.0
comparative 1 3.506557897319982 3.506557897319982
compleanno 1 4.605170185988092 4.605170185988092
completed 1 2.0402208285265546 2.0402208285265546
comprehensive 1 2.8134107167600364 2.8134107167600364
concept 1 2.120263536200091 2.120263536200091
concern 1 3.912023005428146 3.912023005428146
conduct 1 0.0 0.0
confined 1 3.912023005428146 3.912023005428146
conflict 1 2.0402208285265546 2.0402208285265546
constituent 1 2.995732273553991 2.995732273553991
contact 1 0.0 0.0
containing 1 1.4271163556401458 1.4271163556401458
content 1 0.0 0.0
context 1 0.010050335853501506 0.010050335853501506
contracluelles 1 4.605170185988092 4.605170185988092
contribute 1 0.0 0.0
contributed 1 2.5257286443082556 2.5257286443082556
contribution 1 0.0 0.0
control 1 0.7765287894989963 0.7765287894989963
cookie 1 0.0 0.0
cookiematch 1 0.0 0.0
could 1 1.2378743560016172 1.2378743560016172
council 1 1.4696759700589417 1.4696759700589417
counterlistitema 1 0.127833371509885 0.127833371509885
country 1 0.843970070294529 0.843970070294529
countrynationality 1 4.605170185988092 4.605170185988092
coup 1 2.8134107167600364 2.8134107167600364
course 1 2.0402208285265546 2.0402208285265546
court 1 1.5141277326297755 1.5141277326297755
create 1 0.0 0.0
creative 1 0.0 0.0
csmaintcolorfal 1 4.605170185988092 4.605170185988092
csmaintcolorfmedia 1 0.0408219945202552 0.0408219945202552
cswsicon 1 0.0408219945202552 0.0408219945202552
cultural 1 2.5257286443082556 2.5257286443082556
culture 1 1.6094379124341003 1.6094379124341003
current 1 0.0 0.0
custom 1 2.995732273553991 2.995732273553991
cut 1 1.9661128563728327 1.9661128563728327
dans 1 3.912023005428146 3.912023005428146
dar 1 3.912023005428146 3.912023005428146
data 1 1.3862943611198906 1.3862943611198906
database 1 0.9675840262617057 0.9675840262617057
dawla 1 4.605170185988092 4.605170185988092
dean 1 2.659260036932778 2.659260036932778
death 1 1.171182981502945 1.171182981502945
december 1 0.37106368139083196 0.37106368139083196
decide 1 2.995732273553991 2.995732273553991
decree 1 3.506557897319982 3.506557897319982
dedicated 1 2.407945608651872 2.407945608651872
demand 1 2.407945608651872 2.407945608651872
demonstration 1 3.2188758248682006 3.2188758248682006
department 1 1.7719568419318754 1.7719568419318754
deputy 1 2.302585092994046 2.302585092994046
described 1 1.5141277326297755 1.5141277326297755
description 1 0.07257069283483537 0.07257069283483537
desirable 1 4.605170185988092 4.605170185988092
destitution 1 4.605170185988092 4.605170185988092
detail 1 1.6094379124341003 1.6094379124341003
determined 1 2.407945608651872 2.407945608651872
deutsch 1 0.9416085398584451 0.9416085398584451
developer 1 0.0 0.0
dictionary 1 2.407945608651872 2.407945608651872
died 1 1.3093333199837622 1.3093333199837622
different 1 0.3424903089467759 0.3424903089467759
director 1 1.4271163556401458 1.4271163556401458
disclaimer 1 0.0 0.0
dismissal 1 3.2188758248682006 3.2188758248682006
dismissed 1 2.8134107167600364 2.8134107167600364
dispensing 1 4.605170185988092 4.605170185988092
displeasure 1 3.912023005428146 3.912023005428146
distinction 1 3.912023005428146 3.912023005428146
distinguished 1 3.506557897319982 3.506557897319982
doctorate 1 4.605170185988092 4.605170185988092
doctrine 1 2.8134107167600364 2.8134107167600364
doi 1 2.0402208285265546 2.0402208285265546
donate 1 0.0 0.0
dottedcursorhelp 1 2.120263536200091 2.120263536200091
douard 1 4.605170185988092 4.605170185988092
download 1 0.0 0.0
draft 1 2.5257286443082556 2.5257286443082556
drafted 1 3.506557897319982 3.506557897319982
drafting 1 3.912023005428146 3.912023005428146
draw 1 2.302585092994046 2.302585092994046
drawing 1 2.659260036932778 2.659260036932778
dropped 1 2.0402208285265546 2.0402208285265546
dtaftercontent 1 0.127833371509885 0.127833371509885
dtat 1 3.506557897319982 3.506557897319982
duktr 1 4.605170185988092 4.605170185988092
duktur 1 4.605170185988092 4.605170185988092
early 1 0.6348782724359695 0.6348782724359695
east 1 1.0498221244986776 1.0498221244986776
economic 1 1.7719568419318754 1.7719568419318754
education 1 1.3470736479666094 1.3470736479666094
educational 1 2.5257286443082556 2.5257286443082556
egypt 1 2.995732273553991 2.995732273553991
egyptian 1 2.8134107167600364 2.8134107167600364
eight 1 1.8971199848858813 1.8971199848858813
elaborate 1 3.506557897319982 3.506557897319982
elaborating 1 4.605170185988092 4.605170185988092
election 1 1.9661128563728327 1.9661128563728327
element 1 1.9661128563728327 1.9661128563728327
embroidery 1 4.605170185988092 4.605170185988092
emergence 1 3.912023005428146 3.912023005428146
employee 1 2.0402208285265546 2.0402208285265546
encyclopedia 1 0.0 0.0
end 1 0.7985076962177716 0.7985076962177716
english 1 0.0 0.0
enid 1 3.506557897319982 3.506557897319982
enough 1 2.207274913189721 2.207274913189721
ensued 1 3.912023005428146 3.912023005428146
equity 1 3.506557897319982 3.506557897319982
european 1 1.3093333199837622 1.3093333199837622
even 1 1.1394342831883648 1.1394342831883648
event 1 0.0 0.0
eventually 1 1.9661128563728327 1.9661128563728327
exercise 1 2.995732273553991 2.995732273553991
existence 1 2.995732273553991 2.995732273553991
exp 1 0.0 0.0
experience 1 1.8325814637483102 1.8325814637483102
experiment 1 2.5257286443082556 2.5257286443082556
explains 1 2.302585092994046 2.302585092994046
explanation 1 2.995732273553991 2.995732273553991
expression 1 3.2188758248682006 3.2188758248682006
faculty 1 3.506557897319982 3.506557897319982
fail 1 3.2188758248682006 3.2188758248682006
failing 1 2.8134107167600364 2.8134107167600364
faithful 1 3.506557897319982 3.506557897319982
family 1 0.9162907318741551 0.9162907318741551
faqadnh 1 4.605170185988092 4.605170185988092
farhat 1 4.605170185988092 4.605170185988092
father 1 1.3093333199837622 1.3093333199837622
favour 1 2.995732273553991 2.995732273553991
favourable 1 4.605170185988092 4.605170185988092
february 1 0.27443684570176036 0.27443684570176036
field 1 1.0498221244986776 1.0498221244986776
fikr 1 4.605170185988092 4.605170185988092
file 1 0.0 0.0
final 1 0.9942522733438669 0.9942522733438669
find 1 1.3093333199837622 1.3093333199837622
fiqh 1 4.605170185988092 4.605170185988092
firm 1 2.407945608651872 2.407945608651872
first 1 0.1508228897345837 0.1508228897345837
flexible 1 4.605170185988092 4.605170185988092
following 1 0.7133498878774648 0.7133498878774648
force 1 1.2378743560016172 1.2378743560016172
forcibly 1 3.506557897319982 3.506557897319982
formula 1 2.407945608651872 2.407945608651872
fortune 1 2.302585092994046 2.302585092994046
foundation 1 0.0 0.0
four 1 0.7985076962177716 0.7985076962177716
franais 1 0.8675005677047231 0.8675005677047231
france 1 1.2039728043259361 1.2039728043259361
francesco 1 4.605170185988092 4.605170185988092
franco 1 2.120263536200091 2.120263536200091
free 1 0.0 0.0
french 1 1.3862943611198906 1.3862943611198906
gabrielli 1 4.605170185988092 4.605170185988092
gamal 1 3.912023005428146 3.912023005428146
gaylani 1 4.605170185988092 4.605170185988092
genealogy 1 3.506557897319982 3.506557897319982
general 1 0.0 0.0
generally 1 2.407945608651872 2.407945608651872
germany 1 1.4271163556401458 1.4271163556401458
get 1 0.0 0.0
geuthner 1 4.605170185988092 4.605170185988092
give 1 1.5141277326297755 1.5141277326297755
goldschmidt 1 4.605170185988092 4.605170185988092
governance 1 3.2188758248682006 3.2188758248682006
government 1 1.1086626245216111 1.1086626245216111
greece 1 2.302585092994046 2.302585092994046
ground 1 1.8325814637483102 1.8325814637483102
guide 1 1.8971199848858813 1.8971199848858813
guideline 1 2.8134107167600364 2.8134107167600364
guy 1 2.407945608651872 2.407945608651872
halt 1 3.2188758248682006 3.2188758248682006
happen 1 3.912023005428146 3.912023005428146
haraka 1 4.605170185988092 4.605170185988092
heikal 1 4.605170185988092 4.605170185988092
heliopolis 1 4.605170185988092 4.605170185988092
help 1 0.0 0.0
hidden 1 0.010050335853501506 0.010050335853501506
hide 1 0.0 0.0
highly 1 2.120263536200091 2.120263536200091
hill 1 1.2039728043259361 1.2039728043259361
historic 1 2.659260036932778 2.659260036932778
history 1 0.0 0.0
hlist 1 0.127833371509885 0.127833371509885
hlistinline 1 0.127833371509885 0.127833371509885
hodgepodge 1 4.605170185988092 4.605170185988092
holdup 1 4.605170185988092 4.605170185988092
home 1 0.7339691750802005 0.7339691750802005
hoover 1 2.995732273553991 2.995732273553991
hospital 1 1.9661128563728327 1.9661128563728327
house 1 1.0216512475319812 1.0216512475319812
however 1 0.6931471805599453 0.6931471805599453
humanistic 1 4.605170185988092 4.605170185988092
husni 1 4.605170185988092 4.605170185988092
hussein 1 3.912023005428146 3.912023005428146
iars 1 4.605170185988092 4.605170185988092
ibadat 1 4.605170185988092 4.605170185988092
idea 1 1.8325814637483102 1.8325814637483102
identitarian 1 3.912023005428146 3.912023005428146
identity 1 2.207274913189721 2.207274913189721
idlockfree 1 0.0408219945202552 0.0408219945202552
idlockfreeidlockfree 1 0.0408219945202552 0.0408219945202552
idlocklimited 1 0.0408219945202552 0.0408219945202552
idlockregistration 1 0.0408219945202552 0.0408219945202552
idlocksubscription 1 0.0408219945202552 0.0408219945202552
ila 1 4.605170185988092 4.605170185988092
imara 1 4.605170185988092 4.605170185988092
important 1 1.8325814637483102 1.8325814637483102
inc 1 0.0 0.0
incident 1 2.8134107167600364 2.8134107167600364
incitement 1 4.605170185988092 4.605170185988092
indeed 1 3.2188758248682006 3.2188758248682006
individual 1 1.5606477482646683 1.5606477482646683
individuelle 1 4.605170185988092 4.605170185988092
infobox 1 0.3011050927839216 0.3011050927839216
infoboxofficeholder 1 2.659260036932778 2.659260036932778
infoboxtable 1 0.3147107448397002 0.3147107448397002
information 1 0.0 0.0
injury 1 2.659260036932778 2.659260036932778
insisted 1 4.605170185988092 4.605170185988092
inspiration 1 3.2188758248682006 3.2188758248682006
instigated 1 4.605170185988092 4.605170185988092
institute 1 1.5141277326297755 1.5141277326297755
institution 1 2.120263536200091 2.120263536200091
institutional 1 3.912023005428146 3.912023005428146
instruction 1 2.5257286443082556 2.5257286443082556
intellectual 1 2.8134107167600364 2.8134107167600364
intellectualised 1 4.605170185988092 4.605170185988092
interacted 1 3.506557897319982 3.506557897319982
interior 1 2.5257286443082556 2.5257286443082556
international 1 0.5978370007556204 0.5978370007556204
interruption 1 4.605170185988092 4.605170185988092
invariable 1 4.605170185988092 4.605170185988092
iraq 1 2.8134107167600364 2.8134107167600364
iraqi 1 4.605170185988092 4.605170185988092
isbn 1 0.9942522733438669 0.9942522733438669
islamic 1 2.995732273553991 2.995732273553991
islamise 1 4.605170185988092 4.605170185988092
islamist 1 3.506557897319982 3.506557897319982
islamiyyat 1 4.605170185988092 4.605170185988092
islmiyyat 1 4.605170185988092 4.605170185988092
isniviaffastworld 1 2.407945608651872 2.407945608651872
israel 1 1.7147984280919266 1.7147984280919266
issn 1 1.8971199848858813 1.8971199848858813
issue 1 1.1086626245216111 1.1086626245216111
item 1 0.010050335853501506 0.010050335853501506
jam 1 3.2188758248682006 3.2188758248682006
january 1 0.3424903089467759 0.3424903089467759
joined 1 1.6607312068216509 1.6607312068216509
jstor 1 1.5141277326297755 1.5141277326297755
judge 1 2.302585092994046 2.302585092994046
judicial 1 3.2188758248682006 3.2188758248682006
july 1 0.43078291609245434 0.43078291609245434
jump 1 0.0 0.0
june 1 0.40047756659712536 0.40047756659712536
juridical 1 4.605170185988092 4.605170185988092
jurisdictional 1 3.506557897319982 3.506557897319982
jurisprudence 1 3.506557897319982 3.506557897319982
jurisprudential 1 4.605170185988092 4.605170185988092
jurist 1 3.912023005428146 3.912023005428146
juristic 1 4.605170185988092 4.605170185988092
justice 1 1.9661128563728327 1.9661128563728327
keep 1 1.7719568419318754 1.7719568419318754
khashaba 1 4.605170185988092 4.605170185988092
khedival 1 4.605170185988092 4.605170185988092
kmil 1 4.605170185988092 4.605170185988092
known 1 0.7985076962177716 0.7985076962177716
kuwait 1 3.912023005428146 3.912023005428146
kuwaiti 1 4.605170185988092 4.605170185988092
lambert 1 3.506557897319982 3.506557897319982
lang 1 1.9661128563728327 1.9661128563728327
language 1 0.0 0.0
last 1 0.0 0.0
lasted 1 2.8134107167600364 2.8134107167600364
late 1 1.3093333199837622 1.3093333199837622
later 1 0.5621189181535412 0.5621189181535412
law 1 1.4271163556401458 1.4271163556401458
lawcitation 1 4.605170185988092 4.605170185988092
lawmaker 1 3.912023005428146 3.912023005428146
lawyer 1 2.120263536200091 2.120263536200091
le 1 2.995732273553991 2.995732273553991
league 1 1.3470736479666094 1.3470736479666094
learn 1 0.0 0.0
leave 1 2.407945608651872 2.407945608651872
led 1 1.07880966137193 1.07880966137193
left 1 1.171182981502945 1.171182981502945
legal 1 1.9661128563728327 1.9661128563728327
legislation 1 2.659260036932778 2.659260036932778
legislative 1 2.659260036932778 2.659260036932778
legislator 1 4.605170185988092 4.605170185988092
leonard 1 2.659260036932778 2.659260036932778
less 1 1.5141277326297755 1.5141277326297755
liaftercontent 1 0.127833371509885 0.127833371509885
liberalism 1 3.506557897319982 3.506557897319982
liberle 1 4.605170185988092 4.605170185988092
librairie 1 4.605170185988092 4.605170185988092
libya 1 3.506557897319982 3.506557897319982
license 1 0.0 0.0
life 1 0.5447271754416719 0.5447271754416719
lililtizamat 1 4.605170185988092 4.605170185988092
limarginbottom 1 0.9675840262617057 0.9675840262617057
link 1 0.0 0.0
log 1 0.0 0.0
logged 1 0.0 0.0
lost 1 1.171182981502945 1.171182981502945
lynne 1 3.912023005428146 3.912023005428146
lyon 1 2.8134107167600364 2.8134107167600364
made 1 0.653926467406664 0.653926467406664
madhhabs 1 4.605170185988092 4.605170185988092
madna 1 4.605170185988092 4.605170185988092
madrasat 1 4.605170185988092 4.605170185988092
maghreb 1 4.605170185988092 4.605170185988092
mahmoud 1 3.912023005428146 3.912023005428146
main 1 0.0 0.0
majalla 1 4.605170185988092 4.605170185988092
major 1 1.1086626245216111 1.1086626245216111
mansura 1 4.605170185988092 4.605170185988092
many 1 0.7550225842780328 0.7550225842780328
mar 1 2.0402208285265546 2.0402208285265546
marcel 1 2.659260036932778 2.659260036932778
march 1 0.3147107448397002 0.3147107448397002
master 1 1.3093333199837622 1.3093333199837622
masterwork 1 4.605170185988092 4.605170185988092
mater 1 3.506557897319982 3.506557897319982
may 1 0.0 0.0
mentor 1 3.506557897319982 3.506557897319982
menu 1 0.0 0.0
method 1 1.8971199848858813 1.8971199848858813
middle 1 2.0402208285265546 2.0402208285265546
military 1 1.4696759700589417 1.4696759700589417
min 1 2.995732273553991 2.995732273553991
minister 1 1.5606477482646683 1.5606477482646683
minor 1 2.207274913189721 2.207274913189721
mirrored 1 4.605170185988092 4.605170185988092
misr 1 3.912023005428146 3.912023005428146
mob 1 3.506557897319982 3.506557897319982
mobile 1 0.0 0.0
modern 1 1.5606477482646683 1.5606477482646683
modernized 1 3.912023005428146 3.912023005428146
modernizing 1 3.912023005428146 3.912023005428146
mohamed 1 3.506557897319982 3.506557897319982
mohammed 1 3.2188758248682006 3.2188758248682006
month 1 0.8915981192837835 0.8915981192837835
moreover 1 4.605170185988092 4.605170185988092
move 1 0.0 0.0
moved 1 1.7719568419318754 1.7719568419318754
muammad 1 4.605170185988092 4.605170185988092
muhammad 1 3.2188758248682006 3.2188758248682006
muir 1 3.506557897319982 3.506557897319982
mujiz 1 4.605170185988092 4.605170185988092
multivolume 1 4.605170185988092 4.605170185988092
municipal 1 3.2188758248682006 3.2188758248682006
murs 1 4.605170185988092 4.605170185988092
muslim 1 2.5257286443082556 2.5257286443082556
must 1 2.0402208285265546 2.0402208285265546
nabil 1 3.912023005428146 3.912023005428146
naguib 1 3.912023005428146 3.912023005428146
nasser 1 4.605170185988092 4.605170185988092
national 1 0.5108256237659907 0.5108256237659907
natural 1 1.8325814637483102 1.8325814637483102
navbarfontsizemedia 1 0.3147107448397002 0.3147107448397002
navbox 1 0.1392620673335076 0.1392620673335076
navboximage 1 0.1392620673335076 0.1392620673335076
navboxsubgroup 1 0.1392620673335076 0.1392620673335076
navboxtitle 1 0.1392620673335076 0.1392620673335076
navigation 1 0.0 0.0
nazariyyat 1 4.605170185988092 4.605170185988092
necessary 1 2.659260036932778 2.659260036932778
need 1 1.2039728043259361 1.2039728043259361
needed 1 1.3862943611198906 1.3862943611198906
netherlands 1 1.7719568419318754 1.7719568419318754
never 1 1.4696759700589417 1.4696759700589417
nevertheless 1 2.5257286443082556 2.5257286443082556
newspaper 1 1.5141277326297755 1.5141277326297755
nokrashy 1 4.605170185988092 4.605170185988092
nonprofit 1 0.0 0.0
notably 1 3.506557897319982 3.506557897319982
november 1 0.3011050927839216 0.3011050927839216
obtain 1 2.5257286443082556 2.5257286443082556
obtained 1 2.8134107167600364 2.8134107167600364
october 1 0.28768207245178085 0.28768207245178085
office 1 1.1086626245216111 1.1086626245216111
often 1 1.6607312068216509 1.6607312068216509
old 1 1.07880966137193 1.07880966137193
ollibeforecontent 1 0.127833371509885 0.127833371509885
one 1 0.23572233352106994 0.23572233352106994
onore 1 4.605170185988092 4.605170185988092
operate 1 2.995732273553991 2.995732273553991
opposition 1 1.9661128563728327 1.9661128563728327
organization 1 0.0 0.0
organizationname 1 0.010050335853501506 0.010050335853501506
orientaliste 1 4.605170185988092 4.605170185988092
original 1 0.4155154439616658 0.4155154439616658
ottantesimo 1 4.605170185988092 4.605170185988092
oup 1 3.506557897319982 3.506557897319982
padding 1 2.659260036932778 2.659260036932778
page 1 0.0 0.0
paris 1 2.0402208285265546 2.0402208285265546
part 1 0.6348782724359695 0.6348782724359695
particular 1 2.120263536200091 2.120263536200091
particularity 1 4.605170185988092 4.605170185988092
particularly 1 2.120263536200091 2.120263536200091
party 1 1.2378743560016172 1.2378743560016172
pasha 1 4.605170185988092 4.605170185988092
passing 1 2.407945608651872 2.407945608651872
paul 1 0.8675005677047231 0.8675005677047231
pdfprintable 1 0.0 0.0
peace 1 2.0402208285265546 2.0402208285265546
permanent 1 0.0 0.0
personal 1 0.0 0.0
personality 1 2.207274913189721 2.207274913189721
pertains 1 4.605170185988092 4.605170185988092
philosophy 1 2.407945608651872 2.407945608651872
place 1 0.653926467406664 0.653926467406664
placed 1 1.7147984280919266 1.7147984280919266
plainlist 1 0.7339691750802005 0.7339691750802005
pointed 1 3.2188758248682006 3.2188758248682006
policy 1 0.0 0.0
political 1 1.3470736479666094 1.3470736479666094
politician 1 1.8971199848858813 1.8971199848858813
portal 1 0.0 0.0
position 1 1.1394342831883648 1.1394342831883648
power 1 1.0216512475319812 1.0216512475319812
practice 1 2.0402208285265546 2.0402208285265546
preceded 1 2.302585092994046 2.302585092994046
predicated 1 4.605170185988092 4.605170185988092
premise 1 4.605170185988092 4.605170185988092
presided 1 3.912023005428146 3.912023005428146
presidency 1 2.995732273553991 2.995732273553991
president 1 1.3470736479666094 1.3470736479666094
presiding 1 3.912023005428146 3.912023005428146
primary 1 2.0402208285265546 2.0402208285265546
prime 1 2.0402208285265546 2.0402208285265546
principle 1 2.407945608651872 2.407945608651872
print 1 3.912023005428146 3.912023005428146
printbodyns 1 0.09431067947124142 0.09431067947124142
printexport 1 0.0 0.0
privacy 1 0.0 0.0
private 1 1.8325814637483102 1.8325814637483102
prize 1 2.659260036932778 2.659260036932778
problem 1 2.120263536200091 2.120263536200091
procedure 1 3.2188758248682006 3.2188758248682006
proceeded 1 3.2188758248682006 3.2188758248682006
process 1 1.5141277326297755 1.5141277326297755
profession 1 2.995732273553991 2.995732273553991
professor 1 2.207274913189721 2.207274913189721
project 1 0.0 0.0
promulgated 1 3.506557897319982 3.506557897319982
proper 1 2.8134107167600364 2.8134107167600364
prosecutor 1 3.2188758248682006 3.2188758248682006
prudent 1 3.912023005428146 3.912023005428146
public 1 0.9675840262617057 0.9675840262617057
publication 1 1.3862943611198906 1.3862943611198906
published 1 1.3862943611198906 1.3862943611198906
publisher 1 1.8325814637483102 1.8325814637483102
pursuit 1 2.995732273553991 2.995732273553991
put 1 1.8971199848858813 1.8971199848858813
qanun 1 4.605170185988092 4.605170185988092
qnn 1 4.605170185988092 4.605170185988092
quarterly 1 2.995732273553991 2.995732273553991
random 1 0.0 0.0
rashad 1 4.605170185988092 4.605170185988092
rashid 1 3.912023005428146 3.912023005428146
rather 1 2.120263536200091 2.120263536200091
razzak 1 4.605170185988092 4.605170185988092
razzaq 1 4.605170185988092 4.605170185988092
razzq 1 4.605170185988092 4.605170185988092
reaching 1 2.995732273553991 2.995732273553991
read 1 0.0 0.0
reason 1 1.9661128563728327 1.9661128563728327
receiving 1 1.8971199848858813 1.8971199848858813
recent 1 0.0 0.0
reconciliation 1 3.506557897319982 3.506557897319982
reconciling 1 4.605170185988092 4.605170185988092
recourse 1 4.605170185988092 4.605170185988092
redistribution 1 3.912023005428146 3.912023005428146
reducing 1 2.995732273553991 2.995732273553991
ref 1 1.8971199848858813 1.8971199848858813
reference 1 0.03045920748470844 0.03045920748470844
reflected 1 3.506557897319982 3.506557897319982
reflist 1 0.06187540371808745 0.06187540371808745
reflistcolumns 1 0.06187540371808745 0.06187540371808745
reform 1 2.0402208285265546 2.0402208285265546
refused 1 2.659260036932778 2.659260036932778
reg 1 0.0 0.0
regarded 1 2.995732273553991 2.995732273553991
registered 1 0.0 0.0
related 1 0.0 0.0
relative 1 2.5257286443082556 2.5257286443082556
religious 1 2.0402208285265546 2.0402208285265546
remain 1 2.207274913189721 2.207274913189721
remains 1 2.0402208285265546 2.0402208285265546
remembered 1 3.2188758248682006 3.2188758248682006
render 1 3.912023005428146 3.912023005428146
reoccur 1 4.605170185988092 4.605170185988092
research 1 1.6094379124341003 1.6094379124341003
resided 1 3.506557897319982 3.506557897319982
resorted 1 3.912023005428146 3.912023005428146
responsible 1 2.302585092994046 2.302585092994046
restriction 1 3.2188758248682006 3.2188758248682006
resulted 1 2.120263536200091 2.120263536200091
retained 1 2.659260036932778 2.659260036932778
rethinking 1 4.605170185988092 4.605170185988092
retrieved 1 0.0 0.0
return 1 1.07880966137193 1.07880966137193
returned 1 1.4271163556401458 1.4271163556401458
review 1 1.07880966137193 1.07880966137193
revised 1 2.407945608651872 2.407945608651872
revolution 1 1.9661128563728327 1.9661128563728327
revolutionary 1 2.207274913189721 2.207274913189721
rienner 1 4.605170185988092 4.605170185988092
right 1 0.9675840262617057 0.9675840262617057
rightly 1 4.605170185988092 4.605170185988092
riles 1 4.605170185988092 4.605170185988092
riot 1 2.659260036932778 2.659260036932778
ritual 1 3.2188758248682006 3.2188758248682006
root 1 2.5257286443082556 2.5257286443082556
rule 1 1.4696759700589417 1.4696759700589417
rumoured 1 3.912023005428146 3.912023005428146
saadist 1 4.605170185988092 4.605170185988092
saleh 1 4.605170185988092 4.605170185988092
salma 1 4.605170185988092 4.605170185988092
sanhr 1 4.605170185988092 4.605170185988092
sanhrs 1 4.605170185988092 4.605170185988092
sanhuri 1 4.605170185988092 4.605170185988092
sanhuris 1 4.605170185988092 4.605170185988092
sayyid 1 4.605170185988092 4.605170185988092
scholar 1 1.7147984280919266 1.7147984280919266
school 1 0.7765287894989963 0.7765287894989963
science 1 1.171182981502945 1.171182981502945
scientific 1 2.659260036932778 2.659260036932778
screen 1 0.010050335853501506 0.010050335853501506
search 1 0.0 0.0
secessionist 1 3.506557897319982 3.506557897319982
secondary 1 2.659260036932778 2.659260036932778
secretary 1 1.9661128563728327 1.9661128563728327
secure 1 2.8134107167600364 2.8134107167600364
see 1 0.40047756659712536 0.40047756659712536
select 1 2.995732273553991 2.995732273553991
serving 1 2.120263536200091 2.120263536200091
set 1 0.9942522733438669 0.9942522733438669
shakra 1 4.605170185988092 4.605170185988092
shalakany 1 4.605170185988092 4.605170185988092
shall 1 2.8134107167600364 2.8134107167600364
sham 1 4.605170185988092 4.605170185988092
shar 1 4.605170185988092 4.605170185988092
share 1 0.0 0.0
sharia 1 4.605170185988092 4.605170185988092
short 1 0.06187540371808745 0.06187540371808745
shortdescription 1 0.2613647641344075 0.2613647641344075
shortened 1 0.0 0.0
sibling 1 3.2188758248682006 3.2188758248682006
sidebar 1 0.0 0.0
significance 1 3.506557897319982 3.506557897319982
since 1 0.7985076962177716 0.7985076962177716
site 1 0.0 0.0
six 1 1.3470736479666094 1.3470736479666094
snhr 1 4.605170185988092 4.605170185988092
social 1 1.3093333199837622 1.3093333199837622
socialist 1 2.407945608651872 2.407945608651872
society 1 1.4271163556401458 1.4271163556401458
sociological 1 4.605170185988092 4.605170185988092
solid 1 0.09431067947124142 0.09431067947124142
solidity 1 4.605170185988092 4.605170185988092
solution 1 2.5257286443082556 2.5257286443082556
source 1 0.5798184952529422 0.5798184952529422
special 1 0.0 0.0
spending 1 3.2188758248682006 3.2188758248682006
state 1 0.3147107448397002 0.3147107448397002
statement 1 0.0 0.0
statistic 1 0.0 0.0
stay 1 2.0402208285265546 2.0402208285265546
strong 1 1.6607312068216509 1.6607312068216509
struggle 1 2.659260036932778 2.659260036932778
studi 1 3.912023005428146 3.912023005428146
study 1 1.2729656758128876 1.2729656758128876
subordinated 1 4.605170185988092 4.605170185988092
subsequently 1 2.407945608651872 2.407945608651872
substantively 1 4.605170185988092 4.605170185988092
succeeded 1 2.120263536200091 2.120263536200091
sudan 1 3.506557897319982 3.506557897319982
suggested 1 2.659260036932778 2.659260036932778
suo 1 3.912023005428146 3.912023005428146
sustained 1 3.506557897319982 3.506557897319982
sweden 1 2.207274913189721 2.207274913189721
syria 1 3.2188758248682006 3.2188758248682006
syrian 1 3.506557897319982 3.506557897319982
system 1 0.9162907318741551 0.9162907318741551
table 1 0.0 0.0
take 1 0.9675840262617057 0.9675840262617057
talk 1 0.0 0.0
task 1 2.5257286443082556 2.5257286443082556
tasked 1 3.506557897319982 3.506557897319982
taught 1 2.659260036932778 2.659260036932778
tdhlist 1 0.1392620673335076 0.1392620673335076
teacher 1 1.9661128563728327 1.9661128563728327
template 1 0.0 0.0
temporal 1 3.912023005428146 3.912023005428146
tenet 1 3.2188758248682006 3.2188758248682006
tenure 1 2.5257286443082556 2.5257286443082556
term 1 0.0 0.0
text 1 0.0 0.0
thawrat 1 4.605170185988092 4.605170185988092
thbodyskinresponsive 1 0.3147107448397002 0.3147107448397002
theology 1 2.995732273553991 2.995732273553991
theory 1 2.302585092994046 2.302585092994046
therefore 1 2.207274913189721 2.207274913189721
thought 1 1.8971199848858813 1.8971199848858813
throughout 1 1.171182981502945 1.171182981502945
time 1 0.28768207245178085 0.28768207245178085
together 1 1.5141277326297755 1.5141277326297755
toggle 1 0.010050335853501506 0.010050335853501506
tool 1 0.0 0.0
top 1 0.010050335853501506 0.010050335853501506
topic 1 0.0 0.0
total 1 0.0 0.0
trademark 1 0.0 0.0
traditional 1 2.302585092994046 2.302585092994046
transition 1 2.407945608651872 2.407945608651872
travail 1 4.605170185988092 4.605170185988092
treatment 1 2.659260036932778 2.659260036932778
two 1 0.43078291609245434 0.43078291609245434
ulama 1 4.605170185988092 4.605170185988092
ulpaddingem 1 0.1392620673335076 0.1392620673335076
unable 1 2.407945608651872 2.407945608651872
unclear 1 3.2188758248682006 3.2188758248682006
undertook 1 3.506557897319982 3.506557897319982
unique 1 2.207274913189721 2.207274913189721
united 1 0.4155154439616658 0.4155154439616658
unity 1 2.659260036932778 2.659260036932778
university 1 0.616186139423817 0.616186139423817
unsourced 1 1.3862943611198906 1.3862943611198906
upload 1 0.0 0.0
upon 1 1.2729656758128876 1.2729656758128876
usa 1 1.9661128563728327 1.9661128563728327
use 1 0.0 0.0
using 1 0.0 0.0
utc 1 0.0 0.0
var 1 0.0 0.0
variable 1 3.912023005428146 3.912023005428146
various 1 1.5141277326297755 1.5141277326297755
version 1 0.0 0.0
view 1 0.0 0.0
vision 1 2.120263536200091 2.120263536200091
visited 1 2.302585092994046 2.302585092994046
vol 1 1.5606477482646683 1.5606477482646683
volume 1 1.6094379124341003 1.6094379124341003
wafd 1 3.912023005428146 3.912023005428146
walmadaniyya 1 4.605170185988092 4.605170185988092
walqanun 1 4.605170185988092 4.605170185988092
war 1 0.7985076962177716 0.7985076962177716
way 1 1.1086626245216111 1.1086626245216111
western 1 1.2039728043259361 1.2039728043259361
whereas 1 2.995732273553991 2.995732273553991
whether 1 2.302585092994046 2.302585092994046
wholly 1 3.506557897319982 3.506557897319982
whose 1 1.7147984280919266 1.7147984280919266
widen 1 4.605170185988092 4.605170185988092
widespread 1 2.995732273553991 2.995732273553991
wikidata 1 0.010050335853501506 0.010050335853501506
wikimedia 1 0.0 0.0
wikipedia 1 0.0 0.0
within 1 1.3862943611198906 1.3862943611198906
wood 1 1.7147984280919266 1.7147984280919266
work 1 0.7133498878774648 0.7133498878774648
worked 1 1.6607312068216509 1.6607312068216509
world 1 0.5108256237659907 0.5108256237659907
worship 1 2.995732273553991 2.995732273553991
would 1 0.7550225842780328 0.7550225842780328
writing 1 1.8325814637483102 1.8325814637483102
year 1 0.3424903089467759 0.3424903089467759
ylyo 1 4.605170185988092 4.605170185988092
zaim 1 4.605170185988092 4.605170185988092
ziadeh 1 4.605170185988092 4.605170185988092
