aabclearbothmarginem 1 3.506557897319982 3.506557897319982
aabmargin 1 3.506557897319982 3.506557897319982
academy 1 1.8325814637483102 1.8325814637483102
account 1 0.0 0.0
accumulated 1 4.605170185988092 4.605170185988092
action 1 0.0 0.0
adalbert 1 4.605170185988092 4.605170185988092
add 1 0.0 0.0
addition 1 1.3862943611198906 1.3862943611198906
additional 1 0.0 0.0
address 1 2.8134107167600364 2.8134107167600364
administrative 1 2.995732273553991 2.995732273553991
age 1 0.7985076962177716 0.7985076962177716
aged 1 2.120263536200091 2.120263536200091
agnes 1 3.506557897319982 3.506557897319982
agree 1 0.0 0.0
air 1 1.8971199848858813 1.8971199848858813
albert 1 2.0402208285265546 2.0402208285265546
alexander 1 1.5141277326297755 1.5141277326297755
alike 1 0.0 0.0
allow 1 2.207274913189721 2.207274913189721
alphonse 1 3.912023005428146 3.912023005428146
also 1 0.127833371509885 0.127833371509885
alumnus 1 2.207274913189721 2.207274913189721
amde 1 3.506557897319982 3.506557897319982
american 1 0.5276327420823719 0.5276327420823719
andres 1 3.506557897319982 3.506557897319982
andrew 1 1.5141277326297755 1.5141277326297755
angel 1 2.407945608651872 2.407945608651872
anne 1 2.5257286443082556 2.5257286443082556
annunciation 1 3.912023005428146 3.912023005428146
another 1 0.9675840262617057 0.9675840262617057
ansonia 1 4.605170185988092 4.605170185988092
anthony 1 1.5141277326297755 1.5141277326297755
appearance 1 0.0 0.0
apply 1 0.0 0.0
appointed 1 1.9661128563728327 1.9661128563728327
april 1 0.44628710262841953 0.44628710262841953
archangel 1 4.605170185988092 4.605170185988092
archbishop 1 3.506557897319982 3.506557897319982
archdiocese 1 3.506557897319982 3.506557897319982
archdioceseof 1 4.605170185988092 4.605170185988092
archived 1 0.47803580094299974 0.47803580094299974
area 1 1.2729656758128876 1.2729656758128876
article 1 0.0 0.0
assignment 1 2.995732273553991 2.995732273553991
assumption 1 3.2188758248682006 3.2188758248682006
athans 1 4.605170185988092 4.605170185988092
attended 1 2.120263536200091 2.120263536200091
attribution 1 0.0 0.0
auburn 1 3.506557897319982 3.506557897319982
augusta 1 3.506557897319982 3.506557897319982
augustin 1 3.912023005428146 3.912023005428146
augustine 1 2.995732273553991 2.995732273553991
auley 1 4.605170185988092 4.605170185988092
auliffe 1 4.605170185988092 4.605170185988092
austin 1 2.659260036932778 2.659260036932778
authority 1 0.8915981192837835 0.8915981192837835
auto 1 0.1392620673335076 0.1392620673335076
autopaddingem 1 3.506557897319982 3.506557897319982
auxiliary 1 3.2188758248682006 3.2188758248682006
available 1 0.0 0.0
bacon 1 3.506557897319982 3.506557897319982
bangor 1 4.605170185988092 4.605170185988092
basilica 1 3.912023005428146 3.912023005428146
baumann 1 4.605170185988092 4.605170185988092
bauniversity 1 4.605170185988092 4.605170185988092
became 1 0.7133498878774648 0.7133498878774648
become 1 1.2378743560016172 1.2378743560016172
began 1 0.8675005677047231 0.8675005677047231
belgium 1 2.207274913189721 2.207274913189721
benedict 1 3.2188758248682006 3.2188758248682006
benilde 1 4.605170185988092 4.605170185988092
bernard 1 2.995732273553991 2.995732273553991
bestowed 1 3.912023005428146 3.912023005428146
betancourt 1 3.912023005428146 3.912023005428146
bethlehem 1 3.912023005428146 3.912023005428146
biddeford 1 4.605170185988092 4.605170185988092
binz 1 4.605170185988092 4.605170185988092
biography 1 1.6607312068216509 1.6607312068216509
birth 1 1.1394342831883648 1.1394342831883648
bishop 1 2.407945608651872 2.407945608651872
blair 1 2.5257286443082556 2.5257286443082556
bloomfield 1 4.605170185988092 4.605170185988092
board 1 1.5606477482646683 1.5606477482646683
bonzano 1 4.605170185988092 4.605170185988092
born 1 1.1394342831883648 1.1394342831883648
bradley 1 2.407945608651872 2.407945608651872
brady 1 2.8134107167600364 2.8134107167600364
bristol 1 3.912023005428146 3.912023005428146
britain 1 2.5257286443082556 2.5257286443082556
brother 1 1.6607312068216509 1.6607312068216509
bullock 1 3.912023005428146 3.912023005428146
burial 1 3.506557897319982 3.506557897319982
busch 1 4.605170185988092 4.605170185988092
byrne 1 4.605170185988092 4.605170185988092
called 1 0.8209805520698303 0.8209805520698303
calvary 1 4.605170185988092 4.605170185988092
campbell 1 2.207274913189721 2.207274913189721
cancer 1 2.659260036932778 2.659260036932778
canterbury 1 4.605170185988092 4.605170185988092
carlson 1 3.2188758248682006 3.2188758248682006
carrickmacross 1 4.605170185988092 4.605170185988092
carthy 1 3.506557897319982 3.506557897319982
casimir 1 4.605170185988092 4.605170185988092
category 1 0.0 0.0
cathedral 1 2.995732273553991 2.995732273553991
catherine 1 2.995732273553991 2.995732273553991
catholic 1 2.207274913189721 2.207274913189721
catholicism 1 3.2188758248682006 3.2188758248682006
catholicismportal 1 4.605170185988092 4.605170185988092
cemetery 1 2.995732273553991 2.995732273553991
centerpx 1 0.0408219945202552 0.0408219945202552
chancellor 1 3.2188758248682006 3.2188758248682006
change 1 0.0 0.0
chanhassen 1 4.605170185988092 4.605170185988092
chapel 1 2.995732273553991 2.995732273553991
chaplain 1 3.2188758248682006 3.2188758248682006
charity 1 3.2188758248682006 3.2188758248682006
charles 1 1.171182981502945 1.171182981502945
charron 1 4.605170185988092 4.605170185988092
chaska 1 4.605170185988092 4.605170185988092
chesterton 1 4.605170185988092 4.605170185988092
cheverus 1 4.605170185988092 4.605170185988092
child 1 1.07880966137193 1.07880966137193
christensen 1 4.605170185988092 4.605170185988092
christian 1 1.4696759700589417 1.4696759700589417
christianleader 1 4.605170185988092 4.605170185988092
christie 1 3.912023005428146 3.912023005428146
christine 1 2.8134107167600364 2.8134107167600364
christopher 1 1.9661128563728327 1.9661128563728327
church 1 1.6607312068216509 1.6607312068216509
cieminski 1 4.605170185988092 4.605170185988092
citation 1 0.0408219945202552 0.0408219945202552
cite 1 0.0 0.0
citebook 1 1.8971199848858813 1.8971199848858813
city 1 0.6348782724359695 0.6348782724359695
clayton 1 2.659260036932778 2.659260036932778
clergy 1 3.506557897319982 3.506557897319982
coadjutor 1 3.912023005428146 3.912023005428146
coconsecrators 1 4.605170185988092 4.605170185988092
code 1 0.0 0.0
college 1 1.1394342831883648 1.1394342831883648
committee 1 1.6607312068216509 1.6607312068216509
common 1 0.0 0.0
conception 1 3.912023005428146 3.912023005428146
conduct 1 0.0 0.0
confraternity 1 4.605170185988092 4.605170185988092
congress 1 1.7147984280919266 1.7147984280919266
connecticut 1 2.207274913189721 2.207274913189721
connolly 1 4.605170185988092 4.605170185988092
connor 1 2.995732273553991 2.995732273553991
consecration 1 3.506557897319982 3.506557897319982
consequently 1 3.2188758248682006 3.2188758248682006
considered 1 1.3862943611198906 1.3862943611198906
constructed 1 3.506557897319982 3.506557897319982
contact 1 0.0 0.0
content 1 0.0 0.0
context 1 0.010050335853501506 0.010050335853501506
continue 1 2.207274913189721 2.207274913189721
continued 1 1.5141277326297755 1.5141277326297755
continuing 1 2.207274913189721 2.207274913189721
contribute 1 0.0 0.0
contribution 1 0.0 0.0
control 1 0.7765287894989963 0.7765287894989963
convent 1 3.912023005428146 3.912023005428146
cookie 1 0.0 0.0
cookiematch 1 0.0 0.0
corbett 1 3.912023005428146 3.912023005428146
cornelius 1 3.912023005428146 3.912023005428146
council 1 1.4696759700589417 1.4696759700589417
counterlistitema 1 0.127833371509885 0.127833371509885
county 1 1.6607312068216509 1.6607312068216509
cowley 1 4.605170185988092 4.605170185988092
coyne 1 4.605170185988092 4.605170185988092
cozzens 1 4.605170185988092 4.605170185988092
create 1 0.0 0.0
creative 1 0.0 0.0
cretin 1 4.605170185988092 4.605170185988092
cristo 1 3.506557897319982 3.506557897319982
cronin 1 3.912023005428146 3.912023005428146
cross 1 1.8325814637483102 1.8325814637483102
crtin 1 4.605170185988092 4.605170185988092
crusade 1 3.506557897319982 3.506557897319982
csmaintcolorf 1 0.06187540371808745 0.06187540371808745
csmaintcolorfmedia 1 0.0408219945202552 0.0408219945202552
cswsicon 1 0.0408219945202552 0.0408219945202552
current 1 0.0 0.0
curtis 1 2.302585092994046 2.302585092994046
cyril 1 2.995732273553991 2.995732273553991
dame 1 2.995732273553991 2.995732273553991
daniel 1 1.3862943611198906 1.3862943611198906
database 1 0.9675840262617057 0.9675840262617057
david 1 0.9942522733438669 0.9942522733438669
dead 1 1.5606477482646683 1.5606477482646683
death 1 1.171182981502945 1.171182981502945
debt 1 2.995732273553991 2.995732273553991
dedicated 1 2.407945608651872 2.407945608651872
deeley 1 4.605170185988092 4.605170185988092
defunct 1 2.8134107167600364 2.8134107167600364
denis 1 2.995732273553991 2.995732273553991
depression 1 3.2188758248682006 3.2188758248682006
der 1 2.302585092994046 2.302585092994046
derby 1 2.995732273553991 2.995732273553991
derham 1 4.605170185988092 4.605170185988092
descentthcentury 1 4.605170185988092 4.605170185988092
description 1 0.07257069283483537 0.07257069283483537
detail 1 1.6094379124341003 1.6094379124341003
deutsch 1 0.9416085398584451 0.9416085398584451
developer 1 0.0 0.0
died 1 1.3093333199837622 1.3093333199837622
different 1 0.3424903089467759 0.3424903089467759
diocesan 1 3.912023005428146 3.912023005428146
diocese 1 3.912023005428146 3.912023005428146
disambiguation 1 2.995732273553991 2.995732273553991
disclaimer 1 0.0 0.0
doctrine 1 2.8134107167600364 2.8134107167600364
dollar 1 2.995732273553991 2.995732273553991
dominic 1 3.2188758248682006 3.2188758248682006
donald 1 2.120263536200091 2.120263536200091
donate 1 0.0 0.0
donnelly 1 3.506557897319982 3.506557897319982
dowling 1 4.605170185988092 4.605170185988092
download 1 0.0 0.0
downtown 1 3.506557897319982 3.506557897319982
dtaftercontent 1 0.127833371509885 0.127833371509885
dudley 1 3.2188758248682006 3.2188758248682006
duffy 1 2.995732273553991 2.995732273553991
duty 1 2.5257286443082556 2.5257286443082556
early 1 0.6348782724359695 0.6348782724359695
east 1 1.0498221244986776 1.0498221244986776
edina 1 4.605170185988092 4.605170185988092
education 1 1.3470736479666094 1.3470736479666094
edward 1 1.5606477482646683 1.5606477482646683
effect 1 2.0402208285265546 2.0402208285265546
eliminated 1 2.8134107167600364 2.8134107167600364
ellen 1 3.2188758248682006 3.2188758248682006
emflex 1 3.506557897319982 3.506557897319982
encyclopedia 1 0.0 0.0
ended 1 2.0402208285265546 2.0402208285265546
enfield 1 4.605170185988092 4.605170185988092
english 1 0.0 0.0
episcopal 1 3.506557897319982 3.506557897319982
established 1 1.1086626245216111 1.1086626245216111
eucharistic 1 3.912023005428146 3.912023005428146
event 1 0.0 0.0
ever 1 1.7147984280919266 1.7147984280919266
everything 1 2.659260036932778 2.659260036932778
excellency 1 4.605170185988092 4.605170185988092
exp 1 0.0 0.0
external 1 0.44628710262841953 0.44628710262841953
fall 1 1.07880966137193 1.07880966137193
family 1 0.9162907318741551 0.9162907318741551
faribault 1 3.912023005428146 3.912023005428146
farland 1 3.2188758248682006 3.2188758248682006
february 1 0.27443684570176036 0.27443684570176036
feeney 1 4.605170185988092 4.605170185988092
fifth 1 2.120263536200091 2.120263536200091
figure 1 1.3470736479666094 1.3470736479666094
file 1 0.0 0.0
first 1 0.1508228897345837 0.1508228897345837
fiveyear 1 3.912023005428146 3.912023005428146
flavias 1 4.605170185988092 4.605170185988092
flynn 1 3.912023005428146 3.912023005428146
following 1 0.7133498878774648 0.7133498878774648
former 1 0.9675840262617057 0.9675840262617057
foundation 1 0.0 0.0
founded 1 1.7147984280919266 1.7147984280919266
francis 1 1.6607312068216509 1.6607312068216509
frederick 1 2.302585092994046 2.302585092994046
free 1 0.0 0.0
fridley 1 4.605170185988092 4.605170185988092
funding 1 2.995732273553991 2.995732273553991
galberry 1 4.605170185988092 4.605170185988092
general 1 0.0 0.0
georgina 1 3.912023005428146 3.912023005428146
gerald 1 2.407945608651872 2.407945608651872
gerety 1 4.605170185988092 4.605170185988092
gerry 1 2.995732273553991 2.995732273553991
get 1 0.0 0.0
giovanni 1 3.912023005428146 3.912023005428146
golrick 1 4.605170185988092 4.605170185988092
grace 1 2.407945608651872 2.407945608651872
graduated 1 2.5257286443082556 2.5257286443082556
graduating 1 3.2188758248682006 3.2188758248682006
grave 1 2.995732273553991 2.995732273553991
great 1 0.9675840262617057 0.9675840262617057
greek 1 2.407945608651872 2.407945608651872
gregory 1 2.659260036932778 2.659260036932778
grood 1 4.605170185988092 4.605170185988092
grosse 1 4.605170185988092 4.605170185988092
guardian 1 2.302585092994046 2.302585092994046
guild 1 3.2188758248682006 3.2188758248682006
gymnasium 1 4.605170185988092 4.605170185988092
hacker 1 3.912023005428146 3.912023005428146
hackett 1 4.605170185988092 4.605170185988092
hall 1 1.3470736479666094 1.3470736479666094
ham 1 3.506557897319982 3.506557897319982
hamden 1 4.605170185988092 4.605170185988092
harry 1 2.120263536200091 2.120263536200091
hartford 1 2.995732273553991 2.995732273553991
hatnote 1 0.843970070294529 0.843970070294529
healy 1 4.605170185988092 4.605170185988092
heart 1 1.4696759700589417 1.4696759700589417
hebda 1 4.605170185988092 4.605170185988092
hedwig 1 4.605170185988092 4.605170185988092
heffron 1 4.605170185988092 4.605170185988092
height 1 3.506557897319982 3.506557897319982
held 1 1.171182981502945 1.171182981502945
help 1 0.0 0.0
henry 1 1.5606477482646683 1.5606477482646683
hessian 1 3.912023005428146 3.912023005428146
hidden 1 0.010050335853501506 0.010050335853501506
hide 1 0.0 0.0
hierarchy 1 4.605170185988092 4.605170185988092
hierarchyorg 1 4.605170185988092 4.605170185988092
high 1 0.9416085398584451 0.9416085398584451
higher 1 2.0402208285265546 2.0402208285265546
highest 1 1.7719568419318754 1.7719568419318754
hilary 1 3.506557897319982 3.506557897319982
hill 1 1.2039728043259361 1.2039728043259361
historic 1 2.659260036932778 2.659260036932778
history 1 0.0 0.0
hlist 1 0.127833371509885 0.127833371509885
hlistinline 1 0.127833371509885 0.127833371509885
holy 1 1.8971199848858813 1.8971199848858813
homeless 1 3.506557897319982 3.506557897319982
honor 1 1.8325814637483102 1.8325814637483102
hospital 1 1.9661128563728327 1.9661128563728327
hubertus 1 3.912023005428146 3.912023005428146
idlockfree 1 0.0408219945202552 0.0408219945202552
idlockfreeidlockfree 1 0.0408219945202552 0.0408219945202552
idlocklimited 1 0.0408219945202552 0.0408219945202552
idlockregistration 1 0.0408219945202552 0.0408219945202552
idlocksubscription 1 0.0408219945202552 0.0408219945202552
immaculate 1 3.506557897319982 3.506557897319982
immigrant 1 3.506557897319982 3.506557897319982
inc 1 0.0 0.0
influence 1 2.0402208285265546 2.0402208285265546
infobox 1 0.3011050927839216 0.3011050927839216
infoboxtable 1 0.3147107448397002 0.3147107448397002
information 1 0.0 0.0
installation 1 3.912023005428146 3.912023005428146
installed 1 2.995732273553991 2.995732273553991
institution 1 2.120263536200091 2.120263536200091
international 1 0.5978370007556204 0.5978370007556204
interred 1 3.2188758248682006 3.2188758248682006
ireland 1 2.302585092994046 2.302585092994046
irish 1 2.659260036932778 2.659260036932778
item 1 0.010050335853501506 0.010050335853501506
izen 1 4.605170185988092 4.605170185988092
jail 1 3.2188758248682006 3.2188758248682006
jakub 1 4.605170185988092 4.605170185988092
james 1 1.0498221244986776 1.0498221244986776
january 1 0.3424903089467759 0.3424903089467759
jeremiah 1 3.912023005428146 3.912023005428146
jesuit 1 3.912023005428146 3.912023005428146
john 1 0.49429632181478017 0.49429632181478017
joncas 1 4.605170185988092 4.605170185988092
joseph 1 1.5141277326297755 1.5141277326297755
josephus 1 4.605170185988092 4.605170185988092
jozef 1 4.605170185988092 4.605170185988092
juan 1 2.302585092994046 2.302585092994046
jump 1 0.0 0.0
june 1 0.40047756659712536 0.40047756659712536
keane 1 4.605170185988092 4.605170185988092
kenney 1 3.912023005428146 3.912023005428146
keough 1 4.605170185988092 4.605170185988092
kevin 1 1.5606477482646683 1.5606477482646683
kinney 1 3.912023005428146 3.912023005428146
kostka 1 4.605170185988092 4.605170185988092
lady 1 2.302585092994046 2.302585092994046
language 1 0.0 0.0
laois 1 4.605170185988092 4.605170185988092
last 1 0.0 0.0
latin 1 2.5257286443082556 2.5257286443082556
lauralton 1 4.605170185988092 4.605170185988092
lawler 1 3.912023005428146 3.912023005428146
lawrence 1 2.302585092994046 2.302585092994046
lawyer 1 2.120263536200091 2.120263536200091
learn 1 0.0 0.0
lee 1 1.6607312068216509 1.6607312068216509
leix 1 4.605170185988092 4.605170185988092
leo 1 2.8134107167600364 2.8134107167600364
leonard 1 2.659260036932778 2.659260036932778
leuven 1 3.912023005428146 3.912023005428146
lewiston 1 3.506557897319982 3.506557897319982
liaftercontent 1 0.127833371509885 0.127833371509885
library 1 1.6094379124341003 1.6094379124341003
license 1 0.0 0.0
life 1 0.5447271754416719 0.5447271754416719
link 1 0.0 0.0
lisbon 1 3.912023005428146 3.912023005428146
list 1 0.6348782724359695 0.6348782724359695
liturgical 1 3.506557897319982 3.506557897319982
loan 1 2.5257286443082556 2.5257286443082556
log 1 0.0 0.0
logged 1 0.0 0.0
louis 1 1.5141277326297755 1.5141277326297755
lourdes 1 4.605170185988092 4.605170185988092
louvain 1 3.912023005428146 3.912023005428146
loverde 1 4.605170185988092 4.605170185988092
lucker 1 4.605170185988092 4.605170185988092
macaluso 1 4.605170185988092 4.605170185988092
madawaska 1 4.605170185988092 4.605170185988092
made 1 0.653926467406664 0.653926467406664
magazine 1 1.8971199848858813 1.8971199848858813
mahon 1 3.2188758248682006 3.2188758248682006
mahwah 1 4.605170185988092 4.605170185988092
main 1 0.0 0.0
maine 1 2.659260036932778 2.659260036932778
mainother 1 1.5141277326297755 1.5141277326297755
malone 1 2.995732273553991 2.995732273553991
manchester 1 2.8134107167600364 2.8134107167600364
mandated 1 4.605170185988092 4.605170185988092
mansell 1 3.912023005428146 3.912023005428146
many 1 0.7550225842780328 0.7550225842780328
maplewood 1 3.912023005428146 3.912023005428146
margarets 1 4.605170185988092 4.605170185988092
mark 1 1.1394342831883648 1.1394342831883648
mary 1 1.7719568419318754 1.7719568419318754
maryborough 1 4.605170185988092 4.605170185988092
marystown 1 4.605170185988092 4.605170185988092
massachusetts 1 2.302585092994046 2.302585092994046
maurice 1 2.407945608651872 2.407945608651872
may 1 0.0 0.0
mea 1 3.912023005428146 3.912023005428146
member 1 0.6733445532637655 0.6733445532637655
mendota 1 4.605170185988092 4.605170185988092
menu 1 0.0 0.0
mercy 1 2.5257286443082556 2.5257286443082556
meriden 1 4.605170185988092 4.605170185988092
methodius 1 4.605170185988092 4.605170185988092
michael 1 1.171182981502945 1.171182981502945
michigan 1 2.207274913189721 2.207274913189721
miguel 1 2.302585092994046 2.302585092994046
milford 1 4.605170185988092 4.605170185988092
million 1 1.6094379124341003 1.6094379124341003
minneapolis 1 2.995732273553991 2.995732273553991
minnesota 1 2.0402208285265546 2.0402208285265546
miscellany 1 4.605170185988092 4.605170185988092
missia 1 4.605170185988092 4.605170185988092
mobile 1 0.0 0.0
monaghan 1 4.605170185988092 4.605170185988092
money 1 1.8325814637483102 1.8325814637483102
mortgage 1 3.2188758248682006 3.2188758248682006
motto 1 3.912023005428146 3.912023005428146
move 1 0.0 0.0
murphy 1 2.5257286443082556 2.5257286443082556
murray 1 2.302585092994046 2.302585092994046
named 1 1.2039728043259361 1.2039728043259361
national 1 0.5108256237659907 0.5108256237659907
native 1 2.407945608651872 2.407945608651872
navbar 1 0.23572233352106994 0.23572233352106994
navbarfontsizemedia 1 0.3147107448397002 0.3147107448397002
navbarmini 1 0.23572233352106994 0.23572233352106994
navbox 1 0.1392620673335076 0.1392620673335076
navboximage 1 0.1392620673335076 0.1392620673335076
navboxsubgroup 1 0.1392620673335076 0.1392620673335076
navboxtitle 1 0.1392620673335076 0.1392620673335076
navigation 1 0.0 0.0
nazareth 1 4.605170185988092 4.605170185988092
new 1 0.24846135929849972 0.24846135929849972
newcastle 1 3.2188758248682006 3.2188758248682006
newington 1 4.605170185988092 4.605170185988092
newspaper 1 1.5141277326297755 1.5141277326297755
nienstedt 1 4.605170185988092 4.605170185988092
nilan 1 4.605170185988092 4.605170185988092
ninth 1 2.659260036932778 2.659260036932778
nonprofit 1 0.0 0.0
norfolk 1 4.605170185988092 4.605170185988092
north 1 0.8209805520698303 0.8209805520698303
northwest 1 2.8134107167600364 2.8134107167600364
notre 1 3.2188758248682006 3.2188758248682006
november 1 0.3011050927839216 0.3011050927839216
obrien 1 2.8134107167600364 2.8134107167600364
obtain 1 2.5257286443082556 2.5257286443082556
oconnell 1 3.912023005428146 3.912023005428146
october 1 0.28768207245178085 0.28768207245178085
ogorman 1 4.605170185988092 4.605170185988092
okeefe 1 4.605170185988092 4.605170185988092
oleary 1 4.605170185988092 4.605170185988092
ollibeforecontent 1 0.127833371509885 0.127833371509885
omnia 1 4.605170185988092 4.605170185988092
one 1 0.23572233352106994 0.23572233352106994
ordained 1 3.912023005428146 3.912023005428146
order 1 1.171182981502945 1.171182981502945
ordered 1 2.302585092994046 2.302585092994046
ordinary 1 3.2188758248682006 3.2188758248682006
ordination 1 3.912023005428146 3.912023005428146
oreilly 1 2.995732273553991 2.995732273553991
organization 1 0.0 0.0
organizationname 1 0.010050335853501506 0.010050335853501506
organized 1 2.302585092994046 2.302585092994046
original 1 0.4155154439616658 0.4155154439616658
orphanage 1 3.912023005428146 3.912023005428146
osa 1 4.605170185988092 4.605170185988092
pacholski 1 4.605170185988092 4.605170185988092
page 1 0.0 0.0
paperboy 1 3.912023005428146 3.912023005428146
parameter 1 2.120263536200091 2.120263536200091
parent 1 1.9661128563728327 1.9661128563728327
parish 1 3.506557897319982 3.506557897319982
park 1 1.3093333199837622 1.3093333199837622
pastor 1 3.506557897319982 3.506557897319982
pate 1 3.912023005428146 3.912023005428146
patrick 1 1.8971199848858813 1.8971199848858813
paul 1 0.8675005677047231 0.8675005677047231
pauland 1 4.605170185988092 4.605170185988092
paulist 1 4.605170185988092 4.605170185988092
pdfprintable 1 0.0 0.0
pell 1 3.912023005428146 3.912023005428146
people 1 0.49429632181478017 0.49429632181478017
permanent 1 0.0 0.0
personal 1 0.0 0.0
peter 1 1.3093333199837622 1.3093333199837622
philip 1 1.7147984280919266 1.7147984280919266
pich 1 4.605170185988092 4.605170185988092
pigeon 1 4.605170185988092 4.605170185988092
pius 1 3.912023005428146 3.912023005428146
place 1 0.653926467406664 0.653926467406664
plymouth 1 3.2188758248682006 3.2188758248682006
pointe 1 4.605170185988092 4.605170185988092
policy 1 0.0 0.0
poor 1 2.207274913189721 2.207274913189721
pope 1 2.8134107167600364 2.8134107167600364
portal 1 0.0 0.0
portland 1 2.8134107167600364 2.8134107167600364
portlaoise 1 4.605170185988092 4.605170185988092
post 1 1.07880966137193 1.07880966137193
prague 1 2.995732273553991 2.995732273553991
precededby 1 2.302585092994046 2.302585092994046
predecessor 1 2.5257286443082556 2.5257286443082556
prelate 1 3.912023005428146 3.912023005428146
preparatory 1 3.912023005428146 3.912023005428146
presentday 1 2.8134107167600364 2.8134107167600364
press 1 0.7550225842780328 0.7550225842780328
previously 1 1.8971199848858813 1.8971199848858813
priest 1 2.207274913189721 2.207274913189721
priesthood 1 3.506557897319982 3.506557897319982
printbodyns 1 0.09431067947124142 0.09431067947124142
printexport 1 0.0 0.0
privacy 1 0.0 0.0
private 1 1.8325814637483102 1.8325814637483102
professor 1 2.207274913189721 2.207274913189721
project 1 0.0 0.0
prominent 1 2.407945608651872 2.407945608651872
property 1 1.7147984280919266 1.7147984280919266
proulx 1 3.912023005428146 3.912023005428146
providence 1 3.506557897319982 3.506557897319982
public 1 0.9675840262617057 0.9675840262617057
purification 1 3.506557897319982 3.506557897319982
radio 1 1.4696759700589417 1.4696759700589417
raise 1 2.302585092994046 2.302585092994046
random 1 0.0 0.0
ravoux 1 4.605170185988092 4.605170185988092
raymond 1 2.302585092994046 2.302585092994046
read 1 0.0 0.0
reardon 1 4.605170185988092 4.605170185988092
receive 1 2.207274913189721 2.207274913189721
received 1 1.1394342831883648 1.1394342831883648
recent 1 0.0 0.0
reference 1 0.03045920748470844 0.03045920748470844
reform 1 2.0402208285265546 2.0402208285265546
reg 1 0.0 0.0
registered 1 0.0 0.0
related 1 0.0 0.0
relief 1 2.8134107167600364 2.8134107167600364
religion 1 2.207274913189721 2.207274913189721
religious 1 2.0402208285265546 2.0402208285265546
required 1 2.407945608651872 2.407945608651872
resurrection 1 2.659260036932778 2.659260036932778
retrieved 1 0.0 0.0
return 1 1.07880966137193 1.07880966137193
rev 1 3.912023005428146 3.912023005428146
reverend 1 4.605170185988092 4.605170185988092
rey 1 3.506557897319982 3.506557897319982
richard 1 1.1394342831883648 1.1394342831883648
richfield 1 4.605170185988092 4.605170185988092
roach 1 3.912023005428146 3.912023005428146
robert 1 0.8675005677047231 0.8675005677047231
roman 1 1.7719568419318754 1.7719568419318754
romig 1 4.605170185988092 4.605170185988092
rosazza 1 4.605170185988092 4.605170185988092
ruggieri 1 4.605170185988092 4.605170185988092
ryan 1 1.8325814637483102 1.8325814637483102
sacred 1 2.995732273553991 2.995732273553991
saint 1 1.6607312068216509 1.6607312068216509
salle 1 3.2188758248682006 3.2188758248682006
schenk 1 4.605170185988092 4.605170185988092
schladweiler 1 4.605170185988092 4.605170185988092
school 1 0.7765287894989963 0.7765287894989963
science 1 1.171182981502945 1.171182981502945
screen 1 0.010050335853501506 0.010050335853501506
search 1 0.0 0.0
sebastian 1 2.5257286443082556 2.5257286443082556
second 1 0.49429632181478017 0.49429632181478017
see 1 0.40047756659712536 0.40047756659712536
selected 1 2.207274913189721 2.207274913189721
seminary 1 3.2188758248682006 3.2188758248682006
served 1 1.4696759700589417 1.4696759700589417
serving 1 2.120263536200091 2.120263536200091
sex 1 2.5257286443082556 2.5257286443082556
shahan 1 4.605170185988092 4.605170185988092
shanley 1 4.605170185988092 4.605170185988092
shannon 1 2.5257286443082556 2.5257286443082556
share 1 0.0 0.0
short 1 0.06187540371808745 0.06187540371808745
shortdescription 1 0.2613647641344075 0.2613647641344075
shortened 1 0.0 0.0
show 1 1.0498221244986776 1.0498221244986776
sidebar 1 0.0 0.0
sirba 1 4.605170185988092 4.605170185988092
site 1 0.0 0.0
snac 1 3.2188758248682006 3.2188758248682006
solid 1 0.09431067947124142 0.09431067947124142
southington 1 4.605170185988092 4.605170185988092
special 1 0.0 0.0
spirit 1 1.7147984280919266 1.7147984280919266
srel 1 4.605170185988092 4.605170185988092
stanislaus 1 4.605170185988092 4.605170185988092
stappen 1 4.605170185988092 4.605170185988092
stariha 1 4.605170185988092 4.605170185988092
state 1 0.3147107448397002 0.3147107448397002
statement 1 0.0 0.0
statistic 1 0.0 0.0
stephen 1 1.8971199848858813 1.8971199848858813
student 1 1.3862943611198906 1.3862943611198906
study 1 1.2729656758128876 1.2729656758128876
subsection 1 0.3424903089467759 0.3424903089467759
succeededby 1 2.5257286443082556 2.5257286443082556
successionbox 1 3.912023005428146 3.912023005428146
successor 1 2.207274913189721 2.207274913189721
suffield 1 4.605170185988092 4.605170185988092
suomi 1 1.7719568419318754 1.7719568419318754
support 1 1.2729656758128876 1.2729656758128876
table 1 0.0 0.0
taking 1 1.6607312068216509 1.6607312068216509
talk 1 0.0 0.0
tdhlist 1 0.1392620673335076 0.1392620673335076
template 1 0.0 0.0
tenure 1 2.5257286443082556 2.5257286443082556
term 1 0.0 0.0
terryville 1 4.605170185988092 4.605170185988092
testament 1 3.2188758248682006 3.2188758248682006
text 1 0.0 0.0
thbodyskinresponsive 1 0.3147107448397002 0.3147107448397002
theology 1 2.995732273553991 2.995732273553991
third 1 0.9162907318741551 0.9162907318741551
thirty 1 2.407945608651872 2.407945608651872
thomas 1 1.1394342831883648 1.1394342831883648
tierney 1 3.506557897319982 3.506557897319982
tim 1 1.6607312068216509 1.6607312068216509
time 1 0.28768207245178085 0.28768207245178085
timothy 1 2.302585092994046 2.302585092994046
title 1 0.9162907318741551 0.9162907318741551
titular 1 3.2188758248682006 3.2188758248682006
toggle 1 0.010050335853501506 0.010050335853501506
took 1 1.171182981502945 1.171182981502945
tool 1 0.0 0.0
top 1 0.010050335853501506 0.010050335853501506
topic 1 0.0 0.0
torrington 1 4.605170185988092 4.605170185988092
total 1 0.0 0.0
totino 1 4.605170185988092 4.605170185988092
township 1 2.995732273553991 2.995732273553991
trademark 1 0.0 0.0
transit 1 2.8134107167600364 2.8134107167600364
trier 1 4.605170185988092 4.605170185988092
trinity 1 2.5257286443082556 2.5257286443082556
tua 1 4.605170185988092 4.605170185988092
tyler 1 2.8134107167600364 2.8134107167600364
ulpaddingem 1 0.1392620673335076 0.1392620673335076
unemployed 1 3.912023005428146 3.912023005428146
union 1 1.07880966137193 1.07880966137193
united 1 0.4155154439616658 0.4155154439616658
university 1 0.616186139423817 0.616186139423817
upload 1 0.0 0.0
upon 1 1.2729656758128876 1.2729656758128876
usdenomination 1 4.605170185988092 4.605170185988092
usdied 1 3.912023005428146 3.912023005428146
use 1 0.0 0.0
using 1 0.0 0.0
utc 1 0.0 0.0
vakoc 1 4.605170185988092 4.605170185988092
van 1 1.7147984280919266 1.7147984280919266
var 1 0.0 0.0
version 1 0.0 0.0
viafother 1 4.605170185988092 4.605170185988092
vianney 1 4.605170185988092 4.605170185988092
victoria 1 2.407945608651872 2.407945608651872
victory 1 1.6094379124341003 1.6094379124341003
view 1 0.0 0.0
vincent 1 2.659260036932778 2.659260036932778
visitation 1 3.506557897319982 3.506557897319982
voir 1 4.605170185988092 4.605170185988092
vol 1 1.5606477482646683 1.5606477482646683
vte 1 0.7550225842780328 0.7550225842780328
walking 1 2.659260036932778 2.659260036932778
wallingford 1 3.912023005428146 3.912023005428146
walsh 1 2.302585092994046 2.302585092994046
walter 1 1.7147984280919266 1.7147984280919266
waterbury 1 4.605170185988092 4.605170185988092
wcco 1 4.605170185988092 4.605170185988092
webster 1 2.302585092994046 2.302585092994046
weekly 1 2.5257286443082556 2.5257286443082556
welch 1 3.2188758248682006 3.2188758248682006
welfare 1 2.8134107167600364 2.8134107167600364
welsh 1 2.995732273553991 2.995732273553991
wenceslaus 1 4.605170185988092 4.605170185988092
west 1 1.171182981502945 1.171182981502945
whealon 1 4.605170185988092 4.605170185988092
wheatland 1 4.605170185988092 4.605170185988092
whitefield 1 4.605170185988092 4.605170185988092
who 1 2.659260036932778 2.659260036932778
whole 1 2.120263536200091 2.120263536200091
wikidata 1 0.010050335853501506 0.010050335853501506
wikimedia 1 0.0 0.0
wikipedia 1 0.0 0.0
wilfrid 1 4.605170185988092 4.605170185988092
william 1 1.171182981502945 1.171182981502945
williams 1 1.8971199848858813 1.8971199848858813
worcester 1 4.605170185988092 4.605170185988092
work 1 0.7133498878774648 0.7133498878774648
worked 1 1.6607312068216509 1.6607312068216509
world 1 0.5108256237659907 0.5108256237659907
wrapflex 1 3.506557897319982 3.506557897319982
xiv 1 3.912023005428146 3.912023005428146
year 1 0.3424903089467759 0.3424903089467759
york 1 0.8209805520698303 0.8209805520698303
youth 1 2.207274913189721 2.207274913189721
