aaapaddingem 1 3.2188758248682006 3.2188758248682006
abc 1 2.5257286443082556 2.5257286443082556
able 1 1.7719568419318754 1.7719568419318754
abortion 1 3.506557897319982 3.506557897319982
absorbed 1 3.2188758248682006 3.2188758248682006
accomplished 1 2.995732273553991 2.995732273553991
according 1 1.3093333199837622 1.3093333199837622
account 1 0.0 0.0
accountable 1 4.605170185988092 4.605170185988092
achieving 1 3.2188758248682006 3.2188758248682006
act 1 1.3470736479666094 1.3470736479666094
action 1 0.0 0.0
activist 1 2.407945608651872 2.407945608651872
adam 1 1.5141277326297755 1.5141277326297755
add 1 0.0 0.0
additional 1 0.0 0.0
administering 1 3.912023005428146 3.912023005428146
administration 1 2.120263536200091 2.120263536200091
admitted 1 2.659260036932778 2.659260036932778
adoption 1 3.2188758248682006 3.2188758248682006
adrienne 1 3.506557897319982 3.506557897319982
adversary 1 4.605170185988092 4.605170185988092
advisor 1 2.8134107167600364 2.8134107167600364
advocate 1 3.2188758248682006 3.2188758248682006
affair 1 1.6094379124341003 1.6094379124341003
affiliation 1 2.995732273553991 2.995732273553991
afghanistan 1 2.995732273553991 2.995732273553991
afterschool 1 4.605170185988092 4.605170185988092
age 1 0.7985076962177716 0.7985076962177716
agency 1 2.120263536200091 2.120263536200091
agenda 1 4.605170185988092 4.605170185988092
agree 1 0.0 0.0
aid 1 2.0402208285265546 2.0402208285265546
aide 1 3.2188758248682006 3.2188758248682006
alexander 1 1.5141277326297755 1.5141277326297755
alike 1 0.0 0.0
alliance 1 1.8971199848858813 1.8971199848858813
allowed 1 1.7719568419318754 1.7719568419318754
almanac 1 3.506557897319982 3.506557897319982
alongside 1 1.9661128563728327 1.9661128563728327
also 1 0.127833371509885 0.127833371509885
alsobrooks 1 4.605170185988092 4.605170185988092
alumnus 1 2.207274913189721 2.207274913189721
ambassador 1 2.995732273553991 2.995732273553991
ambitious 1 3.506557897319982 3.506557897319982
amendment 1 3.2188758248682006 3.2188758248682006
america 1 0.8675005677047231 0.8675005677047231
american 1 0.5276327420823719 0.5276327420823719
analyst 1 3.506557897319982 3.506557897319982
ancestrycom 1 3.912023005428146 3.912023005428146
andy 1 2.5257286443082556 2.5257286443082556
angela 1 2.659260036932778 2.659260036932778
anger 1 2.8134107167600364 2.8134107167600364
anna 1 2.302585092994046 2.302585092994046
annapolis 1 3.2188758248682006 3.2188758248682006
annex 1 4.605170185988092 4.605170185988092
annexation 1 4.605170185988092 4.605170185988092
announce 1 2.659260036932778 2.659260036932778
announced 1 1.2039728043259361 1.2039728043259361
announcement 1 2.302585092994046 2.302585092994046
annual 1 1.6607312068216509 1.6607312068216509
anonymous 1 3.912023005428146 3.912023005428146
anthony 1 1.5141277326297755 1.5141277326297755
apologize 1 4.605170185988092 4.605170185988092
appearance 1 0.0 0.0
appearing 1 2.5257286443082556 2.5257286443082556
applauds 1 4.605170185988092 4.605170185988092
apply 1 0.0 0.0
appointed 1 1.9661128563728327 1.9661128563728327
appropriation 1 3.912023005428146 3.912023005428146
approx 1 4.605170185988092 4.605170185988092
april 1 0.44628710262841953 0.44628710262841953
archive 1 1.6094379124341003 1.6094379124341003
archived 1 0.47803580094299974 0.47803580094299974
area 1 1.2729656758128876 1.2729656758128876
arent 1 3.912023005428146 3.912023005428146
arsonist 1 4.605170185988092 4.605170185988092
article 1 0.0 0.0
aruna 1 4.605170185988092 4.605170185988092
asia 1 2.407945608651872 2.407945608651872
asian 1 2.407945608651872 2.407945608651872
assault 1 2.5257286443082556 2.5257286443082556
assembly 1 2.0402208285265546 2.0402208285265546
assemblystcentury 1 4.605170185988092 4.605170185988092
assignment 1 2.995732273553991 2.995732273553991
assistance 1 2.302585092994046 2.302585092994046
assistant 1 1.7147984280919266 1.7147984280919266
association 1 1.1394342831883648 1.1394342831883648
assumed 1 2.659260036932778 2.659260036932778
attack 1 1.7147984280919266 1.7147984280919266
attempt 1 1.6607312068216509 1.6607312068216509
attended 1 2.120263536200091 2.120263536200091
attorney 1 2.659260036932778 2.659260036932778
attributed 1 3.912023005428146 3.912023005428146
attribution 1 0.0 0.0
audio 1 2.207274913189721 2.207274913189721
august 1 0.3424903089467759 0.3424903089467759
augustine 1 2.995732273553991 2.995732273553991
author 1 1.8971199848858813 1.8971199848858813
authority 1 0.8915981192837835 0.8915981192837835
auto 1 0.1392620673335076 0.1392620673335076
available 1 0.0 0.0
award 1 1.171182981502945 1.171182981502945
awardees 1 4.605170185988092 4.605170185988092
back 1 1.0216512475319812 1.0216512475319812
bad 1 2.0402208285265546 2.0402208285265546
baharvard 1 4.605170185988092 4.605170185988092
bahasa 1 1.8325814637483102 1.8325814637483102
baker 1 2.120263536200091 2.120263536200091
baldwin 1 2.995732273553991 2.995732273553991
baltimore 1 2.302585092994046 2.302585092994046
baltimorean 1 4.605170185988092 4.605170185988092
ban 1 2.8134107167600364 2.8134107167600364
bank 1 2.0402208285265546 2.0402208285265546
banking 1 2.995732273553991 2.995732273553991
bar 1 2.5257286443082556 2.5257286443082556
barbara 1 2.302585092994046 2.302585092994046
barker 1 3.2188758248682006 3.2188758248682006
barnburner 1 4.605170185988092 4.605170185988092
barone 1 3.912023005428146 3.912023005428146
barrasso 1 4.605170185988092 4.605170185988092
bartlett 1 3.912023005428146 3.912023005428146
based 1 1.07880966137193 1.07880966137193
battleground 1 4.605170185988092 4.605170185988092
bay 1 1.6094379124341003 1.6094379124341003
beall 1 3.912023005428146 3.912023005428146
became 1 0.7133498878774648 0.7133498878774648
becerra 1 4.605170185988092 4.605170185988092
becker 1 3.2188758248682006 3.2188758248682006
behind 1 1.8971199848858813 1.8971199848858813
bell 1 2.0402208285265546 2.0402208285265546
ben 1 2.207274913189721 2.207274913189721
bennet 1 4.605170185988092 4.605170185988092
bentsen 1 4.605170185988092 4.605170185988092
bernie 1 4.605170185988092 4.605170185988092
better 1 1.8971199848858813 1.8971199848858813
bicameral 1 4.605170185988092 4.605170185988092
biden 1 4.605170185988092 4.605170185988092
bidens 1 3.912023005428146 3.912023005428146
bill 1 1.171182981502945 1.171182981502945
billion 1 3.2188758248682006 3.2188758248682006
biographical 1 2.659260036932778 2.659260036932778
biography 1 1.6607312068216509 1.6607312068216509
bipartisan 1 3.912023005428146 3.912023005428146
biran 1 4.605170185988092 4.605170185988092
birthsthcentury 1 3.912023005428146 3.912023005428146
black 1 0.8915981192837835 0.8915981192837835
blackburn 1 3.912023005428146 3.912023005428146
blaine 1 4.605170185988092 4.605170185988092
blind 1 3.506557897319982 3.506557897319982
block 1 2.407945608651872 2.407945608651872
blumenthal 1 4.605170185988092 4.605170185988092
blunt 1 4.605170185988092 4.605170185988092
board 1 1.5606477482646683 1.5606477482646683
bokml 1 2.120263536200091 2.120263536200091
bolton 1 2.995732273553991 2.995732273553991
booker 1 4.605170185988092 4.605170185988092
booth 1 2.995732273553991 2.995732273553991
boozman 1 4.605170185988092 4.605170185988092
born 1 1.1394342831883648 1.1394342831883648
bose 1 3.2188758248682006 3.2188758248682006
bot 1 3.912023005428146 3.912023005428146
brad 1 2.407945608651872 2.407945608651872
brady 1 2.8134107167600364 2.8134107167600364
breaux 1 3.506557897319982 3.506557897319982
brewster 1 3.2188758248682006 3.2188758248682006
britt 1 3.912023005428146 3.912023005428146
broadcaster 1 2.659260036932778 2.659260036932778
brook 1 2.659260036932778 2.659260036932778
brooke 1 2.995732273553991 2.995732273553991
brown 1 1.6607312068216509 1.6607312068216509
bruce 1 2.120263536200091 2.120263536200091
brynja 1 4.605170185988092 4.605170185988092
buckel 1 4.605170185988092 4.605170185988092
budd 1 3.912023005428146 3.912023005428146
budget 1 2.407945608651872 2.407945608651872
building 1 1.6607312068216509 1.6607312068216509
bump 1 3.2188758248682006 3.2188758248682006
bureau 1 2.659260036932778 2.659260036932778
burgress 1 4.605170185988092 4.605170185988092
bush 1 2.5257286443082556 2.5257286443082556
butler 1 2.302585092994046 2.302585092994046
buy 1 2.5257286443082556 2.5257286443082556
cagw 1 4.605170185988092 4.605170185988092
call 1 1.7719568419318754 1.7719568419318754
callbackcall 1 3.2188758248682006 3.2188758248682006
callbackgsub 1 3.912023005428146 3.912023005428146
callbackmatch 1 4.605170185988092 4.605170185988092
callbacksub 1 3.912023005428146 3.912023005428146
callbacksubdata 1 4.605170185988092 4.605170185988092
callbackunstrip 1 4.605170185988092 4.605170185988092
called 1 0.8209805520698303 0.8209805520698303
calling 1 2.407945608651872 2.407945608651872
callous 1 3.912023005428146 3.912023005428146
campaign 1 1.6607312068216509 1.6607312068216509
candidate 1 2.207274913189721 2.207274913189721
cantwell 1 3.506557897319982 3.506557897319982
capacity 1 2.659260036932778 2.659260036932778
capital 1 2.302585092994046 2.302585092994046
capitalgazettecom 1 4.605170185988092 4.605170185988092
capito 1 4.605170185988092 4.605170185988092
capitol 1 4.605170185988092 4.605170185988092
capture 1 2.995732273553991 2.995732273553991
car 1 1.7147984280919266 1.7147984280919266
cardin 1 4.605170185988092 4.605170185988092
care 1 2.120263536200091 2.120263536200091
career 1 1.2729656758128876 1.2729656758128876
carroll 1 3.2188758248682006 3.2188758248682006
cassidy 1 3.506557897319982 3.506557897319982
cat 1 1.5606477482646683 1.5606477482646683
catalyze 1 4.605170185988092 4.605170185988092
category 1 0.0 0.0
catherine 1 2.995732273553991 2.995732273553991
caucus 1 3.506557897319982 3.506557897319982
ceasefire 1 4.605170185988092 4.605170185988092
cef 1 4.605170185988092 4.605170185988092
census 1 2.995732273553991 2.995732273553991
center 1 1.171182981502945 1.171182981502945
centerpx 1 0.0408219945202552 0.0408219945202552
central 1 1.07880966137193 1.07880966137193
ceremonial 1 2.995732273553991 2.995732273553991
certified 1 2.995732273553991 2.995732273553991
certify 1 4.605170185988092 4.605170185988092
chaffee 1 3.912023005428146 3.912023005428146
chaffees 1 4.605170185988092 4.605170185988092
chair 1 3.506557897319982 3.506557897319982
chaired 1 3.912023005428146 3.912023005428146
chairman 1 1.8325814637483102 1.8325814637483102
chairmanship 1 4.605170185988092 4.605170185988092
challenger 1 3.2188758248682006 3.2188758248682006
chamber 1 2.995732273553991 2.995732273553991
change 1 0.0 0.0
chaos 1 2.995732273553991 2.995732273553991
charge 1 2.0402208285265546 2.0402208285265546
charging 1 4.605170185988092 4.605170185988092
charles 1 1.171182981502945 1.171182981502945
check 1 2.302585092994046 2.302585092994046
cheney 1 4.605170185988092 4.605170185988092
chesapeake 1 3.506557897319982 3.506557897319982
chief 1 1.3862943611198906 1.3862943611198906
child 1 1.07880966137193 1.07880966137193
choice 1 2.659260036932778 2.659260036932778
chris 1 1.6607312068216509 1.6607312068216509
christopher 1 1.9661128563728327 1.9661128563728327
chuck 1 2.8134107167600364 2.8134107167600364
citation 1 0.0408219945202552 0.0408219945202552
cite 1 0.0 0.0
citeweb 1 0.5447271754416719 0.5447271754416719
citizen 1 1.9661128563728327 1.9661128563728327
civilian 1 2.407945608651872 2.407945608651872
clain 1 3.912023005428146 3.912023005428146
clarified 1 3.912023005428146 3.912023005428146
clark 1 1.6607312068216509 1.6607312068216509
clean 1 2.8134107167600364 2.8134107167600364
clerk 1 3.912023005428146 3.912023005428146
clinton 1 3.506557897319982 3.506557897319982
clone 1 2.8134107167600364 2.8134107167600364
clyburn 1 4.605170185988092 4.605170185988092
clyburnas 1 4.605170185988092 4.605170185988092
cmw 1 2.995732273553991 2.995732273553991
cmwluau 1 3.912023005428146 3.912023005428146
cnn 1 3.2188758248682006 3.2188758248682006
cns 1 4.605170185988092 4.605170185988092
coalition 1 2.407945608651872 2.407945608651872
cochair 1 4.605170185988092 4.605170185988092
cochairman 1 3.912023005428146 3.912023005428146
code 1 0.0 0.0
cog 1 4.605170185988092 4.605170185988092
colleague 1 3.912023005428146 3.912023005428146
college 1 1.1394342831883648 1.1394342831883648
collins 1 2.0402208285265546 2.0402208285265546
colorado 1 1.8971199848858813 1.8971199848858813
coma 1 3.912023005428146 3.912023005428146
combined 1 2.659260036932778 2.659260036932778
commencement 1 4.605170185988092 4.605170185988092
comment 1 2.659260036932778 2.659260036932778
commentary 1 2.995732273553991 2.995732273553991
commerce 1 2.5257286443082556 2.5257286443082556
commission 1 1.7147984280919266 1.7147984280919266
committee 1 1.6607312068216509 1.6607312068216509
common 1 0.0 0.0
commonsense 1 4.605170185988092 4.605170185988092
communication 1 2.207274913189721 2.207274913189721
community 1 1.6094379124341003 1.6094379124341003
company 1 1.2729656758128876 1.2729656758128876
competitive 1 3.2188758248682006 3.2188758248682006
comply 1 2.995732273553991 2.995732273553991
comptroller 1 4.605170185988092 4.605170185988092
concentrating 1 4.605170185988092 4.605170185988092
concord 1 3.912023005428146 3.912023005428146
condemn 1 3.912023005428146 3.912023005428146
conduct 1 0.0 0.0
conferee 1 4.605170185988092 4.605170185988092
conference 1 1.3862943611198906 1.3862943611198906
conflict 1 2.0402208285265546 2.0402208285265546
congress 1 1.7147984280919266 1.7147984280919266
congressgov 1 4.605170185988092 4.605170185988092
congressional 1 2.8134107167600364 2.8134107167600364
congressman 1 3.506557897319982 3.506557897319982
connell 1 4.605170185988092 4.605170185988092
connie 1 3.506557897319982 3.506557897319982
conservation 1 3.912023005428146 3.912023005428146
conservative 1 2.8134107167600364 2.8134107167600364
constituency 1 3.2188758248682006 3.2188758248682006
constitution 1 2.5257286443082556 2.5257286443082556
constructed 1 3.506557897319982 3.506557897319982
consumer 1 3.2188758248682006 3.2188758248682006
contact 1 0.0 0.0
content 1 0.0 0.0
context 1 0.010050335853501506 0.010050335853501506
continued 1 1.5141277326297755 1.5141277326297755
contrasted 1 4.605170185988092 4.605170185988092
contribute 1 0.0 0.0
contribution 1 0.0 0.0
control 1 0.7765287894989963 0.7765287894989963
convention 1 2.995732273553991 2.995732273553991
cookie 1 0.0 0.0
cookiematch 1 0.0 0.0
coon 1 3.506557897319982 3.506557897319982
cormick 1 3.912023005428146 3.912023005428146
cornyn 1 4.605170185988092 4.605170185988092
cortez 1 4.605170185988092 4.605170185988092
corzine 1 4.605170185988092 4.605170185988092
cosponsor 1 4.605170185988092 4.605170185988092
cosponsored 1 4.605170185988092 4.605170185988092
cotton 1 3.912023005428146 3.912023005428146
could 1 1.2378743560016172 1.2378743560016172
council 1 1.4696759700589417 1.4696759700589417
count 1 2.407945608651872 2.407945608651872
counterlistitema 1 0.127833371509885 0.127833371509885
countless 1 3.912023005428146 3.912023005428146
country 1 0.843970070294529 0.843970070294529
county 1 1.6607312068216509 1.6607312068216509
courage 1 2.8134107167600364 2.8134107167600364
court 1 1.5141277326297755 1.5141277326297755
craft 1 3.2188758248682006 3.2188758248682006
craig 1 2.5257286443082556 2.5257286443082556
cramer 1 3.912023005428146 3.912023005428146
crapo 1 4.605170185988092 4.605170185988092
create 1 0.0 0.0
created 1 1.5606477482646683 1.5606477482646683
creating 1 2.0402208285265546 2.0402208285265546
creation 1 2.659260036932778 2.659260036932778
creative 1 0.0 0.0
creswell 1 4.605170185988092 4.605170185988092
criticized 1 2.995732273553991 2.995732273553991
criticizing 1 4.605170185988092 4.605170185988092
critique 1 3.2188758248682006 3.2188758248682006
crushed 1 4.605170185988092 4.605170185988092
cruz 1 2.8134107167600364 2.8134107167600364
cry 1 2.302585092994046 2.302585092994046
csmaintcolorf 1 0.06187540371808745 0.06187540371808745
csmaintcolorfmedia 1 0.0408219945202552 0.0408219945202552
cspan 1 3.912023005428146 3.912023005428146
cswsicon 1 0.0408219945202552 0.0408219945202552
ctj 1 4.605170185988092 4.605170185988092
cummings 1 3.912023005428146 3.912023005428146
current 1 0.0 0.0
curtis 1 2.302585092994046 2.302585092994046
cut 1 1.9661128563728327 1.9661128563728327
cutcheon 1 4.605170185988092 4.605170185988092
cycle 1 2.5257286443082556 2.5257286443082556
daines 1 4.605170185988092 4.605170185988092
damage 1 2.995732273553991 2.995732273553991
dan 1 1.7719568419318754 1.7719568419318754
dana 1 3.2188758248682006 3.2188758248682006
daniel 1 1.3862943611198906 1.3862943611198906
danielle 1 3.2188758248682006 3.2188758248682006
data 1 1.3862943611198906 1.3862943611198906
database 1 0.9675840262617057 0.9675840262617057
date 1 0.3147107448397002 0.3147107448397002
dave 1 2.302585092994046 2.302585092994046
david 1 0.9942522733438669 0.9942522733438669
davis 1 1.6607312068216509 1.6607312068216509
day 1 0.5276327420823719 0.5276327420823719
dca 1 3.912023005428146 3.912023005428146
dccc 1 4.605170185988092 4.605170185988092
deadly 1 2.8134107167600364 2.8134107167600364
debate 1 2.8134107167600364 2.8134107167600364
december 1 0.37106368139083196 0.37106368139083196
defeated 1 2.407945608651872 2.407945608651872
defeating 1 2.407945608651872 2.407945608651872
defend 1 2.995732273553991 2.995732273553991
defended 1 4.605170185988092 4.605170185988092
defense 1 1.7719568419318754 1.7719568419318754
deficit 1 3.912023005428146 3.912023005428146
delaney 1 3.912023005428146 3.912023005428146
delegate 1 3.506557897319982 3.506557897319982
delegatesfrom 1 4.605170185988092 4.605170185988092
delegation 1 3.2188758248682006 3.2188758248682006
democracy 1 2.302585092994046 2.302585092994046
democrat 1 2.995732273553991 2.995732273553991
democratic 1 2.120263536200091 2.120263536200091
demonstrator 1 4.605170185988092 4.605170185988092
dennis 1 2.120263536200091 2.120263536200091
denver 1 2.8134107167600364 2.8134107167600364
department 1 1.7719568419318754 1.7719568419318754
deputy 1 2.302585092994046 2.302585092994046
dereck 1 4.605170185988092 4.605170185988092
descent 1 2.659260036932778 2.659260036932778
description 1 0.07257069283483537 0.07257069283483537
despite 1 1.1394342831883648 1.1394342831883648
detail 1 1.6094379124341003 1.6094379124341003
deutsch 1 0.9416085398584451 0.9416085398584451
developer 1 0.0 0.0
development 1 1.3093333199837622 1.3093333199837622
dickson 1 4.605170185988092 4.605170185988092
died 1 1.3093333199837622 1.3093333199837622
different 1 0.3424903089467759 0.3424903089467759
dindigul 1 4.605170185988092 4.605170185988092
diplomat 1 2.659260036932778 2.659260036932778
directory 1 3.506557897319982 3.506557897319982
disability 1 3.912023005428146 3.912023005428146
disabilityrelated 1 4.605170185988092 4.605170185988092
disbelief 1 4.605170185988092 4.605170185988092
disclaimer 1 0.0 0.0
disclose 1 4.605170185988092 4.605170185988092
disclosedneeds 1 4.605170185988092 4.605170185988092
discus 1 3.2188758248682006 3.2188758248682006
dismantle 1 4.605170185988092 4.605170185988092
dismay 1 4.605170185988092 4.605170185988092
district 1 1.4271163556401458 1.4271163556401458
divcol 1 2.302585092994046 2.302585092994046
divided 1 2.995732273553991 2.995732273553991
divitt 1 4.605170185988092 4.605170185988092
dollar 1 2.995732273553991 2.995732273553991
donald 1 2.120263536200091 2.120263536200091
donate 1 0.0 0.0
donna 1 2.8134107167600364 2.8134107167600364
donor 1 3.506557897319982 3.506557897319982
dottedcursorhelp 1 2.120263536200091 2.120263536200091
double 1 2.407945608651872 2.407945608651872
download 1 0.0 0.0
draw 1 2.302585092994046 2.302585092994046
drilling 1 4.605170185988092 4.605170185988092
drive 1 2.0402208285265546 2.0402208285265546
dscc 1 4.605170185988092 4.605170185988092
dtaftercontent 1 0.127833371509885 0.127833371509885
duc 1 3.506557897319982 3.506557897319982
duckworth 1 4.605170185988092 4.605170185988092
due 1 0.9416085398584451 0.9416085398584451
duration 1 3.506557897319982 3.506557897319982
durbin 1 4.605170185988092 4.605170185988092
dutch 1 2.407945608651872 2.407945608651872
dutchborn 1 4.605170185988092 4.605170185988092
duty 1 2.5257286443082556 2.5257286443082556
earlier 1 1.8971199848858813 1.8971199848858813
early 1 0.6348782724359695 0.6348782724359695
earned 1 2.207274913189721 2.207274913189721
eastern 1 1.5606477482646683 1.5606477482646683
eaves 1 3.912023005428146 3.912023005428146
economy 1 2.8134107167600364 2.8134107167600364
education 1 1.3470736479666094 1.3470736479666094
edward 1 1.5606477482646683 1.5606477482646683
effect 1 2.0402208285265546 2.0402208285265546
efficiency 1 3.2188758248682006 3.2188758248682006
effort 1 1.5141277326297755 1.5141277326297755
efor 1 3.506557897319982 3.506557897319982
eight 1 1.8971199848858813 1.8971199848858813
eldest 1 4.605170185988092 4.605170185988092
elect 1 2.659260036932778 2.659260036932778
elected 1 1.9661128563728327 1.9661128563728327
election 1 1.9661128563728327 1.9661128563728327
electionsmarylandgov 1 4.605170185988092 4.605170185988092
electoral 1 3.2188758248682006 3.2188758248682006
element 1 1.9661128563728327 1.9661128563728327
elena 1 3.2188758248682006 3.2188758248682006
elfreth 1 4.605170185988092 4.605170185988092
eliminating 1 3.912023005428146 3.912023005428146
eliza 1 4.605170185988092 4.605170185988092
emanuel 1 4.605170185988092 4.605170185988092
emedia 1 2.995732273553991 2.995732273553991
emphasized 1 2.995732273553991 2.995732273553991
employee 1 2.0402208285265546 2.0402208285265546
encyclopedia 1 0.0 0.0
end 1 0.7985076962177716 0.7985076962177716
endorsed 1 3.2188758248682006 3.2188758248682006
endorsement 1 3.2188758248682006 3.2188758248682006
energy 1 1.6607312068216509 1.6607312068216509
engine 1 2.0402208285265546 2.0402208285265546
english 1 0.0 0.0
entered 1 1.9661128563728327 1.9661128563728327
entity 1 2.5257286443082556 2.5257286443082556
environment 1 2.407945608651872 2.407945608651872
environmental 1 2.8134107167600364 2.8134107167600364
episcopalian 1 3.912023005428146 3.912023005428146
equal 1 3.2188758248682006 3.2188758248682006
eric 1 1.8971199848858813 1.8971199848858813
ernst 1 3.506557897319982 3.506557897319982
espaol 1 1.1394342831883648 1.1394342831883648
establishes 1 4.605170185988092 4.605170185988092
establishing 1 3.506557897319982 3.506557897319982
estate 1 2.120263536200091 2.120263536200091
ethic 1 3.506557897319982 3.506557897319982
etina 1 2.995732273553991 2.995732273553991
eva 1 3.506557897319982 3.506557897319982
even 1 1.1394342831883648 1.1394342831883648
event 1 0.0 0.0
everett 1 3.506557897319982 3.506557897319982
every 1 1.4271163556401458 1.4271163556401458
everyone 1 2.8134107167600364 2.8134107167600364
exclusive 1 2.302585092994046 2.302585092994046
executive 1 1.8325814637483102 1.8325814637483102
exp 1 0.0 0.0
expand 1 2.8134107167600364 2.8134107167600364
expansion 1 2.0402208285265546 2.0402208285265546
expatriate 1 3.2188758248682006 3.2188758248682006
expected 1 2.659260036932778 2.659260036932778
expenditure 1 4.605170185988092 4.605170185988092
expense 1 3.506557897319982 3.506557897319982
experience 1 1.8325814637483102 1.8325814637483102
experienced 1 2.659260036932778 2.659260036932778
expose 1 3.912023005428146 3.912023005428146
extension 1 2.207274913189721 2.207274913189721
external 1 0.44628710262841953 0.44628710262841953
eye 1 1.6607312068216509 1.6607312068216509
face 1 1.9661128563728327 1.9661128563728327
facebook 1 3.506557897319982 3.506557897319982
fader 1 4.605170185988092 4.605170185988092
failing 1 2.8134107167600364 2.8134107167600364
fallen 1 2.659260036932778 2.659260036932778
family 1 0.9162907318741551 0.9162907318741551
far 1 1.6607312068216509 1.6607312068216509
farnsworth 1 4.605170185988092 4.605170185988092
father 1 1.3093333199837622 1.3093333199837622
february 1 0.27443684570176036 0.27443684570176036
federal 1 1.8971199848858813 1.8971199848858813
felice 1 3.912023005428146 3.912023005428146
felicia 1 3.912023005428146 3.912023005428146
ferguson 1 2.995732273553991 2.995732273553991
fetterman 1 4.605170185988092 4.605170185988092
fight 1 1.8325814637483102 1.8325814637483102
file 1 0.0 0.0
final 1 0.9942522733438669 0.9942522733438669
finance 1 2.302585092994046 2.302585092994046
financial 1 1.8325814637483102 1.8325814637483102
financing 1 4.605170185988092 4.605170185988092
finding 1 1.9661128563728327 1.9661128563728327
fine 1 2.5257286443082556 2.5257286443082556
fingerhut 1 4.605170185988092 4.605170185988092
finish 1 2.407945608651872 2.407945608651872
firearm 1 3.912023005428146 3.912023005428146
firm 1 2.407945608651872 2.407945608651872
first 1 0.1508228897345837 0.1508228897345837
fischer 1 3.912023005428146 3.912023005428146
fish 1 2.995732273553991 2.995732273553991
flanked 1 4.605170185988092 4.605170185988092
fleischer 1 4.605170185988092 4.605170185988092
floor 1 2.207274913189721 2.207274913189721
flower 1 2.5257286443082556 2.5257286443082556
floyd 1 2.8134107167600364 2.8134107167600364
foil 1 4.605170185988092 4.605170185988092
follow 1 2.5257286443082556 2.5257286443082556
followup 1 3.506557897319982 3.506557897319982
force 1 1.2378743560016172 1.2378743560016172
forced 1 2.207274913189721 2.207274913189721
forcing 1 3.506557897319982 3.506557897319982
ford 1 2.5257286443082556 2.5257286443082556
foreign 1 1.8971199848858813 1.8971199848858813
formed 1 1.7719568419318754 1.7719568419318754
former 1 0.9675840262617057 0.9675840262617057
formosan 1 3.912023005428146 3.912023005428146
foundation 1 0.0 0.0
founded 1 1.7147984280919266 1.7147984280919266
founding 1 2.302585092994046 2.302585092994046
four 1 0.7985076962177716 0.7985076962177716
fox 1 2.407945608651872 2.407945608651872
franais 1 0.8675005677047231 0.8675005677047231
france 1 1.2039728043259361 1.2039728043259361
fred 1 2.5257286443082556 2.5257286443082556
freddie 1 3.912023005428146 3.912023005428146
frederick 1 2.302585092994046 2.302585092994046
free 1 0.0 0.0
fritze 1 4.605170185988092 4.605170185988092
full 1 1.1086626245216111 1.1086626245216111
fully 1 2.5257286443082556 2.5257286443082556
function 1 2.207274913189721 2.207274913189721
fund 1 2.407945608651872 2.407945608651872
funded 1 3.2188758248682006 3.2188758248682006
funding 1 2.995732273553991 2.995732273553991
gaeilge 1 4.605170185988092 4.605170185988092
gain 1 2.207274913189721 2.207274913189721
gallego 1 4.605170185988092 4.605170185988092
gas 1 3.2188758248682006 3.2188758248682006
gay 1 2.995732273553991 2.995732273553991
gaza 1 3.912023005428146 3.912023005428146
gcncom 1 4.605170185988092 4.605170185988092
gen 1 3.2188758248682006 3.2188758248682006
general 1 0.0 0.0
generator 1 2.5257286443082556 2.5257286443082556
generatorinit 1 4.605170185988092 4.605170185988092
george 1 1.07880966137193 1.07880966137193
georgetown 1 4.605170185988092 4.605170185988092
gerard 1 3.2188758248682006 3.2188758248682006
germany 1 1.4271163556401458 1.4271163556401458
get 1 0.0 0.0
giblin 1 4.605170185988092 4.605170185988092
gibson 1 3.506557897319982 3.506557897319982
gilchrest 1 4.605170185988092 4.605170185988092
gillibrand 1 4.605170185988092 4.605170185988092
given 1 1.2378743560016172 1.2378743560016172
giving 1 2.207274913189721 2.207274913189721
glenn 1 2.5257286443082556 2.5257286443082556
global 1 1.7719568419318754 1.7719568419318754
gluck 1 4.605170185988092 4.605170185988092
goal 1 1.8971199848858813 1.8971199848858813
goldsborough 1 4.605170185988092 4.605170185988092
gop 1 3.506557897319982 3.506557897319982
gordon 1 2.5257286443082556 2.5257286443082556
gorman 1 4.605170185988092 4.605170185988092
gould 1 2.995732273553991 2.995732273553991
government 1 1.1086626245216111 1.1086626245216111
governor 1 2.302585092994046 2.302585092994046
graduated 1 2.5257286443082556 2.5257286443082556
graham 1 2.659260036932778 2.659260036932778
grandfather 1 2.659260036932778 2.659260036932778
grannis 1 4.605170185988092 4.605170185988092
grassley 1 4.605170185988092 4.605170185988092
grassroots 1 4.605170185988092 4.605170185988092
green 1 1.171182981502945 1.171182981502945
groome 1 4.605170185988092 4.605170185988092
grosfeld 1 4.605170185988092 4.605170185988092
group 1 0.8209805520698303 0.8209805520698303
gubernatorial 1 3.506557897319982 3.506557897319982
gun 1 2.207274913189721 2.207274913189721
guy 1 2.407945608651872 2.407945608651872
haaretz 1 3.912023005428146 3.912023005428146
hagerty 1 3.912023005428146 3.912023005428146
hamilton 1 2.120263536200091 2.120263536200091
handgun 1 4.605170185988092 4.605170185988092
hangingindent 1 4.605170185988092 4.605170185988092
hanson 1 3.506557897319982 3.506557897319982
hard 1 2.302585092994046 2.302585092994046
harper 1 2.995732273553991 2.995732273553991
harris 1 2.302585092994046 2.302585092994046
hartner 1 4.605170185988092 4.605170185988092
harvard 1 3.2188758248682006 3.2188758248682006
hassan 1 3.912023005428146 3.912023005428146
hatnote 1 0.843970070294529 0.843970070294529
hawley 1 4.605170185988092 4.605170185988092
health 1 1.6607312068216509 1.6607312068216509
healthcare 1 3.506557897319982 3.506557897319982
healthinsuranceorg 1 4.605170185988092 4.605170185988092
healthreformvotesorg 1 4.605170185988092 4.605170185988092
heather 1 2.407945608651872 2.407945608651872
heavily 1 2.8134107167600364 2.8134107167600364
heinrich 1 2.995732273553991 2.995732273553991
held 1 1.171182981502945 1.171182981502945
helen 1 3.2188758248682006 3.2188758248682006
help 1 0.0 0.0
henry 1 1.5606477482646683 1.5606477482646683
herald 1 1.8971199848858813 1.8971199848858813
hershey 1 4.605170185988092 4.605170185988092
hick 1 3.506557897319982 3.506557897319982
hickenlooper 1 4.605170185988092 4.605170185988092
hidden 1 0.010050335853501506 0.010050335853501506
hide 1 0.0 0.0
high 1 0.9416085398584451 0.9416085398584451
higher 1 2.0402208285265546 2.0402208285265546
hill 1 1.2039728043259361 1.2039728043259361
hindman 1 4.605170185988092 4.605170185988092
hirono 1 4.605170185988092 4.605170185988092
historically 1 3.2188758248682006 3.2188758248682006
history 1 0.0 0.0
hlist 1 0.127833371509885 0.127833371509885
hlistinline 1 0.127833371509885 0.127833371509885
hln 1 3.912023005428146 3.912023005428146
hmo 1 4.605170185988092 4.605170185988092
hoekstra 1 4.605170185988092 4.605170185988092
hoeven 1 4.605170185988092 4.605170185988092
hold 1 1.3470736479666094 1.3470736479666094
holding 1 2.207274913189721 2.207274913189721
hollen 1 4.605170185988092 4.605170185988092
hollens 1 4.605170185988092 4.605170185988092
holn 1 4.605170185988092 4.605170185988092
homeland 1 2.659260036932778 2.659260036932778
homepage 1 3.912023005428146 3.912023005428146
honor 1 1.8325814637483102 1.8325814637483102
hospital 1 1.9661128563728327 1.9661128563728327
hospitalized 1 3.506557897319982 3.506557897319982
house 1 1.0216512475319812 1.0216512475319812
housegov 1 4.605170185988092 4.605170185988092
houseof 1 3.506557897319982 3.506557897319982
housing 1 2.8134107167600364 2.8134107167600364
howard 1 2.120263536200091 2.120263536200091
howell 1 3.506557897319982 3.506557897319982
however 1 0.6931471805599453 0.6931471805599453
hoyer 1 4.605170185988092 4.605170185988092
hudson 1 2.207274913189721 2.207274913189721
human 1 1.3862943611198906 1.3862943611198906
hunter 1 2.0402208285265546 2.0402208285265546
husted 1 4.605170185988092 4.605170185988092
hyde 1 2.995732273553991 2.995732273553991
hypocrisy 1 4.605170185988092 4.605170185988092
ian 1 2.5257286443082556 2.5257286443082556
idlockfree 1 0.0408219945202552 0.0408219945202552
idlockfreeidlockfree 1 0.0408219945202552 0.0408219945202552
idlocklimited 1 0.0408219945202552 0.0408219945202552
idlockregistration 1 0.0408219945202552 0.0408219945202552
idlocksubscription 1 0.0408219945202552 0.0408219945202552
imgsrc 1 1.3862943611198906 1.3862943611198906
immediate 1 2.995732273553991 2.995732273553991
impersonating 1 4.605170185988092 4.605170185988092
inaction 1 4.605170185988092 4.605170185988092
inc 1 0.0 0.0
including 1 0.7133498878774648 0.7133498878774648
income 1 2.659260036932778 2.659260036932778
increase 1 2.302585092994046 2.302585092994046
increased 1 2.302585092994046 2.302585092994046
incumbent 1 2.8134107167600364 2.8134107167600364
indeed 1 3.2188758248682006 3.2188758248682006
independence 1 2.302585092994046 2.302585092994046
independent 1 1.4271163556401458 1.4271163556401458
india 1 1.7147984280919266 1.7147984280919266
indicated 1 2.5257286443082556 2.5257286443082556
individual 1 1.5606477482646683 1.5606477482646683
indonesia 1 1.7719568419318754 1.7719568419318754
infobox 1 0.3011050927839216 0.3011050927839216
infoboxofficeholder 1 2.659260036932778 2.659260036932778
infoboxtable 1 0.3147107448397002 0.3147107448397002
inform 1 3.506557897319982 3.506557897319982
information 1 0.0 0.0
init 1 3.912023005428146 3.912023005428146
initiative 1 2.8134107167600364 2.8134107167600364
initluau 1 2.995732273553991 2.995732273553991
inside 1 2.0402208285265546 2.0402208285265546
insider 1 3.2188758248682006 3.2188758248682006
institute 1 1.5141277326297755 1.5141277326297755
institution 1 2.120263536200091 2.120263536200091
insurance 1 3.506557897319982 3.506557897319982
insurrection 1 4.605170185988092 4.605170185988092
intelligence 1 2.407945608651872 2.407945608651872
intemperate 1 4.605170185988092 4.605170185988092
interior 1 2.5257286443082556 2.5257286443082556
international 1 0.5978370007556204 0.5978370007556204
introduce 1 3.2188758248682006 3.2188758248682006
introduced 1 1.5606477482646683 1.5606477482646683
introduces 1 3.2188758248682006 3.2188758248682006
introducing 1 2.5257286443082556 2.5257286443082556
investigation 1 2.120263536200091 2.120263536200091
investment 1 2.5257286443082556 2.5257286443082556
invests 1 4.605170185988092 4.605170185988092
involved 1 1.5606477482646683 1.5606477482646683
ira 1 4.605170185988092 4.605170185988092
iraq 1 2.8134107167600364 2.8134107167600364
isniviaffastworld 1 2.407945608651872 2.407945608651872
israel 1 1.7147984280919266 1.7147984280919266
israeli 1 3.2188758248682006 3.2188758248682006
israelioccupied 1 4.605170185988092 4.605170185988092
issue 1 1.1086626245216111 1.1086626245216111
italiano 1 1.07880966137193 1.07880966137193
item 1 0.010050335853501506 0.010050335853501506
ivey 1 4.605170185988092 4.605170185988092
jack 1 1.4696759700589417 1.4696759700589417
jackson 1 1.9661128563728327 1.9661128563728327
jacqueline 1 3.506557897319982 3.506557897319982
jacques 1 2.302585092994046 2.302585092994046
jaffe 1 4.605170185988092 4.605170185988092
jamie 1 2.5257286443082556 2.5257286443082556
january 1 0.3424903089467759 0.3424903089467759
jason 1 1.6607312068216509 1.6607312068216509
jdsignature 1 4.605170185988092 4.605170185988092
jeff 1 1.8325814637483102 1.8325814637483102
jeffrey 1 2.995732273553991 2.995732273553991
jeremy 1 2.407945608651872 2.407945608651872
jesse 1 2.8134107167600364 2.8134107167600364
jewish 1 2.207274913189721 2.207274913189721
jim 1 1.4696759700589417 1.4696759700589417
job 1 2.302585092994046 2.302585092994046
jodie 1 4.605170185988092 4.605170185988092
joe 1 1.5141277326297755 1.5141277326297755
john 1 0.49429632181478017 0.49429632181478017
johnny 1 1.9661128563728327 1.9661128563728327
johnson 1 1.6094379124341003 1.6094379124341003
johnston 1 3.506557897319982 3.506557897319982
join 1 1.6607312068216509 1.6607312068216509
joined 1 1.6607312068216509 1.6607312068216509
joining 1 2.659260036932778 2.659260036932778
jon 1 2.5257286443082556 2.5257286443082556
jonathan 1 2.302585092994046 2.302585092994046
jones 1 1.5141277326297755 1.5141277326297755
josh 1 2.120263536200091 2.120263536200091
journal 1 1.3093333199837622 1.3093333199837622
journalism 1 3.912023005428146 3.912023005428146
journalist 1 2.8134107167600364 2.8134107167600364
jr 1 4.605170185988092 4.605170185988092
judge 1 2.302585092994046 2.302585092994046
july 1 0.43078291609245434 0.43078291609245434
jump 1 0.0 0.0
june 1 0.40047756659712536 0.40047756659712536
junior 1 2.0402208285265546 2.0402208285265546
justice 1 1.9661128563728327 1.9661128563728327
kaine 1 4.605170185988092 4.605170185988092
kane 1 3.2188758248682006 3.2188758248682006
karachi 1 4.605170185988092 4.605170185988092
katherine 1 3.2188758248682006 3.2188758248682006
kathy 1 3.2188758248682006 3.2188758248682006
katie 1 2.8134107167600364 2.8134107167600364
keep 1 1.7719568419318754 1.7719568419318754
keeping 1 2.995732273553991 2.995732273553991
kelly 1 2.407945608651872 2.407945608651872
ken 1 2.407945608651872 2.407945608651872
kend 1 4.605170185988092 4.605170185988092
kennedy 1 2.407945608651872 2.407945608651872
kenneth 1 2.8134107167600364 2.8134107167600364
kensington 1 3.506557897319982 3.506557897319982
kent 1 3.2188758248682006 3.2188758248682006
kept 1 2.407945608651872 2.407945608651872
kerr 1 3.506557897319982 3.506557897319982
kerrey 1 4.605170185988092 4.605170185988092
kerry 1 2.995732273553991 2.995732273553991
kevin 1 1.5606477482646683 1.5606477482646683
key 1 1.6094379124341003 1.6094379124341003
killed 1 1.9661128563728327 1.9661128563728327
killing 1 2.5257286443082556 2.5257286443082556
killough 1 4.605170185988092 4.605170185988092
kim 1 2.407945608651872 2.407945608651872
king 1 1.3093333199837622 1.3093333199837622
klobuchar 1 4.605170185988092 4.605170185988092
kodaikanal 1 4.605170185988092 4.605170185988092
kratovil 1 4.605170185988092 4.605170185988092
kurtz 1 3.912023005428146 3.912023005428146
kweisi 1 4.605170185988092 4.605170185988092
kyle 1 2.120263536200091 2.120263536200091
la 1 2.407945608651872 2.407945608651872
land 1 1.5141277326297755 1.5141277326297755
language 1 0.0 0.0
lanka 1 2.8134107167600364 2.8134107167600364
lankford 1 4.605170185988092 4.605170185988092
large 1 1.4696759700589417 1.4696759700589417
largely 1 2.5257286443082556 2.5257286443082556
last 1 0.0 0.0
late 1 1.3093333199837622 1.3093333199837622
later 1 0.5621189181535412 0.5621189181535412
launched 1 1.9661128563728327 1.9661128563728327
law 1 1.4271163556401458 1.4271163556401458
lawmaker 1 3.912023005428146 3.912023005428146
lawrence 1 2.302585092994046 2.302585092994046
lawyer 1 2.120263536200091 2.120263536200091
lay 1 2.8134107167600364 2.8134107167600364
leader 1 1.3862943611198906 1.3862943611198906
leadership 1 2.207274913189721 2.207274913189721
leading 1 1.3093333199837622 1.3093333199837622
league 1 1.3470736479666094 1.3470736479666094
learn 1 0.0 0.0
leave 1 2.407945608651872 2.407945608651872
lebanon 1 3.506557897319982 3.506557897319982
led 1 1.07880966137193 1.07880966137193
lee 1 1.6607312068216509 1.6607312068216509
left 1 1.171182981502945 1.171182981502945
legislation 1 2.659260036932778 2.659260036932778
legislative 1 2.659260036932778 2.659260036932778
legislature 1 3.2188758248682006 3.2188758248682006
lender 1 3.912023005428146 3.912023005428146
leslie 1 2.8134107167600364 2.8134107167600364
less 1 1.5141277326297755 1.5141277326297755
letter 1 2.207274913189721 2.207274913189721
letting 1 3.506557897319982 3.506557897319982
levin 1 3.912023005428146 3.912023005428146
lgbtq 1 3.912023005428146 3.912023005428146
liability 1 3.912023005428146 3.912023005428146
liaftercontent 1 0.127833371509885 0.127833371509885
liberal 1 2.659260036932778 2.659260036932778
libertarian 1 4.605170185988092 4.605170185988092
library 1 1.6094379124341003 1.6094379124341003
license 1 0.0 0.0
licensing 1 3.2188758248682006 3.2188758248682006
lierman 1 4.605170185988092 4.605170185988092
lieutenant 1 2.659260036932778 2.659260036932778
life 1 0.5447271754416719 0.5447271754416719
lih 1 4.605170185988092 4.605170185988092
lilly 1 3.2188758248682006 3.2188758248682006
limarginbottom 1 0.9675840262617057 0.9675840262617057
line 1 1.4696759700589417 1.4696759700589417
link 1 0.0 0.0
list 1 0.6348782724359695 0.6348782724359695
listen 1 2.995732273553991 2.995732273553991
listenembedded 1 4.605170185988092 4.605170185988092
live 1 1.2378743560016172 1.2378743560016172
living 1 1.07880966137193 1.07880966137193
lloyd 1 2.8134107167600364 2.8134107167600364
loaded 1 2.995732273553991 2.995732273553991
loan 1 2.5257286443082556 2.5257286443082556
lobby 1 3.506557897319982 3.506557897319982
local 1 1.4696759700589417 1.4696759700589417
localinterest 1 4.605170185988092 4.605170185988092
lock 1 3.2188758248682006 3.2188758248682006
lockdown 1 4.605170185988092 4.605170185988092
log 1 0.0 0.0
logged 1 0.0 0.0
lombard 1 3.912023005428146 3.912023005428146
longterm 1 3.912023005428146 3.912023005428146
longtime 1 2.8134107167600364 2.8134107167600364
looked 1 3.2188758248682006 3.2188758248682006
loom 1 3.912023005428146 3.912023005428146
loophole 1 4.605170185988092 4.605170185988092
lost 1 1.171182981502945 1.171182981502945
lower 1 1.8325814637483102 1.8325814637483102
lua 1 2.995732273553991 2.995732273553991
lujn 1 4.605170185988092 4.605170185988092
lummis 1 4.605170185988092 4.605170185988092
machine 1 1.4696759700589417 1.4696759700589417
made 1 0.653926467406664 0.653926467406664
maggie 1 3.506557897319982 3.506557897319982
magyar 1 2.0402208285265546 2.0402208285265546
mail 1 2.8134107167600364 2.8134107167600364
main 1 0.0 0.0
maint 1 1.6607312068216509 1.6607312068216509
maintains 1 3.912023005428146 3.912023005428146
major 1 1.1086626245216111 1.1086626245216111
majority 1 1.8971199848858813 1.8971199848858813
make 1 1.0498221244986776 1.0498221244986776
malcolm 1 2.659260036932778 2.659260036932778
maldives 1 3.912023005428146 3.912023005428146
mandate 1 3.912023005428146 3.912023005428146
manual 1 2.5257286443082556 2.5257286443082556
many 1 0.7550225842780328 0.7550225842780328
map 1 2.0402208285265546 2.0402208285265546
march 1 0.3147107448397002 0.3147107448397002
margaret 1 2.302585092994046 2.302585092994046
mark 1 1.1394342831883648 1.1394342831883648
markey 1 4.605170185988092 4.605170185988092
marshall 1 2.407945608651872 2.407945608651872
mary 1 1.7719568419318754 1.7719568419318754
maryland 1 2.995732273553991 2.995732273553991
marylandgov 1 4.605170185988092 4.605170185988092
masking 1 4.605170185988092 4.605170185988092
massachusetts 1 2.302585092994046 2.302585092994046
massacre 1 3.2188758248682006 3.2188758248682006
master 1 1.3093333199837622 1.3093333199837622
masto 1 4.605170185988092 4.605170185988092
mathias 1 3.912023005428146 3.912023005428146
matter 1 2.0402208285265546 2.0402208285265546
matthew 1 1.8325814637483102 1.8325814637483102
matusow 1 4.605170185988092 4.605170185988092
may 1 0.0 0.0
mdy 1 1.3862943611198906 1.3862943611198906
mean 1 1.7719568419318754 1.7719568419318754
meant 1 3.2188758248682006 3.2188758248682006
measure 1 2.659260036932778 2.659260036932778
medium 1 0.49429632181478017 0.49429632181478017
meeting 1 1.8971199848858813 1.8971199848858813
mehdi 1 4.605170185988092 4.605170185988092
member 1 0.6733445532637655 0.6733445532637655
membership 1 2.5257286443082556 2.5257286443082556
memorial 1 2.0402208285265546 2.0402208285265546
menendez 1 4.605170185988092 4.605170185988092
menu 1 0.0 0.0
merkley 1 4.605170185988092 4.605170185988092
merrick 1 3.506557897319982 3.506557897319982
message 1 1.5606477482646683 1.5606477482646683
metropolitan 1 3.2188758248682006 3.2188758248682006
mfume 1 4.605170185988092 4.605170185988092
michael 1 1.171182981502945 1.171182981502945
michigan 1 2.207274913189721 2.207274913189721
microformats 1 2.5257286443082556 2.5257286443082556
middlesex 1 3.912023005428146 3.912023005428146
mideast 1 3.912023005428146 3.912023005428146
mikulski 1 4.605170185988092 4.605170185988092
military 1 1.4696759700589417 1.4696759700589417
miller 1 1.6094379124341003 1.6094379124341003
million 1 1.6094379124341003 1.6094379124341003
minimum 1 3.506557897319982 3.506557897319982
minor 1 2.207274913189721 2.207274913189721
minority 1 2.659260036932778 2.659260036932778
mitchell 1 2.302585092994046 2.302585092994046
mob 1 3.506557897319982 3.506557897319982
mobile 1 0.0 0.0
mobilized 1 4.605170185988092 4.605170185988092
moderate 1 2.995732273553991 2.995732273553991
money 1 1.8325814637483102 1.8325814637483102
mongilio 1 4.605170185988092 4.605170185988092
montgomery 1 2.5257286443082556 2.5257286443082556
moody 1 2.8134107167600364 2.8134107167600364
moon 1 2.407945608651872 2.407945608651872
moore 1 2.120263536200091 2.120263536200091
moran 1 3.506557897319982 3.506557897319982
morella 1 4.605170185988092 4.605170185988092
morellas 1 4.605170185988092 4.605170185988092
moreno 1 3.912023005428146 3.912023005428146
mosquera 1 4.605170185988092 4.605170185988092
mother 1 1.5141277326297755 1.5141277326297755
move 1 0.0 0.0
mppgeorgetown 1 4.605170185988092 4.605170185988092
msamarylandgov 1 4.605170185988092 4.605170185988092
much 1 1.171182981502945 1.171182981502945
mullin 1 4.605170185988092 4.605170185988092
multiple 1 1.6607312068216509 1.6607312068216509
murkowski 1 4.605170185988092 4.605170185988092
murphy 1 2.5257286443082556 2.5257286443082556
murray 1 2.302585092994046 2.302585092994046
must 1 2.0402208285265546 2.0402208285265546
mwcoggov 1 4.605170185988092 4.605170185988092
nadu 1 3.912023005428146 3.912023005428146
name 1 0.5276327420823719 0.5276327420823719
named 1 1.2039728043259361 1.2039728043259361
nancy 1 2.302585092994046 2.302585092994046
narrowly 1 3.2188758248682006 3.2188758248682006
national 1 0.5108256237659907 0.5108256237659907
navbar 1 0.23572233352106994 0.23572233352106994
navbarfontsizemedia 1 0.3147107448397002 0.3147107448397002
navbarmini 1 0.23572233352106994 0.23572233352106994
navbox 1 0.1392620673335076 0.1392620673335076
navboximage 1 0.1392620673335076 0.1392620673335076
navboxsubgroup 1 0.1392620673335076 0.1392620673335076
navboxtitle 1 0.1392620673335076 0.1392620673335076
navigation 1 0.0 0.0
nbc 1 3.2188758248682006 3.2188758248682006
near 1 1.8325814637483102 1.8325814637483102
nearly 1 2.8134107167600364 2.8134107167600364
nederland 1 1.7147984280919266 1.7147984280919266
need 1 1.2039728043259361 1.2039728043259361
needed 1 1.3862943611198906 1.3862943611198906
neighboring 1 3.506557897319982 3.506557897319982
netanyahu 1 4.605170185988092 4.605170185988092
netherlands 1 1.7719568419318754 1.7719568419318754
never 1 1.4696759700589417 1.4696759700589417
new 1 0.24846135929849972 0.24846135929849972
newnet 1 4.605170185988092 4.605170185988092
news 1 0.843970070294529 0.843970070294529
newsdesk 1 4.605170185988092 4.605170185988092
next 1 1.1086626245216111 1.1086626245216111
nice 1 2.995732273553991 2.995732273553991
nicholas 1 2.302585092994046 2.302585092994046
nine 1 1.7719568419318754 1.7719568419318754
nominee 1 2.995732273553991 2.995732273553991
nonetheless 1 4.605170185988092 4.605170185988092
nonpartisan 1 4.605170185988092 4.605170185988092
nonprofit 1 0.0 0.0
nordhorn 1 4.605170185988092 4.605170185988092
norsk 1 1.9661128563728327 1.9661128563728327
note 1 0.8209805520698303 0.8209805520698303
november 1 0.3011050927839216 0.3011050927839216
ntu 1 4.605170185988092 4.605170185988092
number 1 0.7550225842780328 0.7550225842780328
obama 1 4.605170185988092 4.605170185988092
obamacare 1 4.605170185988092 4.605170185988092
objection 1 3.506557897319982 3.506557897319982
oconor 1 4.605170185988092 4.605170185988092
october 1 0.28768207245178085 0.28768207245178085
office 1 1.1086626245216111 1.1086626245216111
officer 1 1.7719568419318754 1.7719568419318754
official 1 0.7550225842780328 0.7550225842780328
often 1 1.6607312068216509 1.6607312068216509
ohl 1 4.605170185988092 4.605170185988092
oil 1 2.5257286443082556 2.5257286443082556
olivia 1 3.506557897319982 3.506557897319982
ollibeforecontent 1 0.127833371509885 0.127833371509885
olszewski 1 4.605170185988092 4.605170185988092
one 1 0.23572233352106994 0.23572233352106994
oneonone 1 3.912023005428146 3.912023005428146
online 1 1.4696759700589417 1.4696759700589417
ontheissuesorg 1 4.605170185988092 4.605170185988092
operation 1 1.7147984280919266 1.7147984280919266
opposes 1 3.912023005428146 3.912023005428146
opposition 1 1.9661128563728327 1.9661128563728327
opted 1 4.605170185988092 4.605170185988092
option 1 2.120263536200091 2.120263536200091
order 1 1.171182981502945 1.171182981502945
ordered 1 2.302585092994046 2.302585092994046
organization 1 0.0 0.0
organizationname 1 0.010050335853501506 0.010050335853501506
original 1 0.4155154439616658 0.4155154439616658
ossoff 1 4.605170185988092 4.605170185988092
others 1 1.1394342831883648 1.1394342831883648
ousts 1 4.605170185988092 4.605170185988092
outside 1 1.7147984280919266 1.7147984280919266
outsource 1 4.605170185988092 4.605170185988092
outstanding 1 3.2188758248682006 3.2188758248682006
owner 1 1.7147984280919266 1.7147984280919266
ownership 1 3.506557897319982 3.506557897319982
owning 1 3.506557897319982 3.506557897319982
pacific 1 2.302585092994046 2.302585092994046
pact 1 3.912023005428146 3.912023005428146
padilla 1 3.912023005428146 3.912023005428146
page 1 0.0 0.0
paid 1 2.407945608651872 2.407945608651872
pakistan 1 2.995732273553991 2.995732273553991
paper 1 1.6607312068216509 1.6607312068216509
parent 1 1.9661128563728327 1.9661128563728327
parity 1 4.605170185988092 4.605170185988092
parser 1 3.2188758248682006 3.2188758248682006
parshall 1 3.912023005428146 3.912023005428146
part 1 0.6348782724359695 0.6348782724359695
participated 1 2.8134107167600364 2.8134107167600364
particular 1 2.120263536200091 2.120263536200091
partisan 1 3.2188758248682006 3.2188758248682006
party 1 1.2378743560016172 1.2378743560016172
partystripe 1 3.912023005428146 3.912023005428146
pas 1 2.5257286443082556 2.5257286443082556
passed 1 2.5257286443082556 2.5257286443082556
past 1 1.7719568419318754 1.7719568419318754
patricia 1 2.995732273553991 2.995732273553991
paul 1 0.8675005677047231 0.8675005677047231
pay 1 2.120263536200091 2.120263536200091
pdf 1 1.0498221244986776 1.0498221244986776
pdfprintable 1 0.0 0.0
peaceful 1 4.605170185988092 4.605170185988092
peacekeeping 1 3.912023005428146 3.912023005428146
pearce 1 4.605170185988092 4.605170185988092
pelosi 1 4.605170185988092 4.605170185988092
penobscot 1 4.605170185988092 4.605170185988092
people 1 0.49429632181478017 0.49429632181478017
percent 1 2.8134107167600364 2.8134107167600364
permanent 1 0.0 0.0
permittopurchase 1 4.605170185988092 4.605170185988092
perpetrator 1 3.912023005428146 3.912023005428146
person 1 1.5606477482646683 1.5606477482646683
personal 1 0.0 0.0
pete 1 2.8134107167600364 2.8134107167600364
peter 1 1.3093333199837622 1.3093333199837622
philip 1 1.7147984280919266 1.7147984280919266
philosophy 1 2.407945608651872 2.407945608651872
photographer 1 3.506557897319982 3.506557897319982
pilot 1 2.659260036932778 2.659260036932778
pinkney 1 4.605170185988092 4.605170185988092
piper 1 3.912023005428146 3.912023005428146
place 1 0.653926467406664 0.653926467406664
plainlist 1 0.7339691750802005 0.7339691750802005
plan 1 1.4696759700589417 1.4696759700589417
play 1 1.2039728043259361 1.2039728043259361
played 1 1.3862943611198906 1.3862943611198906
pocket 1 3.506557897319982 3.506557897319982
podium 1 3.2188758248682006 3.2188758248682006
police 1 1.7719568419318754 1.7719568419318754
policy 1 0.0 0.0
political 1 1.3470736479666094 1.3470736479666094
politician 1 1.8971199848858813 1.8971199848858813
politiciansstcentury 1 4.605170185988092 4.605170185988092
politico 1 4.605170185988092 4.605170185988092
politics 1 1.9661128563728327 1.9661128563728327
polski 1 1.3470736479666094 1.3470736479666094
popular 1 1.4696759700589417 1.4696759700589417
population 1 2.207274913189721 2.207274913189721
portal 1 0.0 0.0
portman 1 4.605170185988092 4.605170185988092
portrait 1 2.659260036932778 2.659260036932778
portugus 1 1.171182981502945 1.171182981502945
position 1 1.1394342831883648 1.1394342831883648
post 1 1.07880966137193 1.07880966137193
potts 1 3.912023005428146 3.912023005428146
power 1 1.0216512475319812 1.0216512475319812
pratt 1 3.2188758248682006 3.2188758248682006
preceded 1 2.302585092994046 2.302585092994046
precededby 1 2.302585092994046 2.302585092994046
precedence 1 3.912023005428146 3.912023005428146
precinct 1 4.605170185988092 4.605170185988092
predecessor 1 2.5257286443082556 2.5257286443082556
prep 1 3.912023005428146 3.912023005428146
present 1 0.9675840262617057 0.9675840262617057
president 1 1.3470736479666094 1.3470736479666094
presidential 1 2.5257286443082556 2.5257286443082556
press 1 0.7550225842780328 0.7550225842780328
prevent 1 2.659260036932778 2.659260036932778
previous 1 1.6607312068216509 1.6607312068216509
previously 1 1.8971199848858813 1.8971199848858813
price 1 1.9661128563728327 1.9661128563728327
primary 1 2.0402208285265546 2.0402208285265546
prince 1 2.207274913189721 2.207274913189721
printbodyns 1 0.09431067947124142 0.09431067947124142
printexport 1 0.0 0.0
printing 1 2.995732273553991 2.995732273553991
privacy 1 0.0 0.0
privately 1 4.605170185988092 4.605170185988092
pro 1 1.6607312068216509 1.6607312068216509
prochoice 1 4.605170185988092 4.605170185988092
profile 1 2.0402208285265546 2.0402208285265546
program 1 1.7719568419318754 1.7719568419318754
prohibit 1 3.2188758248682006 3.2188758248682006
project 1 0.0 0.0
promise 1 2.659260036932778 2.659260036932778
promote 1 2.659260036932778 2.659260036932778
proposal 1 3.506557897319982 3.506557897319982
proposed 1 2.5257286443082556 2.5257286443082556
protect 1 3.2188758248682006 3.2188758248682006
protecting 1 3.506557897319982 3.506557897319982
protection 1 2.407945608651872 2.407945608651872
protest 1 2.407945608651872 2.407945608651872
provision 1 2.407945608651872 2.407945608651872
public 1 0.9675840262617057 0.9675840262617057
pull 1 3.2188758248682006 3.2188758248682006
pursue 1 2.995732273553991 2.995732273553991
qualified 1 2.995732273553991 2.995732273553991
question 1 1.7719568419318754 1.7719568419318754
quotation 1 2.995732273553991 2.995732273553991
rabinovits 1 4.605170185988092 4.605170185988092
race 1 1.7147984280919266 1.7147984280919266
radcliffe 1 3.912023005428146 3.912023005428146
radio 1 1.4696759700589417 1.4696759700589417
rahm 1 4.605170185988092 4.605170185988092
raise 1 2.302585092994046 2.302585092994046
raised 1 2.8134107167600364 2.8134107167600364
ralph 1 2.120263536200091 2.120263536200091
ran 1 2.0402208285265546 2.0402208285265546
random 1 0.0 0.0
rangel 1 4.605170185988092 4.605170185988092
ranking 1 2.207274913189721 2.207274913189721
rare 1 2.8134107167600364 2.8134107167600364
raskin 1 4.605170185988092 4.605170185988092
rather 1 2.120263536200091 2.120263536200091
rating 1 2.0402208285265546 2.0402208285265546
rayner 1 4.605170185988092 4.605170185988092
react 1 4.605170185988092 4.605170185988092
read 1 0.0 0.0
reading 1 1.5606477482646683 1.5606477482646683
ready 1 2.302585092994046 2.302585092994046
rebel 1 2.8134107167600364 2.8134107167600364
received 1 1.1394342831883648 1.1394342831883648
receiving 1 1.8971199848858813 1.8971199848858813
recent 1 0.0 0.0
reconvenes 1 4.605170185988092 4.605170185988092
record 1 0.7765287894989963 0.7765287894989963
recorded 1 1.6607312068216509 1.6607312068216509
recovery 1 3.2188758248682006 3.2188758248682006
redistricting 1 3.912023005428146 3.912023005428146
redraw 1 3.912023005428146 3.912023005428146
reduction 1 2.8134107167600364 2.8134107167600364
reed 1 2.659260036932778 2.659260036932778
reelected 1 3.2188758248682006 3.2188758248682006
reelection 1 3.2188758248682006 3.2188758248682006
ref 1 1.8971199848858813 1.8971199848858813
reference 1 0.03045920748470844 0.03045920748470844
reflist 1 0.06187540371808745 0.06187540371808745
reflistcolumns 1 0.06187540371808745 0.06187540371808745
reform 1 2.0402208285265546 2.0402208285265546
reg 1 0.0 0.0
registered 1 0.0 0.0
regulation 1 2.407945608651872 2.407945608651872
regulatory 1 3.506557897319982 3.506557897319982
reintroduced 1 3.912023005428146 3.912023005428146
related 1 0.0 0.0
relating 1 2.995732273553991 2.995732273553991
relation 1 1.7719568419318754 1.7719568419318754
relationship 1 1.8971199848858813 1.8971199848858813
relatively 1 2.995732273553991 2.995732273553991
release 1 1.3093333199837622 1.3093333199837622
religion 1 2.207274913189721 2.207274913189721
religious 1 2.0402208285265546 2.0402208285265546
remained 1 1.7719568419318754 1.7719568419318754
remark 1 3.506557897319982 3.506557897319982
remember 1 2.8134107167600364 2.8134107167600364
removal 1 2.8134107167600364 2.8134107167600364
renewable 1 3.912023005428146 3.912023005428146
rep 1 3.2188758248682006 3.2188758248682006
repeal 1 4.605170185988092 4.605170185988092
repealed 1 4.605170185988092 4.605170185988092
repealing 1 4.605170185988092 4.605170185988092
replace 1 2.995732273553991 2.995732273553991
replaced 1 1.8971199848858813 1.8971199848858813
replaces 1 3.506557897319982 3.506557897319982
report 1 1.1086626245216111 1.1086626245216111
representative 1 1.7147984280919266 1.7147984280919266
representativesfrom 1 3.506557897319982 3.506557897319982
represented 1 1.7719568419318754 1.7719568419318754
reprow 1 4.605170185988092 4.605170185988092
republican 1 2.8134107167600364 2.8134107167600364
require 1 3.506557897319982 3.506557897319982
requirement 1 3.2188758248682006 3.2188758248682006
requiring 1 2.995732273553991 2.995732273553991
resign 1 3.2188758248682006 3.2188758248682006
resolution 1 2.407945608651872 2.407945608651872
resource 1 1.7147984280919266 1.7147984280919266
response 1 2.120263536200091 2.120263536200091
responsible 1 2.302585092994046 2.302585092994046
rest 1 2.0402208285265546 2.0402208285265546
restored 1 4.605170185988092 4.605170185988092
result 1 0.9942522733438669 0.9942522733438669
retired 1 1.7719568419318754 1.7719568419318754
retiring 1 3.912023005428146 3.912023005428146
retract 1 4.605170185988092 4.605170185988092
retrieved 1 0.0 0.0
return 1 1.07880966137193 1.07880966137193
returned 1 1.4271163556401458 1.4271163556401458
reveal 1 3.912023005428146 3.912023005428146
review 1 1.07880966137193 1.07880966137193
revised 1 2.407945608651872 2.407945608651872
ricketts 1 3.506557897319982 3.506557897319982
right 1 0.9675840262617057 0.9675840262617057
rioter 1 3.912023005428146 3.912023005428146
risch 1 4.605170185988092 4.605170185988092
river 1 1.4271163556401458 1.4271163556401458
road 1 1.3862943611198906 1.3862943611198906
rob 1 2.8134107167600364 2.8134107167600364
robb 1 3.912023005428146 3.912023005428146
robert 1 0.8675005677047231 0.8675005677047231
robillard 1 4.605170185988092 4.605170185988092
rochester 1 2.995732273553991 2.995732273553991
role 1 1.3470736479666094 1.3470736479666094
rosen 1 3.912023005428146 3.912023005428146
rosner 1 4.605170185988092 4.605170185988092
round 1 1.3862943611198906 1.3862943611198906
rule 1 1.4696759700589417 1.4696759700589417
run 1 1.171182981502945 1.171182981502945
ruppersberger 1 4.605170185988092 4.605170185988092
russian 1 2.120263536200091 2.120263536200091
ryan 1 1.8325814637483102 1.8325814637483102
safety 1 2.407945608651872 2.407945608651872
said 1 1.5606477482646683 1.5606477482646683
san 1 1.2378743560016172 1.2378743560016172
sanchez 1 3.912023005428146 3.912023005428146
sandbox 1 2.995732273553991 2.995732273553991
sander 1 2.995732273553991 2.995732273553991
sarah 1 2.302585092994046 2.302585092994046
sarbanes 1 4.605170185988092 4.605170185988092
save 1 1.8971199848858813 1.8971199848858813
saving 1 2.407945608651872 2.407945608651872
savodnik 1 4.605170185988092 4.605170185988092
saw 1 2.0402208285265546 2.0402208285265546
say 1 1.7719568419318754 1.7719568419318754
saying 1 1.8325814637483102 1.8325814637483102
scaldaferri 1 4.605170185988092 4.605170185988092
scandal 1 2.8134107167600364 2.8134107167600364
schaefer 1 3.506557897319982 3.506557897319982
schatz 1 3.912023005428146 3.912023005428146
schaul 1 4.605170185988092 4.605170185988092
schiff 1 4.605170185988092 4.605170185988092
schmitt 1 3.506557897319982 3.506557897319982
school 1 0.7765287894989963 0.7765287894989963
schor 1 4.605170185988092 4.605170185988092
schumer 1 4.605170185988092 4.605170185988092
schwarz 1 4.605170185988092 4.605170185988092
science 1 1.171182981502945 1.171182981502945
score 1 1.6607312068216509 1.6607312068216509
scorecard 1 4.605170185988092 4.605170185988092
scott 1 1.2729656758128876 1.2729656758128876
screen 1 0.010050335853501506 0.010050335853501506
scribunto 1 2.995732273553991 2.995732273553991
search 1 0.0 0.0
season 1 1.1394342831883648 1.1394342831883648
seat 1 2.302585092994046 2.302585092994046
second 1 0.49429632181478017 0.49429632181478017
secondmost 1 4.605170185988092 4.605170185988092
secret 1 2.0402208285265546 2.0402208285265546
secretary 1 1.9661128563728327 1.9661128563728327
secured 1 2.995732273553991 2.995732273553991
security 1 1.6607312068216509 1.6607312068216509
see 1 0.40047756659712536 0.40047756659712536
seek 1 2.302585092994046 2.302585092994046
seized 1 3.506557897319982 3.506557897319982
selected 1 2.207274913189721 2.207274913189721
selene 1 4.605170185988092 4.605170185988092
sen 1 2.659260036932778 2.659260036932778
senate 1 2.5257286443082556 2.5257286443082556
senatefrom 1 4.605170185988092 4.605170185988092
senator 1 3.2188758248682006 3.2188758248682006
senatorfrom 1 4.605170185988092 4.605170185988092
senatorial 1 4.605170185988092 4.605170185988092
send 1 2.995732273553991 2.995732273553991
senior 1 2.0402208285265546 2.0402208285265546
seniority 1 4.605170185988092 4.605170185988092
september 1 0.43078291609245434 0.43078291609245434
serve 1 2.207274913189721 2.207274913189721
served 1 1.4696759700589417 1.4696759700589417
service 1 1.2378743560016172 1.2378743560016172
serving 1 2.120263536200091 2.120263536200091
servingwith 1 4.605170185988092 4.605170185988092
session 1 2.0402208285265546 2.0402208285265546
shaheen 1 4.605170185988092 4.605170185988092
shameful 1 3.912023005428146 3.912023005428146
shapiro 1 3.506557897319982 3.506557897319982
share 1 0.0 0.0
sharon 1 2.659260036932778 2.659260036932778
sheehy 1 4.605170185988092 4.605170185988092
sher 1 4.605170185988092 4.605170185988092
shirley 1 3.912023005428146 3.912023005428146
shmuel 1 4.605170185988092 4.605170185988092
shooting 1 2.5257286443082556 2.5257286443082556
short 1 0.06187540371808745 0.06187540371808745
shortage 1 3.506557897319982 3.506557897319982
shortened 1 0.0 0.0
shortly 1 2.207274913189721 2.207274913189721
shot 1 2.207274913189721 2.207274913189721
shriver 1 4.605170185988092 4.605170185988092
sick 1 3.506557897319982 3.506557897319982
sidebar 1 0.0 0.0
sideboxmarginpx 1 1.3862943611198906 1.3862943611198906
sideboxtextpaddingem 1 1.3862943611198906 1.3862943611198906
siegel 1 4.605170185988092 4.605170185988092
signed 1 2.407945608651872 2.407945608651872
similar 1 1.9661128563728327 1.9661128563728327
simple 1 2.407945608651872 2.407945608651872
since 1 0.7985076962177716 0.7985076962177716
sister 1 1.8325814637483102 1.8325814637483102
sisterbox 1 3.2188758248682006 3.2188758248682006
sistersitebox 1 1.3862943611198906 1.3862943611198906
site 1 0.0 0.0
sixth 1 1.9661128563728327 1.9661128563728327
slam 1 3.506557897319982 3.506557897319982
slightly 1 2.659260036932778 2.659260036932778
slotkin 1 4.605170185988092 4.605170185988092
smart 1 2.659260036932778 2.659260036932778
smith 1 1.2039728043259361 1.2039728043259361
snac 1 3.2188758248682006 3.2188758248682006
soccer 1 2.659260036932778 2.659260036932778
social 1 1.3093333199837622 1.3093333199837622
solid 1 0.09431067947124142 0.09431067947124142
sonmez 1 4.605170185988092 4.605170185988092
south 1 0.9162907318741551 0.9162907318741551
southern 1 1.6607312068216509 1.6607312068216509
speak 1 3.2188758248682006 3.2188758248682006
speaker 1 2.407945608651872 2.407945608651872
speaking 1 2.8134107167600364 2.8134107167600364
special 1 0.0 0.0
specifically 1 2.5257286443082556 2.5257286443082556
speech 1 2.5257286443082556 2.5257286443082556
spence 1 4.605170185988092 4.605170185988092
spend 1 3.2188758248682006 3.2188758248682006
spent 1 2.407945608651872 2.407945608651872
sponsored 1 2.8134107167600364 2.8134107167600364
spur 1 3.912023005428146 3.912023005428146
sri 1 2.8134107167600364 2.8134107167600364
staff 1 1.6607312068216509 1.6607312068216509
staley 1 3.912023005428146 3.912023005428146
star 1 0.9675840262617057 0.9675840262617057
stark 1 3.912023005428146 3.912023005428146
starks 1 4.605170185988092 4.605170185988092
state 1 0.3147107448397002 0.3147107448397002
statement 1 0.0 0.0
statewide 1 3.912023005428146 3.912023005428146
statistic 1 0.0 0.0
status 1 1.7719568419318754 1.7719568419318754
stay 1 2.0402208285265546 2.0402208285265546
stein 1 3.506557897319982 3.506557897319982
steny 1 4.605170185988092 4.605170185988092
step 1 2.120263536200091 2.120263536200091
stephen 1 1.8971199848858813 1.8971199848858813
stern 1 3.2188758248682006 3.2188758248682006
steve 1 1.8971199848858813 1.8971199848858813
steven 1 2.207274913189721 2.207274913189721
stewart 1 2.207274913189721 2.207274913189721
stock 1 2.302585092994046 2.302585092994046
stopped 1 2.995732273553991 2.995732273553991
storming 1 4.605170185988092 4.605170185988092
street 1 1.4271163556401458 1.4271163556401458
stroke 1 3.2188758248682006 3.2188758248682006
strongly 1 2.995732273553991 2.995732273553991
student 1 1.3862943611198906 1.3862943611198906
studentloan 1 4.605170185988092 4.605170185988092
study 1 1.2729656758128876 1.2729656758128876
subcommittee 1 3.912023005428146 3.912023005428146
subsection 1 0.3424903089467759 0.3424903089467759
succeed 1 3.506557897319982 3.506557897319982
succeeded 1 2.120263536200091 2.120263536200091
succeededby 1 2.5257286443082556 2.5257286443082556
success 1 1.8325814637483102 1.8325814637483102
successful 1 2.0402208285265546 2.0402208285265546
sue 1 2.995732273553991 2.995732273553991
sued 1 3.2188758248682006 3.2188758248682006
suffering 1 2.659260036932778 2.659260036932778
sullivan 1 2.659260036932778 2.659260036932778
summary 1 2.407945608651872 2.407945608651872
sun 1 1.6607312068216509 1.6607312068216509
suomi 1 1.7719568419318754 1.7719568419318754
supply 1 2.5257286443082556 2.5257286443082556
support 1 1.2729656758128876 1.2729656758128876
supported 1 1.8325814637483102 1.8325814637483102
supporter 1 2.659260036932778 2.659260036932778
supreme 1 2.120263536200091 2.120263536200091
surname 1 2.995732273553991 2.995732273553991
susan 1 2.659260036932778 2.659260036932778
suspend 1 4.605170185988092 4.605170185988092
sustainable 1 3.912023005428146 3.912023005428146
svenska 1 1.9661128563728327 1.9661128563728327
swamped 1 4.605170185988092 4.605170185988092
swarthmore 1 3.912023005428146 3.912023005428146
swung 1 4.605170185988092 4.605170185988092
syndrome 1 3.912023005428146 3.912023005428146
szeliga 1 4.605170185988092 4.605170185988092
szeligas 1 4.605170185988092 4.605170185988092
table 1 0.0 0.0
taiwan 1 2.8134107167600364 2.8134107167600364
talk 1 0.0 0.0
tamil 1 2.995732273553991 2.995732273553991
tandem 1 3.912023005428146 3.912023005428146
task 1 2.5257286443082556 2.5257286443082556
taught 1 2.659260036932778 2.659260036932778
tax 1 2.8134107167600364 2.8134107167600364
taxation 1 3.506557897319982 3.506557897319982
taxfree 1 4.605170185988092 4.605170185988092
taxpayer 1 4.605170185988092 4.605170185988092
taylor 1 1.7719568419318754 1.7719568419318754
tdhlist 1 0.1392620673335076 0.1392620673335076
teacher 1 1.9661128563728327 1.9661128563728327
tear 1 3.2188758248682006 3.2188758248682006
telegraphic 1 4.605170185988092 4.605170185988092
tell 1 2.407945608651872 2.407945608651872
telling 1 2.8134107167600364 2.8134107167600364
template 1 0.0 0.0
tempore 1 3.912023005428146 3.912023005428146
tenure 1 2.5257286443082556 2.5257286443082556
term 1 0.0 0.0
test 1 2.207274913189721 2.207274913189721
tester 1 4.605170185988092 4.605170185988092
text 1 0.0 0.0
thbodyskinresponsive 1 0.3147107448397002 0.3147107448397002
there 1 3.2188758248682006 3.2188758248682006
theresa 1 3.506557897319982 3.506557897319982
third 1 0.9162907318741551 0.9162907318741551
thomas 1 1.1394342831883648 1.1394342831883648
thomsen 1 3.912023005428146 3.912023005428146
though 1 1.6607312068216509 1.6607312068216509
thought 1 1.8971199848858813 1.8971199848858813
thpresent 1 4.605170185988092 4.605170185988092
three 1 0.5798184952529422 0.5798184952529422
thune 1 4.605170185988092 4.605170185988092
tillis 1 4.605170185988092 4.605170185988092
tim 1 1.6607312068216509 1.6607312068216509
time 1 0.28768207245178085 0.28768207245178085
timmerman 1 3.912023005428146 3.912023005428146
tinus 1 4.605170185988092 4.605170185988092
tobacco 1 3.912023005428146 3.912023005428146
toclevel 1 3.506557897319982 3.506557897319982
toclimit 1 3.506557897319982 3.506557897319982
todd 1 2.5257286443082556 2.5257286443082556
toggle 1 0.010050335853501506 0.010050335853501506
tom 1 1.2378743560016172 1.2378743560016172
tool 1 0.0 0.0
top 1 0.010050335853501506 0.010050335853501506
topic 1 0.0 0.0
torricelli 1 4.605170185988092 4.605170185988092
total 1 0.0 0.0
touted 1 3.912023005428146 3.912023005428146
trademark 1 0.0 0.0
tradition 1 2.207274913189721 2.207274913189721
transaction 1 2.8134107167600364 2.8134107167600364
transcript 1 3.912023005428146 3.912023005428146
transgender 1 4.605170185988092 4.605170185988092
transportation 1 2.659260036932778 2.659260036932778
treasurer 1 3.506557897319982 3.506557897319982
treatment 1 2.659260036932778 2.659260036932778
trigger 1 3.912023005428146 3.912023005428146
trone 1 4.605170185988092 4.605170185988092
trump 1 3.2188758248682006 3.2188758248682006
tube 1 1.8971199848858813 1.8971199848858813
tuberville 1 4.605170185988092 4.605170185988092
turkey 1 2.302585092994046 2.302585092994046
turn 1 2.0402208285265546 2.0402208285265546
twentyfifth 1 4.605170185988092 4.605170185988092
twitter 1 2.5257286443082556 2.5257286443082556
two 1 0.43078291609245434 0.43078291609245434
tydings 1 4.605170185988092 4.605170185988092
ukraine 1 2.8134107167600364 2.8134107167600364
uldisplaynone 1 3.506557897319982 3.506557897319982
ulpaddingem 1 0.1392620673335076 0.1392620673335076
undisclosed 1 3.506557897319982 3.506557897319982
unfiltered 1 4.605170185988092 4.605170185988092
union 1 1.07880966137193 1.07880966137193
united 1 0.4155154439616658 0.4155154439616658
university 1 0.616186139423817 0.616186139423817
unknown 1 2.207274913189721 2.207274913189721
unlimited 1 2.995732273553991 2.995732273553991
unprepared 1 4.605170185988092 4.605170185988092
unsourced 1 1.3862943611198906 1.3862943611198906
update 1 2.659260036932778 2.659260036932778
updating 1 3.506557897319982 3.506557897319982
upload 1 0.0 0.0
urban 1 2.120263536200091 2.120263536200091
urged 1 3.506557897319982 3.506557897319982
uscong 1 4.605170185988092 4.605170185988092
use 1 0.0 0.0
ushouseof 1 4.605170185988092 4.605170185988092
using 1 0.0 0.0
ussenators 1 4.605170185988092 4.605170185988092
utc 1 0.0 0.0
vacancy 1 4.605170185988092 4.605170185988092
van 1 1.7147984280919266 1.7147984280919266
vance 1 3.506557897319982 3.506557897319982
vanhollenhousegov 1 4.605170185988092 4.605170185988092
vanhollenorg 1 4.605170185988092 4.605170185988092
vanhollensenategov 1 4.605170185988092 4.605170185988092
var 1 0.0 0.0
vega 1 2.8134107167600364 2.8134107167600364
vendor 1 3.506557897319982 3.506557897319982
version 1 0.0 0.0
via 1 1.4271163556401458 1.4271163556401458
vice 1 1.6607312068216509 1.6607312068216509
vicepresidential 1 4.605170185988092 4.605170185988092
vickers 1 4.605170185988092 4.605170185988092
view 1 0.0 0.0
violence 1 2.8134107167600364 2.8134107167600364
violent 1 3.506557897319982 3.506557897319982
violet 1 3.912023005428146 3.912023005428146
voice 1 2.120263536200091 2.120263536200091
voiced 1 2.995732273553991 2.995732273553991
vote 1 2.5257286443082556 2.5257286443082556
votecitation 1 4.605170185988092 4.605170185988092
voted 1 2.8134107167600364 2.8134107167600364
voter 1 3.506557897319982 3.506557897319982
voting 1 3.2188758248682006 3.2188758248682006
vte 1 0.7550225842780328 0.7550225842780328
vulnerable 1 4.605170185988092 4.605170185988092
wage 1 3.2188758248682006 3.2188758248682006
wagner 1 2.8134107167600364 2.8134107167600364
waited 1 3.912023005428146 3.912023005428146
wake 1 2.407945608651872 2.407945608651872
walking 1 2.659260036932778 2.659260036932778
wall 1 1.9661128563728327 1.9661128563728327
wallace 1 2.659260036932778 2.659260036932778
wanted 1 2.207274913189721 2.207274913189721
war 1 0.7985076962177716 0.7985076962177716
warner 1 2.995732273553991 2.995732273553991
warning 1 2.5257286443082556 2.5257286443082556
warnock 1 4.605170185988092 4.605170185988092
warren 1 3.506557897319982 3.506557897319982
washington 1 1.2378743560016172 1.2378743560016172
washingtonian 1 4.605170185988092 4.605170185988092
waste 1 3.506557897319982 3.506557897319982
watershed 1 3.912023005428146 3.912023005428146
watt 1 3.506557897319982 3.506557897319982
way 1 1.1086626245216111 1.1086626245216111
wayback 1 1.8971199848858813 1.8971199848858813
wbff 1 4.605170185988092 4.605170185988092
weak 1 4.605170185988092 4.605170185988092
wealthy 1 3.2188758248682006 3.2188758248682006
weapon 1 2.8134107167600364 2.8134107167600364
web 1 1.4696759700589417 1.4696759700589417
webarchive 1 2.0402208285265546 2.0402208285265546
website 1 1.6094379124341003 1.6094379124341003
week 1 1.2729656758128876 1.2729656758128876
weekend 1 3.2188758248682006 3.2188758248682006
welch 1 3.2188758248682006 3.2188758248682006
well 1 0.7765287894989963 0.7765287894989963
weller 1 4.605170185988092 4.605170185988092
wellington 1 3.2188758248682006 3.2188758248682006
wes 1 4.605170185988092 4.605170185988092
west 1 1.171182981502945 1.171182981502945
whitehouse 1 3.506557897319982 3.506557897319982
whyte 1 4.605170185988092 4.605170185988092
wicker 1 4.605170185988092 4.605170185988092
widthpxmargin 1 3.2188758248682006 3.2188758248682006
wife 1 1.7719568419318754 1.7719568419318754
wiki 1 2.120263536200091 2.120263536200091
wikibase 1 2.995732273553991 2.995732273553991
wikidata 1 0.010050335853501506 0.010050335853501506
wikimedia 1 0.0 0.0
wikipedia 1 0.0 0.0
wikipedias 1 2.5257286443082556 2.5257286443082556
wikiquote 1 2.8134107167600364 2.8134107167600364
wikisource 1 2.8134107167600364 2.8134107167600364
william 1 1.171182981502945 1.171182981502945
wilson 1 1.7719568419318754 1.7719568419318754
win 1 1.1086626245216111 1.1086626245216111
windmill 1 4.605170185988092 4.605170185988092
winning 1 1.8971199848858813 1.8971199848858813
wiser 1 4.605170185988092 4.605170185988092
witness 1 2.407945608651872 2.407945608651872
woman 1 1.171182981502945 1.171182981502945
womens 1 2.0402208285265546 2.0402208285265546
wont 1 2.8134107167600364 2.8134107167600364
word 1 1.6094379124341003 1.6094379124341003
work 1 0.7133498878774648 0.7133498878774648
worked 1 1.6607312068216509 1.6607312068216509
would 1 0.7550225842780328 0.7550225842780328
wrapper 1 3.506557897319982 3.506557897319982
wright 1 2.302585092994046 2.302585092994046
writein 1 4.605170185988092 4.605170185988092
written 1 0.9416085398584451 0.9416085398584451
wtop 1 4.605170185988092 4.605170185988092
wwwaacomtr 1 4.605170185988092 4.605170185988092
wyden 1 4.605170185988092 4.605170185988092
wynn 1 4.605170185988092 4.605170185988092
xavier 1 3.2188758248682006 3.2188758248682006
yarmuth 1 4.605170185988092 4.605170185988092
year 1 0.3424903089467759 0.3424903089467759
york 1 0.8209805520698303 0.8209805520698303
young 1 1.2378743560016172 1.2378743560016172
younger 1 2.120263536200091 2.120263536200091
zeke 1 3.912023005428146 3.912023005428146
zeteo 1 4.605170185988092 4.605170185988092
