abc 1 2.5257286443082556 2.5257286443082556
abel 1 3.506557897319982 3.506557897319982
abroad 1 3.2188758248682006 3.2188758248682006
academia 1 3.912023005428146 3.912023005428146
academic 1 1.8971199848858813 1.8971199848858813
academy 1 1.8325814637483102 1.8325814637483102
accident 1 2.407945608651872 2.407945608651872
accidental 1 3.912023005428146 3.912023005428146
account 1 0.0 0.0
action 1 0.0 0.0
activist 1 2.407945608651872 2.407945608651872
actor 1 2.207274913189721 2.207274913189721
actress 1 2.8134107167600364 2.8134107167600364
adam 1 1.5141277326297755 1.5141277326297755
add 1 0.0 0.0
additional 1 0.0 0.0
adhikari 1 4.605170185988092 4.605170185988092
administrator 1 3.506557897319982 3.506557897319982
admiral 1 3.506557897319982 3.506557897319982
adolf 1 3.506557897319982 3.506557897319982
adventurer 1 3.912023005428146 3.912023005428146
adviser 1 3.2188758248682006 3.2188758248682006
advisor 1 2.8134107167600364 2.8134107167600364
age 1 0.7985076962177716 0.7985076962177716
agree 1 0.0 0.0
ahmed 1 3.2188758248682006 3.2188758248682006
aidyn 1 4.605170185988092 4.605170185988092
aikido 1 4.605170185988092 4.605170185988092
aikidojournalcom 1 4.605170185988092 4.605170185988092
alan 1 2.0402208285265546 2.0402208285265546
albanian 1 3.506557897319982 3.506557897319982
alcock 1 4.605170185988092 4.605170185988092
alexander 1 1.5141277326297755 1.5141277326297755
alfred 1 2.5257286443082556 2.5257286443082556
alija 1 4.605170185988092 4.605170185988092
alike 1 0.0 0.0
allan 1 3.506557897319982 3.506557897319982
allende 1 4.605170185988092 4.605170185988092
alois 1 3.912023005428146 3.912023005428146
alphabetically 1 4.605170185988092 4.605170185988092
alzheimers 1 3.506557897319982 3.506557897319982
ambassador 1 2.995732273553991 2.995732273553991
american 1 0.5276327420823719 0.5276327420823719
amethyst 1 4.605170185988092 4.605170185988092
amp 1 0.4620354595965586 0.4620354595965586
anahad 1 4.605170185988092 4.605170185988092
anderson 1 2.302585092994046 2.302585092994046
andros 1 4.605170185988092 4.605170185988092
aneurysm 1 4.605170185988092 4.605170185988092
angel 1 2.407945608651872 2.407945608651872
angeles 1 1.6607312068216509 1.6607312068216509
animator 1 3.912023005428146 3.912023005428146
annalena 1 4.605170185988092 4.605170185988092
anne 1 2.5257286443082556 2.5257286443082556
announcer 1 3.506557897319982 3.506557897319982
anthropologist 1 4.605170185988092 4.605170185988092
anticommunist 1 4.605170185988092 4.605170185988092
antnio 1 3.912023005428146 3.912023005428146
antonio 1 2.659260036932778 2.659260036932778
antonn 1 4.605170185988092 4.605170185988092
antony 1 4.605170185988092 4.605170185988092
appearance 1 0.0 0.0
appearing 1 2.5257286443082556 2.5257286443082556
applicable 1 3.912023005428146 3.912023005428146
apply 1 0.0 0.0
apr 1 3.2188758248682006 3.2188758248682006
april 1 0.44628710262841953 0.44628710262841953
arba 1 4.605170185988092 4.605170185988092
archival 1 4.605170185988092 4.605170185988092
archived 1 0.47803580094299974 0.47803580094299974
argentine 1 2.659260036932778 2.659260036932778
arikawa 1 4.605170185988092 4.605170185988092
arkansas 1 2.5257286443082556 2.5257286443082556
armando 1 3.506557897319982 3.506557897319982
armano 1 4.605170185988092 4.605170185988092
army 1 1.6094379124341003 1.6094379124341003
arnold 1 2.5257286443082556 2.5257286443082556
arranger 1 4.605170185988092 4.605170185988092
art 1 1.2039728043259361 1.2039728043259361
arthur 1 1.7147984280919266 1.7147984280919266
article 1 0.0 0.0
artist 1 1.7147984280919266 1.7147984280919266
arturo 1 3.506557897319982 3.506557897319982
asper 1 3.912023005428146 3.912023005428146
associated 1 1.4696759700589417 1.4696759700589417
athavale 1 4.605170185988092 4.605170185988092
athletic 1 2.5257286443082556 2.5257286443082556
atkinson 1 2.995732273553991 2.995732273553991
atlanta 1 2.207274913189721 2.207274913189721
atlantis 1 3.912023005428146 3.912023005428146
attack 1 1.7147984280919266 1.7147984280919266
attorney 1 2.659260036932778 2.659260036932778
attribution 1 0.0 0.0
aug 1 2.5257286443082556 2.5257286443082556
august 1 0.3424903089467759 0.3424903089467759
aussie 1 4.605170185988092 4.605170185988092
australia 1 1.4696759700589417 1.4696759700589417
australian 1 1.9661128563728327 1.9661128563728327
austrian 1 2.8134107167600364 2.8134107167600364
author 1 1.8971199848858813 1.8971199848858813
auto 1 0.1392620673335076 0.1392620673335076
autoweek 1 4.605170185988092 4.605170185988092
available 1 0.0 0.0
average 1 2.0402208285265546 2.0402208285265546
avni 1 4.605170185988092 4.605170185988092
award 1 1.171182981502945 1.171182981502945
away 1 1.5606477482646683 1.5606477482646683
azam 1 4.605170185988092 4.605170185988092
azerbaijani 1 4.605170185988092 4.605170185988092
back 1 1.0216512475319812 1.0216512475319812
bahamian 1 4.605170185988092 4.605170185988092
bailey 1 2.5257286443082556 2.5257286443082556
baker 1 2.120263536200091 2.120263536200091
bakker 1 4.605170185988092 4.605170185988092
baldock 1 4.605170185988092 4.605170185988092
ballet 1 4.605170185988092 4.605170185988092
balvn 1 4.605170185988092 4.605170185988092
band 1 2.207274913189721 2.207274913189721
barney 1 4.605170185988092 4.605170185988092
base 1 1.4696759700589417 1.4696759700589417
baseball 1 2.5257286443082556 2.5257286443082556
basketball 1 2.659260036932778 2.659260036932778
basri 1 4.605170185988092 4.605170185988092
bass 1 2.659260036932778 2.659260036932778
bear 1 2.302585092994046 2.302585092994046
beate 1 4.605170185988092 4.605170185988092
became 1 0.7133498878774648 0.7133498878774648
beedle 1 4.605170185988092 4.605170185988092
beenders 1 4.605170185988092 4.605170185988092
behavioral 1 4.605170185988092 4.605170185988092
behram 1 4.605170185988092 4.605170185988092
ben 1 2.207274913189721 2.207274913189721
benny 1 3.506557897319982 3.506557897319982
berger 1 4.605170185988092 4.605170185988092
bernard 1 2.995732273553991 2.995732273553991
berner 1 3.912023005428146 3.912023005428146
berry 1 2.8134107167600364 2.8134107167600364
bertram 1 4.605170185988092 4.605170185988092
besar 1 4.605170185988092 4.605170185988092
beveren 1 4.605170185988092 4.605170185988092
bibliothque 1 3.912023005428146 3.912023005428146
big 1 1.3862943611198906 1.3862943611198906
bill 1 1.171182981502945 1.171182981502945
billy 1 2.5257286443082556 2.5257286443082556
bin 1 3.912023005428146 3.912023005428146
biochemical 1 4.605170185988092 4.605170185988092
biochemist 1 4.605170185988092 4.605170185988092
biografischportaalnl 1 4.605170185988092 4.605170185988092
biography 1 1.6607312068216509 1.6607312068216509
birth 1 1.1394342831883648 1.1394342831883648
bjegojevi 1 4.605170185988092 4.605170185988092
black 1 0.8915981192837835 0.8915981192837835
blackhawks 1 4.605170185988092 4.605170185988092
blue 1 1.4696759700589417 1.4696759700589417
blyth 1 4.605170185988092 4.605170185988092
bob 1 1.8971199848858813 1.8971199848858813
body 1 1.4271163556401458 1.4271163556401458
bombmaker 1 4.605170185988092 4.605170185988092
bone 1 2.995732273553991 2.995732273553991
bonisolli 1 4.605170185988092 4.605170185988092
book 1 0.6348782724359695 0.6348782724359695
booth 1 2.995732273553991 2.995732273553991
borisov 1 3.912023005428146 3.912023005428146
bosnia 1 3.2188758248682006 3.2188758248682006
boston 1 1.7719568419318754 1.7719568419318754
botanist 1 3.912023005428146 3.912023005428146
boxer 1 3.506557897319982 3.506557897319982
boxing 1 3.506557897319982 3.506557897319982
boyd 1 2.407945608651872 2.407945608651872
brain 1 2.995732273553991 2.995732273553991
branson 1 4.605170185988092 4.605170185988092
brazilian 1 2.8134107167600364 2.8134107167600364
breathitt 1 4.605170185988092 4.605170185988092
brian 1 1.6607312068216509 1.6607312068216509
brickell 1 4.605170185988092 4.605170185988092
brim 1 4.605170185988092 4.605170185988092
britain 1 2.5257286443082556 2.5257286443082556
britannica 1 2.8134107167600364 2.8134107167600364
britannicacom 1 4.605170185988092 4.605170185988092
british 1 1.5606477482646683 1.5606477482646683
brje 1 4.605170185988092 4.605170185988092
broadcaster 1 2.659260036932778 2.659260036932778
broadway 1 3.912023005428146 3.912023005428146
brockhouse 1 4.605170185988092 4.605170185988092
brown 1 1.6607312068216509 1.6607312068216509
buck 1 3.506557897319982 3.506557897319982
building 1 1.6607312068216509 1.6607312068216509
bulgarian 1 3.912023005428146 3.912023005428146
bullying 1 3.506557897319982 3.506557897319982
burelli 1 4.605170185988092 4.605170185988092
burn 1 2.302585092994046 2.302585092994046
burnham 1 3.506557897319982 3.506557897319982
businessman 1 2.659260036932778 2.659260036932778
busing 1 4.605170185988092 4.605170185988092
butch 1 4.605170185988092 4.605170185988092
cairn 1 4.605170185988092 4.605170185988092
calverley 1 4.605170185988092 4.605170185988092
cambodian 1 4.605170185988092 4.605170185988092
campaigner 1 3.912023005428146 3.912023005428146
canada 1 1.4696759700589417 1.4696759700589417
canadian 1 1.9661128563728327 1.9661128563728327
cancer 1 2.659260036932778 2.659260036932778
cannonball 1 3.912023005428146 3.912023005428146
capstick 1 4.605170185988092 4.605170185988092
car 1 1.7147984280919266 1.7147984280919266
carbon 1 3.506557897319982 3.506557897319982
carbonnier 1 4.605170185988092 4.605170185988092
cardiovascular 1 3.912023005428146 3.912023005428146
caricaturist 1 4.605170185988092 4.605170185988092
carl 1 2.407945608651872 2.407945608651872
carmen 1 3.912023005428146 3.912023005428146
carnatic 1 4.605170185988092 4.605170185988092
carolyn 1 3.912023005428146 3.912023005428146
carter 1 2.5257286443082556 2.5257286443082556
cartoon 1 3.506557897319982 3.506557897319982
cartoonist 1 4.605170185988092 4.605170185988092
carvalho 1 3.506557897319982 3.506557897319982
cash 1 2.995732273553991 2.995732273553991
cast 1 1.8971199848858813 1.8971199848858813
castillo 1 3.506557897319982 3.506557897319982
cataloguebnffr 1 4.605170185988092 4.605170185988092
category 1 0.0 0.0
catholic 1 2.207274913189721 2.207274913189721
cause 1 2.0402208285265546 2.0402208285265546
cayton 1 4.605170185988092 4.605170185988092
celebrity 1 4.605170185988092 4.605170185988092
cellist 1 4.605170185988092 4.605170185988092
celtic 1 3.506557897319982 3.506557897319982
center 1 1.171182981502945 1.171182981502945
centerpx 1 0.0408219945202552 0.0408219945202552
cerebral 1 4.605170185988092 4.605170185988092
chairman 1 1.8325814637483102 1.8325814637483102
champion 1 1.3862943611198906 1.3862943611198906
chanal 1 4.605170185988092 4.605170185988092
change 1 0.0 0.0
charles 1 1.171182981502945 1.171182981502945
charlie 1 2.5257286443082556 2.5257286443082556
chess 1 4.605170185988092 4.605170185988092
chiang 1 4.605170185988092 4.605170185988092
chicago 1 1.8971199848858813 1.8971199848858813
child 1 1.07880966137193 1.07880966137193
childrens 1 2.207274913189721 2.207274913189721
chilean 1 2.659260036932778 2.659260036932778
china 1 2.0402208285265546 2.0402208285265546
chinese 1 2.5257286443082556 2.5257286443082556
choreographer 1 3.912023005428146 3.912023005428146
chronic 1 3.506557897319982 3.506557897319982
chubby 1 4.605170185988092 4.605170185988092
church 1 1.6607312068216509 1.6607312068216509
cincinnati 1 2.8134107167600364 2.8134107167600364
circus 1 3.912023005428146 3.912023005428146
citation 1 0.0408219945202552 0.0408219945202552
cite 1 0.0 0.0
citenews 1 1.5606477482646683 1.5606477482646683
citeweb 1 0.5447271754416719 0.5447271754416719
citizenship 1 2.995732273553991 2.995732273553991
city 1 0.6348782724359695 0.6348782724359695
civil 1 1.7719568419318754 1.7719568419318754
clement 1 3.2188758248682006 3.2188758248682006
cleveland 1 2.0402208285265546 2.0402208285265546
close 1 1.9661128563728327 1.9661128563728327
coach 1 1.7719568419318754 1.7719568419318754
code 1 0.0 0.0
cofounder 1 3.506557897319982 3.506557897319982
colchester 1 4.605170185988092 4.605170185988092
collector 1 2.8134107167600364 2.8134107167600364
college 1 1.1394342831883648 1.1394342831883648
collier 1 3.2188758248682006 3.2188758248682006
collision 1 3.2188758248682006 3.2188758248682006
columbia 1 2.207274913189721 2.207274913189721
colvin 1 3.912023005428146 3.912023005428146
comedian 1 3.506557897319982 3.506557897319982
comic 1 2.407945608651872 2.407945608651872
commando 1 3.506557897319982 3.506557897319982
commentator 1 2.8134107167600364 2.8134107167600364
common 1 0.0 0.0
communication 1 2.207274913189721 2.207274913189721
communist 1 2.407945608651872 2.407945608651872
complication 1 3.912023005428146 3.912023005428146
composer 1 2.8134107167600364 2.8134107167600364
conduct 1 0.0 0.0
conductor 1 3.506557897319982 3.506557897319982
congress 1 1.7147984280919266 1.7147984280919266
conservationist 1 4.605170185988092 4.605170185988092
conservative 1 2.8134107167600364 2.8134107167600364
conservatory 1 4.605170185988092 4.605170185988092
constitutional 1 2.995732273553991 2.995732273553991
contact 1 0.0 0.0
content 1 0.0 0.0
context 1 0.010050335853501506 0.010050335853501506
contribute 1 0.0 0.0
contribution 1 0.0 0.0
cookie 1 0.0 0.0
cookiematch 1 0.0 0.0
corelli 1 4.605170185988092 4.605170185988092
corp 1 2.302585092994046 2.302585092994046
corwin 1 3.506557897319982 3.506557897319982
costello 1 4.605170185988092 4.605170185988092
council 1 1.4696759700589417 1.4696759700589417
counterlistitema 1 0.127833371509885 0.127833371509885
country 1 0.843970070294529 0.843970070294529
coxed 1 4.605170185988092 4.605170185988092
cramer 1 3.912023005428146 3.912023005428146
create 1 0.0 0.0
creative 1 0.0 0.0
creator 1 3.2188758248682006 3.2188758248682006
cremate 1 4.605170185988092 4.605170185988092
crian 1 4.605170185988092 4.605170185988092
cricketer 1 4.605170185988092 4.605170185988092
crispino 1 4.605170185988092 4.605170185988092
critic 1 1.9661128563728327 1.9661128563728327
crosscountry 1 3.912023005428146 3.912023005428146
crown 1 1.9661128563728327 1.9661128563728327
cryptanalyst 1 4.605170185988092 4.605170185988092
csmaintcolorf 1 0.06187540371808745 0.06187540371808745
csmaintcolorfmedia 1 0.0408219945202552 0.0408219945202552
cswsicon 1 0.0408219945202552 0.0408219945202552
cub 1 3.506557897319982 3.506557897319982
culmer 1 4.605170185988092 4.605170185988092
current 1 0.0 0.0
cyclist 1 4.605170185988092 4.605170185988092
cyril 1 2.995732273553991 2.995732273553991
czech 1 2.207274913189721 2.207274913189721
czechoslovak 1 3.912023005428146 3.912023005428146
dad 1 2.995732273553991 2.995732273553991
daddah 1 4.605170185988092 4.605170185988092
daija 1 4.605170185988092 4.605170185988092
daily 1 1.4271163556401458 1.4271163556401458
daly 1 3.2188758248682006 3.2188758248682006
dalzel 1 4.605170185988092 4.605170185988092
dan 1 1.7719568419318754 1.7719568419318754
dancer 1 4.605170185988092 4.605170185988092
danish 1 3.2188758248682006 3.2188758248682006
databnffr 1 4.605170185988092 4.605170185988092
date 1 0.3147107448397002 0.3147107448397002
daughter 1 1.5141277326297755 1.5141277326297755
david 1 0.9942522733438669 0.9942522733438669
davy 1 2.995732273553991 2.995732273553991
day 1 0.5276327420823719 0.5276327420823719
daytona 1 3.912023005428146 3.912023005428146
dbe 1 4.605170185988092 4.605170185988092
dberahes 1 4.605170185988092 4.605170185988092
dc 1 3.912023005428146 3.912023005428146
de 1 2.407945608651872 2.407945608651872
dead 1 1.5606477482646683 1.5606477482646683
deadly 1 2.8134107167600364 2.8134107167600364
death 1 1.171182981502945 1.171182981502945
deathsinmonth 1 4.605170185988092 4.605170185988092
dec 1 2.995732273553991 2.995732273553991
decade 1 2.659260036932778 2.659260036932778
december 1 0.37106368139083196 0.37106368139083196
dee 1 3.2188758248682006 3.2188758248682006
deijkers 1 4.605170185988092 4.605170185988092
denis 1 2.995732273553991 2.995732273553991
dennis 1 2.120263536200091 2.120263536200091
depetrisov 1 4.605170185988092 4.605170185988092
deputy 1 2.302585092994046 2.302585092994046
derderian 1 4.605170185988092 4.605170185988092
description 1 0.07257069283483537 0.07257069283483537
designer 1 2.659260036932778 2.659260036932778
desmond 1 3.506557897319982 3.506557897319982
detective 1 3.2188758248682006 3.2188758248682006
detroit 1 3.2188758248682006 3.2188758248682006
deutsch 1 0.9416085398584451 0.9416085398584451
developer 1 0.0 0.0
development 1 1.3093333199837622 1.3093333199837622
dia 1 3.506557897319982 3.506557897319982
diabetes 1 3.912023005428146 3.912023005428146
different 1 0.3424903089467759 0.3424903089467759
dinosaur 1 3.912023005428146 3.912023005428146
diplomat 1 2.659260036932778 2.659260036932778
director 1 1.4271163556401458 1.4271163556401458
disclaimer 1 0.0 0.0
disease 1 2.5257286443082556 2.5257286443082556
dissident 1 3.506557897319982 3.506557897319982
dist 1 4.605170185988092 4.605170185988092
district 1 1.4271163556401458 1.4271163556401458
documentary 1 2.302585092994046 2.302585092994046
dominated 1 3.2188758248682006 3.2188758248682006
donald 1 2.120263536200091 2.120263536200091
donalds 1 4.605170185988092 4.605170185988092
donate 1 0.0 0.0
doublebassist 1 4.605170185988092 4.605170185988092
douglas 1 2.407945608651872 2.407945608651872
download 1 0.0 0.0
driver 1 2.207274913189721 2.207274913189721
drug 1 2.8134107167600364 2.8134107167600364
drummer 1 3.506557897319982 3.506557897319982
dtaftercontent 1 0.127833371509885 0.127833371509885
duet 1 3.912023005428146 3.912023005428146
dunlop 1 3.912023005428146 3.912023005428146
dunn 1 2.659260036932778 2.659260036932778
dunning 1 3.912023005428146 3.912023005428146
durso 1 4.605170185988092 4.605170185988092
dutch 1 2.407945608651872 2.407945608651872
dutchlanguage 1 3.912023005428146 3.912023005428146
dwain 1 4.605170185988092 4.605170185988092
dy 1 2.5257286443082556 2.5257286443082556
eagle 1 1.9661128563728327 1.9661128563728327
earl 1 2.659260036932778 2.659260036932778
eccleshare 1 4.605170185988092 4.605170185988092
ecology 1 3.912023005428146 3.912023005428146
eduard 1 4.605170185988092 4.605170185988092
educator 1 4.605170185988092 4.605170185988092
edward 1 1.5606477482646683 1.5606477482646683
edwin 1 2.5257286443082556 2.5257286443082556
egyptian 1 2.8134107167600364 2.8134107167600364
ehrlich 1 4.605170185988092 4.605170185988092
eight 1 1.8971199848858813 1.8971199848858813
eila 1 4.605170185988092 4.605170185988092
elam 1 3.912023005428146 3.912023005428146
elder 1 2.8134107167600364 2.8134107167600364
eleanor 1 3.912023005428146 3.912023005428146
electrical 1 2.659260036932778 2.659260036932778
elem 1 4.605170185988092 4.605170185988092
elena 1 3.2188758248682006 3.2188758248682006
eleven 1 2.207274913189721 2.207274913189721
elisabeta 1 4.605170185988092 4.605170185988092
elizabeth 1 1.9661128563728327 1.9661128563728327
elliott 1 2.8134107167600364 2.8134107167600364
ely 1 3.912023005428146 3.912023005428146
empire 1 1.9661128563728327 1.9661128563728327
empress 1 3.2188758248682006 3.2188758248682006
encyclopdia 1 2.8134107167600364 2.8134107167600364
encyclopedia 1 0.0 0.0
engineer 1 2.302585092994046 2.302585092994046
england 1 1.6607312068216509 1.6607312068216509
english 1 0.0 0.0
enid 1 3.506557897319982 3.506557897319982
entry 1 1.5606477482646683 1.5606477482646683
environmentalist 1 4.605170185988092 4.605170185988092
equestrian 1 4.605170185988092 4.605170185988092
eric 1 1.8971199848858813 1.8971199848858813
ernie 1 4.605170185988092 4.605170185988092
erratic 1 4.605170185988092 4.605170185988092
escort 1 3.506557897319982 3.506557897319982
eshbach 1 4.605170185988092 4.605170185988092
espaol 1 1.1394342831883648 1.1394342831883648
espncricinfo 1 4.605170185988092 4.605170185988092
eugene 1 2.659260036932778 2.659260036932778
evans 1 2.207274913189721 2.207274913189721
eve 1 2.659260036932778 2.659260036932778
event 1 0.0 0.0
exp 1 0.0 0.0
expert 1 2.995732273553991 2.995732273553991
explosive 1 4.605170185988092 4.605170185988092
exsanguination 1 4.605170185988092 4.605170185988092
external 1 0.44628710262841953 0.44628710262841953
extremist 1 4.605170185988092 4.605170185988092
eye 1 1.6607312068216509 1.6607312068216509
eyed 1 3.506557897319982 3.506557897319982
fadden 1 3.506557897319982 3.506557897319982
failure 1 2.659260036932778 2.659260036932778
faison 1 4.605170185988092 4.605170185988092
fall 1 1.07880966137193 1.07880966137193
fame 1 2.207274913189721 2.207274913189721
famous 1 2.659260036932778 2.659260036932778
fan 1 1.7147984280919266 1.7147984280919266
farmer 1 2.659260036932778 2.659260036932778
fashion 1 2.8134107167600364 2.8134107167600364
fast 1 2.5257286443082556 2.5257286443082556
fathur 1 4.605170185988092 4.605170185988092
feb 1 2.659260036932778 2.659260036932778
february 1 0.27443684570176036 0.27443684570176036
feeling 1 2.5257286443082556 2.5257286443082556
feminist 1 3.912023005428146 3.912023005428146
ferr 1 4.605170185988092 4.605170185988092
fibrillation 1 4.605170185988092 4.605170185988092
fichier 1 4.605170185988092 4.605170185988092
fiction 1 2.5257286443082556 2.5257286443082556
fictional 1 2.995732273553991 2.995732273553991
field 1 1.0498221244986776 1.0498221244986776
fight 1 1.8325814637483102 1.8325814637483102
figure 1 1.3470736479666094 1.3470736479666094
filatov 1 4.605170185988092 4.605170185988092
file 1 0.0 0.0
film 1 1.4696759700589417 1.4696759700589417
filmmaker 1 3.912023005428146 3.912023005428146
filmportalde 1 4.605170185988092 4.605170185988092
filmtelevision 1 4.605170185988092 4.605170185988092
finnish 1 3.506557897319982 3.506557897319982
first 1 0.1508228897345837 0.1508228897345837
florence 1 3.912023005428146 3.912023005428146
focused 1 2.995732273553991 2.995732273553991
following 1 0.7133498878774648 0.7133498878774648
fontana 1 3.912023005428146 3.912023005428146
football 1 1.8325814637483102 1.8325814637483102
footballer 1 3.912023005428146 3.912023005428146
forbes 1 2.995732273553991 2.995732273553991
force 1 1.2378743560016172 1.2378743560016172
ford 1 2.5257286443082556 2.5257286443082556
foreign 1 1.8971199848858813 1.8971199848858813
former 1 0.9675840262617057 0.9675840262617057
formula 1 2.407945608651872 2.407945608651872
forr 1 4.605170185988092 4.605170185988092
foundation 1 0.0 0.0
founder 1 1.8971199848858813 1.8971199848858813
four 1 0.7985076962177716 0.7985076962177716
franais 1 0.8675005677047231 0.8675005677047231
france 1 1.2039728043259361 1.2039728043259361
franco 1 2.120263536200091 2.120263536200091
frank 1 1.7147984280919266 1.7147984280919266
franois 1 3.2188758248682006 3.2188758248682006
frantiek 1 3.912023005428146 3.912023005428146
fred 1 2.5257286443082556 2.5257286443082556
freddie 1 3.912023005428146 3.912023005428146
free 1 0.0 0.0
freedom 1 2.302585092994046 2.302585092994046
french 1 1.3862943611198906 1.3862943611198906
frenchlanguage 1 2.407945608651872 2.407945608651872
freude 1 4.605170185988092 4.605170185988092
furious 1 3.912023005428146 3.912023005428146
garca 1 3.2188758248682006 3.2188758248682006
garrett 1 3.2188758248682006 3.2188758248682006
general 1 0.0 0.0
george 1 1.07880966137193 1.07880966137193
georgi 1 4.605170185988092 4.605170185988092
gerald 1 2.407945608651872 2.407945608651872
german 1 1.7147984280919266 1.7147984280919266
germanlanguage 1 2.995732273553991 2.995732273553991
gerrie 1 4.605170185988092 4.605170185988092
get 1 0.0 0.0
getting 1 2.207274913189721 2.207274913189721
ghozi 1 4.605170185988092 4.605170185988092
giant 1 2.302585092994046 2.302585092994046
gino 1 3.912023005428146 3.912023005428146
global 1 1.7719568419318754 1.7719568419318754
gnsche 1 4.605170185988092 4.605170185988092
goalkeeper 1 3.506557897319982 3.506557897319982
gold 1 1.6094379124341003 1.6094379124341003
goldstein 1 4.605170185988092 4.605170185988092
golfer 1 4.605170185988092 4.605170185988092
gooding 1 4.605170185988092 4.605170185988092
gop 1 3.506557897319982 3.506557897319982
gopal 1 3.506557897319982 3.506557897319982
gov 1 3.506557897319982 3.506557897319982
governor 1 2.302585092994046 2.302585092994046
grand 1 1.7719568419318754 1.7719568419318754
great 1 0.9675840262617057 0.9675840262617057
greenpeace 1 4.605170185988092 4.605170185988092
gregory 1 2.659260036932778 2.659260036932778
gridiron 1 4.605170185988092 4.605170185988092
group 1 0.8209805520698303 0.8209805520698303
guardian 1 2.302585092994046 2.302585092994046
guenette 1 4.605170185988092 4.605170185988092
gunshot 1 3.912023005428146 3.912023005428146
gunther 1 4.605170185988092 4.605170185988092
gurin 1 4.605170185988092 4.605170185988092
guseinov 1 4.605170185988092 4.605170185988092
gustav 1 3.506557897319982 3.506557897319982
guy 1 2.407945608651872 2.407945608651872
guyanese 1 4.605170185988092 4.605170185988092
gymnast 1 3.912023005428146 3.912023005428146
hakulinen 1 4.605170185988092 4.605170185988092
hal 1 3.506557897319982 3.506557897319982
halbsguth 1 4.605170185988092 4.605170185988092
half 1 2.207274913189721 2.207274913189721
hall 1 1.3470736479666094 1.3470736479666094
halligan 1 4.605170185988092 4.605170185988092
han 1 2.407945608651872 2.407945608651872
hanadi 1 4.605170185988092 4.605170185988092
hanging 1 3.506557897319982 3.506557897319982
hank 1 2.659260036932778 2.659260036932778
hanley 1 4.605170185988092 4.605170185988092
hanlon 1 4.605170185988092 4.605170185988092
hanna 1 3.912023005428146 3.912023005428146
happening 1 3.2188758248682006 3.2188758248682006
harborough 1 4.605170185988092 4.605170185988092
hardisty 1 4.605170185988092 4.605170185988092
harry 1 2.120263536200091 2.120263536200091
hart 1 3.2188758248682006 3.2188758248682006
harte 1 4.605170185988092 4.605170185988092
hartwig 1 3.912023005428146 3.912023005428146
harun 1 4.605170185988092 4.605170185988092
hasan 1 3.506557897319982 3.506557897319982
hasenau 1 4.605170185988092 4.605170185988092
hawk 1 3.2188758248682006 3.2188758248682006
heart 1 1.4696759700589417 1.4696759700589417
heilbrun 1 4.605170185988092 4.605170185988092
heinz 1 3.2188758248682006 3.2188758248682006
helmholz 1 4.605170185988092 4.605170185988092
help 1 0.0 0.0
helped 1 2.207274913189721 2.207274913189721
hemorrhage 1 4.605170185988092 4.605170185988092
hemu 1 4.605170185988092 4.605170185988092
henry 1 1.5606477482646683 1.5606477482646683
herald 1 1.8971199848858813 1.8971199848858813
herbert 1 2.8134107167600364 2.8134107167600364
hermann 1 4.605170185988092 4.605170185988092
hero 1 2.207274913189721 2.207274913189721
herrmann 1 4.605170185988092 4.605170185988092
herzegovina 1 3.2188758248682006 3.2188758248682006
hick 1 3.506557897319982 3.506557897319982
hidden 1 0.010050335853501506 0.010050335853501506
hide 1 0.0 0.0
hiltunen 1 4.605170185988092 4.605170185988092
hiroshi 1 3.912023005428146 3.912023005428146
historia 1 3.912023005428146 3.912023005428146
historian 1 2.8134107167600364 2.8134107167600364
history 1 0.0 0.0
hitler 1 3.2188758248682006 3.2188758248682006
hlist 1 0.127833371509885 0.127833371509885
hlistinline 1 0.127833371509885 0.127833371509885
hockey 1 2.995732273553991 2.995732273553991
homicide 1 4.605170185988092 4.605170185988092
horace 1 3.506557897319982 3.506557897319982
horne 1 4.605170185988092 4.605170185988092
host 1 2.407945608651872 2.407945608651872
houck 1 4.605170185988092 4.605170185988092
hour 1 1.7719568419318754 1.7719568419318754
house 1 1.0216512475319812 1.0216512475319812
hungarian 1 3.2188758248682006 3.2188758248682006
huntington 1 3.506557897319982 3.506557897319982
hurdler 1 4.605170185988092 4.605170185988092
husband 1 1.9661128563728327 1.9661128563728327
hypoxia 1 4.605170185988092 4.605170185988092
ibdb 1 3.912023005428146 3.912023005428146
ibdbcom 1 4.605170185988092 4.605170185988092
ice 1 2.659260036932778 2.659260036932778
idaho 1 2.8134107167600364 2.8134107167600364
idlocgov 1 4.605170185988092 4.605170185988092
idlockfree 1 0.0408219945202552 0.0408219945202552
idlockfreeidlockfree 1 0.0408219945202552 0.0408219945202552
idlocklimited 1 0.0408219945202552 0.0408219945202552
idlockregistration 1 0.0408219945202552 0.0408219945202552
idlocksubscription 1 0.0408219945202552 0.0408219945202552
idol 1 3.912023005428146 3.912023005428146
idris 1 4.605170185988092 4.605170185988092
ignatius 1 4.605170185988092 4.605170185988092
igor 1 4.605170185988092 4.605170185988092
illustrator 1 3.506557897319982 3.506557897319982
imdb 1 2.302585092994046 2.302585092994046
improved 1 2.5257286443082556 2.5257286443082556
inc 1 0.0 0.0
incident 1 2.8134107167600364 2.8134107167600364
independent 1 1.4271163556401458 1.4271163556401458
india 1 1.7147984280919266 1.7147984280919266
indian 1 1.9661128563728327 1.9661128563728327
indianapolis 1 2.659260036932778 2.659260036932778
indonesian 1 2.995732273553991 2.995732273553991
industrialist 1 4.605170185988092 4.605170185988092
indy 1 4.605170185988092 4.605170185988092
information 1 0.0 0.0
intelligence 1 2.407945608651872 2.407945608651872
ioanid 1 4.605170185988092 4.605170185988092
ion 1 4.605170185988092 4.605170185988092
iran 1 3.506557897319982 3.506557897319982
iranian 1 3.2188758248682006 3.2188758248682006
islamic 1 2.995732273553991 2.995732273553991
islamist 1 3.506557897319982 3.506557897319982
island 1 1.5141277326297755 1.5141277326297755
israel 1 1.7147984280919266 1.7147984280919266
israeli 1 3.2188758248682006 3.2188758248682006
istomin 1 4.605170185988092 4.605170185988092
italian 1 2.302585092994046 2.302585092994046
item 1 0.010050335853501506 0.010050335853501506
ivan 1 2.995732273553991 2.995732273553991
iyer 1 3.912023005428146 3.912023005428146
izetbegovi 1 4.605170185988092 4.605170185988092
izzy 1 4.605170185988092 4.605170185988092
jab 1 4.605170185988092 4.605170185988092
jack 1 1.4696759700589417 1.4696759700589417
jackson 1 1.9661128563728327 1.9661128563728327
jaime 1 4.605170185988092 4.605170185988092
james 1 1.0498221244986776 1.0498221244986776
jan 1 2.0402208285265546 2.0402208285265546
janice 1 3.912023005428146 3.912023005428146
january 1 0.3424903089467759 0.3424903089467759
japanese 1 2.0402208285265546 2.0402208285265546
jaradat 1 4.605170185988092 4.605170185988092
javanese 1 3.506557897319982 3.506557897319982
javier 1 3.2188758248682006 3.2188758248682006
jazz 1 3.2188758248682006 3.2188758248682006
jealous 1 3.912023005428146 3.912023005428146
jean 1 1.7719568419318754 1.7719568419318754
jefferson 1 3.912023005428146 3.912023005428146
jennifer 1 2.659260036932778 2.659260036932778
jerome 1 3.506557897319982 3.506557897319982
jihadist 1 4.605170185988092 4.605170185988092
jim 1 1.4696759700589417 1.4696759700589417
joachim 1 3.506557897319982 3.506557897319982
joan 1 2.995732273553991 2.995732273553991
joanna 1 3.2188758248682006 3.2188758248682006
job 1 2.302585092994046 2.302585092994046
jockey 1 3.912023005428146 3.912023005428146
joe 1 1.5141277326297755 1.5141277326297755
john 1 0.49429632181478017 0.49429632181478017
johnny 1 1.9661128563728327 1.9661128563728327
jon 1 2.5257286443082556 2.5257286443082556
jonas 1 2.995732273553991 2.995732273553991
joop 1 3.912023005428146 3.912023005428146
jos 1 2.302585092994046 2.302585092994046
joseph 1 1.5141277326297755 1.5141277326297755
josh 1 2.120263536200091 2.120263536200091
joshi 1 3.912023005428146 3.912023005428146
journalist 1 2.8134107167600364 2.8134107167600364
joy 1 2.659260036932778 2.659260036932778
jrgen 1 3.912023005428146 3.912023005428146
juan 1 2.302585092994046 2.302585092994046
judah 1 3.912023005428146 3.912023005428146
judge 1 2.302585092994046 2.302585092994046
jul 1 2.995732273553991 2.995732273553991
julia 1 2.995732273553991 2.995732273553991
julie 1 2.5257286443082556 2.5257286443082556
jump 1 0.0 0.0
jumper 1 3.912023005428146 3.912023005428146
jun 1 2.5257286443082556 2.5257286443082556
juncosa 1 4.605170185988092 4.605170185988092
june 1 0.40047756659712536 0.40047756659712536
junior 1 2.0402208285265546 2.0402208285265546
jurist 1 3.912023005428146 3.912023005428146
justice 1 1.9661128563728327 1.9661128563728327
kaishek 1 4.605170185988092 4.605170185988092
kalja 1 4.605170185988092 4.605170185988092
kamzan 1 4.605170185988092 4.605170185988092
karel 1 3.912023005428146 3.912023005428146
katie 1 2.8134107167600364 2.8134107167600364
kaye 1 3.912023005428146 3.912023005428146
keepnews 1 4.605170185988092 4.605170185988092
kentucky 1 2.5257286443082556 2.5257286443082556
kevin 1 1.5606477482646683 1.5606477482646683
khadr 1 4.605170185988092 4.605170185988092
khanderia 1 4.605170185988092 4.605170185988092
kid 1 1.8971199848858813 1.8971199848858813
kidney 1 3.2188758248682006 3.2188758248682006
killed 1 1.9661128563728327 1.9661128563728327
killer 1 3.2188758248682006 3.2188758248682006
klimov 1 4.605170185988092 4.605170185988092
klippstein 1 4.605170185988092 4.605170185988092
known 1 0.7985076962177716 0.7985076962177716
knud 1 4.605170185988092 4.605170185988092
konkani 1 4.605170185988092 4.605170185988092
kozinn 1 4.605170185988092 4.605170185988092
kroc 1 4.605170185988092 4.605170185988092
krug 1 4.605170185988092 4.605170185988092
kumar 1 3.2188758248682006 3.2188758248682006
kursunoglu 1 4.605170185988092 4.605170185988092
kurunolu 1 4.605170185988092 4.605170185988092
labor 1 2.659260036932778 2.659260036932778
lady 1 2.302585092994046 2.302585092994046
lambert 1 3.506557897319982 3.506557897319982
landowner 1 4.605170185988092 4.605170185988092
language 1 0.0 0.0
lanphere 1 4.605170185988092 4.605170185988092
last 1 0.0 0.0
lavietes 1 4.605170185988092 4.605170185988092
lawyer 1 2.120263536200091 2.120263536200091
lay 1 2.8134107167600364 2.8134107167600364
lazy 1 4.605170185988092 4.605170185988092
leader 1 1.3862943611198906 1.3862943611198906
leaf 1 2.302585092994046 2.302585092994046
leander 1 4.605170185988092 4.605170185988092
learn 1 0.0 0.0
led 1 1.07880966137193 1.07880966137193
lee 1 1.6607312068216509 1.6607312068216509
left 1 1.171182981502945 1.171182981502945
legal 1 1.9661128563728327 1.9661128563728327
leibler 1 4.605170185988092 4.605170185988092
leif 1 4.605170185988092 4.605170185988092
leigh 1 3.506557897319982 3.506557897319982
lellan 1 4.605170185988092 4.605170185988092
lengren 1 4.605170185988092 4.605170185988092
leonid 1 3.912023005428146 3.912023005428146
leonov 1 4.605170185988092 4.605170185988092
leukemia 1 4.605170185988092 4.605170185988092
liaftercontent 1 0.127833371509885 0.127833371509885
liber 1 3.912023005428146 3.912023005428146
library 1 1.6094379124341003 1.6094379124341003
license 1 0.0 0.0
life 1 0.5447271754416719 0.5447271754416719
lika 1 4.605170185988092 4.605170185988092
lila 1 4.605170185988092 4.605170185988092
lindsay 1 2.8134107167600364 2.8134107167600364
linguist 1 4.605170185988092 4.605170185988092
link 1 0.0 0.0
liptak 1 4.605170185988092 4.605170185988092
list 1 0.6348782724359695 0.6348782724359695
listed 1 2.302585092994046 2.302585092994046
literature 1 1.9661128563728327 1.9661128563728327
liver 1 3.912023005428146 3.912023005428146
lloyd 1 2.8134107167600364 2.8134107167600364
lodge 1 3.506557897319982 3.506557897319982
log 1 0.0 0.0
logged 1 0.0 0.0
london 1 1.5141277326297755 1.5141277326297755
lorraine 1 3.912023005428146 3.912023005428146
los 1 1.5141277326297755 1.5141277326297755
lost 1 1.171182981502945 1.171182981502945
louise 1 3.2188758248682006 3.2188758248682006
lszl 1 4.605170185988092 4.605170185988092
luftwaffe 1 4.605170185988092 4.605170185988092
luis 1 2.659260036932778 2.659260036932778
lung 1 3.506557897319982 3.506557897319982
lvy 1 4.605170185988092 4.605170185988092
lynn 1 3.2188758248682006 3.2188758248682006
madame 1 2.995732273553991 2.995732273553991
madman 1 3.912023005428146 3.912023005428146
magee 1 4.605170185988092 4.605170185988092
magnate 1 4.605170185988092 4.605170185988092
mahon 1 3.2188758248682006 3.2188758248682006
mahsum 1 4.605170185988092 4.605170185988092
main 1 0.0 0.0
malaysian 1 3.912023005428146 3.912023005428146
male 1 1.6607312068216509 1.6607312068216509
malkani 1 4.605170185988092 4.605170185988092
manager 1 2.120263536200091 2.120263536200091
manchester 1 2.8134107167600364 2.8134107167600364
manoj 1 4.605170185988092 4.605170185988092
manuel 1 2.659260036932778 2.659260036932778
maple 1 3.506557897319982 3.506557897319982
mar 1 2.0402208285265546 2.0402208285265546
mara 1 3.2188758248682006 3.2188758248682006
march 1 0.3147107448397002 0.3147107448397002
margaret 1 2.302585092994046 2.302585092994046
marie 1 2.5257286443082556 2.5257286443082556
mario 1 2.407945608651872 2.407945608651872
mark 1 1.1394342831883648 1.1394342831883648
marshall 1 2.407945608651872 2.407945608651872
martin 1 1.3470736479666094 1.3470736479666094
mass 1 1.9661128563728327 1.9661128563728327
massachusetts 1 2.302585092994046 2.302585092994046
master 1 1.3093333199837622 1.3093333199837622
match 1 0.8675005677047231 0.8675005677047231
math 1 3.912023005428146 3.912023005428146
mathematician 1 4.605170185988092 4.605170185988092
mauritania 1 4.605170185988092 4.605170185988092
max 1 2.302585092994046 2.302585092994046
may 1 0.0 0.0
maynard 1 4.605170185988092 4.605170185988092
mayor 1 2.8134107167600364 2.8134107167600364
mdy 1 1.3862943611198906 1.3862943611198906
medalist 1 3.2188758248682006 3.2188758248682006
medina 1 2.995732273553991 2.995732273553991
medium 1 0.49429632181478017 0.49429632181478017
meijer 1 4.605170185988092 4.605170185988092
meiling 1 4.605170185988092 4.605170185988092
member 1 0.6733445532637655 0.6733445532637655
men 1 1.2039728043259361 1.2039728043259361
menteri 1 4.605170185988092 4.605170185988092
menu 1 0.0 0.0
metcalfe 1 3.912023005428146 3.912023005428146
mexican 1 2.5257286443082556 2.5257286443082556
michael 1 1.171182981502945 1.171182981502945
miguel 1 2.302585092994046 2.302585092994046
mike 1 1.6094379124341003 1.6094379124341003
milan 1 2.8134107167600364 2.8134107167600364
mile 1 1.8971199848858813 1.8971199848858813
milesagocom 1 4.605170185988092 4.605170185988092
mill 1 2.302585092994046 2.302585092994046
miller 1 1.6094379124341003 1.6094379124341003
millin 1 4.605170185988092 4.605170185988092
millot 1 4.605170185988092 4.605170185988092
milo 1 3.506557897319982 3.506557897319982
minister 1 1.5606477482646683 1.5606477482646683
minnesota 1 2.0402208285265546 2.0402208285265546
minute 1 1.6607312068216509 1.6607312068216509
miodrag 1 3.912023005428146 3.912023005428146
miranda 1 3.2188758248682006 3.2188758248682006
missionary 1 2.995732273553991 2.995732273553991
missouri 1 2.659260036932778 2.659260036932778
mobile 1 0.0 0.0
moffitt 1 4.605170185988092 4.605170185988092
mohamed 1 3.506557897319982 3.506557897319982
moktar 1 4.605170185988092 4.605170185988092
monoxide 1 4.605170185988092 4.605170185988092
montalbn 1 3.912023005428146 3.912023005428146
month 1 0.8915981192837835 0.8915981192837835
moore 1 2.120263536200091 2.120263536200091
morillo 1 4.605170185988092 4.605170185988092
morisi 1 4.605170185988092 4.605170185988092
morning 1 1.8325814637483102 1.8325814637483102
moroccan 1 4.605170185988092 4.605170185988092
morris 1 2.659260036932778 2.659260036932778
moss 1 3.506557897319982 3.506557897319982
motor 1 2.302585092994046 2.302585092994046
motorcycle 1 3.912023005428146 3.912023005428146
move 1 0.0 0.0
movie 1 1.7719568419318754 1.7719568419318754
mullan 1 3.2188758248682006 3.2188758248682006
murie 1 4.605170185988092 4.605170185988092
music 1 1.3862943611198906 1.3862943611198906
musical 1 1.8971199848858813 1.8971199848858813
musician 1 2.5257286443082556 2.5257286443082556
musicologist 1 4.605170185988092 4.605170185988092
nagourney 1 4.605170185988092 4.605170185988092
name 1 0.5276327420823719 0.5276327420823719
narindrapong 1 4.605170185988092 4.605170185988092
nash 1 3.506557897319982 3.506557897319982
nationaalherbariumnl 1 4.605170185988092 4.605170185988092
nationale 1 3.2188758248682006 3.2188758248682006
naturalist 1 3.912023005428146 3.912023005428146
naval 1 2.5257286443082556 2.5257286443082556
navbar 1 0.23572233352106994 0.23572233352106994
navbarmini 1 0.23572233352106994 0.23572233352106994
navbox 1 0.1392620673335076 0.1392620673335076
navboxdeaths 1 4.605170185988092 4.605170185988092
navboximage 1 0.1392620673335076 0.1392620673335076
navboxsubgroup 1 0.1392620673335076 0.1392620673335076
navboxtitle 1 0.1392620673335076 0.1392620673335076
navboxwithcolumns 1 4.605170185988092 4.605170185988092
navigation 1 0.0 0.0
navy 1 2.207274913189721 2.207274913189721
neil 1 2.995732273553991 2.995732273553991
nello 1 4.605170185988092 4.605170185988092
nemy 1 4.605170185988092 4.605170185988092
network 1 1.3470736479666094 1.3470736479666094
neustadt 1 4.605170185988092 4.605170185988092
neutron 1 4.605170185988092 4.605170185988092
new 1 0.24846135929849972 0.24846135929849972
newman 1 2.659260036932778 2.659260036932778
news 1 0.843970070294529 0.843970070294529
ney 1 3.912023005428146 3.912023005428146
ngel 1 3.506557897319982 3.506557897319982
nix 1 4.605170185988092 4.605170185988092
nobel 1 4.605170185988092 4.605170185988092
nomination 1 2.8134107167600364 2.8134107167600364
nonprofit 1 0.0 0.0
nora 1 4.605170185988092 4.605170185988092
noreen 1 4.605170185988092 4.605170185988092
norman 1 2.302585092994046 2.302585092994046
norodom 1 4.605170185988092 4.605170185988092
north 1 0.8209805520698303 0.8209805520698303
norwegian 1 2.659260036932778 2.659260036932778
notability 1 4.605170185988092 4.605170185988092
notable 1 1.7719568419318754 1.7719568419318754
noted 1 2.120263536200091 2.120263536200091
nov 1 2.0402208285265546 2.0402208285265546
novelist 1 3.506557897319982 3.506557897319982
november 1 0.3011050927839216 0.3011050927839216
nuclear 1 3.2188758248682006 3.2188758248682006
nucoara 1 4.605170185988092 4.605170185988092
obituary 1 3.506557897319982 3.506557897319982
oconnor 1 4.605170185988092 4.605170185988092
oct 1 2.5257286443082556 2.5257286443082556
october 1 0.28768207245178085 0.28768207245178085
officer 1 1.7719568419318754 1.7719568419318754
oflynn 1 4.605170185988092 4.605170185988092
old 1 1.07880966137193 1.07880966137193
oldest 1 3.506557897319982 3.506557897319982
oliver 1 2.407945608651872 2.407945608651872
ollibeforecontent 1 0.127833371509885 0.127833371509885
oly 1 4.605170185988092 4.605170185988092
olympedia 1 4.605170185988092 4.605170185988092
olympediaorg 1 4.605170185988092 4.605170185988092
olympic 1 2.995732273553991 2.995732273553991
olympics 1 2.8134107167600364 2.8134107167600364
oman 1 3.912023005428146 3.912023005428146
one 1 0.23572233352106994 0.23572233352106994
online 1 1.4696759700589417 1.4696759700589417
opened 1 2.407945608651872 2.407945608651872
operatic 1 3.912023005428146 3.912023005428146
opposition 1 1.9661128563728327 1.9661128563728327
oregon 1 2.407945608651872 2.407945608651872
organization 1 0.0 0.0
organizationname 1 0.010050335853501506 0.010050335853501506
original 1 0.4155154439616658 0.4155154439616658
orleans 1 3.506557897319982 3.506557897319982
ornithologist 1 4.605170185988092 4.605170185988092
orourke 1 4.605170185988092 4.605170185988092
otto 1 2.995732273553991 2.995732273553991
ould 1 4.605170185988092 4.605170185988092
ovarian 1 4.605170185988092 4.605170185988092
overdose 1 4.605170185988092 4.605170185988092
owner 1 1.7147984280919266 1.7147984280919266
ozbekcha 1 4.605170185988092 4.605170185988092
pace 1 2.5257286443082556 2.5257286443082556
padre 1 3.912023005428146 3.912023005428146
pagani 1 4.605170185988092 4.605170185988092
page 1 0.0 0.0
pair 1 2.407945608651872 2.407945608651872
pakistani 1 3.2188758248682006 3.2188758248682006
palestinian 1 3.912023005428146 3.912023005428146
panamanian 1 3.506557897319982 3.506557897319982
pandurang 1 4.605170185988092 4.605170185988092
papp 1 4.605170185988092 4.605170185988092
pareles 1 3.912023005428146 3.912023005428146
parliament 1 2.407945608651872 2.407945608651872
parrish 1 3.506557897319982 3.506557897319982
partisan 1 3.2188758248682006 3.2188758248682006
party 1 1.2378743560016172 1.2378743560016172
pass 1 2.407945608651872 2.407945608651872
passionate 1 3.506557897319982 3.506557897319982
pastora 1 4.605170185988092 4.605170185988092
pat 1 2.5257286443082556 2.5257286443082556
patricia 1 2.995732273553991 2.995732273553991
patrick 1 1.8971199848858813 1.8971199848858813
paulus 1 4.605170185988092 4.605170185988092
pdf 1 1.0498221244986776 1.0498221244986776
pdfprintable 1 0.0 0.0
pea 1 2.8134107167600364 2.8134107167600364
pembroke 1 3.912023005428146 3.912023005428146
permanent 1 0.0 0.0
pern 1 4.605170185988092 4.605170185988092
person 1 1.5606477482646683 1.5606477482646683
personal 1 0.0 0.0
perucho 1 4.605170185988092 4.605170185988092
pete 1 2.8134107167600364 2.8134107167600364
peter 1 1.3093333199837622 1.3093333199837622
petrovi 1 3.912023005428146 3.912023005428146
petter 1 4.605170185988092 4.605170185988092
philadelphia 1 2.5257286443082556 2.5257286443082556
philanthropist 1 3.912023005428146 3.912023005428146
philipp 1 3.506557897319982 3.506557897319982
philippe 1 3.2188758248682006 3.2188758248682006
phillips 1 2.995732273553991 2.995732273553991
philosopher 1 4.605170185988092 4.605170185988092
photo 1 2.120263536200091 2.120263536200091
photographer 1 3.506557897319982 3.506557897319982
physic 1 4.605170185988092 4.605170185988092
physician 1 2.8134107167600364 2.8134107167600364
physicist 1 4.605170185988092 4.605170185988092
pianist 1 4.605170185988092 4.605170185988092
pierre 1 2.302585092994046 2.302585092994046
pioneer 1 2.659260036932778 2.659260036932778
pioneering 1 3.506557897319982 3.506557897319982
piontek 1 4.605170185988092 4.605170185988092
pitelka 1 4.605170185988092 4.605170185988092
pittsburgh 1 2.8134107167600364 2.8134107167600364
plant 1 2.5257286443082556 2.5257286443082556
player 1 1.6094379124341003 1.6094379124341003
playing 1 2.120263536200091 2.120263536200091
playwright 1 3.506557897319982 3.506557897319982
pneumonia 1 3.2188758248682006 3.2188758248682006
poet 1 2.995732273553991 2.995732273553991
poisoning 1 3.912023005428146 3.912023005428146
police 1 1.7719568419318754 1.7719568419318754
policy 1 0.0 0.0
polish 1 2.995732273553991 2.995732273553991
political 1 1.3470736479666094 1.3470736479666094
politician 1 1.8971199848858813 1.8971199848858813
pop 1 2.302585092994046 2.302585092994046
portal 1 0.0 0.0
portales 1 4.605170185988092 4.605170185988092
portuguese 1 2.302585092994046 2.302585092994046
positioning 1 3.912023005428146 3.912023005428146
pospchal 1 4.605170185988092 4.605170185988092
post 1 1.07880966137193 1.07880966137193
postman 1 4.605170185988092 4.605170185988092
power 1 1.0216512475319812 1.0216512475319812
pranin 1 4.605170185988092 4.605170185988092
prelate 1 3.912023005428146 3.912023005428146
presidency 1 2.995732273553991 2.995732273553991
president 1 1.3470736479666094 1.3470736479666094
presidential 1 2.5257286443082556 2.5257286443082556
press 1 0.7550225842780328 0.7550225842780328
preston 1 4.605170185988092 4.605170185988092
prime 1 2.0402208285265546 2.0402208285265546
prince 1 2.207274913189721 2.207274913189721
printbodyns 1 0.09431067947124142 0.09431067947124142
printexport 1 0.0 0.0
privacy 1 0.0 0.0
prix 1 2.995732273553991 2.995732273553991
prize 1 2.659260036932778 2.659260036932778
pro 1 1.6607312068216509 1.6607312068216509
producer 1 2.0402208285265546 2.0402208285265546
profdr 1 4.605170185988092 4.605170185988092
professional 1 1.6607312068216509 1.6607312068216509
professor 1 2.207274913189721 2.207274913189721
profile 1 2.0402208285265546 2.0402208285265546
profira 1 4.605170185988092 4.605170185988092
project 1 0.0 0.0
property 1 1.7147984280919266 1.7147984280919266
prose 1 3.506557897319982 3.506557897319982
providence 1 3.506557897319982 3.506557897319982
prugoveki 1 4.605170185988092 4.605170185988092
psychoanalyst 1 4.605170185988092 4.605170185988092
psychologist 1 3.912023005428146 3.912023005428146
publisher 1 1.8325814637483102 1.8325814637483102
puerto 1 3.2188758248682006 3.2188758248682006
pujals 1 4.605170185988092 4.605170185988092
pulmonary 1 4.605170185988092 4.605170185988092
pushed 1 3.2188758248682006 3.2188758248682006
quilley 1 4.605170185988092 4.605170185988092
ra 1 3.912023005428146 3.912023005428146
race 1 1.7147984280919266 1.7147984280919266
racecar 1 3.912023005428146 3.912023005428146
racer 1 4.605170185988092 4.605170185988092
racing 1 2.5257286443082556 2.5257286443082556
radio 1 1.4696759700589417 1.4696759700589417
ragnar 1 4.605170185988092 4.605170185988092
ragueneau 1 4.605170185988092 4.605170185988092
rahman 1 3.912023005428146 3.912023005428146
raichev 1 4.605170185988092 4.605170185988092
ralph 1 2.120263536200091 2.120263536200091
ram 1 2.995732273553991 2.995732273553991
random 1 0.0 0.0
rapper 1 3.912023005428146 3.912023005428146
ratliff 1 4.605170185988092 4.605170185988092
ray 1 1.7147984280919266 1.7147984280919266
rayne 1 4.605170185988092 4.605170185988092
read 1 0.0 0.0
real 1 1.4271163556401458 1.4271163556401458
reason 1 1.9661128563728327 1.9661128563728327
recent 1 0.0 0.0
recognized 1 2.659260036932778 2.659260036932778
record 1 0.7765287894989963 0.7765287894989963
red 1 1.07880966137193 1.07880966137193
redlegs 1 4.605170185988092 4.605170185988092
redskin 1 4.605170185988092 4.605170185988092
reference 1 0.03045920748470844 0.03045920748470844
referencecom 1 3.912023005428146 3.912023005428146
referenceinfo 1 3.912023005428146 3.912023005428146
reflist 1 0.06187540371808745 0.06187540371808745
reflistcolumns 1 0.06187540371808745 0.06187540371808745
reg 1 0.0 0.0
registered 1 0.0 0.0
related 1 0.0 0.0
relay 1 3.912023005428146 3.912023005428146
renna 1 4.605170185988092 4.605170185988092
repertory 1 4.605170185988092 4.605170185988092
representative 1 1.7147984280919266 1.7147984280919266
rerun 1 4.605170185988092 4.605170185988092
research 1 1.6094379124341003 1.6094379124341003
respiratory 1 4.605170185988092 4.605170185988092
resurgence 1 4.605170185988092 4.605170185988092
retrieved 1 0.0 0.0
revolution 1 1.9661128563728327 1.9661128563728327
rhode 1 3.2188758248682006 3.2188758248682006
rican 1 3.912023005428146 3.912023005428146
richard 1 1.1394342831883648 1.1394342831883648
ringmaster 1 3.912023005428146 3.912023005428146
rivas 1 4.605170185988092 4.605170185988092
rizea 1 4.605170185988092 4.605170185988092
road 1 1.3862943611198906 1.3862943611198906
robert 1 0.8675005677047231 0.8675005677047231
roberto 1 2.8134107167600364 2.8134107167600364
robin 1 2.8134107167600364 2.8134107167600364
rock 1 1.6094379124341003 1.6094379124341003
rod 1 2.995732273553991 2.995732273553991
roddy 1 4.605170185988092 4.605170185988092
rode 1 4.605170185988092 4.605170185988092
rodolfo 1 3.506557897319982 3.506557897319982
rolfe 1 4.605170185988092 4.605170185988092
roman 1 1.7719568419318754 1.7719568419318754
romanian 1 3.506557897319982 3.506557897319982
romnia 1 4.605170185988092 4.605170185988092
ron 1 2.5257286443082556 2.5257286443082556
rory 1 3.912023005428146 3.912023005428146
rosario 1 3.2188758248682006 3.2188758248682006
rose 1 1.8325814637483102 1.8325814637483102
rosey 1 4.605170185988092 4.605170185988092
rosie 1 4.605170185988092 4.605170185988092
rower 1 4.605170185988092 4.605170185988092
roy 1 2.120263536200091 2.120263536200091
rule 1 1.4696759700589417 1.4696759700589417
run 1 1.171182981502945 1.171182981502945
russell 1 2.0402208285265546 2.0402208285265546
russian 1 2.120263536200091 2.120263536200091
ruth 1 2.8134107167600364 2.8134107167600364
ryan 1 1.8325814637483102 1.8325814637483102
saba 1 4.605170185988092 4.605170185988092
sadateru 1 4.605170185988092 4.605170185988092
sadeq 1 4.605170185988092 4.605170185988092
sadoveanu 1 4.605170185988092 4.605170185988092
saga 1 2.995732273553991 2.995732273553991
sain 1 4.605170185988092 4.605170185988092
saint 1 1.6607312068216509 1.6607312068216509
sarah 1 2.302585092994046 2.302585092994046
satyr 1 3.912023005428146 3.912023005428146
save 1 1.8971199848858813 1.8971199848858813
saxon 1 3.506557897319982 3.506557897319982
saxophonist 1 4.605170185988092 4.605170185988092
scholar 1 1.7147984280919266 1.7147984280919266
science 1 1.171182981502945 1.171182981502945
scowled 1 4.605170185988092 4.605170185988092
screen 1 0.010050335853501506 0.010050335853501506
screenwriter 1 3.912023005428146 3.912023005428146
sculptor 1 4.605170185988092 4.605170185988092
sdlo 1 4.605170185988092 4.605170185988092
search 1 0.0 0.0
seattle 1 2.5257286443082556 2.5257286443082556
secretary 1 1.9661128563728327 1.9661128563728327
security 1 1.6607312068216509 1.6607312068216509
segal 1 4.605170185988092 4.605170185988092
selangor 1 4.605170185988092 4.605170185988092
semmangudi 1 4.605170185988092 4.605170185988092
sep 1 2.659260036932778 2.659260036932778
september 1 0.43078291609245434 0.43078291609245434
sequence 1 2.302585092994046 2.302585092994046
serbian 1 3.506557897319982 3.506557897319982
serial 1 2.5257286443082556 2.5257286443082556
servant 1 2.995732273553991 2.995732273553991
served 1 1.4696759700589417 1.4696759700589417
set 1 0.9942522733438669 0.9942522733438669
seth 1 2.8134107167600364 2.8134107167600364
several 1 0.8209805520698303 0.8209805520698303
seward 1 4.605170185988092 4.605170185988092
share 1 0.0 0.0
shastri 1 3.912023005428146 3.912023005428146
shemi 1 4.605170185988092 4.605170185988092
shihan 1 4.605170185988092 4.605170185988092
shoemaker 1 4.605170185988092 4.605170185988092
short 1 0.06187540371808745 0.06187540371808745
shortdescription 1 0.2613647641344075 0.2613647641344075
shortened 1 0.0 0.0
shot 1 2.207274913189721 2.207274913189721
shrek 1 4.605170185988092 4.605170185988092
sid 1 2.995732273553991 2.995732273553991
side 1 1.4271163556401458 1.4271163556401458
sidebar 1 0.0 0.0
silver 1 1.8971199848858813 1.8971199848858813
simon 1 2.0402208285265546 2.0402208285265546
singer 1 2.5257286443082556 2.5257286443082556
sir 1 2.5257286443082556 2.5257286443082556
sisario 1 4.605170185988092 4.605170185988092
site 1 0.0 0.0
sjberg 1 4.605170185988092 4.605170185988092
skier 1 4.605170185988092 4.605170185988092
skiing 1 4.605170185988092 4.605170185988092
skin 1 3.506557897319982 3.506557897319982
skydiver 1 4.605170185988092 4.605170185988092
slough 1 4.605170185988092 4.605170185988092
slovak 1 3.912023005428146 3.912023005428146
smith 1 1.2039728043259361 1.2039728043259361
snaccooperativeorg 1 4.605170185988092 4.605170185988092
snyder 1 3.912023005428146 3.912023005428146
social 1 1.3093333199837622 1.3093333199837622
socialist 1 2.407945608651872 2.407945608651872
society 1 1.4271163556401458 1.4271163556401458
soldier 1 2.302585092994046 2.302585092994046
solid 1 0.09431067947124142 0.09431067947124142
songwriter 1 3.912023005428146 3.912023005428146
soong 1 4.605170185988092 4.605170185988092
soprano 1 3.506557897319982 3.506557897319982
sound 1 1.7719568419318754 1.7719568419318754
source 1 0.5798184952529422 0.5798184952529422
south 1 0.9162907318741551 0.9162907318741551
soviet 1 2.407945608651872 2.407945608651872
spain 1 1.6607312068216509 1.6607312068216509
spanish 1 1.7719568419318754 1.7719568419318754
spanishlanguage 1 2.5257286443082556 2.5257286443082556
special 1 0.0 0.0
specialist 1 3.506557897319982 3.506557897319982
spectroscopy 1 4.605170185988092 4.605170185988092
spencer 1 2.659260036932778 2.659260036932778
sport 1 1.1394342831883648 1.1394342831883648
sprinter 1 3.912023005428146 3.912023005428146
srinivasa 1 4.605170185988092 4.605170185988092
stabbing 1 3.912023005428146 3.912023005428146
stabroek 1 4.605170185988092 4.605170185988092
staff 1 1.6607312068216509 1.6607312068216509
stanley 1 2.8134107167600364 2.8134107167600364
star 1 0.9675840262617057 0.9675840262617057
state 1 0.3147107448397002 0.3147107448397002
statehood 1 3.912023005428146 3.912023005428146
statement 1 0.0 0.0
statistic 1 0.0 0.0
stats 1 3.2188758248682006 3.2188758248682006
steamroller 1 4.605170185988092 4.605170185988092
steelers 1 3.912023005428146 3.912023005428146
steig 1 4.605170185988092 4.605170185988092
steve 1 1.8971199848858813 1.8971199848858813
strassburg 1 4.605170185988092 4.605170185988092
strecker 1 4.605170185988092 4.605170185988092
street 1 1.4271163556401458 1.4271163556401458
stroke 1 3.2188758248682006 3.2188758248682006
structural 1 3.2188758248682006 3.2188758248682006
stu 1 4.605170185988092 4.605170185988092
stuart 1 3.2188758248682006 3.2188758248682006
stubbs 1 4.605170185988092 4.605170185988092
stuntman 1 4.605170185988092 4.605170185988092
style 1 1.8325814637483102 1.8325814637483102
subhadra 1 3.912023005428146 3.912023005428146
subsequent 1 2.5257286443082556 2.5257286443082556
suicide 1 2.995732273553991 2.995732273553991
sullivan 1 2.659260036932778 2.659260036932778
sultan 1 3.912023005428146 3.912023005428146
summer 1 1.5141277326297755 1.5141277326297755
supercentenarian 1 4.605170185988092 4.605170185988092
surgery 1 2.8134107167600364 2.8134107167600364
surname 1 2.995732273553991 2.995732273553991
suspected 1 3.912023005428146 3.912023005428146
swedish 1 3.2188758248682006 3.2188758248682006
swimmer 1 4.605170185988092 4.605170185988092
sydney 1 2.5257286443082556 2.5257286443082556
system 1 0.9162907318741551 0.9162907318741551
table 1 0.0 0.0
talk 1 0.0 0.0
tall 1 3.506557897319982 3.506557897319982
tariq 1 4.605170185988092 4.605170185988092
tarun 1 4.605170185988092 4.605170185988092
tasked 1 3.506557897319982 3.506557897319982
tax 1 2.8134107167600364 2.8134107167600364
taylor 1 1.7719568419318754 1.7719568419318754
tdhlist 1 0.1392620673335076 0.1392620673335076
teacher 1 1.9661128563728327 1.9661128563728327
teaford 1 4.605170185988092 4.605170185988092
technique 1 2.5257286443082556 2.5257286443082556
teixeira 1 4.605170185988092 4.605170185988092
telegraph 1 2.8134107167600364 2.8134107167600364
television 1 1.6607312068216509 1.6607312068216509
temperament 1 4.605170185988092 4.605170185988092
template 1 0.0 0.0
tennis 1 3.506557897319982 3.506557897319982
tenor 1 3.912023005428146 3.912023005428146
term 1 0.0 0.0
terrorist 1 3.912023005428146 3.912023005428146
texas 1 1.8971199848858813 1.8971199848858813
text 1 0.0 0.0
thalia 1 4.605170185988092 4.605170185988092
theater 1 3.506557897319982 3.506557897319982
theologist 1 4.605170185988092 4.605170185988092
thomas 1 1.1394342831883648 1.1394342831883648
thomassen 1 4.605170185988092 4.605170185988092
thomsen 1 3.912023005428146 3.912023005428146
thrasher 1 4.605170185988092 4.605170185988092
time 1 0.28768207245178085 0.28768207245178085
timothy 1 2.302585092994046 2.302585092994046
tish 1 4.605170185988092 4.605170185988092
toc 1 4.605170185988092 4.605170185988092
tocbox 1 4.605170185988092 4.605170185988092
toctop 1 4.605170185988092 4.605170185988092
tom 1 1.2378743560016172 1.2378743560016172
tommy 1 2.5257286443082556 2.5257286443082556
tonelli 1 4.605170185988092 4.605170185988092
tony 1 1.8325814637483102 1.8325814637483102
tool 1 0.0 0.0
topic 1 0.0 0.0
toronto 1 2.0402208285265546 2.0402208285265546
total 1 0.0 0.0
touch 1 3.2188758248682006 3.2188758248682006
tough 1 3.2188758248682006 3.2188758248682006
trademark 1 0.0 0.0
traffic 1 2.995732273553991 2.995732273553991
treadwell 1 4.605170185988092 4.605170185988092
treasurer 1 3.506557897319982 3.506557897319982
trevelyan 1 4.605170185988092 4.605170185988092
tribute 1 2.995732273553991 2.995732273553991
triple 1 2.302585092994046 2.302585092994046
trombonist 1 4.605170185988092 4.605170185988092
tuberculosis 1 3.2188758248682006 3.2188758248682006
tuller 1 4.605170185988092 4.605170185988092
tulsa 1 3.912023005428146 3.912023005428146
tumor 1 4.605170185988092 4.605170185988092
turkestani 1 4.605170185988092 4.605170185988092
turkish 1 2.5257286443082556 2.5257286443082556
tuttle 1 4.605170185988092 4.605170185988092
twelve 1 2.995732273553991 2.995732273553991
twice 1 2.120263536200091 2.120263536200091
twin 1 2.407945608651872 2.407945608651872
two 1 0.43078291609245434 0.43078291609245434
typical 1 2.995732273553991 2.995732273553991
tyson 1 3.912023005428146 3.912023005428146
ukrainian 1 3.2188758248682006 3.2188758248682006
ulpaddingem 1 0.1392620673335076 0.1392620673335076
union 1 1.07880966137193 1.07880966137193
united 1 0.4155154439616658 0.4155154439616658
university 1 0.616186139423817 0.616186139423817
upload 1 0.0 0.0
upon 1 1.2729656758128876 1.2729656758128876
urbano 1 4.605170185988092 4.605170185988092
use 1 0.0 0.0
using 1 0.0 0.0
utc 1 0.0 0.0
van 1 1.7147984280919266 1.7147984280919266
var 1 0.0 0.0
variety 1 2.5257286443082556 2.5257286443082556
veikko 1 4.605170185988092 4.605170185988092
velasco 1 3.912023005428146 3.912023005428146
veleck 1 4.605170185988092 4.605170185988092
venezuela 1 2.995732273553991 2.995732273553991
venezuelan 1 3.506557897319982 3.506557897319982
ventricular 1 4.605170185988092 4.605170185988092
version 1 0.0 0.0
vest 1 4.605170185988092 4.605170185988092
veteran 1 2.5257286443082556 2.5257286443082556
vice 1 1.6607312068216509 1.6607312068216509
victim 1 2.407945608651872 2.407945608651872
victoria 1 2.407945608651872 2.407945608651872
video 1 1.3862943611198906 1.3862943611198906
view 1 0.0 0.0
vigen 1 4.605170185988092 4.605170185988092
viguen 1 4.605170185988092 4.605170185988092
viktor 1 3.912023005428146 3.912023005428146
villain 1 3.506557897319982 3.506557897319982
viola 1 3.506557897319982 3.506557897319982
viral 1 3.912023005428146 3.912023005428146
vitale 1 4.605170185988092 4.605170185988092
vivien 1 3.912023005428146 3.912023005428146
vladimov 1 4.605170185988092 4.605170185988092
vlasta 1 4.605170185988092 4.605170185988092
volleyball 1 3.2188758248682006 3.2188758248682006
vzquez 1 3.912023005428146 3.912023005428146
wally 1 4.605170185988092 4.605170185988092
walter 1 1.7147984280919266 1.7147984280919266
war 1 0.7985076962177716 0.7985076962177716
warman 1 4.605170185988092 4.605170185988092
warning 1 2.5257286443082556 2.5257286443082556
warrior 1 2.407945608651872 2.407945608651872
washington 1 1.2378743560016172 1.2378743560016172
watkins 1 4.605170185988092 4.605170185988092
webster 1 2.302585092994046 2.302585092994046
weir 1 3.506557897319982 3.506557897319982
west 1 1.171182981502945 1.171182981502945
western 1 1.2039728043259361 1.2039728043259361
weston 1 3.506557897319982 3.506557897319982
whats 1 2.8134107167600364 2.8134107167600364
white 1 1.171182981502945 1.171182981502945
whittingham 1 4.605170185988092 4.605170185988092
widow 1 2.407945608651872 2.407945608651872
wife 1 1.7719568419318754 1.7719568419318754
wikidata 1 0.010050335853501506 0.010050335853501506
wikimedia 1 0.0 0.0
wikipedia 1 0.0 0.0
wil 1 4.605170185988092 4.605170185988092
wild 1 2.302585092994046 2.302585092994046
wilderness 1 3.912023005428146 3.912023005428146
willem 1 4.605170185988092 4.605170185988092
william 1 1.171182981502945 1.171182981502945
wim 1 4.605170185988092 4.605170185988092
wing 1 2.5257286443082556 2.5257286443082556
winifred 1 3.912023005428146 3.912023005428146
winner 1 1.5141277326297755 1.5141277326297755
wolf 1 2.207274913189721 2.207274913189721
wolfgang 1 2.995732273553991 2.995732273553991
world 1 0.5108256237659907 0.5108256237659907
worldfootballnet 1 4.605170185988092 4.605170185988092
wren 1 4.605170185988092 4.605170185988092
wrestler 1 4.605170185988092 4.605170185988092
writer 1 1.5141277326297755 1.5141277326297755
wrote 1 1.3470736479666094 1.3470736479666094
wwf 1 4.605170185988092 4.605170185988092
year 1 0.3424903089467759 0.3424903089467759
yechiel 1 4.605170185988092 4.605170185988092
york 1 0.8209805520698303 0.8209805520698303
yoshimura 1 4.605170185988092 4.605170185988092
youth 1 2.207274913189721 2.207274913189721
yugoslav 1 3.2188758248682006 3.2188758248682006
zbigniew 1 4.605170185988092 4.605170185988092
zealand 1 2.120263536200091 2.120263536200091
zezima 1 4.605170185988092 4.605170185988092
ziegler 1 3.912023005428146 3.912023005428146
zoltan 1 3.912023005428146 3.912023005428146
zoologist 1 4.605170185988092 4.605170185988092
