aaaborderbottompx 1 2.302585092994046 2.302585092994046
aabborderleftpx 1 1.6607312068216509 1.6607312068216509
acceded 1 4.605170185988092 4.605170185988092
accompanying 1 3.912023005428146 3.912023005428146
according 1 1.3093333199837622 1.3093333199837622
account 1 0.0 0.0
acharya 1 3.912023005428146 3.912023005428146
action 1 0.0 0.0
activity 1 1.8325814637483102 1.8325814637483102
adam 1 1.5141277326297755 1.5141277326297755
add 1 0.0 0.0
adding 1 2.0402208285265546 2.0402208285265546
addition 1 1.3862943611198906 1.3862943611198906
additional 1 0.0 0.0
additionally 1 2.8134107167600364 2.8134107167600364
adimurai 1 4.605170185988092 4.605170185988092
afterthought 1 4.605170185988092 4.605170185988092
agastya 1 4.605170185988092 4.605170185988092
agree 1 0.0 0.0
aid 1 2.0402208285265546 2.0402208285265546
air 1 1.8971199848858813 1.8971199848858813
airavata 1 4.605170185988092 4.605170185988092
akhada 1 4.605170185988092 4.605170185988092
akhara 1 4.605170185988092 4.605170185988092
aki 1 4.605170185988092 4.605170185988092
akshobhya 1 4.605170185988092 4.605170185988092
alike 1 0.0 0.0
allowing 1 2.8134107167600364 2.8134107167600364
almost 1 1.7147984280919266 1.7147984280919266
along 1 1.4696759700589417 1.4696759700589417
also 1 0.127833371509885 0.127833371509885
altaic 1 4.605170185988092 4.605170185988092
always 1 2.207274913189721 2.207274913189721
ambox 1 1.6607312068216509 1.6607312068216509
amboxborderpx 1 1.6607312068216509 1.6607312068216509
amboxmargin 1 1.6607312068216509 1.6607312068216509
among 1 1.2378743560016172 1.2378743560016172
amp 1 0.4620354595965586 0.4620354595965586
ancient 1 2.302585092994046 2.302585092994046
andcombat 1 4.605170185988092 4.605170185988092
andor 1 3.912023005428146 3.912023005428146
angira 1 4.605170185988092 4.605170185988092
animal 1 2.407945608651872 2.407945608651872
ankam 1 4.605170185988092 4.605170185988092
ankathattu 1 4.605170185988092 4.605170185988092
anna 1 2.302585092994046 2.302585092994046
another 1 0.9675840262617057 0.9675840262617057
answer 1 2.659260036932778 2.659260036932778
antiquity 1 3.2188758248682006 3.2188758248682006
anuttarayoga 1 4.605170185988092 4.605170185988092
anuttarayogatantra 1 4.605170185988092 4.605170185988092
appearance 1 0.0 0.0
appeared 1 1.8971199848858813 1.8971199848858813
appears 1 2.120263536200091 2.120263536200091
apply 1 0.0 0.0
appraisal 1 4.605170185988092 4.605170185988092
approached 1 3.506557897319982 3.506557897319982
april 1 0.44628710262841953 0.44628710262841953
arc 1 2.995732273553991 2.995732273553991
arcane 1 3.912023005428146 3.912023005428146
archived 1 0.47803580094299974 0.47803580094299974
area 1 1.2729656758128876 1.2729656758128876
ari 1 3.912023005428146 3.912023005428146
arise 1 3.912023005428146 3.912023005428146
arises 1 4.605170185988092 4.605170185988092
armed 1 2.5257286443082556 2.5257286443082556
around 1 1.0216512475319812 1.0216512475319812
arranged 1 3.2188758248682006 3.2188758248682006
art 1 1.2039728043259361 1.2039728043259361
arthur 1 1.7147984280919266 1.7147984280919266
article 1 0.0 0.0
aruval 1 4.605170185988092 4.605170185988092
aryan 1 3.912023005428146 3.912023005428146
asian 1 2.407945608651872 2.407945608651872
asked 1 2.120263536200091 2.120263536200091
asko 1 4.605170185988092 4.605170185988092
aspect 1 2.302585092994046 2.302585092994046
assigned 1 2.659260036932778 2.659260036932778
associated 1 1.4696759700589417 1.4696759700589417
association 1 1.1394342831883648 1.1394342831883648
asura 1 4.605170185988092 4.605170185988092
atri 1 4.605170185988092 4.605170185988092
attainment 1 4.605170185988092 4.605170185988092
attempt 1 1.6607312068216509 1.6607312068216509
attempted 1 2.407945608651872 2.407945608651872
attribution 1 0.0 0.0
august 1 0.3424903089467759 0.3424903089467759
auspicious 1 4.605170185988092 4.605170185988092
austerity 1 3.912023005428146 3.912023005428146
auto 1 0.1392620673335076 0.1392620673335076
available 1 0.0 0.0
avestan 1 4.605170185988092 4.605170185988092
awakening 1 3.2188758248682006 3.2188758248682006
axe 1 3.506557897319982 3.506557897319982
ayudha 1 4.605170185988092 4.605170185988092
back 1 1.0216512475319812 1.0216512475319812
bagh 1 3.912023005428146 3.912023005428146
bahasa 1 1.8325814637483102 1.8325814637483102
ballshaped 1 4.605170185988092 4.605170185988092
bearing 1 2.659260036932778 2.659260036932778
became 1 0.7133498878774648 0.7133498878774648
become 1 1.2378743560016172 1.2378743560016172
beer 1 3.506557897319982 3.506557897319982
beheaded 1 4.605170185988092 4.605170185988092
being 1 3.2188758248682006 3.2188758248682006
believed 1 2.120263536200091 2.120263536200091
bell 1 2.0402208285265546 2.0402208285265546
bengal 1 2.995732273553991 2.995732273553991
bengali 1 3.912023005428146 3.912023005428146
benzar 1 4.605170185988092 4.605170185988092
bestowal 1 4.605170185988092 4.605170185988092
better 1 1.8971199848858813 1.8971199848858813
bhagavata 1 4.605170185988092 4.605170185988092
bharata 1 4.605170185988092 4.605170185988092
bhrigu 1 4.605170185988092 4.605170185988092
bhuj 1 4.605170185988092 4.605170185988092
bhutan 1 3.912023005428146 3.912023005428146
bichuwa 1 3.912023005428146 3.912023005428146
birmingham 1 3.506557897319982 3.506557897319982
blade 1 2.8134107167600364 2.8134107167600364
bloom 1 3.506557897319982 3.506557897319982
bodhi 1 4.605170185988092 4.605170185988092
bodhisattva 1 4.605170185988092 4.605170185988092
bodymediawiki 1 1.6607312068216509 1.6607312068216509
bokml 1 2.120263536200091 2.120263536200091
bone 1 2.995732273553991 2.995732273553991
book 1 0.6348782724359695 0.6348782724359695
boon 1 3.506557897319982 3.506557897319982
bose 1 3.2188758248682006 3.2188758248682006
boston 1 1.7719568419318754 1.7719568419318754
brahma 1 4.605170185988092 4.605170185988092
brahman 1 4.605170185988092 4.605170185988092
brahmanda 1 4.605170185988092 4.605170185988092
branch 1 2.207274913189721 2.207274913189721
brandish 1 4.605170185988092 4.605170185988092
brave 1 3.2188758248682006 3.2188758248682006
bravest 1 4.605170185988092 4.605170185988092
britannica 1 2.8134107167600364 2.8134107167600364
brought 1 1.5606477482646683 1.5606477482646683
bryant 1 3.912023005428146 3.912023005428146
buddha 1 4.605170185988092 4.605170185988092
buddhaghoa 1 4.605170185988092 4.605170185988092
buddhahood 1 4.605170185988092 4.605170185988092
buddhism 1 3.506557897319982 3.506557897319982
buddhist 1 3.912023005428146 3.912023005428146
burmese 1 4.605170185988092 4.605170185988092
cakrasavara 1 4.605170185988092 4.605170185988092
called 1 0.8209805520698303 0.8209805520698303
carolus 1 3.506557897319982 3.506557897319982
carpelan 1 4.605170185988092 4.605170185988092
case 1 1.3862943611198906 1.3862943611198906
cast 1 1.8971199848858813 1.8971199848858813
cataletina 1 2.659260036932778 2.659260036932778
category 1 0.0 0.0
caught 1 2.8134107167600364 2.8134107167600364
causing 1 2.659260036932778 2.659260036932778
cave 1 2.8134107167600364 2.8134107167600364
celestial 1 3.912023005428146 3.912023005428146
center 1 1.171182981502945 1.171182981502945
centerpx 1 0.0408219945202552 0.0408219945202552
central 1 1.07880966137193 1.07880966137193
centre 1 2.0402208285265546 2.0402208285265546
century 1 1.3470736479666094 1.3470736479666094
ceremony 1 2.302585092994046 2.302585092994046
chakra 1 4.605170185988092 4.605170185988092
chakram 1 4.605170185988092 4.605170185988092
challenged 1 2.207274913189721 2.207274913189721
chandigarh 1 4.605170185988092 4.605170185988092
change 1 0.0 0.0
chanted 1 4.605170185988092 4.605170185988092
chanting 1 4.605170185988092 4.605170185988092
charyayoga 1 4.605170185988092 4.605170185988092
chekavar 1 4.605170185988092 4.605170185988092
chentu 1 4.605170185988092 4.605170185988092
chief 1 1.3862943611198906 1.3862943611198906
child 1 1.07880966137193 1.07880966137193
chin 1 3.912023005428146 3.912023005428146
chinese 1 2.5257286443082556 2.5257286443082556
chineselanguage 1 3.506557897319982 3.506557897319982
christian 1 1.4696759700589417 1.4696759700589417
citation 1 0.0408219945202552 0.0408219945202552
cite 1 0.0 0.0
citebook 1 1.8971199848858813 1.8971199848858813
cited 1 3.2188758248682006 3.2188758248682006
citerefasko 1 4.605170185988092 4.605170185988092
citereflutgendorf 1 4.605170185988092 4.605170185988092
citerefparpola 1 4.605170185988092 4.605170185988092
citerefrysdyk 1 4.605170185988092 4.605170185988092
citerefsatyindra 1 4.605170185988092 4.605170185988092
citerefsumit 1 4.605170185988092 4.605170185988092
civilization 1 2.995732273553991 2.995732273553991
clapper 1 3.912023005428146 3.912023005428146
clothey 1 4.605170185988092 4.605170185988092
club 1 1.4271163556401458 1.4271163556401458
code 1 0.0 0.0
cognate 1 4.605170185988092 4.605170185988092
columnslist 1 4.605170185988092 4.605170185988092
come 1 1.3470736479666094 1.3470736479666094
common 1 0.0 0.0
commonly 1 2.659260036932778 2.659260036932778
companion 1 2.407945608651872 2.407945608651872
compassion 1 3.912023005428146 3.912023005428146
completion 1 3.2188758248682006 3.2188758248682006
conduct 1 0.0 0.0
conscious 1 3.912023005428146 3.912023005428146
considered 1 1.3862943611198906 1.3862943611198906
consistent 1 2.8134107167600364 2.8134107167600364
consists 1 2.407945608651872 2.407945608651872
consort 1 3.912023005428146 3.912023005428146
contact 1 0.0 0.0
containing 1 1.4271163556401458 1.4271163556401458
content 1 0.0 0.0
contention 1 3.506557897319982 3.506557897319982
context 1 0.010050335853501506 0.010050335853501506
continued 1 1.5141277326297755 1.5141277326297755
contribute 1 0.0 0.0
contribution 1 0.0 0.0
controversy 1 2.407945608651872 2.407945608651872
conundrum 1 3.506557897319982 3.506557897319982
cookie 1 0.0 0.0
cookiematch 1 0.0 0.0
correspondence 1 2.995732273553991 2.995732273553991
corresponding 1 2.8134107167600364 2.8134107167600364
cosmology 1 4.605170185988092 4.605170185988092
could 1 1.2378743560016172 1.2378743560016172
counterlistitema 1 0.127833371509885 0.127833371509885
crafted 1 3.912023005428146 3.912023005428146
crashed 1 4.605170185988092 4.605170185988092
create 1 0.0 0.0
created 1 1.5606477482646683 1.5606477482646683
creation 1 2.659260036932778 2.659260036932778
creative 1 0.0 0.0
creativity 1 3.912023005428146 3.912023005428146
creature 1 2.659260036932778 2.659260036932778
csmaintcolorf 1 0.06187540371808745 0.06187540371808745
csmaintcolorfmedia 1 0.0408219945202552 0.0408219945202552
cswsicon 1 0.0408219945202552 0.0408219945202552
cultural 1 2.5257286443082556 2.5257286443082556
culture 1 1.6094379124341003 1.6094379124341003
current 1 0.0 0.0
cutter 1 3.506557897319982 3.506557897319982
dadhichi 1 4.605170185988092 4.605170185988092
dadhichis 1 4.605170185988092 4.605170185988092
dakini 1 4.605170185988092 4.605170185988092
dallapiccola 1 4.605170185988092 4.605170185988092
damaru 1 4.605170185988092 4.605170185988092
date 1 0.3147107448397002 0.3147107448397002
death 1 1.171182981502945 1.171182981502945
december 1 0.37106368139083196 0.37106368139083196
decoration 1 3.912023005428146 3.912023005428146
defeat 1 1.9661128563728327 1.9661128563728327
defeated 1 2.407945608651872 2.407945608651872
defeating 1 2.407945608651872 2.407945608651872
deity 1 4.605170185988092 4.605170185988092
demon 1 3.2188758248682006 3.2188758248682006
denotes 1 3.506557897319982 3.506557897319982
depalatalization 1 4.605170185988092 4.605170185988092
depending 1 3.912023005428146 3.912023005428146
depiction 1 3.912023005428146 3.912023005428146
depicts 1 3.2188758248682006 3.2188758248682006
derived 1 2.659260036932778 2.659260036932778
descended 1 4.605170185988092 4.605170185988092
describe 1 2.995732273553991 2.995732273553991
described 1 1.5141277326297755 1.5141277326297755
describes 1 3.2188758248682006 3.2188758248682006
description 1 0.07257069283483537 0.07257069283483537
designed 1 2.5257286443082556 2.5257286443082556
deutsch 1 0.9416085398584451 0.9416085398584451
deva 1 4.605170185988092 4.605170185988092
devaloka 1 4.605170185988092 4.605170185988092
devas 1 4.605170185988092 4.605170185988092
developer 1 0.0 0.0
devotee 1 4.605170185988092 4.605170185988092
devour 1 4.605170185988092 4.605170185988092
dharma 1 4.605170185988092 4.605170185988092
dharmic 1 4.605170185988092 4.605170185988092
dhatvisvari 1 4.605170185988092 4.605170185988092
dhyani 1 4.605170185988092 4.605170185988092
diamond 1 2.8134107167600364 2.8134107167600364
dichotomy 1 3.506557897319982 3.506557897319982
dictionary 1 2.407945608651872 2.407945608651872
different 1 0.3424903089467759 0.3424903089467759
disambiguation 1 2.995732273553991 2.995732273553991
disclaimer 1 0.0 0.0
dissolve 1 3.2188758248682006 3.2188758248682006
dissolved 1 3.506557897319982 3.506557897319982
divcol 1 2.302585092994046 2.302585092994046
divine 1 3.2188758248682006 3.2188758248682006
divinely 1 4.605170185988092 4.605170185988092
division 1 1.2729656758128876 1.2729656758128876
dodrupchen 1 4.605170185988092 4.605170185988092
donate 1 0.0 0.0
donated 1 3.506557897319982 3.506557897319982
done 1 2.302585092994046 2.302585092994046
dorje 1 4.605170185988092 4.605170185988092
double 1 2.407945608651872 2.407945608651872
download 1 0.0 0.0
drank 1 4.605170185988092 4.605170185988092
dream 1 2.0402208285265546 2.0402208285265546
drive 1 2.0402208285265546 2.0402208285265546
driven 1 3.506557897319982 3.506557897319982
dtaftercontent 1 0.127833371509885 0.127833371509885
dynasty 1 2.8134107167600364 2.8134107167600364
earliest 1 2.995732273553991 2.995732273553991
early 1 0.6348782724359695 0.6348782724359695
earth 1 2.407945608651872 2.407945608651872
east 1 1.0498221244986776 1.0498221244986776
eastern 1 1.5606477482646683 1.5606477482646683
ed 1 2.120263536200091 2.120263536200091
edwin 1 2.5257286443082556 2.5257286443082556
eesti 1 2.8134107167600364 2.8134107167600364
effective 1 2.995732273553991 2.995732273553991
eight 1 1.8971199848858813 1.8971199848858813
either 1 1.9661128563728327 1.9661128563728327
elaborate 1 3.506557897319982 3.506557897319982
electronic 1 2.995732273553991 2.995732273553991
element 1 1.9661128563728327 1.9661128563728327
elephant 1 3.506557897319982 3.506557897319982
emblem 1 2.995732273553991 2.995732273553991
emblemcitation 1 4.605170185988092 4.605170185988092
emerging 1 3.506557897319982 3.506557897319982
employed 1 3.2188758248682006 3.2188758248682006
emptiness 1 4.605170185988092 4.605170185988092
encouraged 1 2.995732273553991 2.995732273553991
encyclopdia 1 2.8134107167600364 2.8134107167600364
encyclopedia 1 0.0 0.0
end 1 0.7985076962177716 0.7985076962177716
endless 1 2.995732273553991 2.995732273553991
energy 1 1.6607312068216509 1.6607312068216509
engage 1 3.506557897319982 3.506557897319982
english 1 0.0 0.0
enlightened 1 3.506557897319982 3.506557897319982
enlightenment 1 3.2188758248682006 3.2188758248682006
enormous 1 3.506557897319982 3.506557897319982
epic 1 3.2188758248682006 3.2188758248682006
epithet 1 3.912023005428146 3.912023005428146
equally 1 4.605170185988092 4.605170185988092
equidistant 1 4.605170185988092 4.605170185988092
esoteric 1 3.912023005428146 3.912023005428146
espaol 1 1.1394342831883648 1.1394342831883648
especially 1 2.207274913189721 2.207274913189721
esperanto 1 2.5257286443082556 2.5257286443082556
essential 1 2.5257286443082556 2.5257286443082556
etymology 1 4.605170185988092 4.605170185988092
european 1 1.3093333199837622 1.3093333199837622
euskara 1 2.659260036932778 2.659260036932778
evelyn 1 3.912023005428146 3.912023005428146
event 1 0.0 0.0
evidence 1 2.302585092994046 2.302585092994046
evil 1 2.5257286443082556 2.5257286443082556
exists 1 3.506557897319982 3.506557897319982
exp 1 0.0 0.0
expel 1 4.605170185988092 4.605170185988092
experience 1 1.8325814637483102 1.8325814637483102
extensively 1 3.2188758248682006 3.2188758248682006
external 1 0.44628710262841953 0.44628710262841953
extremely 1 2.995732273553991 2.995732273553991
face 1 1.9661128563728327 1.9661128563728327
fact 1 1.5141277326297755 1.5141277326297755
famous 1 2.659260036932778 2.659260036932778
fashioned 1 3.506557897319982 3.506557897319982
father 1 1.3093333199837622 1.3093333199837622
female 1 2.207274913189721 2.207274913189721
festival 1 2.207274913189721 2.207274913189721
figure 1 1.3470736479666094 1.3470736479666094
file 1 0.0 0.0
filipino 1 3.506557897319982 3.506557897319982
finally 1 1.8971199848858813 1.8971199848858813
find 1 1.3093333199837622 1.3093333199837622
firangi 1 4.605170185988092 4.605170185988092
firespade 1 4.605170185988092 4.605170185988092
firmness 1 4.605170185988092 4.605170185988092
first 1 0.1508228897345837 0.1508228897345837
five 1 1.0216512475319812 1.0216512475319812
fivepronged 1 4.605170185988092 4.605170185988092
flag 1 1.7147984280919266 1.7147984280919266
flame 1 3.506557897319982 3.506557897319982
flaming 1 4.605170185988092 4.605170185988092
flower 1 2.5257286443082556 2.5257286443082556
food 1 1.9661128563728327 1.9661128563728327
force 1 1.2378743560016172 1.2378743560016172
forest 1 2.302585092994046 2.302585092994046
form 1 1.3470736479666094 1.3470736479666094
former 1 0.9675840262617057 0.9675840262617057
forth 1 3.2188758248682006 3.2188758248682006
found 1 1.2039728043259361 1.2039728043259361
foundation 1 0.0 0.0
four 1 0.7985076962177716 0.7985076962177716
fourfold 1 4.605170185988092 4.605170185988092
fpmt 1 4.605170185988092 4.605170185988092
franais 1 0.8675005677047231 0.8675005677047231
francis 1 1.6607312068216509 1.6607312068216509
fred 1 2.5257286443082556 2.5257286443082556
free 1 0.0 0.0
fruit 1 2.8134107167600364 2.8134107167600364
fulfilled 1 4.605170185988092 4.605170185988092
function 1 2.207274913189721 2.207274913189721
fundamental 1 2.995732273553991 2.995732273553991
furious 1 3.912023005428146 3.912023005428146
gada 1 4.605170185988092 4.605170185988092
ganachakra 1 4.605170185988092 4.605170185988092
ganesha 1 4.605170185988092 4.605170185988092
garuda 1 4.605170185988092 4.605170185988092
gateway 1 3.2188758248682006 3.2188758248682006
gatka 1 4.605170185988092 4.605170185988092
gatta 1 4.605170185988092 4.605170185988092
gautama 1 4.605170185988092 4.605170185988092
gave 1 1.5606477482646683 1.5606477482646683
gemstone 1 4.605170185988092 4.605170185988092
general 1 0.0 0.0
generation 1 1.9661128563728327 1.9661128563728327
get 1 0.0 0.0
ghanta 1 4.605170185988092 4.605170185988092
given 1 1.2378743560016172 1.2378743560016172
giving 1 2.207274913189721 2.207274913189721
goad 1 4.605170185988092 4.605170185988092
god 1 2.207274913189721 2.207274913189721
gokorei 1 4.605170185988092 4.605170185988092
gokosho 1 4.605170185988092 4.605170185988092
gorz 1 4.605170185988092 4.605170185988092
grand 1 1.7719568419318754 1.7719568419318754
great 1 0.9675840262617057 0.9675840262617057
grew 1 2.302585092994046 2.302585092994046
griffith 1 2.995732273553991 2.995732273553991
ground 1 1.8325814637483102 1.8325814637483102
group 1 0.8209805520698303 0.8209805520698303
guhyagarbha 1 4.605170185988092 4.605170185988092
guide 1 1.8971199848858813 1.8971199848858813
guru 1 3.912023005428146 3.912023005428146
gusthi 1 4.605170185988092 4.605170185988092
halensis 1 4.605170185988092 4.605170185988092
halfcrocodile 1 4.605170185988092 4.605170185988092
halffish 1 4.605170185988092 4.605170185988092
halfvajra 1 4.605170185988092 4.605170185988092
halle 1 3.912023005428146 3.912023005428146
hammer 1 2.995732273553991 2.995732273553991
hand 1 1.3862943611198906 1.3862943611198906
handle 1 3.2188758248682006 3.2188758248682006
hanuman 1 4.605170185988092 4.605170185988092
harder 1 3.912023005428146 3.912023005428146
harm 1 4.605170185988092 4.605170185988092
harmonisation 1 4.605170185988092 4.605170185988092
hatnote 1 0.843970070294529 0.843970070294529
haunting 1 3.2188758248682006 3.2188758248682006
head 1 1.1086626245216111 1.1086626245216111
headed 1 2.8134107167600364 2.8134107167600364
heart 1 1.4696759700589417 1.4696759700589417
heat 1 2.5257286443082556 2.5257286443082556
heaven 1 2.659260036932778 2.659260036932778
held 1 1.171182981502945 1.171182981502945
help 1 0.0 0.0
hidden 1 0.010050335853501506 0.010050335853501506
hide 1 0.0 0.0
highest 1 1.7719568419318754 1.7719568419318754
hindu 1 3.506557897319982 3.506557897319982
hinduism 1 3.912023005428146 3.912023005428146
hindumythology 1 4.605170185988092 4.605170185988092
hiranyagarbha 1 4.605170185988092 4.605170185988092
historical 1 1.8325814637483102 1.8325814637483102
history 1 0.0 0.0
hlist 1 0.127833371509885 0.127833371509885
hlistinline 1 0.127833371509885 0.127833371509885
hold 1 1.3470736479666094 1.3470736479666094
holding 1 2.207274913189721 2.207274913189721
hollow 1 3.506557897319982 3.506557897319982
holy 1 1.8971199848858813 1.8971199848858813
home 1 0.7339691750802005 0.7339691750802005
honouring 1 3.912023005428146 3.912023005428146
hope 1 1.6607312068216509 1.6607312068216509
however 1 0.6931471805599453 0.6931471805599453
hudson 1 2.207274913189721 2.207274913189721
huyen 1 4.605170185988092 4.605170185988092
iast 1 4.605170185988092 4.605170185988092
iconography 1 4.605170185988092 4.605170185988092
identified 1 2.659260036932778 2.659260036932778
idlockfree 1 0.0408219945202552 0.0408219945202552
idlockfreeidlockfree 1 0.0408219945202552 0.0408219945202552
idlocklimited 1 0.0408219945202552 0.0408219945202552
idlockregistration 1 0.0408219945202552 0.0408219945202552
idlocksubscription 1 0.0408219945202552 0.0408219945202552
ignorant 1 3.912023005428146 3.912023005428146
iii 1 1.7147984280919266 1.7147984280919266
illustrated 1 2.659260036932778 2.659260036932778
imbued 1 4.605170185988092 4.605170185988092
imgsrc 1 1.3862943611198906 1.3862943611198906
immediately 1 2.207274913189721 2.207274913189721
implement 1 3.912023005428146 3.912023005428146
implies 1 3.912023005428146 3.912023005428146
imply 1 3.912023005428146 3.912023005428146
important 1 1.8325814637483102 1.8325814637483102
improve 1 1.8325814637483102 1.8325814637483102
inbuan 1 4.605170185988092 4.605170185988092
inc 1 0.0 0.0
including 1 0.7133498878774648 0.7133498878774648
incorporate 1 3.506557897319982 3.506557897319982
independent 1 1.4271163556401458 1.4271163556401458
indestructibility 1 4.605170185988092 4.605170185988092
india 1 1.7147984280919266 1.7147984280919266
indian 1 1.9661128563728327 1.9661128563728327
indicating 1 2.8134107167600364 2.8134107167600364
indo 1 4.605170185988092 4.605170185988092
indologica 1 4.605170185988092 4.605170185988092
indology 1 4.605170185988092 4.605170185988092
indonesia 1 1.7719568419318754 1.7719568419318754
indonesian 1 2.995732273553991 2.995732273553991
indra 1 3.506557897319982 3.506557897319982
indus 1 4.605170185988092 4.605170185988092
inference 1 3.506557897319982 3.506557897319982
information 1 0.0 0.0
informed 1 2.659260036932778 2.659260036932778
inner 1 2.995732273553991 2.995732273553991
inscription 1 4.605170185988092 4.605170185988092
inseparability 1 4.605170185988092 4.605170185988092
inseparable 1 4.605170185988092 4.605170185988092
instance 1 3.2188758248682006 3.2188758248682006
institute 1 1.5141277326297755 1.5141277326297755
instruction 1 2.5257286443082556 2.5257286443082556
instrument 1 2.995732273553991 2.995732273553991
interesting 1 2.8134107167600364 2.8134107167600364
involves 1 3.506557897319982 3.506557897319982
iranian 1 3.2188758248682006 3.2188758248682006
irresistible 1 4.605170185988092 4.605170185988092
isbn 1 0.9942522733438669 0.9942522733438669
issn 1 1.8971199848858813 1.8971199848858813
italiano 1 1.07880966137193 1.07880966137193
item 1 0.010050335853501506 0.010050335853501506
itihasa 1 4.605170185988092 4.605170185988092
itsukushima 1 4.605170185988092 4.605170185988092
jagadish 1 4.605170185988092 4.605170185988092
jainism 1 4.605170185988092 4.605170185988092
jan 1 2.0402208285265546 2.0402208285265546
january 1 0.3424903089467759 0.3424903089467759
japanese 1 2.0402208285265546 2.0402208285265546
japaneselanguage 1 3.506557897319982 3.506557897319982
javanese 1 3.506557897319982 3.506557897319982
jawa 1 4.605170185988092 4.605170185988092
job 1 2.302585092994046 2.302585092994046
journal 1 1.3093333199837622 1.3093333199837622
jstor 1 1.5141277326297755 1.5141277326297755
jump 1 0.0 0.0
june 1 0.40047756659712536 0.40047756659712536
kabaddi 1 4.605170185988092 4.605170185988092
kadampa 1 4.605170185988092 4.605170185988092
kailasha 1 4.605170185988092 4.605170185988092
kalachakra 1 4.605170185988092 4.605170185988092
kalari 1 4.605170185988092 4.605170185988092
kalaripayattu 1 4.605170185988092 4.605170185988092
kartika 1 4.605170185988092 4.605170185988092
kartikeya 1 4.605170185988092 4.605170185988092
kashyapa 1 4.605170185988092 4.605170185988092
katar 1 3.912023005428146 3.912023005428146
kathi 1 4.605170185988092 4.605170185988092
katti 1 4.605170185988092 4.605170185988092
kauravas 1 4.605170185988092 4.605170185988092
kayamkulam 1 4.605170185988092 4.605170185988092
kept 1 2.407945608651872 2.407945608651872
keraunos 1 4.605170185988092 4.605170185988092
khanda 1 4.605170185988092 4.605170185988092
khavga 1 4.605170185988092 4.605170185988092
khel 1 4.605170185988092 4.605170185988092
khela 1 4.605170185988092 4.605170185988092
kill 1 1.7719568419318754 1.7719568419318754
killed 1 1.9661128563728327 1.9661128563728327
king 1 1.3093333199837622 1.3093333199837622
kingdom 1 1.5141277326297755 1.5141277326297755
kirpan 1 3.912023005428146 3.912023005428146
kiti 1 4.605170185988092 4.605170185988092
knee 1 3.2188758248682006 3.2188758248682006
known 1 0.7985076962177716 0.7985076962177716
kongban 1 4.605170185988092 4.605170185988092
krishna 1 3.506557897319982 3.506557897319982
kriyayoga 1 4.605170185988092 4.605170185988092
kukri 1 3.912023005428146 3.912023005428146
kulayarja 1 4.605170185988092 4.605170185988092
lacking 1 2.120263536200091 2.120263536200091
lakshmana 1 4.605170185988092 4.605170185988092
lakshmi 1 4.605170185988092 4.605170185988092
lama 1 4.605170185988092 4.605170185988092
land 1 1.5141277326297755 1.5141277326297755
lang 1 1.9661128563728327 1.9661128563728327
langlon 1 4.605170185988092 4.605170185988092
language 1 0.0 0.0
langx 1 2.659260036932778 2.659260036932778
large 1 1.4696759700589417 1.4696759700589417
last 1 0.0 0.0
later 1 0.5621189181535412 0.5621189181535412
lathi 1 4.605170185988092 4.605170185988092
laurie 1 3.912023005428146 3.912023005428146
lead 1 1.6607312068216509 1.6607312068216509
learn 1 0.0 0.0
left 1 1.171182981502945 1.171182981502945
legend 1 1.8325814637483102 1.8325814637483102
legendary 1 2.8134107167600364 2.8134107167600364
liaftercontent 1 0.127833371509885 0.127833371509885
liberation 1 2.407945608651872 2.407945608651872
license 1 0.0 0.0
lietuvi 1 2.8134107167600364 2.8134107167600364
life 1 0.5447271754416719 0.5447271754416719
like 1 1.2039728043259361 1.2039728043259361
limarginbottom 1 0.9675840262617057 0.9675840262617057
limb 1 3.506557897319982 3.506557897319982
link 1 0.0 0.0
lit 1 3.2188758248682006 3.2188758248682006
literature 1 1.9661128563728327 1.9661128563728327
loanword 1 4.605170185988092 4.605170185988092
log 1 0.0 0.0
logged 1 0.0 0.0
logo 1 2.302585092994046 2.302585092994046
long 1 1.1086626245216111 1.1086626245216111
lore 1 2.659260036932778 2.659260036932778
loss 1 1.7147984280919266 1.7147984280919266
lost 1 1.171182981502945 1.171182981502945
lotus 1 4.605170185988092 4.605170185988092
love 1 1.4271163556401458 1.4271163556401458
ltd 1 2.407945608651872 2.407945608651872
luminosity 1 4.605170185988092 4.605170185988092
lunar 1 3.912023005428146 3.912023005428146
lutgendorf 1 4.605170185988092 4.605170185988092
mace 1 3.912023005428146 3.912023005428146
machine 1 1.4696759700589417 1.4696759700589417
made 1 0.653926467406664 0.653926467406664
maduvu 1 4.605170185988092 4.605170185988092
magic 1 2.659260036932778 2.659260036932778
magyar 1 2.0402208285265546 2.0402208285265546
mahabharata 1 4.605170185988092 4.605170185988092
mahakala 1 4.605170185988092 4.605170185988092
mahasiddha 1 4.605170185988092 4.605170185988092
mahmy 1 4.605170185988092 4.605170185988092
main 1 0.0 0.0
major 1 1.1086626245216111 1.1086626245216111
majurmlakalpa 1 4.605170185988092 4.605170185988092
majurnmasamgti 1 4.605170185988092 4.605170185988092
makara 1 4.605170185988092 4.605170185988092
maker 1 2.8134107167600364 2.8134107167600364
malakhra 1 4.605170185988092 4.605170185988092
malappuram 1 4.605170185988092 4.605170185988092
male 1 1.6607312068216509 1.6607312068216509
mallakhamba 1 4.605170185988092 4.605170185988092
mallayuddha 1 4.605170185988092 4.605170185988092
mancha 1 3.912023005428146 3.912023005428146
mandala 1 4.605170185988092 4.605170185988092
manidvipa 1 4.605170185988092 4.605170185988092
manthana 1 4.605170185988092 4.605170185988092
mantra 1 4.605170185988092 4.605170185988092
many 1 0.7550225842780328 0.7550225842780328
march 1 0.3147107448397002 0.3147107448397002
mardani 1 4.605170185988092 4.605170185988092
markandeya 1 4.605170185988092 4.605170185988092
martial 1 3.2188758248682006 3.2188758248682006
match 1 0.8675005677047231 0.8675005677047231
matching 1 3.506557897319982 3.506557897319982
material 1 1.3093333199837622 1.3093333199837622
matsya 1 4.605170185988092 4.605170185988092
may 1 0.0 0.0
mean 1 1.7719568419318754 1.7719568419318754
meaning 1 2.5257286443082556 2.5257286443082556
medium 1 0.49429632181478017 0.49429632181478017
meet 1 1.6607312068216509 1.6607312068216509
meeting 1 1.8971199848858813 1.8971199848858813
meher 1 4.605170185988092 4.605170185988092
melayu 1 3.2188758248682006 3.2188758248682006
melong 1 4.605170185988092 4.605170185988092
mengshan 1 4.605170185988092 4.605170185988092
mental 1 2.8134107167600364 2.8134107167600364
mention 1 2.995732273553991 2.995732273553991
menu 1 0.0 0.0
message 1 1.5606477482646683 1.5606477482646683
metal 1 2.207274913189721 2.207274913189721
middle 1 2.0402208285265546 2.0402208285265546
might 1 2.995732273553991 2.995732273553991
milarepa 1 4.605170185988092 4.605170185988092
military 1 1.4696759700589417 1.4696759700589417
mind 1 2.302585092994046 2.302585092994046
mindstream 1 4.605170185988092 4.605170185988092
ming 1 3.2188758248682006 3.2188758248682006
mobile 1 0.0 0.0
modification 1 3.2188758248682006 3.2188758248682006
modified 1 3.506557897319982 3.506557897319982
monkey 1 3.912023005428146 3.912023005428146
moplah 1 4.605170185988092 4.605170185988092
morecitationsneeded 1 2.995732273553991 2.995732273553991
motif 1 3.506557897319982 3.506557897319982
mount 1 2.995732273553991 2.995732273553991
mouth 1 2.8134107167600364 2.8134107167600364
move 1 0.0 0.0
mudgar 1 4.605170185988092 4.605170185988092
mudra 1 4.605170185988092 4.605170185988092
mukna 1 4.605170185988092 4.605170185988092
multiple 1 1.6607312068216509 1.6607312068216509
murugan 1 4.605170185988092 4.605170185988092
musical 1 1.8971199848858813 1.8971199848858813
mustiyuddha 1 4.605170185988092 4.605170185988092
mystical 1 3.912023005428146 3.912023005428146
mythical 1 4.605170185988092 4.605170185988092
mythological 1 3.912023005428146 3.912023005428146
mythology 1 2.8134107167600364 2.8134107167600364
naimisha 1 4.605170185988092 4.605170185988092
nakh 1 3.912023005428146 3.912023005428146
name 1 0.5276327420823719 0.5276327420823719
named 1 1.2039728043259361 1.2039728043259361
naraka 1 4.605170185988092 4.605170185988092
nationalist 1 3.506557897319982 3.506557897319982
nature 1 2.0402208285265546 2.0402208285265546
navbar 1 0.23572233352106994 0.23572233352106994
navbarmini 1 0.23572233352106994 0.23572233352106994
navbox 1 0.1392620673335076 0.1392620673335076
navboximage 1 0.1392620673335076 0.1392620673335076
navboxsubgroup 1 0.1392620673335076 0.1392620673335076
navboxtitle 1 0.1392620673335076 0.1392620673335076
navigation 1 0.0 0.0
nederland 1 1.7147984280919266 1.7147984280919266
need 1 1.2039728043259361 1.2039728043259361
needed 1 1.3862943611198906 1.3862943611198906
needing 1 1.8971199848858813 1.8971199848858813
negotiating 1 4.605170185988092 4.605170185988092
nepalese 1 4.605170185988092 4.605170185988092
new 1 0.24846135929849972 0.24846135929849972
news 1 0.843970070294529 0.843970070294529
newspaper 1 1.5141277326297755 1.5141277326297755
ngndro 1 4.605170185988092 4.605170185988092
nirvana 1 3.912023005428146 3.912023005428146
nnarticlewhitelist 1 2.407945608651872 2.407945608651872
nnciterefpatterns 1 2.407945608651872 2.407945608651872
nntemplatelist 1 2.407945608651872 2.407945608651872
nonprofit 1 0.0 0.0
norsk 1 1.9661128563728327 1.9661128563728327
noumenal 1 4.605170185988092 4.605170185988092
number 1 0.7550225842780328 0.7550225842780328
nun 1 2.995732273553991 2.995732273553991
nyingthig 1 4.605170185988092 4.605170185988092
object 1 2.659260036932778 2.659260036932778
obscure 1 4.605170185988092 4.605170185988092
obtain 1 2.5257286443082556 2.5257286443082556
occurred 1 2.407945608651872 2.407945608651872
october 1 0.28768207245178085 0.28768207245178085
often 1 1.6607312068216509 1.6607312068216509
ollibeforecontent 1 0.127833371509885 0.127833371509885
one 1 0.23572233352106994 0.23572233352106994
opposite 1 3.2188758248682006 3.2188758248682006
option 1 2.120263536200091 2.120263536200091
ordination 1 3.912023005428146 3.912023005428146
organization 1 0.0 0.0
organizationname 1 0.010050335853501506 0.010050335853501506
original 1 0.4155154439616658 0.4155154439616658
otta 1 4.605170185988092 4.605170185988092
outer 1 3.2188758248682006 3.2188758248682006
oxford 1 2.5257286443082556 2.5257286443082556
padma 1 3.912023005428146 3.912023005428146
padmasambhava 1 4.605170185988092 4.605170185988092
page 1 0.0 0.0
paika 1 4.605170185988092 4.605170185988092
paired 1 4.605170185988092 4.605170185988092
palatalized 1 4.605170185988092 4.605170185988092
pandavas 1 4.605170185988092 4.605170185988092
param 1 3.912023005428146 3.912023005428146
parpola 1 4.605170185988092 4.605170185988092
part 1 0.6348782724359695 0.6348782724359695
parvati 1 4.605170185988092 4.605170185988092
pata 1 4.605170185988092 4.605170185988092
patala 1 4.605170185988092 4.605170185988092
path 1 2.302585092994046 2.302585092994046
patton 1 3.506557897319982 3.506557897319982
pdfprintable 1 0.0 0.0
pearcey 1 4.605170185988092 4.605170185988092
pehlwani 1 4.605170185988092 4.605170185988092
perceived 1 3.912023005428146 3.912023005428146
performed 1 2.120263536200091 2.120263536200091
period 1 1.4271163556401458 1.4271163556401458
permanent 1 0.0 0.0
permeated 1 4.605170185988092 4.605170185988092
persian 1 2.995732273553991 2.995732273553991
person 1 1.5606477482646683 1.5606477482646683
personal 1 0.0 0.0
personality 1 2.207274913189721 2.207274913189721
peshkabz 1 3.912023005428146 3.912023005428146
pestle 1 4.605170185988092 4.605170185988092
petaled 1 4.605170185988092 4.605170185988092
phenomenal 1 4.605170185988092 4.605170185988092
phenomenon 1 3.912023005428146 3.912023005428146
philip 1 1.7147984280919266 1.7147984280919266
phowa 1 4.605170185988092 4.605170185988092
phurba 1 3.912023005428146 3.912023005428146
pichangatti 1 4.605170185988092 4.605170185988092
pilgrimage 1 3.506557897319982 3.506557897319982
pit 1 2.995732273553991 2.995732273553991
pitrs 1 4.605170185988092 4.605170185988092
placate 1 4.605170185988092 4.605170185988092
place 1 0.653926467406664 0.653926467406664
plainlist 1 0.7339691750802005 0.7339691750802005
platform 1 2.659260036932778 2.659260036932778
pleaded 1 4.605170185988092 4.605170185988092
please 1 1.7719568419318754 1.7719568419318754
plus 1 2.8134107167600364 2.8134107167600364
point 1 1.2729656758128876 1.2729656758128876
pointingout 1 4.605170185988092 4.605170185988092
poison 1 3.506557897319982 3.506557897319982
policy 1 0.0 0.0
polski 1 1.3470736479666094 1.3470736479666094
polysemic 1 4.605170185988092 4.605170185988092
popular 1 1.4696759700589417 1.4696759700589417
portal 1 0.0 0.0
portugus 1 1.171182981502945 1.171182981502945
possibly 1 2.659260036932778 2.659260036932778
potency 1 4.605170185988092 4.605170185988092
power 1 1.0216512475319812 1.0216512475319812
powerful 1 2.5257286443082556 2.5257286443082556
practice 1 2.0402208285265546 2.0402208285265546
practitioner 1 3.2188758248682006 3.2188758248682006
prajna 1 4.605170185988092 4.605170185988092
prajnaparamita 1 4.605170185988092 4.605170185988092
prefixing 1 4.605170185988092 4.605170185988092
press 1 0.7550225842780328 0.7550225842780328
priest 1 2.207274913189721 2.207274913189721
primordial 1 4.605170185988092 4.605170185988092
princeton 1 3.2188758248682006 3.2188758248682006
principle 1 2.407945608651872 2.407945608651872
printbodyns 1 0.09431067947124142 0.09431067947124142
printexport 1 0.0 0.0
prithvi 1 4.605170185988092 4.605170185988092
privacy 1 0.0 0.0
privy 1 3.506557897319982 3.506557897319982
process 1 1.5141277326297755 1.5141277326297755
project 1 0.0 0.0
projectile 1 4.605170185988092 4.605170185988092
prong 1 4.605170185988092 4.605170185988092
property 1 1.7147984280919266 1.7147984280919266
proportion 1 3.2188758248682006 3.2188758248682006
proposed 1 2.5257286443082556 2.5257286443082556
proto 1 4.605170185988092 4.605170185988092
psychophysical 1 4.605170185988092 4.605170185988092
publication 1 1.3862943611198906 1.3862943611198906
puja 1 4.605170185988092 4.605170185988092
purana 1 4.605170185988092 4.605170185988092
puranic 1 4.605170185988092 4.605170185988092
pure 1 2.5257286443082556 2.5257286443082556
purity 1 3.912023005428146 3.912023005428146
pursuit 1 2.995732273553991 2.995732273553991
quality 1 2.407945608651872 2.407945608651872
radiates 1 4.605170185988092 4.605170185988092
rahu 1 4.605170185988092 4.605170185988092
ralph 1 2.120263536200091 2.120263536200091
rama 1 4.605170185988092 4.605170185988092
ramanujan 1 4.605170185988092 4.605170185988092
ramayana 1 4.605170185988092 4.605170185988092
random 1 0.0 0.0
rashtrawadi 1 4.605170185988092 4.605170185988092
read 1 0.0 0.0
reading 1 1.5606477482646683 1.5606477482646683
realising 1 4.605170185988092 4.605170185988092
reality 1 2.5257286443082556 2.5257286443082556
receiving 1 1.8971199848858813 1.8971199848858813
recent 1 0.0 0.0
recipient 1 2.995732273553991 2.995732273553991
reclaim 1 3.912023005428146 3.912023005428146
recognize 1 2.995732273553991 2.995732273553991
recovering 1 4.605170185988092 4.605170185988092
red 1 1.07880966137193 1.07880966137193
redirect 1 3.912023005428146 3.912023005428146
redirects 1 3.506557897319982 3.506557897319982
reference 1 0.03045920748470844 0.03045920748470844
reflist 1 0.06187540371808745 0.06187540371808745
reflistcolumns 1 0.06187540371808745 0.06187540371808745
reg 1 0.0 0.0
regarded 1 2.995732273553991 2.995732273553991
regarding 1 2.659260036932778 2.659260036932778
registered 1 0.0 0.0
related 1 0.0 0.0
reliable 1 1.9661128563728327 1.9661128563728327
religion 1 2.207274913189721 2.207274913189721
religious 1 2.0402208285265546 2.0402208285265546
remove 1 1.6607312068216509 1.6607312068216509
removed 1 1.6094379124341003 1.6094379124341003
represent 1 2.8134107167600364 2.8134107167600364
representative 1 1.7147984280919266 1.7147984280919266
represented 1 1.7719568419318754 1.7719568419318754
representing 1 2.407945608651872 2.407945608651872
represents 1 2.5257286443082556 2.5257286443082556
request 1 2.0402208285265546 2.0402208285265546
research 1 1.6094379124341003 1.6094379124341003
respectively 1 2.207274913189721 2.207274913189721
retaliated 1 4.605170185988092 4.605170185988092
retaliation 1 3.506557897319982 3.506557897319982
retrieved 1 0.0 0.0
return 1 1.07880966137193 1.07880966137193
returned 1 1.4271163556401458 1.4271163556401458
revealed 1 2.302585092994046 2.302585092994046
rib 1 3.506557897319982 3.506557897319982
ribbed 1 4.605170185988092 4.605170185988092
right 1 0.9675840262617057 0.9675840262617057
rigveda 1 4.605170185988092 4.605170185988092
rigvedic 1 4.605170185988092 4.605170185988092
ring 1 1.8971199848858813 1.8971199848858813
ringing 1 4.605170185988092 4.605170185988092
rinpoche 1 4.605170185988092 4.605170185988092
ripe 1 4.605170185988092 4.605170185988092
rishi 1 4.605170185988092 4.605170185988092
rite 1 2.995732273553991 2.995732273553991
ritual 1 3.2188758248682006 3.2188758248682006
ritualistic 1 4.605170185988092 4.605170185988092
river 1 1.4271163556401458 1.4271163556401458
rmyaa 1 4.605170185988092 4.605170185988092
robert 1 0.8675005677047231 0.8675005677047231
role 1 1.3470736479666094 1.3470736479666094
romn 1 2.5257286443082556 2.5257286443082556
root 1 2.5257286443082556 2.5257286443082556
round 1 1.3862943611198906 1.3862943611198906
routledge 1 2.659260036932778 2.659260036932778
rysdyk 1 4.605170185988092 4.605170185988092
sacramentalizing 1 4.605170185988092 4.605170185988092
sacred 1 2.995732273553991 2.995732273553991
sacrifice 1 3.506557897319982 3.506557897319982
sadhana 1 4.605170185988092 4.605170185988092
safeguard 1 3.912023005428146 3.912023005428146
sage 1 3.506557897319982 3.506557897319982
sahaja 1 4.605170185988092 4.605170185988092
said 1 1.5606477482646683 1.5606477482646683
saintie 1 4.605170185988092 4.605170185988092
samaya 1 4.605170185988092 4.605170185988092
samsara 1 4.605170185988092 4.605170185988092
samudra 1 4.605170185988092 4.605170185988092
sankosho 1 4.605170185988092 4.605170185988092
sanskrit 1 4.605170185988092 4.605170185988092
sanskritlanguage 1 4.605170185988092 4.605170185988092
saptarishi 1 4.605170185988092 4.605170185988092
saraswati 1 4.605170185988092 4.605170185988092
satyaloka 1 4.605170185988092 4.605170185988092
satyindra 1 4.605170185988092 4.605170185988092
savuku 1 4.605170185988092 4.605170185988092
scene 1 2.0402208285265546 2.0402208285265546
scepter 1 4.605170185988092 4.605170185988092
sceptre 1 3.912023005428146 3.912023005428146
schleuderwaffe 1 4.605170185988092 4.605170185988092
scholar 1 1.7147984280919266 1.7147984280919266
school 1 0.7765287894989963 0.7765287894989963
schuster 1 4.605170185988092 4.605170185988092
science 1 1.171182981502945 1.171182981502945
scientist 1 3.506557897319982 3.506557897319982
screen 1 0.010050335853501506 0.010050335853501506
seal 1 2.8134107167600364 2.8134107167600364
search 1 0.0 0.0
section 1 1.8325814637483102 1.8325814637483102
see 1 0.40047756659712536 0.40047756659712536
seek 1 2.302585092994046 2.302585092994046
seen 1 1.8971199848858813 1.8971199848858813
segment 1 2.995732273553991 2.995732273553991
seize 1 3.506557897319982 3.506557897319982
separate 1 2.659260036932778 2.659260036932778
series 1 0.8675005677047231 0.8675005677047231
serpent 1 3.912023005428146 3.912023005428146
set 1 0.9942522733438669 0.9942522733438669
several 1 0.8209805520698303 0.8209805520698303
sex 1 2.5257286443082556 2.5257286443082556
sfn 1 2.5257286443082556 2.5257286443082556
shamanic 1 4.605170185988092 4.605170185988092
shambhala 1 4.605170185988092 4.605170185988092
share 1 0.0 0.0
shareeravadi 1 4.605170185988092 4.605170185988092
sharp 1 3.912023005428146 3.912023005428146
shastar 1 4.605170185988092 4.605170185988092
shiva 1 3.912023005428146 3.912023005428146
short 1 0.06187540371808745 0.06187540371808745
shortdescription 1 0.2613647641344075 0.2613647641344075
shortened 1 0.0 0.0
shown 1 2.302585092994046 2.302585092994046
shrine 1 3.2188758248682006 3.2188758248682006
shuckra 1 4.605170185988092 4.605170185988092
sibilant 1 4.605170185988092 4.605170185988092
side 1 1.4271163556401458 1.4271163556401458
sidebar 1 0.0 0.0
sidebarcollapse 1 2.302585092994046 2.302585092994046
sidebarnotnotheme 1 2.302585092994046 2.302585092994046
sideboxmarginpx 1 1.3862943611198906 1.3862943611198906
sideboxtextpaddingem 1 1.3862943611198906 1.3862943611198906
sify 1 3.912023005428146 3.912023005428146
sign 1 1.8971199848858813 1.8971199848858813
silambam 1 4.605170185988092 4.605170185988092
similar 1 1.9661128563728327 1.9661128563728327
simon 1 2.0402208285265546 2.0402208285265546
singh 1 2.8134107167600364 2.8134107167600364
single 1 1.4696759700589417 1.4696759700589417
sinner 1 3.912023005428146 3.912023005428146
sister 1 1.8325814637483102 1.8325814637483102
sistersitebox 1 1.3862943611198906 1.3862943611198906
sita 1 4.605170185988092 4.605170185988092
site 1 0.0 0.0
six 1 1.3470736479666094 1.3470736479666094
skanda 1 4.605170185988092 4.605170185988092
skilful 1 4.605170185988092 4.605170185988092
skill 1 2.8134107167600364 2.8134107167600364
skillful 1 4.605170185988092 4.605170185988092
slaje 1 4.605170185988092 4.605170185988092
slay 1 4.605170185988092 4.605170185988092
sling 1 3.912023005428146 3.912023005428146
solar 1 2.995732273553991 2.995732273553991
sold 1 2.0402208285265546 2.0402208285265546
solid 1 0.09431067947124142 0.09431067947124142
sometimes 1 2.302585092994046 2.302585092994046
song 1 1.3470736479666094 1.3470736479666094
sound 1 1.7719568419318754 1.7719568419318754
source 1 0.5798184952529422 0.5798184952529422
south 1 0.9162907318741551 0.9162907318741551
special 1 0.0 0.0
specially 1 4.605170185988092 4.605170185988092
sphere 1 4.605170185988092 4.605170185988092
spherical 1 4.605170185988092 4.605170185988092
spine 1 4.605170185988092 4.605170185988092
spirit 1 1.7147984280919266 1.7147984280919266
spiritual 1 2.120263536200091 2.120263536200091
sport 1 1.1394342831883648 1.1394342831883648
sqay 1 4.605170185988092 4.605170185988092
stage 1 1.9661128563728327 1.9661128563728327
stand 1 2.120263536200091 2.120263536200091
standard 1 1.6607312068216509 1.6607312068216509
state 1 0.3147107448397002 0.3147107448397002
statement 1 0.0 0.0
statistic 1 0.0 0.0
stone 1 1.8971199848858813 1.8971199848858813
store 1 2.5257286443082556 2.5257286443082556
story 1 1.5606477482646683 1.5606477482646683
striking 1 3.506557897319982 3.506557897319982
studia 1 4.605170185988092 4.605170185988092
study 1 1.2729656758128876 1.2729656758128876
subsection 1 0.3424903089467759 0.3424903089467759
suffocation 1 4.605170185988092 4.605170185988092
sumit 1 4.605170185988092 4.605170185988092
summoned 1 4.605170185988092 4.605170185988092
sun 1 1.6607312068216509 1.6607312068216509
sunyata 1 4.605170185988092 4.605170185988092
suomi 1 1.7719568419318754 1.7719568419318754
sutra 1 4.605170185988092 4.605170185988092
svarga 1 4.605170185988092 4.605170185988092
svenska 1 1.9661128563728327 1.9661128563728327
swallow 1 3.2188758248682006 3.2188758248682006
swallowing 1 4.605170185988092 4.605170185988092
swaraj 1 4.605170185988092 4.605170185988092
symbol 1 2.0402208285265546 2.0402208285265546
symbolic 1 3.912023005428146 3.912023005428146
symbolically 1 4.605170185988092 4.605170185988092
symbolism 1 3.2188758248682006 3.2188758248682006
symbolize 1 4.605170185988092 4.605170185988092
symbolizes 1 4.605170185988092 4.605170185988092
symbolizing 1 4.605170185988092 4.605170185988092
symmetrical 1 4.605170185988092 4.605170185988092
system 1 0.9162907318741551 0.9162907318741551
table 1 0.0 0.0
tablenotnotheme 1 2.302585092994046 2.302585092994046
tale 1 3.2188758248682006 3.2188758248682006
talk 1 0.0 0.0
talwar 1 4.605170185988092 4.605170185988092
tantra 1 4.605170185988092 4.605170185988092
tantric 1 4.605170185988092 4.605170185988092
tantrika 1 4.605170185988092 4.605170185988092
tantrism 1 4.605170185988092 4.605170185988092
task 1 2.5257286443082556 2.5257286443082556
tatara 1 3.912023005428146 3.912023005428146
tattvasagraha 1 4.605170185988092 4.605170185988092
tdhlist 1 0.1392620673335076 0.1392620673335076
teacher 1 1.9661128563728327 1.9661128563728327
teaching 1 2.302585092994046 2.302585092994046
technique 1 2.5257286443082556 2.5257286443082556
template 1 0.0 0.0
term 1 0.0 0.0
terminology 1 3.2188758248682006 3.2188758248682006
text 1 0.0 0.0
thailand 1 3.506557897319982 3.506557897319982
thames 1 3.506557897319982 3.506557897319982
thangka 1 4.605170185988092 4.605170185988092
theravada 1 4.605170185988092 4.605170185988092
thereby 1 2.995732273553991 2.995732273553991
therefore 1 2.207274913189721 2.207274913189721
thing 1 1.5606477482646683 1.5606477482646683
though 1 1.6607312068216509 1.6607312068216509
thought 1 1.8971199848858813 1.8971199848858813
three 1 0.5798184952529422 0.5798184952529422
threepronged 1 4.605170185988092 4.605170185988092
thunderbolt 1 3.912023005428146 3.912023005428146
thus 1 1.7147984280919266 1.7147984280919266
tibet 1 3.912023005428146 3.912023005428146
tibetan 1 3.912023005428146 3.912023005428146
tibetanlanguage 1 4.605170185988092 4.605170185988092
till 1 2.302585092994046 2.302585092994046
time 1 0.28768207245178085 0.28768207245178085
ting 1 2.407945608651872 2.407945608651872
tiring 1 4.605170185988092 4.605170185988092
together 1 1.5141277326297755 1.5141277326297755
toggle 1 0.010050335853501506 0.010050335853501506
tokkosho 1 4.605170185988092 4.605170185988092
told 1 2.302585092994046 2.302585092994046
tongue 1 3.2188758248682006 3.2188758248682006
took 1 1.171182981502945 1.171182981502945
tool 1 0.0 0.0
top 1 0.010050335853501506 0.010050335853501506
topic 1 0.0 0.0
total 1 0.0 0.0
trademark 1 0.0 0.0
tradition 1 2.207274913189721 2.207274913189721
traditionally 1 3.2188758248682006 3.2188758248682006
transcend 1 4.605170185988092 4.605170185988092
transcendental 1 3.912023005428146 3.912023005428146
transl 1 4.605170185988092 4.605170185988092
translated 1 3.506557897319982 3.506557897319982
transliteration 1 4.605170185988092 4.605170185988092
transmission 1 3.2188758248682006 3.2188758248682006
tribu 1 4.605170185988092 4.605170185988092
tribune 1 1.9661128563728327 1.9661128563728327
tribute 1 2.995732273553991 2.995732273553991
tridevi 1 4.605170185988092 4.605170185988092
trikaya 1 4.605170185988092 4.605170185988092
trimurti 1 4.605170185988092 4.605170185988092
triratna 1 4.605170185988092 4.605170185988092
trishula 1 4.605170185988092 4.605170185988092
trke 1 2.207274913189721 2.207274913189721
tukdam 1 4.605170185988092 4.605170185988092
tva 1 4.605170185988092 4.605170185988092
two 1 0.43078291609245434 0.43078291609245434
twofold 1 4.605170185988092 4.605170185988092
tzerima 1 4.605170185988092 4.605170185988092
ukkos 1 4.605170185988092 4.605170185988092
ukonvasara 1 4.605170185988092 4.605170185988092
ullambana 1 4.605170185988092 4.605170185988092
ulpaddingem 1 0.1392620673335076 0.1392620673335076
ultimately 1 2.5257286443082556 2.5257286443082556
unable 1 2.407945608651872 2.407945608651872
underlying 1 3.912023005428146 3.912023005428146
understanding 1 2.659260036932778 2.659260036932778
unenlightened 1 4.605170185988092 4.605170185988092
union 1 1.07880966137193 1.07880966137193
unity 1 2.659260036932778 2.659260036932778
universe 1 2.8134107167600364 2.8134107167600364
universitatis 1 4.605170185988092 4.605170185988092
universittsverlag 1 4.605170185988092 4.605170185988092
university 1 0.616186139423817 0.616186139423817
unsourced 1 1.3862943611198906 1.3862943611198906
upaya 1 4.605170185988092 4.605170185988092
upload 1 0.0 0.0
upon 1 1.2729656758128876 1.2729656758128876
uralic 1 4.605170185988092 4.605170185988092
urumi 1 4.605170185988092 4.605170185988092
us 1 1.6094379124341003 1.6094379124341003
use 1 0.0 0.0
used 1 0.8675005677047231 0.8675005677047231
using 1 0.0 0.0
usual 1 2.995732273553991 2.995732273553991
usually 1 2.995732273553991 2.995732273553991
utc 1 0.0 0.0
utilized 1 3.912023005428146 3.912023005428146
vaal 1 4.605170185988092 4.605170185988092
vaara 1 4.605170185988092 4.605170185988092
vaikuntha 1 4.605170185988092 4.605170185988092
vajiravudh 1 4.605170185988092 4.605170185988092
vajra 1 4.605170185988092 4.605170185988092
vajrabahu 1 4.605170185988092 4.605170185988092
vajrabeing 1 4.605170185988092 4.605170185988092
vajrabells 1 4.605170185988092 4.605170185988092
vajrabhrit 1 4.605170185988092 4.605170185988092
vajracharya 1 4.605170185988092 4.605170185988092
vajradaksina 1 4.605170185988092 4.605170185988092
vajradhara 1 4.605170185988092 4.605170185988092
vajrahasta 1 4.605170185988092 4.605170185988092
vajramushti 1 4.605170185988092 4.605170185988092
vajranews 1 4.605170185988092 4.605170185988092
vajrapani 1 4.605170185988092 4.605170185988092
vajrasattva 1 4.605170185988092 4.605170185988092
vajrasekhara 1 4.605170185988092 4.605170185988092
vajrayana 1 4.605170185988092 4.605170185988092
vajrayudha 1 4.605170185988092 4.605170185988092
vajrin 1 4.605170185988092 4.605170185988092
vajrivat 1 4.605170185988092 4.605170185988092
var 1 0.0 0.0
varied 1 3.912023005428146 3.912023005428146
variety 1 2.5257286443082556 2.5257286443082556
various 1 1.5141277326297755 1.5141277326297755
vashistha 1 4.605170185988092 4.605170185988092
vayu 1 4.605170185988092 4.605170185988092
vazra 1 4.605170185988092 4.605170185988092
veda 1 4.605170185988092 4.605170185988092
vedic 1 4.605170185988092 4.605170185988092
verification 1 2.120263536200091 2.120263536200091
version 1 0.0 0.0
vessantara 1 4.605170185988092 4.605170185988092
video 1 1.3862943611198906 1.3862943611198906
vidya 1 4.605170185988092 4.605170185988092
view 1 0.0 0.0
vir 1 3.506557897319982 3.506557897319982
vishnu 1 4.605170185988092 4.605170185988092
visualisation 1 4.605170185988092 4.605170185988092
vit 1 2.407945608651872 2.407945608651872
vivavajra 1 4.605170185988092 4.605170185988092
vjra 1 4.605170185988092 4.605170185988092
vlmki 1 4.605170185988092 4.605170185988092
void 1 3.506557897319982 3.506557897319982
volume 1 1.6094379124341003 1.6094379124341003
volunteer 1 3.912023005428146 3.912023005428146
vritra 1 4.605170185988092 4.605170185988092
vte 1 0.7550225842780328 0.7550225842780328
walia 1 4.605170185988092 4.605170185988092
walter 1 1.7147984280919266 1.7147984280919266
war 1 0.7985076962177716 0.7985076962177716
wartime 1 3.2188758248682006 3.2188758248682006
water 1 1.5606477482646683 1.5606477482646683
way 1 1.1086626245216111 1.1086626245216111
wayback 1 1.8971199848858813 1.8971199848858813
weapon 1 2.8134107167600364 2.8134107167600364
weaponry 1 3.912023005428146 3.912023005428146
web 1 1.4696759700589417 1.4696759700589417
webarchive 1 2.0402208285265546 2.0402208285265546
weg 1 4.605170185988092 4.605170185988092
went 1 1.5141277326297755 1.5141277326297755
west 1 1.171182981502945 1.171182981502945
western 1 1.2039728043259361 1.2039728043259361
whence 1 3.912023005428146 3.912023005428146
whereas 1 2.995732273553991 2.995732273553991
whereby 1 3.912023005428146 3.912023005428146
widespread 1 2.995732273553991 2.995732273553991
wielding 1 4.605170185988092 4.605170185988092
wikidata 1 0.010050335853501506 0.010050335853501506
wikimedia 1 0.0 0.0
wikipedia 1 0.0 0.0
willingly 1 4.605170185988092 4.605170185988092
wind 1 3.506557897319982 3.506557897319982
windhorse 1 4.605170185988092 4.605170185988092
wisdom 1 3.2188758248682006 3.2188758248682006
wise 1 2.5257286443082556 2.5257286443082556
wish 1 2.995732273553991 2.995732273553991
wished 1 3.912023005428146 3.912023005428146
withdrew 1 2.995732273553991 2.995732273553991
without 1 1.3093333199837622 1.3093333199837622
wood 1 1.7147984280919266 1.7147984280919266
word 1 1.6094379124341003 1.6094379124341003
work 1 0.7133498878774648 0.7133498878774648
world 1 0.5108256237659907 0.5108256237659907
would 1 0.7550225842780328 0.7550225842780328
wrathful 1 4.605170185988092 4.605170185988092
wrestling 1 3.912023005428146 3.912023005428146
xuande 1 4.605170185988092 4.605170185988092
yab 1 4.605170185988092 4.605170185988092
yadava 1 4.605170185988092 4.605170185988092
yantra 1 4.605170185988092 4.605170185988092
yellow 1 1.9661128563728327 1.9661128563728327
yoga 1 3.912023005428146 3.912023005428146
yogacara 1 4.605170185988092 4.605170185988092
yogatantra 1 4.605170185988092 4.605170185988092
yowangdu 1 4.605170185988092 4.605170185988092
yuddhaka 1 4.605170185988092 4.605170185988092
yum 1 4.605170185988092 4.605170185988092
yunnan 1 4.605170185988092 4.605170185988092
yuthok 1 4.605170185988092 4.605170185988092
zur 1 3.2188758248682006 3.2188758248682006
