aaa 1 3.2188758248682006 3.2188758248682006
aabborderleftpx 1 1.6607312068216509 1.6607312068216509
abandon 1 3.912023005428146 3.912023005428146
ability 1 2.302585092994046 2.302585092994046
account 1 0.0 0.0
acko 1 4.605170185988092 4.605170185988092
acrobatics 1 4.605170185988092 4.605170185988092
action 1 0.0 0.0
activate 1 4.605170185988092 4.605170185988092
active 1 2.0402208285265546 2.0402208285265546
actor 1 2.207274913189721 2.207274913189721
add 1 0.0 0.0
additional 1 0.0 0.0
adventure 1 2.407945608651872 2.407945608651872
afureru 1 4.605170185988092 4.605170185988092
agree 1 0.0 0.0
aiko 1 4.605170185988092 4.605170185988092
aim 1 2.8134107167600364 2.8134107167600364
aisachi 1 4.605170185988092 4.605170185988092
aka 1 2.8134107167600364 2.8134107167600364
akashi 1 4.605170185988092 4.605170185988092
akemi 1 4.605170185988092 4.605170185988092
akifumi 1 4.605170185988092 4.605170185988092
akihito 1 4.605170185988092 4.605170185988092
akiisus 1 4.605170185988092 4.605170185988092
akiko 1 4.605170185988092 4.605170185988092
akimoto 1 4.605170185988092 4.605170185988092
akina 1 4.605170185988092 4.605170185988092
akira 1 4.605170185988092 4.605170185988092
akuma 1 4.605170185988092 4.605170185988092
alabasta 1 4.605170185988092 4.605170185988092
alabaster 1 4.605170185988092 4.605170185988092
album 1 2.407945608651872 2.407945608651872
alex 1 2.120263536200091 2.120263536200091
alike 1 0.0 0.0
alive 1 2.407945608651872 2.407945608651872
alles 1 4.605170185988092 4.605170185988092
along 1 1.4696759700589417 1.4696759700589417
already 1 2.0402208285265546 2.0402208285265546
also 1 0.127833371509885 0.127833371509885
alternative 1 2.207274913189721 2.207274913189721
alto 1 3.506557897319982 3.506557897319982
always 1 2.207274913189721 2.207274913189721
ambition 1 3.912023005428146 3.912023005428146
ambox 1 1.6607312068216509 1.6607312068216509
amboxborderpx 1 1.6607312068216509 1.6607312068216509
amboxmargin 1 1.6607312068216509 1.6607312068216509
ame 1 4.605170185988092 4.605170185988092
amp 1 0.4620354595965586 0.4620354595965586
amuro 1 4.605170185988092 4.605170185988092
anaguma 1 4.605170185988092 4.605170185988092
ancient 1 2.302585092994046 2.302585092994046
ando 1 4.605170185988092 4.605170185988092
andy 1 2.5257286443082556 2.5257286443082556
anger 1 2.8134107167600364 2.8134107167600364
angry 1 3.912023005428146 3.912023005428146
anguish 1 3.912023005428146 3.912023005428146
animal 1 2.407945608651872 2.407945608651872
animation 1 3.2188758248682006 3.2188758248682006
anime 1 3.912023005428146 3.912023005428146
animekobejp 1 4.605170185988092 4.605170185988092
anniversary 1 2.659260036932778 2.659260036932778
announced 1 1.2039728043259361 1.2039728043259361
ano 1 3.912023005428146 3.912023005428146
another 1 0.9675840262617057 0.9675840262617057
answer 1 2.659260036932778 2.659260036932778
ant 1 3.2188758248682006 3.2188758248682006
antcd 1 4.605170185988092 4.605170185988092
aoki 1 4.605170185988092 4.605170185988092
appear 1 2.407945608651872 2.407945608651872
appearance 1 0.0 0.0
appears 1 2.120263536200091 2.120263536200091
apply 1 0.0 0.0
appo 1 4.605170185988092 4.605170185988092
approaching 1 4.605170185988092 4.605170185988092
apr 1 3.2188758248682006 3.2188758248682006
april 1 0.44628710262841953 0.44628710262841953
arc 1 2.995732273553991 2.995732273553991
archived 1 0.47803580094299974 0.47803580094299974
argumentu 1 4.605170185988092 4.605170185988092
arigatou 1 4.605170185988092 4.605170185988092
ariola 1 4.605170185988092 4.605170185988092
army 1 1.6094379124341003 1.6094379124341003
around 1 1.0216512475319812 1.0216512475319812
arrange 1 3.2188758248682006 3.2188758248682006
arranged 1 3.2188758248682006 3.2188758248682006
arrangement 1 2.8134107167600364 2.8134107167600364
arrives 1 3.506557897319982 3.506557897319982
arrow 1 2.659260036932778 2.659260036932778
article 1 0.0 0.0
artist 1 1.7147984280919266 1.7147984280919266
asahi 1 4.605170185988092 4.605170185988092
asakawa 1 4.605170185988092 4.605170185988092
asano 1 4.605170185988092 4.605170185988092
ashita 1 4.605170185988092 4.605170185988092
asia 1 2.407945608651872 2.407945608651872
aside 1 3.912023005428146 3.912023005428146
assault 1 2.5257286443082556 2.5257286443082556
assistant 1 1.7147984280919266 1.7147984280919266
assu 1 4.605170185988092 4.605170185988092
astudio 1 4.605170185988092 4.605170185988092
asu 1 4.605170185988092 4.605170185988092
ato 1 4.605170185988092 4.605170185988092
atone 1 4.605170185988092 4.605170185988092
attack 1 1.7147984280919266 1.7147984280919266
attribution 1 0.0 0.0
audio 1 2.207274913189721 2.207274913189721
aug 1 2.5257286443082556 2.5257286443082556
august 1 0.3424903089467759 0.3424903089467759
auto 1 0.1392620673335076 0.1392620673335076
available 1 0.0 0.0
avalanche 1 3.2188758248682006 3.2188758248682006
avbab 1 4.605170185988092 4.605170185988092
avca 1 4.605170185988092 4.605170185988092
avcab 1 4.605170185988092 4.605170185988092
avcd 1 4.605170185988092 4.605170185988092
avcdb 1 4.605170185988092 4.605170185988092
avex 1 4.605170185988092 4.605170185988092
avexstudio 1 4.605170185988092 4.605170185988092
awakens 1 3.506557897319982 3.506557897319982
award 1 1.171182981502945 1.171182981502945
awasete 1 4.605170185988092 4.605170185988092
axe 1 3.506557897319982 3.506557897319982
baby 1 2.407945608651872 2.407945608651872
babystars 1 4.605170185988092 4.605170185988092
back 1 1.0216512475319812 1.0216512475319812
background 1 1.7147984280919266 1.7147984280919266
bad 1 2.0402208285265546 2.0402208285265546
bahasa 1 1.8325814637483102 1.8325814637483102
bak 1 4.605170185988092 4.605170185988092
ball 1 1.8971199848858813 1.8971199848858813
banba 1 4.605170185988092 4.605170185988092
bandai 1 4.605170185988092 4.605170185988092
bar 1 2.5257286443082556 2.5257286443082556
baratie 1 4.605170185988092 4.605170185988092
barefoot 1 3.506557897319982 3.506557897319982
baritone 1 4.605170185988092 4.605170185988092
baron 1 2.407945608651872 2.407945608651872
baroque 1 3.912023005428146 3.912023005428146
barsekow 1 4.605170185988092 4.605170185988092
based 1 1.07880966137193 1.07880966137193
basho 1 4.605170185988092 4.605170185988092
bass 1 2.659260036932778 2.659260036932778
battle 1 1.3862943611198906 1.3862943611198906
bazooka 1 4.605170185988092 4.605170185988092
bean 1 3.2188758248682006 3.2188758248682006
bear 1 2.302585092994046 2.302585092994046
beast 1 2.995732273553991 2.995732273553991
beat 1 2.120263536200091 2.120263536200091
become 1 1.2378743560016172 1.2378743560016172
becoming 1 1.8971199848858813 1.8971199848858813
begin 1 1.7147984280919266 1.7147984280919266
beginning 1 1.6607312068216509 1.6607312068216509
behold 1 3.912023005428146 3.912023005428146
bei 1 3.912023005428146 3.912023005428146
belief 1 2.5257286443082556 2.5257286443082556
believe 1 2.302585092994046 2.302585092994046
bell 1 2.0402208285265546 2.0402208285265546
best 1 1.0216512475319812 1.0216512475319812
bet 1 3.2188758248682006 3.2188758248682006
bgm 1 4.605170185988092 4.605170185988092
bgmver 1 4.605170185988092 4.605170185988092
big 1 1.3862943611198906 1.3862943611198906
billy 1 2.5257286443082556 2.5257286443082556
binding 1 3.2188758248682006 3.2188758248682006
binks 1 4.605170185988092 4.605170185988092
binkss 1 4.605170185988092 4.605170185988092
bizarre 1 4.605170185988092 4.605170185988092
bken 1 4.605170185988092 4.605170185988092
blackbeard 1 4.605170185988092 4.605170185988092
blade 1 2.8134107167600364 2.8134107167600364
blanco 1 3.2188758248682006 3.2188758248682006
bliking 1 4.605170185988092 4.605170185988092
blitz 1 3.912023005428146 3.912023005428146
blood 1 2.302585092994046 2.302585092994046
bloom 1 3.506557897319982 3.506557897319982
blossom 1 4.605170185988092 4.605170185988092
blue 1 1.4696759700589417 1.4696759700589417
bmg 1 4.605170185988092 4.605170185988092
bodymediawiki 1 1.6607312068216509 1.6607312068216509
boggle 1 4.605170185988092 4.605170185988092
boiler 1 3.506557897319982 3.506557897319982
bombast 1 4.605170185988092 4.605170185988092
bomber 1 3.912023005428146 3.912023005428146
bon 1 4.605170185988092 4.605170185988092
bonbon 1 4.605170185988092 4.605170185988092
bonus 1 2.8134107167600364 2.8134107167600364
book 1 0.6348782724359695 0.6348782724359695
boomerang 1 3.912023005428146 3.912023005428146
booze 1 4.605170185988092 4.605170185988092
boroodos 1 4.605170185988092 4.605170185988092
borst 1 4.605170185988092 4.605170185988092
bouken 1 4.605170185988092 4.605170185988092
boukenou 1 4.605170185988092 4.605170185988092
boulder 1 3.2188758248682006 3.2188758248682006
bounty 1 3.912023005428146 3.912023005428146
box 1 2.5257286443082556 2.5257286443082556
boy 1 1.8325814637483102 1.8325814637483102
boystyle 1 4.605170185988092 4.605170185988092
brand 1 2.302585092994046 2.302585092994046
brass 1 4.605170185988092 4.605170185988092
breeze 1 3.912023005428146 3.912023005428146
brewing 1 3.912023005428146 3.912023005428146
brina 1 4.605170185988092 4.605170185988092
broadcast 1 2.8134107167600364 2.8134107167600364
broken 1 2.207274913189721 2.207274913189721
brook 1 2.659260036932778 2.659260036932778
brother 1 1.6607312068216509 1.6607312068216509
bside 1 4.605170185988092 4.605170185988092
buggy 1 4.605170185988092 4.605170185988092
built 1 1.6607312068216509 1.6607312068216509
bump 1 3.2188758248682006 3.2188758248682006
bungo 1 4.605170185988092 4.605170185988092
bunkamura 1 4.605170185988092 4.605170185988092
burning 1 3.506557897319982 3.506557897319982
butai 1 4.605170185988092 4.605170185988092
butler 1 2.302585092994046 2.302585092994046
caitlin 1 4.605170185988092 4.605170185988092
cake 1 3.506557897319982 3.506557897319982
callbackcall 1 3.2188758248682006 3.2188758248682006
callbackget 1 3.506557897319982 3.506557897319982
callbackplain 1 4.605170185988092 4.605170185988092
callbackplaindata 1 4.605170185988092 4.605170185988092
callbacksub 1 3.912023005428146 3.912023005428146
callbacksubcheck 1 4.605170185988092 4.605170185988092
cannon 1 2.8134107167600364 2.8134107167600364
cant 1 2.8134107167600364 2.8134107167600364
canyon 1 2.8134107167600364 2.8134107167600364
captain 1 2.120263536200091 2.120263536200091
caravel 1 4.605170185988092 4.605170185988092
careful 1 3.912023005428146 3.912023005428146
carillon 1 4.605170185988092 4.605170185988092
carl 1 2.407945608651872 2.407945608651872
carli 1 4.605170185988092 4.605170185988092
carnival 1 3.506557897319982 3.506557897319982
carue 1 4.605170185988092 4.605170185988092
cast 1 1.8971199848858813 1.8971199848858813
castle 1 2.995732273553991 2.995732273553991
catch 1 3.2188758248682006 3.2188758248682006
catchy 1 3.912023005428146 3.912023005428146
category 1 0.0 0.0
categoryhandler 1 3.912023005428146 3.912023005428146
cause 1 2.0402208285265546 2.0402208285265546
caused 1 2.407945608651872 2.407945608651872
cave 1 2.8134107167600364 2.8134107167600364
caxias 1 4.605170185988092 4.605170185988092
cd 1 3.506557897319982 3.506557897319982
cello 1 3.912023005428146 3.912023005428146
cellphone 1 4.605170185988092 4.605170185988092
centerpx 1 0.0408219945202552 0.0408219945202552
challenger 1 3.2188758248682006 3.2188758248682006
change 1 0.0 0.0
chapter 1 1.9661128563728327 1.9661128563728327
character 1 1.7147984280919266 1.7147984280919266
chart 1 2.659260036932778 2.659260036932778
chase 1 2.995732273553991 2.995732273553991
check 1 2.302585092994046 2.302585092994046
cherry 1 3.2188758248682006 3.2188758248682006
chest 1 3.506557897319982 3.506557897319982
chichi 1 4.605170185988092 4.605170185988092
chicken 1 3.912023005428146 3.912023005428146
chihiro 1 4.605170185988092 4.605170185988092
chikao 1 4.605170185988092 4.605170185988092
chikara 1 4.605170185988092 4.605170185988092
chilli 1 4.605170185988092 4.605170185988092
chinjuujima 1 4.605170185988092 4.605170185988092
chiroru 1 4.605170185988092 4.605170185988092
chisato 1 4.605170185988092 4.605170185988092
chizu 1 4.605170185988092 4.605170185988092
cho 1 3.2188758248682006 3.2188758248682006
chocomaka 1 4.605170185988092 4.605170185988092
chokkaku 1 4.605170185988092 4.605170185988092
chokuhitu 1 4.605170185988092 4.605170185988092
choose 1 3.2188758248682006 3.2188758248682006
chopp 1 4.605170185988092 4.605170185988092
chopper 1 4.605170185988092 4.605170185988092
chopperman 1 4.605170185988092 4.605170185988092
choppermans 1 4.605170185988092 4.605170185988092
choppman 1 4.605170185988092 4.605170185988092
chorus 1 3.912023005428146 3.912023005428146
chris 1 1.6607312068216509 1.6607312068216509
christmas 1 2.302585092994046 2.302585092994046
chronological 1 3.2188758248682006 3.2188758248682006
cinderella 1 4.605170185988092 4.605170185988092
circular 1 3.506557897319982 3.506557897319982
citation 1 0.0408219945202552 0.0408219945202552
cite 1 0.0 0.0
citeweb 1 0.5447271754416719 0.5447271754416719
city 1 0.6348782724359695 0.6348782724359695
clarinet 1 4.605170185988092 4.605170185988092
clark 1 1.6607312068216509 1.6607312068216509
clay 1 2.8134107167600364 2.8134107167600364
climb 1 3.506557897319982 3.506557897319982
clock 1 2.8134107167600364 2.8134107167600364
clockwork 1 4.605170185988092 4.605170185988092
clone 1 2.8134107167600364 2.8134107167600364
close 1 1.9661128563728327 1.9661128563728327
cmw 1 2.995732273553991 2.995732273553991
cmwluau 1 3.912023005428146 3.912023005428146
cmwmessageluau 1 4.605170185988092 4.605170185988092
coca 1 3.2188758248682006 3.2188758248682006
cocx 1 4.605170185988092 4.605170185988092
code 1 0.0 0.0
cold 1 2.207274913189721 2.207274913189721
collaborate 1 4.605170185988092 4.605170185988092
collaboration 1 2.8134107167600364 2.8134107167600364
collapse 1 3.2188758248682006 3.2188758248682006
collected 1 2.5257286443082556 2.5257286443082556
collection 1 1.8971199848858813 1.8971199848858813
columbia 1 2.207274913189721 2.207274913189721
come 1 1.3470736479666094 1.3470736479666094
comic 1 2.407945608651872 2.407945608651872
coming 1 1.7719568419318754 1.7719568419318754
commencing 1 3.912023005428146 3.912023005428146
common 1 0.0 0.0
companion 1 2.407945608651872 2.407945608651872
compass 1 4.605170185988092 4.605170185988092
compilation 1 2.8134107167600364 2.8134107167600364
complete 1 1.8325814637483102 1.8325814637483102
comply 1 2.995732273553991 2.995732273553991
compose 1 4.605170185988092 4.605170185988092
composed 1 1.8971199848858813 1.8971199848858813
composedarranged 1 4.605170185988092 4.605170185988092
composer 1 2.8134107167600364 2.8134107167600364
composition 1 2.407945608651872 2.407945608651872
comrade 1 4.605170185988092 4.605170185988092
concert 1 2.995732273553991 2.995732273553991
conduct 1 0.0 0.0
conductor 1 3.506557897319982 3.506557897319982
cone 1 2.995732273553991 2.995732273553991
confession 1 3.2188758248682006 3.2188758248682006
consists 1 2.407945608651872 2.407945608651872
contact 1 0.0 0.0
contain 1 2.995732273553991 2.995732273553991
containing 1 1.4271163556401458 1.4271163556401458
contains 1 2.8134107167600364 2.8134107167600364
content 1 0.0 0.0
context 1 0.010050335853501506 0.010050335853501506
continues 1 2.302585092994046 2.302585092994046
contribute 1 0.0 0.0
contribution 1 0.0 0.0
cookie 1 0.0 0.0
cookiematch 1 0.0 0.0
coordinate 1 4.605170185988092 4.605170185988092
coordinator 1 3.506557897319982 3.506557897319982
cornered 1 3.912023005428146 3.912023005428146
countdown 1 3.506557897319982 3.506557897319982
counterattack 1 4.605170185988092 4.605170185988092
counterlistitema 1 0.127833371509885 0.127833371509885
country 1 0.843970070294529 0.843970070294529
courage 1 2.8134107167600364 2.8134107167600364
courting 1 4.605170185988092 4.605170185988092
cover 1 1.6094379124341003 1.6094379124341003
coy 1 4.605170185988092 4.605170185988092
crash 1 2.5257286443082556 2.5257286443082556
crazy 1 3.2188758248682006 3.2188758248682006
create 1 0.0 0.0
created 1 1.5606477482646683 1.5606477482646683
creative 1 0.0 0.0
creature 1 2.659260036932778 2.659260036932778
crew 1 2.207274913189721 2.207274913189721
critical 1 2.207274913189721 2.207274913189721
crocodile 1 4.605170185988092 4.605170185988092
cross 1 1.8325814637483102 1.8325814637483102
crown 1 1.9661128563728327 1.9661128563728327
crowned 1 3.2188758248682006 3.2188758248682006
crowning 1 3.912023005428146 3.912023005428146
cruise 1 3.2188758248682006 3.2188758248682006
crushing 1 4.605170185988092 4.605170185988092
cry 1 2.302585092994046 2.302585092994046
csmaintcolorf 1 0.06187540371808745 0.06187540371808745
csmaintcolorfmedia 1 0.0408219945202552 0.0408219945202552
cswsicon 1 0.0408219945202552 0.0408219945202552
cube 1 3.506557897319982 3.506557897319982
current 1 0.0 0.0
currently 1 2.207274913189721 2.207274913189721
curse 1 3.2188758248682006 3.2188758248682006
cursed 1 3.912023005428146 3.912023005428146
cutting 1 3.912023005428146 3.912023005428146
cyclone 1 3.912023005428146 3.912023005428146
daft 1 4.605170185988092 4.605170185988092
dai 1 4.605170185988092 4.605170185988092
daily 1 1.4271163556401458 1.4271163556401458
dame 1 2.995732273553991 2.995732273553991
dance 1 2.407945608651872 2.407945608651872
danger 1 2.407945608651872 2.407945608651872
dangerous 1 3.506557897319982 3.506557897319982
danshaku 1 4.605170185988092 4.605170185988092
darkness 1 3.912023005428146 3.912023005428146
dasein 1 4.605170185988092 4.605170185988092
data 1 1.3862943611198906 1.3862943611198906
date 1 0.3147107448397002 0.3147107448397002
dawn 1 2.659260036932778 2.659260036932778
day 1 0.5276327420823719 0.5276327420823719
dazzling 1 3.912023005428146 3.912023005428146
de 1 2.407945608651872 2.407945608651872
dead 1 1.5606477482646683 1.5606477482646683
deadlink 1 3.506557897319982 3.506557897319982
dear 1 3.2188758248682006 3.2188758248682006
dec 1 2.995732273553991 2.995732273553991
december 1 0.37106368139083196 0.37106368139083196
defeat 1 1.9661128563728327 1.9661128563728327
defense 1 1.7719568419318754 1.7719568419318754
defies 1 4.605170185988092 4.605170185988092
dei 1 3.912023005428146 3.912023005428146
deine 1 3.912023005428146 3.912023005428146
dekkai 1 4.605170185988092 4.605170185988092
delicatessen 1 4.605170185988092 4.605170185988092
demon 1 3.2188758248682006 3.2188758248682006
departure 1 2.995732273553991 2.995732273553991
deploy 1 4.605170185988092 4.605170185988092
der 1 2.302585092994046 2.302585092994046
derikatessen 1 4.605170185988092 4.605170185988092
describe 1 2.995732273553991 2.995732273553991
description 1 0.07257069283483537 0.07257069283483537
desert 1 2.8134107167600364 2.8134107167600364
desire 1 3.2188758248682006 3.2188758248682006
despair 1 3.912023005428146 3.912023005428146
desperate 1 4.605170185988092 4.605170185988092
dessert 1 4.605170185988092 4.605170185988092
destroyed 1 2.302585092994046 2.302585092994046
destruction 1 2.659260036932778 2.659260036932778
determination 1 3.912023005428146 3.912023005428146
deul 1 4.605170185988092 4.605170185988092
developer 1 0.0 0.0
devil 1 2.207274913189721 2.207274913189721
dialogue 1 2.8134107167600364 2.8134107167600364
diamond 1 2.8134107167600364 2.8134107167600364
didi 1 4.605170185988092 4.605170185988092
die 1 2.407945608651872 2.407945608651872
different 1 0.3424903089467759 0.3424903089467759
difficult 1 2.995732273553991 2.995732273553991
dining 1 4.605170185988092 4.605170185988092
dinner 1 3.912023005428146 3.912023005428146
dir 1 3.912023005428146 3.912023005428146
dire 1 4.605170185988092 4.605170185988092
disaster 1 2.659260036932778 2.659260036932778
disc 1 2.407945608651872 2.407945608651872
disclaimer 1 0.0 0.0
discography 1 2.995732273553991 2.995732273553991
doctor 1 1.6607312068216509 1.6607312068216509
dojo 1 4.605170185988092 4.605170185988092
donate 1 0.0 0.0
dont 1 1.9661128563728327 1.9661128563728327
doubt 1 2.995732273553991 2.995732273553991
doubutsu 1 4.605170185988092 4.605170185988092
downhen 1 4.605170185988092 4.605170185988092
download 1 0.0 0.0
drago 1 3.912023005428146 3.912023005428146
dragon 1 3.2188758248682006 3.2188758248682006
dragos 1 4.605170185988092 4.605170185988092
draw 1 2.302585092994046 2.302585092994046
drawn 1 3.2188758248682006 3.2188758248682006
dream 1 2.0402208285265546 2.0402208285265546
dreamer 1 3.912023005428146 3.912023005428146
dreamin 1 4.605170185988092 4.605170185988092
dreaming 1 3.912023005428146 3.912023005428146
dreamship 1 4.605170185988092 4.605170185988092
drop 1 2.8134107167600364 2.8134107167600364
drum 1 2.995732273553991 2.995732273553991
dtaftercontent 1 0.127833371509885 0.127833371509885
dubbed 1 3.2188758248682006 3.2188758248682006
duel 1 4.605170185988092 4.605170185988092
dvd 1 2.407945608651872 2.407945608651872
east 1 1.0498221244986776 1.0498221244986776
eating 1 3.912023005428146 3.912023005428146
ebata 1 4.605170185988092 4.605170185988092
edge 1 2.120263536200091 2.120263536200091
edm 1 4.605170185988092 4.605170185988092
efor 1 3.506557897319982 3.506557897319982
eiichiro 1 4.605170185988092 4.605170185988092
eijiro 1 4.605170185988092 4.605170185988092
eiyuu 1 4.605170185988092 4.605170185988092
eizou 1 4.605170185988092 4.605170185988092
elder 1 2.8134107167600364 2.8134107167600364
embrace 1 3.506557897319982 3.506557897319982
emedia 1 2.995732273553991 2.995732273553991
emi 1 3.912023005428146 3.912023005428146
emotion 1 3.2188758248682006 3.2188758248682006
emperor 1 3.2188758248682006 3.2188758248682006
encounter 1 3.506557897319982 3.506557897319982
encyclopedia 1 0.0 0.0
end 1 0.7985076962177716 0.7985076962177716
enden 1 4.605170185988092 4.605170185988092
ending 1 2.407945608651872 2.407945608651872
enemy 1 2.8134107167600364 2.8134107167600364
engine 1 2.0402208285265546 2.0402208285265546
engineer 1 2.302585092994046 2.302585092994046
english 1 0.0 0.0
englishlanguage 1 3.2188758248682006 3.2188758248682006
enough 1 2.207274913189721 2.207274913189721
entertainment 1 1.8325814637483102 1.8325814637483102
entity 1 2.5257286443082556 2.5257286443082556
episode 1 1.6094379124341003 1.6094379124341003
eps 1 3.506557897319982 3.506557897319982
erecursive 1 4.605170185988092 4.605170185988092
eri 1 4.605170185988092 4.605170185988092
eru 1 4.605170185988092 4.605170185988092
escape 1 2.5257286443082556 2.5257286443082556
espaol 1 1.1394342831883648 1.1394342831883648
espisode 1 4.605170185988092 4.605170185988092
etc 1 2.659260036932778 2.659260036932778
eternal 1 2.995732273553991 2.995732273553991
etnaru 1 4.605170185988092 4.605170185988092
eurobeat 1 4.605170185988092 4.605170185988092
evacuation 1 3.912023005428146 3.912023005428146
even 1 1.1394342831883648 1.1394342831883648
event 1 0.0 0.0
every 1 1.4271163556401458 1.4271163556401458
everyone 1 2.8134107167600364 2.8134107167600364
everyones 1 4.605170185988092 4.605170185988092
evolution 1 2.5257286443082556 2.5257286443082556
except 1 2.659260036932778 2.659260036932778
exile 1 2.8134107167600364 2.8134107167600364
exists 1 3.506557897319982 3.506557897319982
exp 1 0.0 0.0
expanded 1 2.659260036932778 2.659260036932778
exploration 1 3.2188758248682006 3.2188758248682006
explosion 1 3.506557897319982 3.506557897319982
extended 1 2.207274913189721 2.207274913189721
extension 1 2.207274913189721 2.207274913189721
external 1 0.44628710262841953 0.44628710262841953
eyca 1 4.605170185988092 4.605170185988092
eycab 1 4.605170185988092 4.605170185988092
eye 1 1.6607312068216509 1.6607312068216509
eyecatch 1 4.605170185988092 4.605170185988092
fact 1 1.5141277326297755 1.5141277326297755
factory 1 2.5257286443082556 2.5257286443082556
fagotto 1 4.605170185988092 4.605170185988092
faith 1 1.9661128563728327 1.9661128563728327
faiththousand 1 4.605170185988092 4.605170185988092
falcon 1 3.912023005428146 3.912023005428146
fall 1 1.07880966137193 1.07880966137193
fame 1 2.207274913189721 2.207274913189721
familiar 1 2.995732273553991 2.995732273553991
family 1 0.9162907318741551 0.9162907318741551
famir 1 4.605170185988092 4.605170185988092
far 1 1.6607312068216509 1.6607312068216509
farewell 1 2.8134107167600364 2.8134107167600364
fate 1 2.407945608651872 2.407945608651872
fear 1 2.659260036932778 2.659260036932778
feast 1 3.2188758248682006 3.2188758248682006
feature 1 1.4696759700589417 1.4696759700589417
feb 1 2.659260036932778 2.659260036932778
february 1 0.27443684570176036 0.27443684570176036
feeling 1 2.5257286443082556 2.5257286443082556
festival 1 2.207274913189721 2.207274913189721
fever 1 3.506557897319982 3.506557897319982
fierce 1 3.912023005428146 3.912023005428146
fight 1 1.8325814637483102 1.8325814637483102
fighting 1 2.207274913189721 2.207274913189721
file 1 0.0 0.0
film 1 1.4696759700589417 1.4696759700589417
final 1 0.9942522733438669 0.9942522733438669
finally 1 1.8971199848858813 1.8971199848858813
fine 1 2.5257286443082556 2.5257286443082556
fire 1 1.7147984280919266 1.7147984280919266
first 1 0.1508228897345837 0.1508228897345837
fish 1 2.995732273553991 2.995732273553991
fix 1 2.5257286443082556 2.5257286443082556
flemming 1 3.912023005428146 3.912023005428146
float 1 3.912023005428146 3.912023005428146
floating 1 3.506557897319982 3.506557897319982
floor 1 2.207274913189721 2.207274913189721
flow 1 2.659260036932778 2.659260036932778
flower 1 2.5257286443082556 2.5257286443082556
flute 1 4.605170185988092 4.605170185988092
fly 1 2.659260036932778 2.659260036932778
flying 1 3.2188758248682006 3.2188758248682006
folder 1 4.605170185988092 4.605170185988092
follow 1 2.5257286443082556 2.5257286443082556
food 1 1.9661128563728327 1.9661128563728327
force 1 1.2378743560016172 1.2378743560016172
forever 1 3.506557897319982 3.506557897319982
form 1 1.3470736479666094 1.3470736479666094
fosha 1 4.605170185988092 4.605170185988092
found 1 1.2039728043259361 1.2039728043259361
foundation 1 0.0 0.0
franais 1 0.8675005677047231 0.8675005677047231
franchise 1 2.207274913189721 2.207274913189721
frank 1 1.7147984280919266 1.7147984280919266
franky 1 4.605170185988092 4.605170185988092
frankys 1 4.605170185988092 4.605170185988092
fred 1 2.5257286443082556 2.5257286443082556
free 1 0.0 0.0
friend 1 1.3470736479666094 1.3470736479666094
front 1 1.7147984280919266 1.7147984280919266
fruit 1 2.8134107167600364 2.8134107167600364
fue 1 4.605170185988092 4.605170185988092
fujibayash 1 4.605170185988092 4.605170185988092
fujibayashi 1 4.605170185988092 4.605170185988092
fujii 1 4.605170185988092 4.605170185988092
fujita 1 3.912023005428146 3.912023005428146
fukutsu 1 4.605170185988092 4.605170185988092
full 1 1.1086626245216111 1.1086626245216111
fumio 1 4.605170185988092 4.605170185988092
fun 1 2.8134107167600364 2.8134107167600364
function 1 2.207274913189721 2.207274913189721
funimation 1 4.605170185988092 4.605170185988092
funimations 1 4.605170185988092 4.605170185988092
furai 1 4.605170185988092 4.605170185988092
furank 1 4.605170185988092 4.605170185988092
furenzu 1 4.605170185988092 4.605170185988092
furu 1 4.605170185988092 4.605170185988092
fury 1 2.995732273553991 2.995732273553991
futari 1 4.605170185988092 4.605170185988092
futatabi 1 4.605170185988092 4.605170185988092
future 1 1.6607312068216509 1.6607312068216509
galego 1 2.995732273553991 2.995732273553991
game 1 1.2378743560016172 1.2378743560016172
ganzo 1 4.605170185988092 4.605170185988092
gasparde 1 4.605170185988092 4.605170185988092
gaspardes 1 4.605170185988092 4.605170185988092
gasshoudan 1 4.605170185988092 4.605170185988092
gasu 1 4.605170185988092 4.605170185988092
gathering 1 2.8134107167600364 2.8134107167600364
gekitou 1 4.605170185988092 4.605170185988092
general 1 0.0 0.0
generation 1 1.9661128563728327 1.9661128563728327
generator 1 2.5257286443082556 2.5257286443082556
german 1 1.7147984280919266 1.7147984280919266
get 1 0.0 0.0
ghost 1 2.302585092994046 2.302585092994046
giant 1 2.302585092994046 2.302585092994046
gigant 1 4.605170185988092 4.605170185988092
girl 1 1.7719568419318754 1.7719568419318754
glass 1 2.8134107167600364 2.8134107167600364
glory 1 2.995732273553991 2.995732273553991
goe 1 4.605170185988092 4.605170185988092
going 1 1.8325814637483102 1.8325814637483102
gold 1 1.6094379124341003 1.6094379124341003
golden 1 1.9661128563728327 1.9661128563728327
goldfish 1 4.605170185988092 4.605170185988092
gomu 1 4.605170185988092 4.605170185988092
gon 1 3.912023005428146 3.912023005428146
good 1 1.3093333199837622 1.3093333199837622
goodbye 1 3.2188758248682006 3.2188758248682006
goro 1 4.605170185988092 4.605170185988092
got 1 2.302585092994046 2.302585092994046
grand 1 1.7719568419318754 1.7719568419318754
grandline 1 4.605170185988092 4.605170185988092
great 1 0.9675840262617057 0.9675840262617057
green 1 1.171182981502945 1.171182981502945
greeted 1 3.506557897319982 3.506557897319982
griddle 1 4.605170185988092 4.605170185988092
groove 1 3.506557897319982 3.506557897319982
group 1 0.8209805520698303 0.8209805520698303
guarantee 1 4.605170185988092 4.605170185988092
guard 1 2.0402208285265546 2.0402208285265546
gucci 1 4.605170185988092 4.605170185988092
guest 1 2.302585092994046 2.302585092994046
guide 1 1.8971199848858813 1.8971199848858813
guitar 1 2.8134107167600364 2.8134107167600364
gum 1 4.605170185988092 4.605170185988092
gurr 1 4.605170185988092 4.605170185988092
guy 1 2.407945608651872 2.407945608651872
gyakuten 1 4.605170185988092 4.605170185988092
gyarant 1 4.605170185988092 4.605170185988092
hadashi 1 4.605170185988092 4.605170185988092
haishima 1 4.605170185988092 4.605170185988092
hajime 1 4.605170185988092 4.605170185988092
hakunetsu 1 4.605170185988092 4.605170185988092
hall 1 1.3470736479666094 1.3470736479666094
hamaguchi 1 4.605170185988092 4.605170185988092
hanamichi 1 4.605170185988092 4.605170185988092
hand 1 1.3862943611198906 1.3862943611198906
handshake 1 4.605170185988092 4.605170185988092
hannabal 1 4.605170185988092 4.605170185988092
hanrangun 1 4.605170185988092 4.605170185988092
happiness 1 4.605170185988092 4.605170185988092
hara 1 4.605170185988092 4.605170185988092
harada 1 3.912023005428146 3.912023005428146
harbor 1 2.995732273553991 2.995732273553991
harbour 1 4.605170185988092 4.605170185988092
hard 1 2.302585092994046 2.302585092994046
hareare 1 4.605170185988092 4.605170185988092
harebare 1 4.605170185988092 4.605170185988092
harp 1 4.605170185988092 4.605170185988092
hassha 1 4.605170185988092 4.605170185988092
hat 1 3.2188758248682006 3.2188758248682006
hawk 1 3.2188758248682006 3.2188758248682006
hayakawa 1 4.605170185988092 4.605170185988092
hayashi 1 4.605170185988092 4.605170185988092
hayato 1 4.605170185988092 4.605170185988092
heard 1 2.659260036932778 2.659260036932778
heart 1 1.4696759700589417 1.4696759700589417
heiwa 1 4.605170185988092 4.605170185988092
help 1 0.0 0.0
hen 1 3.912023005428146 3.912023005428146
henchman 1 4.605170185988092 4.605170185988092
henk 1 4.605170185988092 4.605170185988092
hero 1 2.207274913189721 2.207274913189721
heso 1 4.605170185988092 4.605170185988092
hidden 1 0.010050335853501506 0.010050335853501506
hide 1 0.0 0.0
hidetoshi 1 4.605170185988092 4.605170185988092
hideyo 1 4.605170185988092 4.605170185988092
higher 1 2.0402208285265546 2.0402208285265546
highest 1 1.7719568419318754 1.7719568419318754
hihoready 1 4.605170185988092 4.605170185988092
hikari 1 4.605170185988092 4.605170185988092
hikyou 1 4.605170185988092 4.605170185988092
hill 1 1.2039728043259361 1.2039728043259361
hiluluk 1 4.605170185988092 4.605170185988092
himitsu 1 4.605170185988092 4.605170185988092
hirake 1 4.605170185988092 4.605170185988092
hirata 1 4.605170185988092 4.605170185988092
hiroaki 1 4.605170185988092 4.605170185988092
hironobu 1 4.605170185988092 4.605170185988092
hirose 1 4.605170185988092 4.605170185988092
hiroshi 1 3.912023005428146 3.912023005428146
hirotaka 1 4.605170185988092 4.605170185988092
hirotani 1 4.605170185988092 4.605170185988092
hiroyuki 1 3.912023005428146 3.912023005428146
history 1 0.0 0.0
hito 1 4.605170185988092 4.605170185988092
hitoshi 1 4.605170185988092 4.605170185988092
hlist 1 0.127833371509885 0.127833371509885
hlistinline 1 0.127833371509885 0.127833371509885
hole 1 3.912023005428146 3.912023005428146
holesch 1 4.605170185988092 4.605170185988092
holiday 1 2.659260036932778 2.659260036932778
holy 1 1.8971199848858813 1.8971199848858813
homeland 1 2.659260036932778 2.659260036932778
honki 1 4.605170185988092 4.605170185988092
honma 1 4.605170185988092 4.605170185988092
hooray 1 4.605170185988092 4.605170185988092
hope 1 1.6607312068216509 1.6607312068216509
horn 1 3.506557897319982 3.506557897319982
hoshino 1 4.605170185988092 4.605170185988092
hot 1 2.8134107167600364 2.8134107167600364
hotdog 1 4.605170185988092 4.605170185988092
houdan 1 4.605170185988092 4.605170185988092
hougeki 1 4.605170185988092 4.605170185988092
hour 1 1.7719568419318754 1.7719568419318754
houston 1 1.9661128563728327 1.9661128563728327
hub 1 2.995732273553991 2.995732273553991
huge 1 2.8134107167600364 2.8134107167600364
hungry 1 3.506557897319982 3.506557897319982
hurricane 1 3.2188758248682006 3.2188758248682006
hurt 1 2.5257286443082556 2.5257286443082556
hyakkoku 1 4.605170185988092 4.605170185988092
hyoue 1 4.605170185988092 4.605170185988092
hyoutan 1 4.605170185988092 4.605170185988092
ich 1 3.912023005428146 3.912023005428146
ichimi 1 4.605170185988092 4.605170185988092
ichiro 1 4.605170185988092 4.605170185988092
ichirou 1 4.605170185988092 4.605170185988092
idlockfree 1 0.0408219945202552 0.0408219945202552
idlockfreeidlockfree 1 0.0408219945202552 0.0408219945202552
idlocklimited 1 0.0408219945202552 0.0408219945202552
idlockregistration 1 0.0408219945202552 0.0408219945202552
idlocksubscription 1 0.0408219945202552 0.0408219945202552
iehara 1 4.605170185988092 4.605170185988092
ikeda 1 3.912023005428146 3.912023005428146
ikiyo 1 4.605170185988092 4.605170185988092
iku 1 4.605170185988092 4.605170185988092
ikue 1 4.605170185988092 4.605170185988092
ikuma 1 4.605170185988092 4.605170185988092
ikuo 1 4.605170185988092 4.605170185988092
ikuta 1 4.605170185988092 4.605170185988092
ill 1 2.995732273553991 2.995732273553991
image 1 2.120263536200091 2.120263536200091
imagine 1 3.2188758248682006 3.2188758248682006
imai 1 4.605170185988092 4.605170185988092
impel 1 4.605170185988092 4.605170185988092
imperial 1 2.5257286443082556 2.5257286443082556
inaba 1 4.605170185988092 4.605170185988092
inbou 1 4.605170185988092 4.605170185988092
inc 1 0.0 0.0
includes 1 1.9661128563728327 1.9661128563728327
including 1 0.7133498878774648 0.7133498878774648
individual 1 1.5606477482646683 1.5606477482646683
ineffective 1 3.912023005428146 3.912023005428146
info 1 2.659260036932778 2.659260036932778
infobox 1 0.3011050927839216 0.3011050927839216
infoboxtable 1 0.3147107448397002 0.3147107448397002
information 1 0.0 0.0
inhabitant 1 4.605170185988092 4.605170185988092
inhabited 1 3.912023005428146 3.912023005428146
initially 1 2.207274913189721 2.207274913189721
initluau 1 2.995732273553991 2.995732273553991
inochi 1 4.605170185988092 4.605170185988092
instead 1 1.6607312068216509 1.6607312068216509
instrumental 1 3.2188758248682006 3.2188758248682006
interesting 1 2.8134107167600364 2.8134107167600364
international 1 0.5978370007556204 0.5978370007556204
irgendwann 1 4.605170185988092 4.605170185988092
iriki 1 4.605170185988092 4.605170185988092
iron 1 2.8134107167600364 2.8134107167600364
iru 1 4.605170185988092 4.605170185988092
ishibashi 1 4.605170185988092 4.605170185988092
ishida 1 4.605170185988092 4.605170185988092
ishitoya 1 4.605170185988092 4.605170185988092
island 1 1.5141277326297755 1.5141277326297755
isolation 1 3.912023005428146 3.912023005428146
isshis 1 4.605170185988092 4.605170185988092
italiano 1 1.07880966137193 1.07880966137193
item 1 0.010050335853501506 0.010050335853501506
iwamuro 1 4.605170185988092 4.605170185988092
iwasaki 1 4.605170185988092 4.605170185988092
iza 1 4.605170185988092 4.605170185988092
jacal 1 4.605170185988092 4.605170185988092
jacket 1 2.995732273553991 2.995732273553991
james 1 1.0498221244986776 1.0498221244986776
jan 1 2.0402208285265546 2.0402208285265546
jango 1 4.605170185988092 4.605170185988092
janne 1 4.605170185988092 4.605170185988092
january 1 0.3424903089467759 0.3424903089467759
japan 1 1.7719568419318754 1.7719568419318754
japanese 1 2.0402208285265546 2.0402208285265546
japaneselanguage 1 3.506557897319982 3.506557897319982
jasrac 1 4.605170185988092 4.605170185988092
jerry 1 2.659260036932778 2.659260036932778
jessi 1 3.912023005428146 3.912023005428146
jewella 1 4.605170185988092 4.605170185988092
jigenshiki 1 4.605170185988092 4.605170185988092
jimbo 1 3.912023005428146 3.912023005428146
jingle 1 4.605170185988092 4.605170185988092
johnny 1 1.9661128563728327 1.9661128563728327
joker 1 4.605170185988092 4.605170185988092
jolly 1 4.605170185988092 4.605170185988092
josuke 1 4.605170185988092 4.605170185988092
jstars 1 4.605170185988092 4.605170185988092
judgement 1 3.2188758248682006 3.2188758248682006
juji 1 4.605170185988092 4.605170185988092
jul 1 2.995732273553991 2.995732273553991
july 1 0.43078291609245434 0.43078291609245434
jump 1 0.0 0.0
jun 1 2.5257286443082556 2.5257286443082556
june 1 0.40047756659712536 0.40047756659712536
jungle 1 3.506557897319982 3.506557897319982
junji 1 4.605170185988092 4.605170185988092
junko 1 4.605170185988092 4.605170185988092
junta 1 3.912023005428146 3.912023005428146
justin 1 2.407945608651872 2.407945608651872
juudan 1 4.605170185988092 4.605170185988092
kabuki 1 4.605170185988092 4.605170185988092
kaeshite 1 4.605170185988092 4.605170185988092
kaisen 1 4.605170185988092 4.605170185988092
kaito 1 4.605170185988092 4.605170185988092
kaizoku 1 4.605170185988092 4.605170185988092
kaizokudan 1 4.605170185988092 4.605170185988092
kaizokudanhen 1 4.605170185988092 4.605170185988092
kaizokuou 1 4.605170185988092 4.605170185988092
kakehashi 1 4.605170185988092 4.605170185988092
kakete 1 4.605170185988092 4.605170185988092
kaleidoscope 1 4.605170185988092 4.605170185988092
kamen 1 4.605170185988092 4.605170185988092
kanichiro 1 4.605170185988092 4.605170185988092
kanshasai 1 4.605170185988092 4.605170185988092
kanzenban 1 4.605170185988092 4.605170185988092
kaoru 1 4.605170185988092 4.605170185988092
kappei 1 4.605170185988092 4.605170185988092
kara 1 3.912023005428146 3.912023005428146
karakuri 1 4.605170185988092 4.605170185988092
karakurijou 1 4.605170185988092 4.605170185988092
karaoke 1 4.605170185988092 4.605170185988092
kash 1 4.605170185988092 4.605170185988092
kashiwada 1 4.605170185988092 4.605170185988092
kashiwara 1 4.605170185988092 4.605170185988092
kawai 1 4.605170185988092 4.605170185988092
kawakami 1 4.605170185988092 4.605170185988092
kawashima 1 4.605170185988092 4.605170185988092
kaze 1 4.605170185988092 4.605170185988092
kazuhiko 1 4.605170185988092 4.605170185988092
kazuhiro 1 4.605170185988092 4.605170185988092
kazuhito 1 4.605170185988092 4.605170185988092
kazuki 1 4.605170185988092 4.605170185988092
kazunori 1 4.605170185988092 4.605170185988092
kazuya 1 4.605170185988092 4.605170185988092
keep 1 1.7719568419318754 1.7719568419318754
kei 1 4.605170185988092 4.605170185988092
keitai 1 4.605170185988092 4.605170185988092
ken 1 2.407945608651872 2.407945608651872
kenichi 1 4.605170185988092 4.605170185988092
kerojii 1 4.605170185988092 4.605170185988092
keyboard 1 3.506557897319982 3.506557897319982
kicking 1 3.912023005428146 3.912023005428146
kid 1 1.8971199848858813 1.8971199848858813
kidnapped 1 3.506557897319982 3.506557897319982
kikaku 1 4.605170185988092 4.605170185988092
kikisemaru 1 4.605170185988092 4.605170185988092
kikuchi 1 4.605170185988092 4.605170185988092
kill 1 1.7719568419318754 1.7719568419318754
killing 1 2.5257286443082556 2.5257286443082556
kimaru 1 4.605170185988092 4.605170185988092
kimi 1 4.605170185988092 4.605170185988092
kimlinger 1 4.605170185988092 4.605170185988092
kind 1 2.5257286443082556 2.5257286443082556
king 1 1.3093333199837622 1.3093333199837622
kingdom 1 1.5141277326297755 1.5141277326297755
kioon 1 4.605170185988092 4.605170185988092
kirchner 1 4.605170185988092 4.605170185988092
kishidan 1 4.605170185988092 4.605170185988092
kitadani 1 4.605170185988092 4.605170185988092
kitamura 1 4.605170185988092 4.605170185988092
kiyoshi 1 4.605170185988092 4.605170185988092
kizu 1 4.605170185988092 4.605170185988092
kizuna 1 4.605170185988092 4.605170185988092
kkai 1 4.605170185988092 4.605170185988092
kmuto 1 4.605170185988092 4.605170185988092
knock 1 3.2188758248682006 3.2188758248682006
knote 1 4.605170185988092 4.605170185988092
know 1 1.7147984280919266 1.7147984280919266
kobayashi 1 3.912023005428146 3.912023005428146
kobe 1 4.605170185988092 4.605170185988092
koe 1 4.605170185988092 4.605170185988092
koete 1 4.605170185988092 4.605170185988092
kohei 1 4.605170185988092 4.605170185988092
kohsuke 1 4.605170185988092 4.605170185988092
koike 1 4.605170185988092 4.605170185988092
koizumi 1 3.912023005428146 3.912023005428146
koji 1 3.912023005428146 3.912023005428146
kokoro 1 4.605170185988092 4.605170185988092
kokuougun 1 4.605170185988092 4.605170185988092
kokutei 1 4.605170185988092 4.605170185988092
konishi 1 4.605170185988092 4.605170185988092
kono 1 4.605170185988092 4.605170185988092
kosuke 1 4.605170185988092 4.605170185988092
kota 1 4.605170185988092 4.605170185988092
kotetsu 1 4.605170185988092 4.605170185988092
kouhei 1 4.605170185988092 4.605170185988092
koukai 1 4.605170185988092 4.605170185988092
koukaishi 1 4.605170185988092 4.605170185988092
koyanagi 1 4.605170185988092 4.605170185988092
koza 1 4.605170185988092 4.605170185988092
kristine 1 3.506557897319982 3.506557897319982
kubo 1 4.605170185988092 4.605170185988092
kudo 1 4.605170185988092 4.605170185988092
kumashiro 1 4.605170185988092 4.605170185988092
kumi 1 4.605170185988092 4.605170185988092
kuni 1 4.605170185988092 4.605170185988092
kunio 1 4.605170185988092 4.605170185988092
kurai 1 4.605170185988092 4.605170185988092
kure 1 4.605170185988092 4.605170185988092
kureha 1 4.605170185988092 4.605170185988092
kuru 1 4.605170185988092 4.605170185988092
kusakari 1 4.605170185988092 4.605170185988092
kyohei 1 4.605170185988092 4.605170185988092
kyoku 1 4.605170185988092 4.605170185988092
label 1 2.5257286443082556 2.5257286443082556
lacking 1 2.120263536200091 2.120263536200091
lake 1 1.8325814637483102 1.8325814637483102
landing 1 2.995732273553991 2.995732273553991
language 1 0.0 0.0
lapans 1 4.605170185988092 4.605170185988092
large 1 1.4696759700589417 1.4696759700589417
last 1 0.0 0.0
later 1 0.5621189181535412 0.5621189181535412
latin 1 2.5257286443082556 2.5257286443082556
laughing 1 4.605170185988092 4.605170185988092
leah 1 3.506557897319982 3.506557897319982
learn 1 0.0 0.0
leaving 1 1.7147984280919266 1.7147984280919266
leg 1 2.659260036932778 2.659260036932778
legend 1 1.8325814637483102 1.8325814637483102
legende 1 4.605170185988092 4.605170185988092
legenden 1 4.605170185988092 4.605170185988092
length 1 1.7719568419318754 1.7719568419318754
let 1 1.8325814637483102 1.8325814637483102
liaftercontent 1 0.127833371509885 0.127833371509885
liberator 1 4.605170185988092 4.605170185988092
license 1 0.0 0.0
licensed 1 2.8134107167600364 2.8134107167600364
life 1 0.5447271754416719 0.5447271754416719
light 1 1.3862943611198906 1.3862943611198906
like 1 1.2039728043259361 1.2039728043259361
limburg 1 4.605170185988092 4.605170185988092
limited 1 2.0402208285265546 2.0402208285265546
line 1 1.4696759700589417 1.4696759700589417
linecold 1 4.605170185988092 4.605170185988092
linehot 1 4.605170185988092 4.605170185988092
link 1 0.0 0.0
lion 1 2.659260036932778 2.659260036932778
list 1 0.6348782724359695 0.6348782724359695
lit 1 3.2188758248682006 3.2188758248682006
live 1 1.2378743560016172 1.2378743560016172
liveaction 1 3.2188758248682006 3.2188758248682006
loaded 1 2.995732273553991 2.995732273553991
log 1 0.0 0.0
logged 1 0.0 0.0
logue 1 4.605170185988092 4.605170185988092
loneliness 1 4.605170185988092 4.605170185988092
long 1 1.1086626245216111 1.1086626245216111
looking 1 2.8134107167600364 2.8134107167600364
lose 1 2.995732273553991 2.995732273553991
lost 1 1.171182981502945 1.171182981502945
loud 1 3.912023005428146 3.912023005428146
love 1 1.4271163556401458 1.4271163556401458
lua 1 2.995732273553991 2.995732273553991
luffy 1 4.605170185988092 4.605170185988092
luffys 1 4.605170185988092 4.605170185988092
luis 1 2.659260036932778 2.659260036932778
lyric 1 2.8134107167600364 2.8134107167600364
lyricscomposed 1 4.605170185988092 4.605170185988092
mabushikute 1 4.605170185988092 4.605170185988092
maeda 1 4.605170185988092 4.605170185988092
maeyamada 1 4.605170185988092 4.605170185988092
magnificent 1 4.605170185988092 4.605170185988092
mahito 1 4.605170185988092 4.605170185988092
mai 1 3.912023005428146 3.912023005428146
main 1 0.0 0.0
maji 1 4.605170185988092 4.605170185988092
maki 1 4.605170185988092 4.605170185988092
mamore 1 4.605170185988092 4.605170185988092
mamoru 1 4.605170185988092 4.605170185988092
man 1 1.0498221244986776 1.0498221244986776
mane 1 4.605170185988092 4.605170185988092
manga 1 4.605170185988092 4.605170185988092
manipulating 1 4.605170185988092 4.605170185988092
manipulator 1 4.605170185988092 4.605170185988092
mankind 1 3.506557897319982 3.506557897319982
many 1 0.7550225842780328 0.7550225842780328
map 1 2.0402208285265546 2.0402208285265546
mar 1 2.0402208285265546 2.0402208285265546
march 1 0.3147107448397002 0.3147107448397002
margaret 1 2.302585092994046 2.302585092994046
mari 1 3.506557897319982 3.506557897319982
mariachi 1 4.605170185988092 4.605170185988092
marine 1 2.407945608651872 2.407945608651872
marky 1 4.605170185988092 4.605170185988092
maruo 1 4.605170185988092 4.605170185988092
masa 1 3.912023005428146 3.912023005428146
masahiko 1 4.605170185988092 4.605170185988092
masahiro 1 4.605170185988092 4.605170185988092
masakazu 1 4.605170185988092 4.605170185988092
masaki 1 4.605170185988092 4.605170185988092
masao 1 3.912023005428146 3.912023005428146
masashi 1 4.605170185988092 4.605170185988092
masato 1 4.605170185988092 4.605170185988092
masatsugu 1 4.605170185988092 4.605170185988092
masazumi 1 4.605170185988092 4.605170185988092
mask 1 3.912023005428146 3.912023005428146
master 1 1.3093333199837622 1.3093333199837622
mastering 1 3.2188758248682006 3.2188758248682006
masuda 1 4.605170185988092 4.605170185988092
mata 1 4.605170185988092 4.605170185988092
mataro 1 4.605170185988092 4.605170185988092
match 1 0.8675005677047231 0.8675005677047231
material 1 1.3093333199837622 1.3093333199837622
matsuda 1 4.605170185988092 4.605170185988092
matsumoto 1 4.605170185988092 4.605170185988092
matsuo 1 4.605170185988092 4.605170185988092
matter 1 2.0402208285265546 2.0402208285265546
matthias 1 3.912023005428146 3.912023005428146
matto 1 4.605170185988092 4.605170185988092
may 1 0.0 0.0
maya 1 3.912023005428146 3.912023005428146
mayumi 1 4.605170185988092 4.605170185988092
meat 1 3.912023005428146 3.912023005428146
mecha 1 3.912023005428146 3.912023005428146
mechanical 1 3.506557897319982 3.506557897319982
medium 1 0.49429632181478017 0.49429632181478017
meer 1 4.605170185988092 4.605170185988092
meet 1 1.6607312068216509 1.6607312068216509
mega 1 4.605170185988092 4.605170185988092
melayu 1 3.2188758248682006 3.2188758248682006
melody 1 2.659260036932778 2.659260036932778
member 1 0.6733445532637655 0.6733445532637655
memorial 1 2.0402208285265546 2.0402208285265546
memory 1 2.207274913189721 2.207274913189721
menace 1 3.2188758248682006 3.2188758248682006
menu 1 0.0 0.0
mer 1 3.912023005428146 3.912023005428146
merry 1 3.912023005428146 3.912023005428146
merrygou 1 4.605170185988092 4.605170185988092
merveilles 1 4.605170185988092 4.605170185988092
message 1 1.5606477482646683 1.5606477482646683
mezase 1 4.605170185988092 4.605170185988092
michi 1 4.605170185988092 4.605170185988092
mick 1 3.506557897319982 3.506557897319982
midori 1 4.605170185988092 4.605170185988092
mighty 1 3.506557897319982 3.506557897319982
mignogna 1 4.605170185988092 4.605170185988092
mika 1 4.605170185988092 4.605170185988092
mikako 1 4.605170185988092 4.605170185988092
mikiko 1 4.605170185988092 4.605170185988092
mikitta 1 4.605170185988092 4.605170185988092
minami 1 4.605170185988092 4.605170185988092
minoru 1 4.605170185988092 4.605170185988092
miracle 1 2.659260036932778 2.659260036932778
mirai 1 4.605170185988092 4.605170185988092
miro 1 4.605170185988092 4.605170185988092
misa 1 4.605170185988092 4.605170185988092
misawa 1 4.605170185988092 4.605170185988092
miss 1 2.302585092994046 2.302585092994046
mit 1 3.506557897319982 3.506557897319982
mitsuru 1 4.605170185988092 4.605170185988092
mix 1 2.659260036932778 2.659260036932778
mixing 1 3.2188758248682006 3.2188758248682006
miyahara 1 4.605170185988092 4.605170185988092
mizue 1 4.605170185988092 4.605170185988092
mobambis 1 4.605170185988092 4.605170185988092
mobile 1 0.0 0.0
mom 1 4.605170185988092 4.605170185988092
monday 1 2.8134107167600364 2.8134107167600364
monkey 1 3.912023005428146 3.912023005428146
mono 1 4.605170185988092 4.605170185988092
monster 1 2.8134107167600364 2.8134107167600364
mood 1 2.995732273553991 2.995732273553991
moon 1 2.407945608651872 2.407945608651872
morau 1 4.605170185988092 4.605170185988092
mori 1 3.912023005428146 3.912023005428146
morimoto 1 4.605170185988092 4.605170185988092
morning 1 1.8325814637483102 1.8325814637483102
mosier 1 4.605170185988092 4.605170185988092
mother 1 1.5141277326297755 1.5141277326297755
moulin 1 4.605170185988092 4.605170185988092
mountain 1 1.8971199848858813 1.8971199848858813
mouth 1 2.8134107167600364 2.8134107167600364
move 1 0.0 0.0
movie 1 1.7719568419318754 1.7719568419318754
mran 1 4.605170185988092 4.605170185988092
much 1 1.171182981502945 1.171182981502945
muchi 1 4.605170185988092 4.605170185988092
mugiwara 1 4.605170185988092 4.605170185988092
murase 1 4.605170185988092 4.605170185988092
mushroom 1 4.605170185988092 4.605170185988092
music 1 1.3862943611198906 1.3862943611198906
musical 1 1.8971199848858813 1.8971199848858813
musician 1 2.5257286443082556 2.5257286443082556
musou 1 4.605170185988092 4.605170185988092
musshuru 1 4.605170185988092 4.605170185988092
musshurus 1 4.605170185988092 4.605170185988092
mysterious 1 2.5257286443082556 2.5257286443082556
mystery 1 2.407945608651872 2.407945608651872
nacht 1 4.605170185988092 4.605170185988092
nagata 1 4.605170185988092 4.605170185988092
nakagawa 1 4.605170185988092 4.605170185988092
nakai 1 3.912023005428146 3.912023005428146
nakama 1 4.605170185988092 4.605170185988092
nakamura 1 4.605170185988092 4.605170185988092
naked 1 3.506557897319982 3.506557897319982
namco 1 4.605170185988092 4.605170185988092
nami 1 4.605170185988092 4.605170185988092
namida 1 4.605170185988092 4.605170185988092
namie 1 4.605170185988092 4.605170185988092
namis 1 4.605170185988092 4.605170185988092
naofumi 1 4.605170185988092 4.605170185988092
naohisa 1 4.605170185988092 4.605170185988092
naoto 1 4.605170185988092 4.605170185988092
naoya 1 4.605170185988092 4.605170185988092
nari 1 4.605170185988092 4.605170185988092
narrated 1 3.2188758248682006 3.2188758248682006
narration 1 4.605170185988092 4.605170185988092
naru 1 4.605170185988092 4.605170185988092
naruhi 1 4.605170185988092 4.605170185988092
natalie 1 3.506557897319982 3.506557897319982
natasha 1 3.506557897319982 3.506557897319982
natsumi 1 4.605170185988092 4.605170185988092
navbar 1 0.23572233352106994 0.23572233352106994
navbarfontsizemedia 1 0.3147107448397002 0.3147107448397002
navbarmini 1 0.23572233352106994 0.23572233352106994
navbox 1 0.1392620673335076 0.1392620673335076
navboximage 1 0.1392620673335076 0.1392620673335076
navboxsubgroup 1 0.1392620673335076 0.1392620673335076
navboxtitle 1 0.1392620673335076 0.1392620673335076
navigation 1 0.0 0.0
nbgicd 1 4.605170185988092 4.605170185988092
need 1 1.2039728043259361 1.2039728043259361
needing 1 1.8971199848858813 1.8971199848858813
needle 1 3.506557897319982 3.506557897319982
negishi 1 4.605170185988092 4.605170185988092
nejimaki 1 4.605170185988092 4.605170185988092
nejimakijima 1 4.605170185988092 4.605170185988092
nemmatsu 1 4.605170185988092 4.605170185988092
nenmatsu 1 4.605170185988092 4.605170185988092
network 1 1.3470736479666094 1.3470736479666094
never 1 1.4696759700589417 1.4696759700589417
new 1 0.24846135929849972 0.24846135929849972
news 1 0.843970070294529 0.843970070294529
next 1 1.1086626245216111 1.1086626245216111
nico 1 3.912023005428146 3.912023005428146
niemals 1 4.605170185988092 4.605170185988092
night 1 1.7719568419318754 1.7719568419318754
nihiru 1 4.605170185988092 4.605170185988092
nihongo 1 4.605170185988092 4.605170185988092
nin 1 4.605170185988092 4.605170185988092
nine 1 1.7719568419318754 1.7719568419318754
nippon 1 3.912023005428146 3.912023005428146
nishimura 1 4.605170185988092 4.605170185988092
nishizawa 1 4.605170185988092 4.605170185988092
nobuhiko 1 4.605170185988092 4.605170185988092
noel 1 2.995732273553991 2.995732273553991
non 1 2.302585092994046 2.302585092994046
nonprofit 1 0.0 0.0
nontelop 1 4.605170185988092 4.605170185988092
norowareta 1 4.605170185988092 4.605170185988092
nosed 1 4.605170185988092 4.605170185988092
note 1 0.8209805520698303 0.8209805520698303
notte 1 4.605170185988092 4.605170185988092
nouryoku 1 4.605170185988092 4.605170185988092
nov 1 2.0402208285265546 2.0402208285265546
november 1 0.3011050927839216 0.3011050927839216
number 1 0.7550225842780328 0.7550225842780328
numerous 1 1.9661128563728327 1.9661128563728327
objective 1 3.912023005428146 3.912023005428146
oboe 1 4.605170185988092 4.605170185988092
ocean 1 2.407945608651872 2.407945608651872
oct 1 2.5257286443082556 2.5257286443082556
october 1 0.28768207245178085 0.28768207245178085
oda 1 4.605170185988092 4.605170185988092
odaiba 1 4.605170185988092 4.605170185988092
odas 1 4.605170185988092 4.605170185988092
oden 1 3.912023005428146 3.912023005428146
odyssey 1 3.506557897319982 3.506557897319982
official 1 0.7550225842780328 0.7550225842780328
offizielle 1 3.912023005428146 3.912023005428146
ohata 1 4.605170185988092 4.605170185988092
ohba 1 4.605170185988092 4.605170185988092
ohtani 1 4.605170185988092 4.605170185988092
ohtsuka 1 4.605170185988092 4.605170185988092
okamura 1 4.605170185988092 4.605170185988092
okano 1 4.605170185988092 4.605170185988092
ollibeforecontent 1 0.127833371509885 0.127833371509885
omae 1 4.605170185988092 4.605170185988092
omatsuri 1 4.605170185988092 4.605170185988092
ominous 1 4.605170185988092 4.605170185988092
omitted 1 4.605170185988092 4.605170185988092
omoi 1 4.605170185988092 4.605170185988092
one 1 0.23572233352106994 0.23572233352106994
onepiece 1 4.605170185988092 4.605170185988092
ongaku 1 4.605170185988092 4.605170185988092
ongakukai 1 4.605170185988092 4.605170185988092
onward 1 4.605170185988092 4.605170185988092
onwards 1 3.912023005428146 3.912023005428146
oobutai 1 4.605170185988092 4.605170185988092
oounabara 1 4.605170185988092 4.605170185988092
opamp 1 4.605170185988092 4.605170185988092
open 1 1.4696759700589417 1.4696759700589417
opened 1 2.407945608651872 2.407945608651872
opening 1 1.9661128563728327 1.9661128563728327
operation 1 1.7147984280919266 1.7147984280919266
operator 1 2.8134107167600364 2.8134107167600364
ore 1 3.912023005428146 3.912023005428146
oretachi 1 4.605170185988092 4.605170185988092
organization 1 0.0 0.0
organizationname 1 0.010050335853501506 0.010050335853501506
oricon 1 4.605170185988092 4.605170185988092
original 1 0.4155154439616658 0.4155154439616658
osako 1 4.605170185988092 4.605170185988092
osamu 1 4.605170185988092 4.605170185988092
osanai 1 4.605170185988092 4.605170185988092
osanaki 1 4.605170185988092 4.605170185988092
oshima 1 4.605170185988092 4.605170185988092
ost 1 4.605170185988092 4.605170185988092
ota 1 4.605170185988092 4.605170185988092
others 1 1.1394342831883648 1.1394342831883648
otohiko 1 4.605170185988092 4.605170185988092
otoko 1 4.605170185988092 4.605170185988092
otsuki 1 4.605170185988092 4.605170185988092
oujo 1 4.605170185988092 4.605170185988092
oukoku 1 4.605170185988092 4.605170185988092
outnumbered 1 3.912023005428146 3.912023005428146
ovas 1 4.605170185988092 4.605170185988092
overtaken 1 3.912023005428146 3.912023005428146
owari 1 4.605170185988092 4.605170185988092
oyabun 1 4.605170185988092 4.605170185988092
ozawa 1 4.605170185988092 4.605170185988092
ozeans 1 4.605170185988092 4.605170185988092
pace 1 2.5257286443082556 2.5257286443082556
page 1 0.0 0.0
paint 1 3.912023005428146 3.912023005428146
palencia 1 4.605170185988092 4.605170185988092
pandaman 1 4.605170185988092 4.605170185988092
paninaro 1 4.605170185988092 4.605170185988092
paradise 1 3.2188758248682006 3.2188758248682006
params 1 4.605170185988092 4.605170185988092
park 1 1.3093333199837622 1.3093333199837622
parser 1 3.2188758248682006 3.2188758248682006
part 1 0.6348782724359695 0.6348782724359695
parting 1 3.912023005428146 3.912023005428146
party 1 1.2378743560016172 1.2378743560016172
past 1 1.7719568419318754 1.7719568419318754
pdfprintable 1 0.0 0.0
pea 1 2.8134107167600364 2.8134107167600364
peace 1 2.0402208285265546 2.0402208285265546
peak 1 2.8134107167600364 2.8134107167600364
pell 1 3.912023005428146 3.912023005428146
people 1 0.49429632181478017 0.49429632181478017
perc 1 4.605170185988092 4.605170185988092
percussion 1 3.2188758248682006 3.2188758248682006
perfectly 1 3.2188758248682006 3.2188758248682006
perform 1 2.302585092994046 2.302585092994046
performance 1 1.7719568419318754 1.7719568419318754
performed 1 2.120263536200091 2.120263536200091
performedarranged 1 4.605170185988092 4.605170185988092
performedlyrics 1 4.605170185988092 4.605170185988092
permanent 1 0.0 0.0
person 1 1.5606477482646683 1.5606477482646683
personal 1 0.0 0.0
petra 1 4.605170185988092 4.605170185988092
piano 1 2.995732273553991 2.995732273553991
piece 1 2.5257286443082556 2.5257286443082556
piecebgmmen 1 4.605170185988092 4.605170185988092
pin 1 3.912023005428146 3.912023005428146
pinch 1 4.605170185988092 4.605170185988092
pirate 1 2.5257286443082556 2.5257286443082556
pix 1 4.605170185988092 4.605170185988092
place 1 0.653926467406664 0.653926467406664
plan 1 1.4696759700589417 1.4696759700589417
play 1 1.2039728043259361 1.2039728043259361
pleasant 1 3.912023005428146 3.912023005428146
plus 1 2.8134107167600364 2.8134107167600364
pochette 1 4.605170185988092 4.605170185988092
point 1 1.2729656758128876 1.2729656758128876
policy 1 0.0 0.0
pony 1 3.912023005428146 3.912023005428146
pool 1 2.995732273553991 2.995732273553991
port 1 2.302585092994046 2.302585092994046
portal 1 0.0 0.0
pose 1 3.912023005428146 3.912023005428146
poshettotsuki 1 4.605170185988092 4.605170185988092
power 1 1.0216512475319812 1.0216512475319812
powerful 1 2.5257286443082556 2.5257286443082556
prayer 1 2.8134107167600364 2.8134107167600364
preemptive 1 3.912023005428146 3.912023005428146
preparation 1 2.8134107167600364 2.8134107167600364
prepare 1 3.506557897319982 3.506557897319982
present 1 0.9675840262617057 0.9675840262617057
preview 1 2.995732273553991 2.995732273553991
priestess 1 3.506557897319982 3.506557897319982
princess 1 2.995732273553991 2.995732273553991
printbodyns 1 0.09431067947124142 0.09431067947124142
printexport 1 0.0 0.0
privacy 1 0.0 0.0
produce 1 2.5257286443082556 2.5257286443082556
profile 1 2.0402208285265546 2.0402208285265546
programming 1 2.995732273553991 2.995732273553991
project 1 0.0 0.0
promise 1 2.659260036932778 2.659260036932778
promotion 1 2.8134107167600364 2.8134107167600364
psu 1 4.605170185988092 4.605170185988092
pull 1 3.2188758248682006 3.2188758248682006
pump 1 4.605170185988092 4.605170185988092
purezento 1 4.605170185988092 4.605170185988092
purification 1 3.506557897319982 3.506557897319982
purity 1 3.912023005428146 3.912023005428146
pursuing 1 3.912023005428146 3.912023005428146
puzzling 1 4.605170185988092 4.605170185988092
pzu 1 4.605170185988092 4.605170185988092
quack 1 4.605170185988092 4.605170185988092
quality 1 2.407945608651872 2.407945608651872
quebec 1 2.995732273553991 2.995732273553991
quiet 1 3.912023005428146 3.912023005428146
rabin 1 4.605170185988092 4.605170185988092
race 1 1.7147984280919266 1.7147984280919266
rage 1 3.506557897319982 3.506557897319982
rainbase 1 4.605170185988092 4.605170185988092
rainbow 1 3.2188758248682006 3.2188758248682006
raise 1 2.302585092994046 2.302585092994046
raivu 1 4.605170185988092 4.605170185988092
raketto 1 4.605170185988092 4.605170185988092
rakka 1 4.605170185988092 4.605170185988092
rampage 1 4.605170185988092 4.605170185988092
random 1 0.0 0.0
rap 1 4.605170185988092 4.605170185988092
ratchet 1 4.605170185988092 4.605170185988092
ray 1 1.7147984280919266 1.7147984280919266
reach 1 2.302585092994046 2.302585092994046
read 1 0.0 0.0
ready 1 2.302585092994046 2.302585092994046
real 1 1.4271163556401458 1.4271163556401458
recent 1 0.0 0.0
reception 1 1.8971199848858813 1.8971199848858813
record 1 0.7765287894989963 0.7765287894989963
recording 1 2.5257286443082556 2.5257286443082556
recruit 1 3.2188758248682006 3.2188758248682006
recursive 1 4.605170185988092 4.605170185988092
red 1 1.07880966137193 1.07880966137193
redefine 1 4.605170185988092 4.605170185988092
redhaired 1 4.605170185988092 4.605170185988092
ref 1 1.8971199848858813 1.8971199848858813
reference 1 0.03045920748470844 0.03045920748470844
reflist 1 0.06187540371808745 0.06187540371808745
reflistcolumns 1 0.06187540371808745 0.06187540371808745
reg 1 0.0 0.0
registered 1 0.0 0.0
reinstated 1 3.506557897319982 3.506557897319982
rejoice 1 3.912023005428146 3.912023005428146
related 1 0.0 0.0
release 1 1.3093333199837622 1.3093333199837622
released 1 1.2729656758128876 1.2729656758128876
reliable 1 1.9661128563728327 1.9661128563728327
remix 1 3.2188758248682006 3.2188758248682006
remixed 1 4.605170185988092 4.605170185988092
rena 1 4.605170185988092 4.605170185988092
rescue 1 2.659260036932778 2.659260036932778
resolution 1 2.407945608651872 2.407945608651872
resort 1 3.506557897319982 3.506557897319982
respect 1 2.8134107167600364 2.8134107167600364
result 1 0.9942522733438669 0.9942522733438669
retrieved 1 0.0 0.0
return 1 1.07880966137193 1.07880966137193
returned 1 1.4271163556401458 1.4271163556401458
reunion 1 3.2188758248682006 3.2188758248682006
reversal 1 3.506557897319982 3.506557897319982
reverting 1 3.912023005428146 3.912023005428146
revival 1 2.995732273553991 2.995732273553991
rewrite 1 3.912023005428146 3.912023005428146
rewritten 1 3.912023005428146 3.912023005428146
rhythm 1 2.995732273553991 2.995732273553991
rie 1 4.605170185988092 4.605170185988092
right 1 0.9675840262617057 0.9675840262617057
ring 1 1.8971199848858813 1.8971199848858813
rinrin 1 4.605170185988092 4.605170185988092
risako 1 4.605170185988092 4.605170185988092
risking 1 4.605170185988092 4.605170185988092
rivalry 1 2.659260036932778 2.659260036932778
rju 1 4.605170185988092 4.605170185988092
road 1 1.3862943611198906 1.3862943611198906
robin 1 2.8134107167600364 2.8134107167600364
rock 1 1.6094379124341003 1.6094379124341003
rocking 1 4.605170185988092 4.605170185988092
roger 1 1.9661128563728327 1.9661128563728327
rokunin 1 4.605170185988092 4.605170185988092
rolling 1 2.8134107167600364 2.8134107167600364
romance 1 2.5257286443082556 2.5257286443082556
room 1 2.207274913189721 2.207274913189721
rootless 1 3.912023005428146 3.912023005428146
roronoa 1 4.605170185988092 4.605170185988092
rosario 1 3.2188758248682006 3.2188758248682006
roseo 1 4.605170185988092 4.605170185988092
rosuto 1 4.605170185988092 4.605170185988092
rouge 1 4.605170185988092 4.605170185988092
round 1 1.3862943611198906 1.3862943611198906
route 1 2.8134107167600364 2.8134107167600364
royal 1 1.8325814637483102 1.8325814637483102
rpg 1 3.912023005428146 3.912023005428146
rttcher 1 4.605170185988092 4.605170185988092
rufi 1 4.605170185988092 4.605170185988092
rule 1 1.4696759700589417 1.4696759700589417
rum 1 4.605170185988092 4.605170185988092
rumba 1 4.605170185988092 4.605170185988092
rumble 1 3.912023005428146 3.912023005428146
run 1 1.171182981502945 1.171182981502945
ruppina 1 4.605170185988092 4.605170185988092
rush 1 3.506557897319982 3.506557897319982
russell 1 2.0402208285265546 2.0402208285265546
ruth 1 2.8134107167600364 2.8134107167600364
ryo 1 4.605170185988092 4.605170185988092
ryosuke 1 4.605170185988092 4.605170185988092
sabaku 1 4.605170185988092 4.605170185988092
sachi 1 4.605170185988092 4.605170185988092
sacred 1 2.995732273553991 2.995732273553991
saga 1 2.995732273553991 2.995732273553991
sagashite 1 4.605170185988092 4.605170185988092
saigo 1 4.605170185988092 4.605170185988092
saik 1 4.605170185988092 4.605170185988092
sail 1 3.912023005428146 3.912023005428146
sailing 1 3.912023005428146 3.912023005428146
saito 1 4.605170185988092 4.605170185988092
sake 1 4.605170185988092 4.605170185988092
sakuramen 1 4.605170185988092 4.605170185988092
samba 1 3.912023005428146 3.912023005428146
sanba 1 4.605170185988092 4.605170185988092
sandbox 1 2.995732273553991 2.995732273553991
sang 1 3.506557897319982 3.506557897319982
sanji 1 4.605170185988092 4.605170185988092
sanjis 1 4.605170185988092 4.605170185988092
santoryu 1 4.605170185988092 4.605170185988092
sasaki 1 4.605170185988092 4.605170185988092
sato 1 4.605170185988092 4.605170185988092
satomi 1 4.605170185988092 4.605170185988092
satoru 1 4.605170185988092 4.605170185988092
satoshi 1 4.605170185988092 4.605170185988092
sauzando 1 4.605170185988092 4.605170185988092
sawaguchi 1 4.605170185988092 4.605170185988092
sax 1 4.605170185988092 4.605170185988092
sayaend 1 4.605170185988092 4.605170185988092
sayaendou 1 4.605170185988092 4.605170185988092
sayonara 1 4.605170185988092 4.605170185988092
scar 1 4.605170185988092 4.605170185988092
scene 1 2.0402208285265546 2.0402208285265546
schatz 1 3.912023005428146 3.912023005428146
scheeser 1 4.605170185988092 4.605170185988092
scheme 1 2.995732273553991 2.995732273553991
schindel 1 4.605170185988092 4.605170185988092
screen 1 0.010050335853501506 0.010050335853501506
scribunto 1 2.995732273553991 2.995732273553991
script 1 2.5257286443082556 2.5257286443082556
sea 1 2.0402208285265546 2.0402208285265546
search 1 0.0 0.0
searching 1 4.605170185988092 4.605170185988092
season 1 1.1394342831883648 1.1394342831883648
second 1 0.49429632181478017 0.49429632181478017
secret 1 2.0402208285265546 2.0402208285265546
section 1 1.8325814637483102 1.8325814637483102
see 1 0.40047756659712536 0.40047756659712536
seeker 1 3.912023005428146 3.912023005428146
seikan 1 4.605170185988092 4.605170185988092
seiken 1 4.605170185988092 4.605170185988092
sein 1 3.912023005428146 3.912023005428146
seiringu 1 4.605170185988092 4.605170185988092
seiyuu 1 4.605170185988092 4.605170185988092
sekai 1 4.605170185988092 4.605170185988092
select 1 2.995732273553991 2.995732273553991
selection 1 2.5257286443082556 2.5257286443082556
senkyou 1 4.605170185988092 4.605170185988092
senoo 1 4.605170185988092 4.605170185988092
sensou 1 4.605170185988092 4.605170185988092
sep 1 2.659260036932778 2.659260036932778
september 1 0.43078291609245434 0.43078291609245434
series 1 0.8675005677047231 0.8675005677047231
serious 1 2.659260036932778 2.659260036932778
set 1 0.9942522733438669 0.9942522733438669
setting 1 2.120263536200091 2.120263536200091
seven 1 1.6094379124341003 1.6094379124341003
sexy 1 2.995732273553991 2.995732273553991
shadow 1 2.995732273553991 2.995732273553991
shank 1 4.605170185988092 4.605170185988092
share 1 0.0 0.0
shchi 1 4.605170185988092 4.605170185988092
shela 1 4.605170185988092 4.605170185988092
shichinin 1 4.605170185988092 4.605170185988092
shiki 1 4.605170185988092 4.605170185988092
shima 1 4.605170185988092 4.605170185988092
shimada 1 4.605170185988092 4.605170185988092
shinazu 1 4.605170185988092 4.605170185988092
shinderera 1 4.605170185988092 4.605170185988092
shinichiro 1 4.605170185988092 4.605170185988092
shining 1 3.912023005428146 3.912023005428146
shinji 1 4.605170185988092 4.605170185988092
shinozaki 1 4.605170185988092 4.605170185988092
shinpei 1 4.605170185988092 4.605170185988092
shinto 1 4.605170185988092 4.605170185988092
ship 1 2.0402208285265546 2.0402208285265546
shir 1 4.605170185988092 4.605170185988092
shirakawa 1 4.605170185988092 4.605170185988092
shiretsu 1 4.605170185988092 4.605170185988092
shiro 1 4.605170185988092 4.605170185988092
shirushi 1 4.605170185988092 4.605170185988092
shjo 1 3.912023005428146 3.912023005428146
shoji 1 4.605170185988092 4.605170185988092
shoko 1 4.605170185988092 4.605170185988092
shoot 1 2.8134107167600364 2.8134107167600364
shooting 1 2.5257286443082556 2.5257286443082556
shore 1 2.8134107167600364 2.8134107167600364
short 1 0.06187540371808745 0.06187540371808745
shortdescription 1 0.2613647641344075 0.2613647641344075
shortened 1 0.0 0.0
shouchi 1 4.605170185988092 4.605170185988092
shoujo 1 4.605170185988092 4.605170185988092
shoukai 1 4.605170185988092 4.605170185988092
shounen 1 4.605170185988092 4.605170185988092
shout 1 4.605170185988092 4.605170185988092
shoutotsu 1 4.605170185988092 4.605170185988092
shudai 1 4.605170185988092 4.605170185988092
shudaika 1 4.605170185988092 4.605170185988092
shudaikashuu 1 4.605170185988092 4.605170185988092
shugoshin 1 4.605170185988092 4.605170185988092
shuji 1 3.912023005428146 3.912023005428146
shuraiya 1 4.605170185988092 4.605170185988092
shuraiyas 1 4.605170185988092 4.605170185988092
shut 1 2.995732273553991 2.995732273553991
shutsugen 1 4.605170185988092 4.605170185988092
sicp 1 4.605170185988092 4.605170185988092
sidebar 1 0.0 0.0
signal 1 3.2188758248682006 3.2188758248682006
silent 1 2.659260036932778 2.659260036932778
sincerity 1 4.605170185988092 4.605170185988092
sing 1 3.912023005428146 3.912023005428146
single 1 1.4696759700589417 1.4696759700589417
sinkining 1 4.605170185988092 4.605170185988092
sir 1 2.5257286443082556 2.5257286443082556
site 1 0.0 0.0
situation 1 2.407945608651872 2.407945608651872
size 1 2.659260036932778 2.659260036932778
sky 1 2.5257286443082556 2.5257286443082556
smell 1 3.506557897319982 3.506557897319982
smooth 1 3.912023005428146 3.912023005428146
snake 1 3.2188758248682006 3.2188758248682006
society 1 1.4271163556401458 1.4271163556401458
sogeking 1 4.605170185988092 4.605170185988092
soldier 1 2.302585092994046 2.302585092994046
solid 1 0.09431067947124142 0.09431067947124142
solving 1 3.912023005428146 3.912023005428146
soma 1 3.912023005428146 3.912023005428146
something 1 2.302585092994046 2.302585092994046
song 1 1.3470736479666094 1.3470736479666094
sonic 1 4.605170185988092 4.605170185988092
sony 1 4.605170185988092 4.605170185988092
soon 1 1.8325814637483102 1.8325814637483102
sorezore 1 4.605170185988092 4.605170185988092
sorrow 1 3.506557897319982 3.506557897319982
sorrowful 1 4.605170185988092 4.605170185988092
soshi 1 4.605170185988092 4.605170185988092
sotaro 1 4.605170185988092 4.605170185988092
sound 1 1.7719568419318754 1.7719568419318754
soundtrack 1 2.659260036932778 2.659260036932778
source 1 0.5798184952529422 0.5798184952529422
sousuke 1 4.605170185988092 4.605170185988092
spasm 1 4.605170185988092 4.605170185988092
special 1 0.0 0.0
speech 1 2.5257286443082556 2.5257286443082556
spend 1 3.2188758248682006 3.2188758248682006
spirit 1 1.7147984280919266 1.7147984280919266
spirited 1 4.605170185988092 4.605170185988092
stadium 1 2.0402208285265546 2.0402208285265546
staff 1 1.6607312068216509 1.6607312068216509
stampede 1 4.605170185988092 4.605170185988092
standard 1 1.6607312068216509 1.6607312068216509
star 1 0.9675840262617057 0.9675840262617057
start 1 1.4271163556401458 1.4271163556401458
starting 1 1.8971199848858813 1.8971199848858813
state 1 0.3147107448397002 0.3147107448397002
statement 1 0.0 0.0
station 1 1.8325814637483102 1.8325814637483102
statistic 1 0.0 0.0
statue 1 3.912023005428146 3.912023005428146
stealthy 1 4.605170185988092 4.605170185988092
steep 1 4.605170185988092 4.605170185988092
step 1 2.120263536200091 2.120263536200091
stephanie 1 2.995732273553991 2.995732273553991
still 1 0.9416085398584451 0.9416085398584451
stolen 1 3.2188758248682006 3.2188758248682006
stone 1 1.8971199848858813 1.8971199848858813
stood 1 3.2188758248682006 3.2188758248682006
storage 1 3.506557897319982 3.506557897319982
store 1 2.5257286443082556 2.5257286443082556
storm 1 2.302585092994046 2.302585092994046
story 1 1.5606477482646683 1.5606477482646683
strange 1 2.659260036932778 2.659260036932778
straw 1 4.605170185988092 4.605170185988092
strength 1 2.407945608651872 2.407945608651872
strike 1 2.207274913189721 2.207274913189721
string 1 2.995732273553991 2.995732273553991
strong 1 1.6607312068216509 1.6607312068216509
strongest 1 3.2188758248682006 3.2188758248682006
stronghold 1 3.506557897319982 3.506557897319982
studio 1 1.8971199848858813 1.8971199848858813
subsection 1 0.3424903089467759 0.3424903089467759
subtitle 1 3.506557897319982 3.506557897319982
suddenly 1 3.2188758248682006 3.2188758248682006
sugasaka 1 4.605170185988092 4.605170185988092
suggestion 1 2.995732273553991 2.995732273553991
sugitemo 1 4.605170185988092 4.605170185988092
suitei 1 4.605170185988092 4.605170185988092
suke 1 4.605170185988092 4.605170185988092
sukuenai 1 4.605170185988092 4.605170185988092
sun 1 1.6607312068216509 1.6607312068216509
sunday 1 1.9661128563728327 1.9661128563728327
sunny 1 4.605170185988092 4.605170185988092
sunrise 1 3.506557897319982 3.506557897319982
sunzen 1 4.605170185988092 4.605170185988092
super 1 2.302585092994046 2.302585092994046
sure 1 2.659260036932778 2.659260036932778
surfacing 1 4.605170185988092 4.605170185988092
surfer 1 3.506557897319982 3.506557897319982
surprising 1 3.2188758248682006 3.2188758248682006
suspicious 1 3.506557897319982 3.506557897319982
suzuki 1 4.605170185988092 4.605170185988092
sword 1 2.302585092994046 2.302585092994046
swordsman 1 3.912023005428146 3.912023005428146
symbol 1 2.0402208285265546 2.0402208285265546
synth 1 4.605170185988092 4.605170185988092
synthe 1 4.605170185988092 4.605170185988092
system 1 0.9162907318741551 0.9162907318741551
table 1 0.0 0.0
tackey 1 4.605170185988092 4.605170185988092
tada 1 4.605170185988092 4.605170185988092
tadashi 1 4.605170185988092 4.605170185988092
tagai 1 4.605170185988092 4.605170185988092
tagata 1 4.605170185988092 4.605170185988092
tago 1 4.605170185988092 4.605170185988092
taihou 1 4.605170185988092 4.605170185988092
taikai 1 4.605170185988092 4.605170185988092
taiy 1 4.605170185988092 4.605170185988092
taiyou 1 4.605170185988092 4.605170185988092
takada 1 4.605170185988092 4.605170185988092
takahara 1 4.605170185988092 4.605170185988092
takahashi 1 4.605170185988092 4.605170185988092
takako 1 4.605170185988092 4.605170185988092
takakuwa 1 4.605170185988092 4.605170185988092
takami 1 4.605170185988092 4.605170185988092
takashi 1 3.912023005428146 3.912023005428146
takayuki 1 4.605170185988092 4.605170185988092
take 1 0.9675840262617057 0.9675840262617057
takeda 1 4.605170185988092 4.605170185988092
takemura 1 4.605170185988092 4.605170185988092
takeoff 1 4.605170185988092 4.605170185988092
takeshi 1 3.912023005428146 3.912023005428146
takeshima 1 4.605170185988092 4.605170185988092
takigawa 1 4.605170185988092 4.605170185988092
takumi 1 4.605170185988092 4.605170185988092
talk 1 0.0 0.0
talking 1 2.8134107167600364 2.8134107167600364
tamami 1 4.605170185988092 4.605170185988092
tamao 1 4.605170185988092 4.605170185988092
tame 1 4.605170185988092 4.605170185988092
tanaka 1 3.2188758248682006 3.2188758248682006
taniguchi 1 4.605170185988092 4.605170185988092
taste 1 4.605170185988092 4.605170185988092
tatsu 1 4.605170185988092 4.605170185988092
taxi 1 4.605170185988092 4.605170185988092
tdhlist 1 0.1392620673335076 0.1392620673335076
team 1 1.0498221244986776 1.0498221244986776
tear 1 3.2188758248682006 3.2188758248682006
tearbridge 1 4.605170185988092 4.605170185988092
telesnails 1 4.605170185988092 4.605170185988092
television 1 1.6607312068216509 1.6607312068216509
telling 1 2.8134107167600364 2.8134107167600364
telop 1 4.605170185988092 4.605170185988092
tempest 1 4.605170185988092 4.605170185988092
template 1 0.0 0.0
tenor 1 3.912023005428146 3.912023005428146
teppei 1 4.605170185988092 4.605170185988092
terashima 1 4.605170185988092 4.605170185988092
term 1 0.0 0.0
terrible 1 2.995732273553991 2.995732273553991
terror 1 3.2188758248682006 3.2188758248682006
tetsuya 1 4.605170185988092 4.605170185988092
texas 1 1.8971199848858813 1.8971199848858813
texsus 1 4.605170185988092 4.605170185988092
text 1 0.0 0.0
thanksgiving 1 3.912023005428146 3.912023005428146
thats 1 2.5257286443082556 2.5257286443082556
thbodyskinresponsive 1 0.3147107448397002 0.3147107448397002
theme 1 2.302585092994046 2.302585092994046
there 1 3.2188758248682006 3.2188758248682006
thief 1 3.912023005428146 3.912023005428146
thing 1 1.5606477482646683 1.5606477482646683
third 1 0.9162907318741551 0.9162907318741551
thor 1 3.2188758248682006 3.2188758248682006
thought 1 1.8971199848858813 1.8971199848858813
thousand 1 1.9661128563728327 1.9661128563728327
three 1 0.5798184952529422 0.5798184952529422
throttle 1 3.912023005428146 3.912023005428146
tight 1 3.912023005428146 3.912023005428146
time 1 0.28768207245178085 0.28768207245178085
tina 1 4.605170185988092 4.605170185988092
title 1 0.9162907318741551 0.9162907318741551
tobiagare 1 4.605170185988092 4.605170185988092
tobidase 1 4.605170185988092 4.605170185988092
togame 1 4.605170185988092 4.605170185988092
together 1 1.5141277326297755 1.5141277326297755
toggle 1 0.010050335853501506 0.010050335853501506
tohoshinki 1 4.605170185988092 4.605170185988092
tokeidai 1 4.605170185988092 4.605170185988092
tokubetsu 1 4.605170185988092 4.605170185988092
tokyo 1 3.2188758248682006 3.2188758248682006
tomas 1 3.912023005428146 3.912023005428146
tomato 1 3.2188758248682006 3.2188758248682006
tomoko 1 4.605170185988092 4.605170185988092
tomorrow 1 2.995732273553991 2.995732273553991
tomoyuki 1 4.605170185988092 4.605170185988092
tony 1 1.8325814637483102 1.8325814637483102
tool 1 0.0 0.0
top 1 0.010050335853501506 0.010050335853501506
topic 1 0.0 0.0
toriko 1 4.605170185988092 4.605170185988092
torimonoch 1 4.605170185988092 4.605170185988092
torimonochou 1 4.605170185988092 4.605170185988092
torn 1 3.506557897319982 3.506557897319982
toro 1 3.506557897319982 3.506557897319982
toshiaki 1 4.605170185988092 4.605170185988092
toshiyuki 1 4.605170185988092 4.605170185988092
toss 1 3.912023005428146 3.912023005428146
total 1 0.0 0.0
totoojisan 1 4.605170185988092 4.605170185988092
touhoushinki 1 4.605170185988092 4.605170185988092
toujou 1 4.605170185988092 4.605170185988092
tour 1 2.5257286443082556 2.5257286443082556
toward 1 2.207274913189721 2.207274913189721
tower 1 2.5257286443082556 2.5257286443082556
town 1 2.302585092994046 2.302585092994046
toy 1 3.506557897319982 3.506557897319982
track 1 1.7719568419318754 1.7719568419318754
trackdown 1 4.605170185988092 4.605170185988092
trademark 1 0.0 0.0
tragedy 1 3.912023005428146 3.912023005428146
tragic 1 2.8134107167600364 2.8134107167600364
training 1 1.6094379124341003 1.6094379124341003
transform 1 3.506557897319982 3.506557897319982
transformation 1 2.8134107167600364 2.8134107167600364
trap 1 3.2188758248682006 3.2188758248682006
trax 1 3.912023005428146 3.912023005428146
treasure 1 3.2188758248682006 3.2188758248682006
trembling 1 4.605170185988092 4.605170185988092
tribe 1 2.8134107167600364 2.8134107167600364
triplane 1 4.605170185988092 4.605170185988092
triumph 1 3.2188758248682006 3.2188758248682006
trombone 1 3.912023005428146 3.912023005428146
trouble 1 2.995732273553991 2.995732273553991
trump 1 3.2188758248682006 3.2188758248682006
trumpet 1 3.2188758248682006 3.2188758248682006
trumpeting 1 4.605170185988092 4.605170185988092
trumphful 1 4.605170185988092 4.605170185988092
tsubasa 1 4.605170185988092 4.605170185988092
tsugita 1 4.605170185988092 4.605170185988092
tsujinaka 1 4.605170185988092 4.605170185988092
tsukahara 1 4.605170185988092 4.605170185988092
tsuki 1 4.605170185988092 4.605170185988092
tsuru 1 4.605170185988092 4.605170185988092
tsuzuku 1 4.605170185988092 4.605170185988092
ttatsuten 1 4.605170185988092 4.605170185988092
tuba 1 3.912023005428146 3.912023005428146
turn 1 2.0402208285265546 2.0402208285265546
turtle 1 4.605170185988092 4.605170185988092
tvserie 1 4.605170185988092 4.605170185988092
tvseries 1 4.605170185988092 4.605170185988092
tvxq 1 4.605170185988092 4.605170185988092
twinkle 1 4.605170185988092 4.605170185988092
two 1 0.43078291609245434 0.43078291609245434
tyct 1 4.605170185988092 4.605170185988092
type 1 1.2729656758128876 1.2729656758128876
uchida 1 3.912023005428146 3.912023005428146
uehara 1 4.605170185988092 4.605170185988092
ulpaddingem 1 0.1392620673335076 0.1392620673335076
ultimate 1 2.302585092994046 2.302585092994046
ultrasonic 1 4.605170185988092 4.605170185988092
umi 1 3.912023005428146 3.912023005428146
underground 1 2.5257286443082556 2.5257286443082556
universal 1 2.407945608651872 2.407945608651872
unlimited 1 2.995732273553991 2.995732273553991
untergehen 1 4.605170185988092 4.605170185988092
upload 1 0.0 0.0
upon 1 1.2729656758128876 1.2729656758128876
upsurge 1 4.605170185988092 4.605170185988092
us 1 1.6094379124341003 1.6094379124341003
usb 1 3.912023005428146 3.912023005428146
use 1 0.0 0.0
used 1 0.8675005677047231 0.8675005677047231
using 1 0.0 0.0
usodabada 1 4.605170185988092 4.605170185988092
usopp 1 4.605170185988092 4.605170185988092
usopps 1 4.605170185988092 4.605170185988092
usoppu 1 4.605170185988092 4.605170185988092
usual 1 2.995732273553991 2.995732273553991
uta 1 4.605170185988092 4.605170185988092
utae 1 4.605170185988092 4.605170185988092
utc 1 0.0 0.0
uunan 1 4.605170185988092 4.605170185988092
uuuuus 1 4.605170185988092 4.605170185988092
vain 1 3.912023005428146 3.912023005428146
valle 1 3.506557897319982 3.506557897319982
var 1 0.0 0.0
various 1 1.5141277326297755 1.5141277326297755
veira 1 4.605170185988092 4.605170185988092
velazquez 1 4.605170185988092 4.605170185988092
velvet 1 4.605170185988092 4.605170185988092
veoh 1 4.605170185988092 4.605170185988092
ver 1 4.605170185988092 4.605170185988092
version 1 0.0 0.0
versionmember 1 4.605170185988092 4.605170185988092
versus 1 3.506557897319982 3.506557897319982
vgmdb 1 4.605170185988092 4.605170185988092
vgmdbnet 1 4.605170185988092 4.605170185988092
vic 1 3.2188758248682006 3.2188758248682006
victor 1 2.8134107167600364 2.8134107167600364
victory 1 1.6094379124341003 1.6094379124341003
video 1 1.3862943611198906 1.3862943611198906
view 1 0.0 0.0
village 1 2.659260036932778 2.659260036932778
violet 1 3.912023005428146 3.912023005428146
violin 1 3.506557897319982 3.506557897319982
vivi 1 4.605170185988092 4.605170185988092
vocal 1 2.8134107167600364 2.8134107167600364
voice 1 2.120263536200091 2.120263536200091
volume 1 1.6094379124341003 1.6094379124341003
vow 1 3.912023005428146 3.912023005428146
voyage 1 3.2188758248682006 3.2188758248682006
wakako 1 4.605170185988092 4.605170185988092
wake 1 2.407945608651872 2.407945608651872
wan 1 2.995732273553991 2.995732273553991
wano 1 4.605170185988092 4.605170185988092
wanted 1 2.207274913189721 2.207274913189721
wapol 1 4.605170185988092 4.605170185988092
war 1 0.7985076962177716 0.7985076962177716
warmth 1 4.605170185988092 4.605170185988092
warner 1 2.995732273553991 2.995732273553991
warning 1 2.5257286443082556 2.5257286443082556
warrior 1 2.407945608651872 2.407945608651872
watanabe 1 4.605170185988092 4.605170185988092
watashi 1 4.605170185988092 4.605170185988092
watch 1 1.8971199848858813 1.8971199848858813
water 1 1.5606477482646683 1.5606477482646683
wave 1 2.995732273553991 2.995732273553991
week 1 1.2729656758128876 1.2729656758128876
welcome 1 2.995732273553991 2.995732273553991
well 1 0.7765287894989963 0.7765287894989963
werde 1 4.605170185988092 4.605170185988092
wesselsky 1 4.605170185988092 4.605170185988092
westmount 1 4.605170185988092 4.605170185988092
whats 1 2.8134107167600364 2.8134107167600364
white 1 1.171182981502945 1.171182981502945
whole 1 2.120263536200091 2.120263536200091
wie 1 3.506557897319982 3.506557897319982
wiki 1 2.120263536200091 2.120263536200091
wikibase 1 2.995732273553991 2.995732273553991
wikidata 1 0.010050335853501506 0.010050335853501506
wikimedia 1 0.0 0.0
wikipedia 1 0.0 0.0
wikipedias 1 2.5257286443082556 2.5257286443082556
wildlife 1 3.506557897319982 3.506557897319982
willviolet 1 4.605170185988092 4.605170185988092
wind 1 3.506557897319982 3.506557897319982
wing 1 2.5257286443082556 2.5257286443082556
winter 1 1.8325814637483102 1.8325814637483102
wird 1 4.605170185988092 4.605170185988092
wirst 1 4.605170185988092 4.605170185988092
wish 1 2.995732273553991 2.995732273553991
witch 1 2.995732273553991 2.995732273553991
wont 1 2.8134107167600364 2.8134107167600364
woonan 1 4.605170185988092 4.605170185988092
word 1 1.6094379124341003 1.6094379124341003
work 1 0.7133498878774648 0.7133498878774648
worked 1 1.6607312068216509 1.6607312068216509
world 1 0.5108256237659907 0.5108256237659907
worst 1 2.5257286443082556 2.5257286443082556
would 1 0.7550225842780328 0.7550225842780328
wrapper 1 3.506557897319982 3.506557897319982
xcrazy 1 4.605170185988092 4.605170185988092
yaguchi 1 4.605170185988092 4.605170185988092
yaho 1 4.605170185988092 4.605170185988092
yakusoku 1 4.605170185988092 4.605170185988092
yamada 1 4.605170185988092 4.605170185988092
yamaguchi 1 4.605170185988092 4.605170185988092
yamamoto 1 4.605170185988092 4.605170185988092
yamauchi 1 4.605170185988092 4.605170185988092
yanagiman 1 4.605170185988092 4.605170185988092
yang 1 3.2188758248682006 3.2188758248682006
yao 1 4.605170185988092 4.605170185988092
yasu 1 4.605170185988092 4.605170185988092
yasuda 1 4.605170185988092 4.605170185988092
yasuharu 1 4.605170185988092 4.605170185988092
yasuhide 1 4.605170185988092 4.605170185988092
yasuhisa 1 4.605170185988092 4.605170185988092
yasumasa 1 4.605170185988092 4.605170185988092
yasunori 1 4.605170185988092 4.605170185988092
yasushi 1 4.605170185988092 4.605170185988092
year 1 0.3424903089467759 0.3424903089467759
yet 1 1.8971199848858813 1.8971199848858813
yoichi 1 4.605170185988092 4.605170185988092
yokubou 1 4.605170185988092 4.605170185988092
yomigaetta 1 4.605170185988092 4.605170185988092
yonemitsu 1 4.605170185988092 4.605170185988092
yoru 1 4.605170185988092 4.605170185988092
yoshida 1 3.912023005428146 3.912023005428146
yoshifumi 1 4.605170185988092 4.605170185988092
yoshio 1 4.605170185988092 4.605170185988092
young 1 1.2378743560016172 1.2378743560016172
yps 1 4.605170185988092 4.605170185988092
yuichi 1 4.605170185988092 4.605170185988092
yuki 1 4.605170185988092 4.605170185988092
yukihiko 1 4.605170185988092 4.605170185988092
yuko 1 4.605170185988092 4.605170185988092
yume 1 4.605170185988092 4.605170185988092
yumemiru 1 4.605170185988092 4.605170185988092
yurari 1 4.605170185988092 4.605170185988092
yureru 1 4.605170185988092 4.605170185988092
yuriko 1 4.605170185988092 4.605170185988092
yuto 1 4.605170185988092 4.605170185988092
yuuzora 1 4.605170185988092 4.605170185988092
zeit 1 3.912023005428146 3.912023005428146
zenkyu 1 4.605170185988092 4.605170185988092
zet 1 4.605170185988092 4.605170185988092
zone 1 2.407945608651872 2.407945608651872
zoro 1 4.605170185988092 4.605170185988092
zoros 1 4.605170185988092 4.605170185988092
zun 1 3.912023005428146 3.912023005428146
zur 1 3.2188758248682006 3.2188758248682006
