acc 1 4.605170185988092 4.605170185988092
account 1 0.0 0.0
action 1 0.0 0.0
adam 1 1.5141277326297755 1.5141277326297755
adamn 1 4.605170185988092 4.605170185988092
add 1 0.0 0.0
additional 1 0.0 0.0
advanced 1 2.407945608651872 2.407945608651872
age 1 0.7985076962177716 0.7985076962177716
agree 1 0.0 0.0
albeck 1 4.605170185988092 4.605170185988092
alert 1 2.995732273553991 2.995732273553991
alike 1 0.0 0.0
allowed 1 1.7719568419318754 1.7719568419318754
allstate 1 4.605170185988092 4.605170185988092
alltime 1 3.2188758248682006 3.2188758248682006
although 1 1.4696759700589417 1.4696759700589417
altman 1 4.605170185988092 4.605170185988092
amassed 1 4.605170185988092 4.605170185988092
american 1 0.5276327420823719 0.5276327420823719
amid 1 2.995732273553991 2.995732273553991
amp 1 0.4620354595965586 0.4620354595965586
anderson 1 2.302585092994046 2.302585092994046
andrew 1 1.5141277326297755 1.5141277326297755
announced 1 1.2039728043259361 1.2039728043259361
another 1 0.9675840262617057 0.9675840262617057
apke 1 4.605170185988092 4.605170185988092
appearance 1 0.0 0.0
apply 1 0.0 0.0
archived 1 0.47803580094299974 0.47803580094299974
area 1 1.2729656758128876 1.2729656758128876
arizona 1 2.659260036932778 2.659260036932778
article 1 0.0 0.0
assist 1 2.5257286443082556 2.5257286443082556
assistant 1 1.7147984280919266 1.7147984280919266
associated 1 1.4696759700589417 1.4696759700589417
athletics 1 2.8134107167600364 2.8134107167600364
atlantic 1 2.207274913189721 2.207274913189721
attribution 1 0.0 0.0
auburn 1 3.506557897319982 3.506557897319982
auto 1 0.1392620673335076 0.1392620673335076
available 1 0.0 0.0
averaged 1 4.605170185988092 4.605170185988092
award 1 1.171182981502945 1.171182981502945
bachelor 1 2.995732273553991 2.995732273553991
back 1 1.0216512475319812 1.0216512475319812
backlash 1 3.912023005428146 3.912023005428146
baker 1 2.120263536200091 2.120263536200091
ball 1 1.8971199848858813 1.8971199848858813
ballpresscom 1 4.605170185988092 4.605170185988092
barnes 1 3.506557897319982 3.506557897319982
barnett 1 4.605170185988092 4.605170185988092
barone 1 3.912023005428146 3.912023005428146
bartow 1 4.605170185988092 4.605170185988092
baseball 1 2.5257286443082556 2.5257286443082556
basketball 1 2.659260036932778 2.659260036932778
bawden 1 4.605170185988092 4.605170185988092
beal 1 4.605170185988092 4.605170185988092
beat 1 2.120263536200091 2.120263536200091
became 1 0.7133498878774648 0.7133498878774648
began 1 0.8675005677047231 0.8675005677047231
behind 1 1.8971199848858813 1.8971199848858813
belleville 1 4.605170185988092 4.605170185988092
ben 1 2.207274913189721 2.207274913189721
bench 1 2.995732273553991 2.995732273553991
bender 1 4.605170185988092 4.605170185988092
benjamin 1 2.0402208285265546 2.0402208285265546
berth 1 3.506557897319982 3.506557897319982
best 1 1.0216512475319812 1.0216512475319812
bestever 1 4.605170185988092 4.605170185988092
bid 1 2.5257286443082556 2.5257286443082556
big 1 1.3862943611198906 1.3862943611198906
binnewies 1 4.605170185988092 4.605170185988092
biographical 1 2.659260036932778 2.659260036932778
birth 1 1.1394342831883648 1.1394342831883648
blocked 1 3.506557897319982 3.506557897319982
bob 1 1.8971199848858813 1.8971199848858813
boilermakers 1 4.605170185988092 4.605170185988092
born 1 1.1394342831883648 1.1394342831883648
borzello 1 4.605170185988092 4.605170185988092
bounceback 1 4.605170185988092 4.605170185988092
box 1 2.5257286443082556 2.5257286443082556
boyd 1 2.407945608651872 2.407945608651872
brady 1 2.8134107167600364 2.8134107167600364
breda 1 4.605170185988092 4.605170185988092
brian 1 1.6607312068216509 1.6607312068216509
brown 1 1.6607312068216509 1.6607312068216509
bryce 1 4.605170185988092 4.605170185988092
buford 1 3.506557897319982 3.506557897319982
business 1 1.6094379124341003 1.6094379124341003
byars 1 4.605170185988092 4.605170185988092
byington 1 4.605170185988092 4.605170185988092
california 1 1.4696759700589417 1.4696759700589417
calipari 1 4.605170185988092 4.605170185988092
campaign 1 1.6607312068216509 1.6607312068216509
capel 1 4.605170185988092 4.605170185988092
cardinal 1 2.995732273553991 2.995732273553991
career 1 1.2729656758128876 1.2729656758128876
carlson 1 3.2188758248682006 3.2188758248682006
carolina 1 1.7147984280919266 1.7147984280919266
carthy 1 3.506557897319982 3.506557897319982
catcher 1 3.506557897319982 3.506557897319982
category 1 0.0 0.0
caught 1 2.8134107167600364 2.8134107167600364
centerpx 1 0.0408219945202552 0.0408219945202552
central 1 1.07880966137193 1.07880966137193
champion 1 1.3862943611198906 1.3862943611198906
championship 1 1.5606477482646683 1.5606477482646683
change 1 0.0 0.0
charles 1 1.171182981502945 1.171182981502945
chipman 1 4.605170185988092 4.605170185988092
citation 1 0.0408219945202552 0.0408219945202552
cite 1 0.0 0.0
citeweb 1 0.5447271754416719 0.5447271754416719
clark 1 1.6607312068216509 1.6607312068216509
clifford 1 2.5257286443082556 2.5257286443082556
coach 1 1.7719568419318754 1.7719568419318754
coached 1 2.995732273553991 2.995732273553991
coachesthcentury 1 4.605170185988092 4.605170185988092
coaching 1 2.995732273553991 2.995732273553991
coast 1 2.207274913189721 2.207274913189721
code 1 0.0 0.0
cody 1 4.605170185988092 4.605170185988092
cogdal 1 4.605170185988092 4.605170185988092
college 1 1.1394342831883648 1.1394342831883648
collie 1 4.605170185988092 4.605170185988092
collinsville 1 4.605170185988092 4.605170185988092
collum 1 4.605170185988092 4.605170185988092
colorado 1 1.8971199848858813 1.8971199848858813
commodore 1 3.912023005428146 3.912023005428146
common 1 0.0 0.0
compiled 1 3.2188758248682006 3.2188758248682006
conduct 1 0.0 0.0
conference 1 1.3862943611198906 1.3862943611198906
connecticut 1 2.207274913189721 2.207274913189721
consecutive 1 2.8134107167600364 2.8134107167600364
considered 1 1.3862943611198906 1.3862943611198906
contact 1 0.0 0.0
content 1 0.0 0.0
context 1 0.010050335853501506 0.010050335853501506
contribute 1 0.0 0.0
contribution 1 0.0 0.0
controversy 1 2.407945608651872 2.407945608651872
cookie 1 0.0 0.0
cookiematch 1 0.0 0.0
cooper 1 2.120263536200091 2.120263536200091
corey 1 3.2188758248682006 3.2188758248682006
counseling 1 4.605170185988092 4.605170185988092
counterlistitema 1 0.127833371509885 0.127833371509885
create 1 0.0 0.0
creative 1 0.0 0.0
crew 1 2.207274913189721 2.207274913189721
crisshawn 1 4.605170185988092 4.605170185988092
crum 1 4.605170185988092 4.605170185988092
csmaintcolorf 1 0.06187540371808745 0.06187540371808745
csmaintcolorfmedia 1 0.0408219945202552 0.0408219945202552
cswsicon 1 0.0408219945202552 0.0408219945202552
current 1 0.0 0.0
dame 1 2.995732273553991 2.995732273553991
dan 1 1.7719568419318754 1.7719568419318754
davis 1 1.6607312068216509 1.6607312068216509
dealt 1 3.506557897319982 3.506557897319982
deceive 1 4.605170185988092 4.605170185988092
defeated 1 2.407945608651872 2.407945608651872
defeating 1 2.407945608651872 2.407945608651872
degree 1 1.7719568419318754 1.7719568419318754
delete 1 4.605170185988092 4.605170185988092
denotes 1 3.506557897319982 3.506557897319982
denton 1 3.912023005428146 3.912023005428146
derrick 1 3.912023005428146 3.912023005428146
description 1 0.07257069283483537 0.07257069283483537
despite 1 1.1394342831883648 1.1394342831883648
detail 1 1.6094379124341003 1.6094379124341003
detrimental 1 4.605170185988092 4.605170185988092
developer 1 0.0 0.0
directed 1 2.120263536200091 2.120263536200091
disappointing 1 3.506557897319982 3.506557897319982
disclaimer 1 0.0 0.0
dismissed 1 2.8134107167600364 2.8134107167600364
dismisses 1 4.605170185988092 4.605170185988092
division 1 1.2729656758128876 1.2729656758128876
dixon 1 3.912023005428146 3.912023005428146
dobbs 1 4.605170185988092 4.605170185988092
doc 1 4.605170185988092 4.605170185988092
donate 1 0.0 0.0
donewald 1 4.605170185988092 4.605170185988092
donovan 1 3.2188758248682006 3.2188758248682006
dont 1 1.9661128563728327 1.9661128563728327
download 1 0.0 0.0
drew 1 2.659260036932778 2.659260036932778
dtaftercontent 1 0.127833371509885 0.127833371509885
duke 1 2.120263536200091 2.120263536200091
durham 1 2.995732273553991 2.995732273553991
duty 1 2.5257286443082556 2.5257286443082556
eager 1 4.605170185988092 4.605170185988092
eagle 1 1.9661128563728327 1.9661128563728327
early 1 0.6348782724359695 0.6348782724359695
earned 1 2.207274913189721 2.207274913189721
earning 1 3.912023005428146 3.912023005428146
east 1 1.0498221244986776 1.0498221244986776
eaves 1 3.912023005428146 3.912023005428146
eddie 1 2.659260036932778 2.659260036932778
edward 1 1.5606477482646683 1.5606477482646683
ejected 1 4.605170185988092 4.605170185988092
ekker 1 4.605170185988092 4.605170185988092
eliminated 1 2.8134107167600364 2.8134107167600364
elli 1 2.659260036932778 2.659260036932778
encyclopedia 1 0.0 0.0
end 1 0.7985076962177716 0.7985076962177716
ended 1 2.0402208285265546 2.0402208285265546
english 1 0.0 0.0
enrolled 1 2.995732273553991 2.995732273553991
ensued 1 3.912023005428146 3.912023005428146
espn 1 3.506557897319982 3.506557897319982
espncom 1 3.506557897319982 3.506557897319982
eugene 1 2.659260036932778 2.659260036932778
evaluated 1 4.605170185988092 4.605170185988092
evans 1 2.207274913189721 2.207274913189721
even 1 1.1394342831883648 1.1394342831883648
event 1 0.0 0.0
eventual 1 2.995732273553991 2.995732273553991
ever 1 1.7147984280919266 1.7147984280919266
exceeding 1 4.605170185988092 4.605170185988092
excoach 1 4.605170185988092 4.605170185988092
exp 1 0.0 0.0
fame 1 2.207274913189721 2.207274913189721
fan 1 1.7147984280919266 1.7147984280919266
far 1 1.6607312068216509 1.6607312068216509
featured 1 2.120263536200091 2.120263536200091
february 1 0.27443684570176036 0.27443684570176036
fell 1 2.5257286443082556 2.5257286443082556
fellow 1 2.120263536200091 2.120263536200091
fifth 1 2.120263536200091 2.120263536200091
file 1 0.0 0.0
final 1 0.9942522733438669 0.9942522733438669
finale 1 2.8134107167600364 2.8134107167600364
finish 1 2.407945608651872 2.407945608651872
finished 1 2.0402208285265546 2.0402208285265546
finishing 1 2.407945608651872 2.407945608651872
fired 1 2.995732273553991 2.995732273553991
first 1 0.1508228897345837 0.1508228897345837
firstteam 1 3.912023005428146 3.912023005428146
five 1 1.0216512475319812 1.0216512475319812
fletcher 1 3.2188758248682006 3.2188758248682006
flint 1 3.912023005428146 3.912023005428146
floor 1 2.207274913189721 2.207274913189721
florida 1 1.9661128563728327 1.9661128563728327
floyd 1 2.8134107167600364 2.8134107167600364
fogler 1 4.605170185988092 4.605170185988092
following 1 0.7133498878774648 0.7133498878774648
footage 1 2.8134107167600364 2.8134107167600364
football 1 1.8325814637483102 1.8325814637483102
former 1 0.9675840262617057 0.9675840262617057
formerly 1 1.8325814637483102 1.8325814637483102
foster 1 2.207274913189721 2.207274913189721
foul 1 4.605170185988092 4.605170185988092
foundation 1 0.0 0.0
four 1 0.7985076962177716 0.7985076962177716
free 1 0.0 0.0
freije 1 4.605170185988092 4.605170185988092
freshman 1 4.605170185988092 4.605170185988092
game 1 1.2378743560016172 1.2378743560016172
garland 1 3.506557897319982 3.506557897319982
garner 1 3.912023005428146 3.912023005428146
gehee 1 4.605170185988092 4.605170185988092
gene 1 2.995732273553991 2.995732273553991
general 1 0.0 0.0
george 1 1.07880966137193 1.07880966137193
georgia 1 2.302585092994046 2.302585092994046
get 1 0.0 0.0
gillispie 1 4.605170185988092 4.605170185988092
goff 1 3.506557897319982 3.506557897319982
going 1 1.8325814637483102 1.8325814637483102
goodman 1 4.605170185988092 4.605170185988092
got 1 2.302585092994046 2.302585092994046
gottfried 1 3.912023005428146 3.912023005428146
graduated 1 2.5257286443082556 2.5257286443082556
graduation 1 4.605170185988092 4.605170185988092
greater 1 2.302585092994046 2.302585092994046
green 1 1.171182981502945 1.171182981502945
greene 1 3.2188758248682006 3.2188758248682006
grgurich 1 4.605170185988092 4.605170185988092
grinnell 1 3.506557897319982 3.506557897319982
guard 1 2.0402208285265546 2.0402208285265546
guy 1 2.407945608651872 2.407945608651872
haaren 1 4.605170185988092 4.605170185988092
hall 1 1.3470736479666094 1.3470736479666094
hamilton 1 2.120263536200091 2.120263536200091
hand 1 1.3862943611198906 1.3862943611198906
harper 1 2.995732273553991 2.995732273553991
harrison 1 2.302585092994046 2.302585092994046
harry 1 2.120263536200091 2.120263536200091
harvard 1 3.2188758248682006 3.2188758248682006
hayes 1 2.5257286443082556 2.5257286443082556
head 1 1.1086626245216111 1.1086626245216111
heard 1 2.659260036932778 2.659260036932778
helm 1 3.506557897319982 3.506557897319982
help 1 0.0 0.0
helped 1 2.207274913189721 2.207274913189721
henson 1 4.605170185988092 4.605170185988092
herrin 1 4.605170185988092 4.605170185988092
hickey 1 4.605170185988092 4.605170185988092
hidden 1 0.010050335853501506 0.010050335853501506
hide 1 0.0 0.0
high 1 0.9416085398584451 0.9416085398584451
highest 1 1.7719568419318754 1.7719568419318754
highlight 1 2.407945608651872 2.407945608651872
hill 1 1.2039728043259361 1.2039728043259361
hinson 1 4.605170185988092 4.605170185988092
hired 1 2.8134107167600364 2.8134107167600364
history 1 0.0 0.0
hlist 1 0.127833371509885 0.127833371509885
hlistinline 1 0.127833371509885 0.127833371509885
hodges 1 3.2188758248682006 3.2188758248682006
hold 1 1.3470736479666094 1.3470736479666094
honor 1 1.8325814637483102 1.8325814637483102
horton 1 3.506557897319982 3.506557897319982
hough 1 3.912023005428146 3.912023005428146
houston 1 1.9661128563728327 1.9661128563728327
however 1 0.6931471805599453 0.6931471805599453
howland 1 3.506557897319982 3.506557897319982
hunt 1 2.995732273553991 2.995732273553991
iba 1 3.912023005428146 3.912023005428146
idlockfree 1 0.0408219945202552 0.0408219945202552
idlockfreeidlockfree 1 0.0408219945202552 0.0408219945202552
idlocklimited 1 0.0408219945202552 0.0408219945202552
idlockregistration 1 0.0408219945202552 0.0408219945202552
idlocksubscription 1 0.0408219945202552 0.0408219945202552
illinois 1 2.659260036932778 2.659260036932778
implemented 1 3.506557897319982 3.506557897319982
improved 1 2.5257286443082556 2.5257286443082556
inc 1 0.0 0.0
included 1 1.3093333199837622 1.3093333199837622
including 1 0.7133498878774648 0.7133498878774648
indiana 1 2.302585092994046 2.302585092994046
individual 1 1.5606477482646683 1.5606477482646683
infobox 1 0.3011050927839216 0.3011050927839216
infoboxcollegecoach 1 4.605170185988092 4.605170185988092
infoboxtable 1 0.3147107448397002 0.3147107448397002
information 1 0.0 0.0
infraction 1 4.605170185988092 4.605170185988092
injured 1 2.407945608651872 2.407945608651872
inside 1 2.0402208285265546 2.0402208285265546
interim 1 3.506557897319982 3.506557897319982
invitational 1 3.912023005428146 3.912023005428146
iowa 1 2.8134107167600364 2.8134107167600364
issued 1 3.2188758248682006 3.2188758248682006
italiano 1 1.07880966137193 1.07880966137193
item 1 0.010050335853501506 0.010050335853501506
jacob 1 2.120263536200091 2.120263536200091
jacobson 1 4.605170185988092 4.605170185988092
james 1 1.0498221244986776 1.0498221244986776
jamie 1 2.5257286443082556 2.5257286443082556
jan 1 2.0402208285265546 2.0402208285265546
jankovich 1 4.605170185988092 4.605170185988092
january 1 0.3424903089467759 0.3424903089467759
jayhawks 1 4.605170185988092 4.605170185988092
jcpurdue 1 4.605170185988092 4.605170185988092
jeff 1 1.8325814637483102 1.8325814637483102
jermaine 1 4.605170185988092 4.605170185988092
jerry 1 2.659260036932778 2.659260036932778
jeter 1 3.912023005428146 3.912023005428146
jim 1 1.4696759700589417 1.4696759700589417
job 1 2.302585092994046 2.302585092994046
joe 1 1.5141277326297755 1.5141277326297755
john 1 0.49429632181478017 0.49429632181478017
johnny 1 1.9661128563728327 1.9661128563728327
johnson 1 1.6094379124341003 1.6094379124341003
jones 1 1.5141277326297755 1.5141277326297755
josh 1 2.120263536200091 2.120263536200091
jucker 1 4.605170185988092 4.605170185988092
jump 1 0.0 0.0
junior 1 2.0402208285265546 2.0402208285265546
justice 1 1.9661128563728327 1.9661128563728327
kahoks 1 4.605170185988092 4.605170185988092
kansa 1 2.207274913189721 2.207274913189721
karnes 1 4.605170185988092 4.605170185988092
keady 1 4.605170185988092 4.605170185988092
keadys 1 4.605170185988092 4.605170185988092
keep 1 1.7719568419318754 1.7719568419318754
kennedy 1 2.407945608651872 2.407945608651872
kentucky 1 2.5257286443082556 2.5257286443082556
kerr 1 3.506557897319982 3.506557897319982
kevin 1 1.5606477482646683 1.5606477482646683
keyed 1 4.605170185988092 4.605170185988092
kithcart 1 4.605170185988092 4.605170185988092
knocked 1 2.995732273553991 2.995732273553991
kolff 1 4.605170185988092 4.605170185988092
kruger 1 3.912023005428146 3.912023005428146
langhi 1 4.605170185988092 4.605170185988092
language 1 0.0 0.0
larry 1 2.207274913189721 2.207274913189721
last 1 0.0 0.0
lb 1 4.605170185988092 4.605170185988092
leading 1 1.3093333199837622 1.3093333199837622
league 1 1.3470736479666094 1.3470736479666094
learn 1 0.0 0.0
least 1 1.8971199848858813 1.8971199848858813
leaving 1 1.7147984280919266 1.7147984280919266
led 1 1.07880966137193 1.07880966137193
lee 1 1.6607312068216509 1.6607312068216509
left 1 1.171182981502945 1.171182981502945
legendary 1 2.8134107167600364 2.8134107167600364
less 1 1.5141277326297755 1.5141277326297755
liaftercontent 1 0.127833371509885 0.127833371509885
license 1 0.0 0.0
life 1 0.5447271754416719 0.5447271754416719
link 1 0.0 0.0
lipscomb 1 4.605170185988092 4.605170185988092
living 1 1.07880966137193 1.07880966137193
locke 1 3.506557897319982 3.506557897319982
lockport 1 4.605170185988092 4.605170185988092
log 1 0.0 0.0
logged 1 0.0 0.0
lopsided 1 4.605170185988092 4.605170185988092
losing 1 2.120263536200091 2.120263536200091
loss 1 1.7147984280919266 1.7147984280919266
lost 1 1.171182981502945 1.171182981502945
louis 1 1.5141277326297755 1.5141277326297755
louisville 1 3.506557897319982 3.506557897319982
lowery 1 4.605170185988092 4.605170185988092
luther 1 2.8134107167600364 2.8134107167600364
lying 1 3.912023005428146 3.912023005428146
made 1 0.653926467406664 0.653926467406664
main 1 0.0 0.0
major 1 1.1086626245216111 1.1086626245216111
makeup 1 3.2188758248682006 3.2188758248682006
man 1 1.0498221244986776 1.0498221244986776
management 1 1.7719568419318754 1.7719568419318754
manigault 1 4.605170185988092 4.605170185988092
march 1 0.3147107448397002 0.3147107448397002
marginally 1 4.605170185988092 4.605170185988092
mark 1 1.1394342831883648 1.1394342831883648
marshall 1 2.407945608651872 2.407945608651872
martin 1 1.3470736479666094 1.3470736479666094
master 1 1.3093333199837622 1.3093333199837622
match 1 0.8675005677047231 0.8675005677047231
matt 1 1.8325814637483102 1.8325814637483102
may 1 0.0 0.0
mears 1 3.912023005428146 3.912023005428146
medium 1 0.49429632181478017 0.49429632181478017
memphis 1 3.2188758248682006 3.2188758248682006
men 1 1.2039728043259361 1.2039728043259361
menu 1 0.0 0.0
michigan 1 2.207274913189721 2.207274913189721
mike 1 1.6094379124341003 1.6094379124341003
miller 1 1.6094379124341003 1.6094379124341003
minute 1 1.6607312068216509 1.6607312068216509
missed 1 3.506557897319982 3.506557897319982
mississippi 1 2.407945608651872 2.407945608651872
missouri 1 2.659260036932778 2.659260036932778
mobile 1 0.0 0.0
molinari 1 4.605170185988092 4.605170185988092
morrison 1 2.995732273553991 2.995732273553991
morrow 1 3.2188758248682006 3.2188758248682006
moser 1 3.506557897319982 3.506557897319982
move 1 0.0 0.0
muller 1 3.506557897319982 3.506557897319982
murray 1 2.302585092994046 2.302585092994046
mvc 1 4.605170185988092 4.605170185988092
named 1 1.2039728043259361 1.2039728043259361
narrowly 1 3.2188758248682006 3.2188758248682006
nation 1 1.2729656758128876 1.2729656758128876
national 1 0.5108256237659907 0.5108256237659907
navbar 1 0.23572233352106994 0.23572233352106994
navbarfontsizemedia 1 0.3147107448397002 0.3147107448397002
navbarmini 1 0.23572233352106994 0.23572233352106994
navbox 1 0.1392620673335076 0.1392620673335076
navboxes 1 3.912023005428146 3.912023005428146
navboximage 1 0.1392620673335076 0.1392620673335076
navboxsubgroup 1 0.1392620673335076 0.1392620673335076
navboxtitle 1 0.1392620673335076 0.1392620673335076
navigation 1 0.0 0.0
nba 1 3.506557897319982 3.506557897319982
ncaa 1 2.5257286443082556 2.5257286443082556
near 1 1.8325814637483102 1.8325814637483102
nelson 1 2.407945608651872 2.407945608651872
newton 1 2.8134107167600364 2.8134107167600364
next 1 1.1086626245216111 1.1086626245216111
nit 1 4.605170185988092 4.605170185988092
nitaccomplishments 1 4.605170185988092 4.605170185988092
njcaa 1 4.605170185988092 4.605170185988092
noninterim 1 4.605170185988092 4.605170185988092
nonprofit 1 0.0 0.0
norm 1 3.506557897319982 3.506557897319982
north 1 0.8209805520698303 0.8209805520698303
notched 1 4.605170185988092 4.605170185988092
noted 1 2.120263536200091 2.120263536200091
notre 1 3.2188758248682006 3.2188758248682006
november 1 0.3011050927839216 0.3011050927839216
number 1 0.7550225842780328 0.7550225842780328
oat 1 4.605170185988092 4.605170185988092
obscenity 1 4.605170185988092 4.605170185988092
october 1 0.28768207245178085 0.28768207245178085
odom 1 4.605170185988092 4.605170185988092
official 1 0.7550225842780328 0.7550225842780328
ollibeforecontent 1 0.127833371509885 0.127833371509885
one 1 0.23572233352106994 0.23572233352106994
opening 1 1.9661128563728327 1.9661128563728327
order 1 1.171182981502945 1.171182981502945
organization 1 0.0 0.0
organizationname 1 0.010050335853501506 0.010050335853501506
original 1 0.4155154439616658 0.4155154439616658
orsborn 1 4.605170185988092 4.605170185988092
oscar 1 3.912023005428146 3.912023005428146
outright 1 3.506557897319982 3.506557897319982
outside 1 1.7147984280919266 1.7147984280919266
overall 1 1.8325814637483102 1.8325814637483102
overheard 1 4.605170185988092 4.605170185988092
overtime 1 2.995732273553991 2.995732273553991
overview 1 2.0402208285265546 2.0402208285265546
page 1 0.0 0.0
painter 1 3.2188758248682006 3.2188758248682006
palmer 1 2.995732273553991 2.995732273553991
panther 1 3.2188758248682006 3.2188758248682006
paris 1 2.0402208285265546 2.0402208285265546
pasche 1 4.605170185988092 4.605170185988092
passed 1 2.5257286443082556 2.5257286443082556
paul 1 0.8675005677047231 0.8675005677047231
pay 1 2.120263536200091 2.120263536200091
pdf 1 1.0498221244986776 1.0498221244986776
pdfprintable 1 0.0 0.0
pearl 1 3.506557897319982 3.506557897319982
pedon 1 4.605170185988092 4.605170185988092
penalty 1 2.8134107167600364 2.8134107167600364
people 1 0.49429632181478017 0.49429632181478017
per 1 1.7147984280919266 1.7147984280919266
percent 1 2.8134107167600364 2.8134107167600364
percentage 1 2.8134107167600364 2.8134107167600364
perform 1 2.302585092994046 2.302585092994046
permanent 1 0.0 0.0
permissible 1 4.605170185988092 4.605170185988092
personal 1 0.0 0.0
pgh 1 4.605170185988092 4.605170185988092
pitino 1 4.605170185988092 4.605170185988092
pitt 1 3.506557897319982 3.506557897319982
pittsburgh 1 2.8134107167600364 2.8134107167600364
place 1 0.653926467406664 0.653926467406664
placed 1 1.7147984280919266 1.7147984280919266
play 1 1.2039728043259361 1.2039728043259361
played 1 1.3862943611198906 1.3862943611198906
player 1 1.6094379124341003 1.6094379124341003
playing 1 2.120263536200091 2.120263536200091
point 1 1.2729656758128876 1.2729656758128876
policy 1 0.0 0.0
polk 1 4.605170185988092 4.605170185988092
portal 1 0.0 0.0
porter 1 2.659260036932778 2.659260036932778
post 1 1.07880966137193 1.07880966137193
postgazettecom 1 3.912023005428146 3.912023005428146
postseason 1 3.2188758248682006 3.2188758248682006
powerful 1 2.5257286443082556 2.5257286443082556
ppg 1 3.912023005428146 3.912023005428146
preseason 1 3.912023005428146 3.912023005428146
presence 1 2.207274913189721 2.207274913189721
press 1 0.7550225842780328 0.7550225842780328
presscom 1 4.605170185988092 4.605170185988092
previous 1 1.6607312068216509 1.6607312068216509
previously 1 1.8971199848858813 1.8971199848858813
printbodyns 1 0.09431067947124142 0.09431067947124142
printexport 1 0.0 0.0
printz 1 4.605170185988092 4.605170185988092
prior 1 1.8325814637483102 1.8325814637483102
privacy 1 0.0 0.0
probation 1 3.912023005428146 3.912023005428146
project 1 0.0 0.0
projected 1 3.506557897319982 3.506557897319982
purdue 1 3.912023005428146 3.912023005428146
quality 1 2.407945608651872 2.407945608651872
quarterfinal 1 2.407945608651872 2.407945608651872
ralph 1 2.120263536200091 2.120263536200091
ran 1 2.0402208285265546 2.0402208285265546
random 1 0.0 0.0
ranking 1 2.207274913189721 2.207274913189721
rattled 1 4.605170185988092 4.605170185988092
ray 1 1.7147984280919266 1.7147984280919266
reach 1 2.302585092994046 2.302585092994046
reached 1 2.302585092994046 2.302585092994046
reaching 1 2.995732273553991 2.995732273553991
read 1 0.0 0.0
rebounded 1 3.912023005428146 3.912023005428146
receive 1 2.207274913189721 2.207274913189721
received 1 1.1394342831883648 1.1394342831883648
receiving 1 1.8971199848858813 1.8971199848858813
recent 1 0.0 0.0
record 1 0.7765287894989963 0.7765287894989963
recruiting 1 3.2188758248682006 3.2188758248682006
redbird 1 4.605170185988092 4.605170185988092
reference 1 0.03045920748470844 0.03045920748470844
reflist 1 0.06187540371808745 0.06187540371808745
reflistcolumns 1 0.06187540371808745 0.06187540371808745
reg 1 0.0 0.0
registered 1 0.0 0.0
regular 1 1.5606477482646683 1.5606477482646683
related 1 0.0 0.0
remaining 1 2.302585092994046 2.302585092994046
replacing 1 2.8134107167600364 2.8134107167600364
report 1 1.1086626245216111 1.1086626245216111
reported 1 1.8325814637483102 1.8325814637483102
represented 1 1.7719568419318754 1.7719568419318754
retire 1 3.506557897319982 3.506557897319982
retired 1 1.7719568419318754 1.7719568419318754
retrieved 1 0.0 0.0
return 1 1.07880966137193 1.07880966137193
returning 1 2.207274913189721 2.207274913189721
richard 1 1.1394342831883648 1.1394342831883648
richardson 1 2.995732273553991 2.995732273553991
richmond 1 2.8134107167600364 2.8134107167600364
rico 1 3.506557897319982 3.506557897319982
ridl 1 4.605170185988092 4.605170185988092
robinson 1 2.120263536200091 2.120263536200091
rockies 1 3.2188758248682006 3.2188758248682006
rose 1 1.8325814637483102 1.8325814637483102
roster 1 2.8134107167600364 2.8134107167600364
round 1 1.3862943611198906 1.3862943611198906
route 1 2.8134107167600364 2.8134107167600364
routed 1 4.605170185988092 4.605170185988092
roy 1 2.120263536200091 2.120263536200091
rpg 1 3.912023005428146 3.912023005428146
run 1 1.171182981502945 1.171182981502945
rupp 1 3.506557897319982 3.506557897319982
russell 1 2.0402208285265546 2.0402208285265546
ryan 1 1.8325814637483102 1.8325814637483102
sacramento 1 3.506557897319982 3.506557897319982
salle 1 3.2188758248682006 3.2188758248682006
sanderson 1 4.605170185988092 4.605170185988092
saying 1 1.8325814637483102 1.8325814637483102
scandal 1 2.8134107167600364 2.8134107167600364
schertz 1 4.605170185988092 4.605170185988092
schmidt 1 2.995732273553991 2.995732273553991
school 1 0.7765287894989963 0.7765287894989963
score 1 1.6607312068216509 1.6607312068216509
scorer 1 2.995732273553991 2.995732273553991
scoring 1 2.995732273553991 2.995732273553991
screen 1 0.010050335853501506 0.010050335853501506
search 1 0.0 0.0
season 1 1.1394342831883648 1.1394342831883648
seasonending 1 3.912023005428146 3.912023005428146
sec 1 3.2188758248682006 3.2188758248682006
second 1 0.49429632181478017 0.49429632181478017
secondteam 1 4.605170185988092 4.605170185988092
secure 1 2.8134107167600364 2.8134107167600364
seed 1 3.2188758248682006 3.2188758248682006
seeded 1 4.605170185988092 4.605170185988092
semifinal 1 2.407945608651872 2.407945608651872
senior 1 2.0402208285265546 2.0402208285265546
served 1 1.4696759700589417 1.4696759700589417
seven 1 1.6094379124341003 1.6094379124341003
seventh 1 2.5257286443082556 2.5257286443082556
share 1 0.0 0.0
shared 1 2.659260036932778 2.659260036932778
sheldon 1 3.2188758248682006 3.2188758248682006
shocked 1 3.912023005428146 3.912023005428146
shooting 1 2.5257286443082556 2.5257286443082556
short 1 0.06187540371808745 0.06187540371808745
shortdescription 1 0.2613647641344075 0.2613647641344075
shortened 1 0.0 0.0
showcause 1 4.605170185988092 4.605170185988092
sidebar 1 0.0 0.0
siena 1 4.605170185988092 4.605170185988092
significant 1 2.407945608651872 2.407945608651872
since 1 0.7985076962177716 0.7985076962177716
site 1 0.0 0.0
six 1 1.3470736479666094 1.3470736479666094
sixteen 1 3.2188758248682006 3.2188758248682006
sixth 1 1.9661128563728327 1.9661128563728327
sixyear 1 4.605170185988092 4.605170185988092
skinner 1 3.2188758248682006 3.2188758248682006
slipped 1 4.605170185988092 4.605170185988092
slumped 1 4.605170185988092 4.605170185988092
smith 1 1.2039728043259361 1.2039728043259361
smithson 1 4.605170185988092 4.605170185988092
smokey 1 4.605170185988092 4.605170185988092
solid 1 0.09431067947124142 0.09431067947124142
son 1 1.3093333199837622 1.3093333199837622
southeastern 1 4.605170185988092 4.605170185988092
spark 1 2.995732273553991 2.995732273553991
special 1 0.0 0.0
sport 1 1.1394342831883648 1.1394342831883648
sportsman 1 3.2188758248682006 3.2188758248682006
sportspeople 1 3.506557897319982 3.506557897319982
stackhouse 1 4.605170185988092 4.605170185988092
staff 1 1.6607312068216509 1.6607312068216509
staffer 1 4.605170185988092 4.605170185988092
stalling 1 4.605170185988092 4.605170185988092
standing 1 1.8971199848858813 1.8971199848858813
stansbury 1 4.605170185988092 4.605170185988092
start 1 1.4271163556401458 1.4271163556401458
started 1 1.6094379124341003 1.6094379124341003
starter 1 3.506557897319982 3.506557897319982
state 1 0.3147107448397002 0.3147107448397002
statement 1 0.0 0.0
statistic 1 0.0 0.0
status 1 1.7719568419318754 1.7719568419318754
steal 1 2.8134107167600364 2.8134107167600364
stein 1 3.506557897319982 3.506557897319982
stewart 1 2.207274913189721 2.207274913189721
still 1 0.9416085398584451 0.9416085398584451
stone 1 1.8971199848858813 1.8971199848858813
stowell 1 4.605170185988092 4.605170185988092
straight 1 2.5257286443082556 2.5257286443082556
streak 1 3.2188758248682006 3.2188758248682006
strong 1 1.6607312068216509 1.6607312068216509
strongest 1 3.2188758248682006 3.2188758248682006
stround 1 4.605170185988092 4.605170185988092
struck 1 3.2188758248682006 3.2188758248682006
subsection 1 0.3424903089467759 0.3424903089467759
suffered 1 2.659260036932778 2.659260036932778
summer 1 1.5141277326297755 1.5141277326297755
surprising 1 3.2188758248682006 3.2188758248682006
surrounded 1 2.995732273553991 2.995732273553991
suspended 1 2.995732273553991 2.995732273553991
sutton 1 4.605170185988092 4.605170185988092
swank 1 4.605170185988092 4.605170185988092
sweep 1 3.912023005428146 3.912023005428146
sweet 1 3.506557897319982 3.506557897319982
swept 1 3.912023005428146 3.912023005428146
system 1 0.9162907318741551 0.9162907318741551
table 1 0.0 0.0
tablenotnotheme 1 2.302585092994046 2.302585092994046
taken 1 2.0402208285265546 2.0402208285265546
talk 1 0.0 0.0
tdhlist 1 0.1392620673335076 0.1392620673335076
team 1 1.0498221244986776 1.0498221244986776
tech 1 2.207274913189721 2.207274913189721
technical 1 2.5257286443082556 2.5257286443082556
template 1 0.0 0.0
ten 1 1.5141277326297755 1.5141277326297755
tennessean 1 3.506557897319982 3.506557897319982
tennessee 1 2.120263536200091 2.120263536200091
tenure 1 2.5257286443082556 2.5257286443082556
term 1 0.0 0.0
text 1 0.0 0.0
thbodyskinresponsive 1 0.3147107448397002 0.3147107448397002
third 1 0.9162907318741551 0.9162907318741551
thirdseeded 1 4.605170185988092 4.605170185988092
thirdteam 1 4.605170185988092 4.605170185988092
thompson 1 2.0402208285265546 2.0402208285265546
thornton 1 3.2188758248682006 3.2188758248682006
thranked 1 4.605170185988092 4.605170185988092
three 1 0.5798184952529422 0.5798184952529422
throop 1 4.605170185988092 4.605170185988092
thseeded 1 4.605170185988092 4.605170185988092
tied 1 2.5257286443082556 2.5257286443082556
tim 1 1.6607312068216509 1.6607312068216509
time 1 0.28768207245178085 0.28768207245178085
timmons 1 3.912023005428146 3.912023005428146
title 1 0.9162907318741551 0.9162907318741551
tnd 1 4.605170185988092 4.605170185988092
toggle 1 0.010050335853501506 0.010050335853501506
tom 1 1.2378743560016172 1.2378743560016172
tool 1 0.0 0.0
top 1 0.010050335853501506 0.010050335853501506
topic 1 0.0 0.0
topranked 1 3.912023005428146 3.912023005428146
total 1 0.0 0.0
tournament 1 2.8134107167600364 2.8134107167600364
towards 1 2.120263536200091 2.120263536200091
trademark 1 0.0 0.0
trailed 1 4.605170185988092 4.605170185988092
transferring 1 4.605170185988092 4.605170185988092
trd 1 4.605170185988092 4.605170185988092
tth 1 4.605170185988092 4.605170185988092
tulane 1 3.912023005428146 3.912023005428146
turgeon 1 4.605170185988092 4.605170185988092
twice 1 2.120263536200091 2.120263536200091
two 1 0.43078291609245434 0.43078291609245434
typical 1 2.995732273553991 2.995732273553991
ulpaddingem 1 0.1392620673335076 0.1392620673335076
underachieving 1 4.605170185988092 4.605170185988092
united 1 0.4155154439616658 0.4155154439616658
university 1 0.616186139423817 0.616186139423817
unless 1 2.8134107167600364 2.8134107167600364
upload 1 0.0 0.0
upset 1 3.2188758248682006 3.2188758248682006
upsetting 1 3.912023005428146 3.912023005428146
use 1 0.0 0.0
using 1 0.0 0.0
usplaying 1 4.605170185988092 4.605170185988092
utc 1 0.0 0.0
valley 1 2.120263536200091 2.120263536200091
van 1 1.7147984280919266 1.7147984280919266
vanderbilt 1 3.912023005428146 3.912023005428146
var 1 0.0 0.0
vergil 1 4.605170185988092 4.605170185988092
versace 1 4.605170185988092 4.605170185988092
version 1 0.0 0.0
victory 1 1.6094379124341003 1.6094379124341003
video 1 1.3862943611198906 1.3862943611198906
view 1 0.0 0.0
virginia 1 1.8971199848858813 1.8971199848858813
voe 1 4.605170185988092 4.605170185988092
vries 1 3.912023005428146 3.912023005428146
vte 1 0.7550225842780328 0.7550225842780328
vukovcan 1 4.605170185988092 4.605170185988092
wade 1 2.995732273553991 2.995732273553991
wallace 1 2.659260036932778 2.659260036932778
waltman 1 4.605170185988092 4.605170185988092
wardle 1 4.605170185988092 4.605170185988092
washington 1 1.2378743560016172 1.2378743560016172
wayne 1 2.302585092994046 2.302585092994046
weatherford 1 3.912023005428146 3.912023005428146
weber 1 2.8134107167600364 2.8134107167600364
week 1 1.2729656758128876 1.2729656758128876
wegner 1 4.605170185988092 4.605170185988092
weltlich 1 4.605170185988092 4.605170185988092
went 1 1.5141277326297755 1.5141277326297755
western 1 1.2039728043259361 1.2039728043259361
white 1 1.171182981502945 1.171182981502945
wichita 1 4.605170185988092 4.605170185988092
widely 1 2.995732273553991 2.995732273553991
wikidata 1 0.010050335853501506 0.010050335853501506
wikimedia 1 0.0 0.0
wikipedia 1 0.0 0.0
willard 1 3.506557897319982 3.506557897319982
william 1 1.171182981502945 1.171182981502945
williams 1 1.8971199848858813 1.8971199848858813
win 1 1.1086626245216111 1.1086626245216111
winning 1 1.8971199848858813 1.8971199848858813
winningest 1 4.605170185988092 4.605170185988092
wisconsin 1 3.2188758248682006 3.2188758248682006
wohlparth 1 4.605170185988092 4.605170185988092
worst 1 2.5257286443082556 2.5257286443082556
would 1 0.7550225842780328 0.7550225842780328
wwwballpresscom 1 4.605170185988092 4.605170185988092
year 1 0.3424903089467759 0.3424903089467759
youngest 1 2.8134107167600364 2.8134107167600364
zeise 1 4.605170185988092 4.605170185988092
zeke 1 3.912023005428146 3.912023005428146
