abauzit 1 4.605170185988092 4.605170185988092
abbe 1 4.605170185988092 4.605170185988092
abbot 1 3.506557897319982 3.506557897319982
absolutism 1 4.605170185988092 4.605170185988092
academic 1 1.8971199848858813 1.8971199848858813
acclaim 1 3.912023005428146 3.912023005428146
account 1 0.0 0.0
action 1 0.0 0.0
active 1 2.0402208285265546 2.0402208285265546
activist 1 2.407945608651872 2.407945608651872
adam 1 1.5141277326297755 1.5141277326297755
add 1 0.0 0.0
addison 1 3.912023005428146 3.912023005428146
additional 1 0.0 0.0
adoption 1 3.2188758248682006 3.2188758248682006
adriana 1 3.912023005428146 3.912023005428146
advocate 1 3.2188758248682006 3.2188758248682006
age 1 0.7985076962177716 0.7985076962177716
aged 1 2.120263536200091 2.120263536200091
ageof 1 4.605170185988092 4.605170185988092
agree 1 0.0 0.0
aide 1 3.2188758248682006 3.2188758248682006
aidedecamp 1 3.912023005428146 3.912023005428146
alembert 1 4.605170185988092 4.605170185988092
alghandoor 1 4.605170185988092 4.605170185988092
alike 1 0.0 0.0
along 1 1.4696759700589417 1.4696759700589417
also 1 0.127833371509885 0.127833371509885
ambassador 1 2.995732273553991 2.995732273553991
america 1 0.8675005677047231 0.8675005677047231
american 1 0.5276327420823719 0.5276327420823719
amp 1 0.4620354595965586 0.4620354595965586
ancient 1 2.302585092994046 2.302585092994046
antoni 1 4.605170185988092 4.605170185988092
appearance 1 0.0 0.0
appleton 1 3.912023005428146 3.912023005428146
apply 1 0.0 0.0
april 1 0.44628710262841953 0.44628710262841953
aps 1 4.605170185988092 4.605170185988092
arcadia 1 3.912023005428146 3.912023005428146
argenson 1 4.605170185988092 4.605170185988092
arrived 1 2.5257286443082556 2.5257286443082556
art 1 1.2039728043259361 1.2039728043259361
article 1 0.0 0.0
articleincorporates 1 3.912023005428146 3.912023005428146
ashley 1 3.2188758248682006 3.2188758248682006
atheism 1 3.912023005428146 3.912023005428146
attribution 1 0.0 0.0
aude 1 4.605170185988092 4.605170185988092
august 1 0.3424903089467759 0.3424903089467759
authority 1 0.8915981192837835 0.8915981192837835
auto 1 0.1392620673335076 0.1392620673335076
available 1 0.0 0.0
bacon 1 3.506557897319982 3.506557897319982
bartal 1 4.605170185988092 4.605170185988092
battle 1 1.3862943611198906 1.3862943611198906
bayle 1 4.605170185988092 4.605170185988092
bazaar 1 4.605170185988092 4.605170185988092
beattie 1 3.912023005428146 3.912023005428146
beaumarchais 1 4.605170185988092 4.605170185988092
beccaria 1 4.605170185988092 4.605170185988092
bekker 1 4.605170185988092 4.605170185988092
belarus 1 2.995732273553991 2.995732273553991
bentham 1 4.605170185988092 4.605170185988092
berkeley 1 3.506557897319982 3.506557897319982
bertel 1 4.605170185988092 4.605170185988092
biblical 1 2.995732273553991 2.995732273553991
biblio 1 4.605170185988092 4.605170185988092
bibliophile 1 4.605170185988092 4.605170185988092
biographie 1 2.995732273553991 2.995732273553991
biography 1 1.6607312068216509 1.6607312068216509
birth 1 1.1394342831883648 1.1394342831883648
black 1 0.8915981192837835 0.8915981192837835
blair 1 2.5257286443082556 2.5257286443082556
bonnet 1 4.605170185988092 4.605170185988092
book 1 0.6348782724359695 0.6348782724359695
born 1 1.1394342831883648 1.1394342831883648
boswell 1 4.605170185988092 4.605170185988092
botanist 1 3.912023005428146 3.912023005428146
boyle 1 3.912023005428146 3.912023005428146
bradbury 1 3.912023005428146 3.912023005428146
brest 1 3.2188758248682006 3.2188758248682006
bristol 1 3.912023005428146 3.912023005428146
britain 1 2.5257286443082556 2.5257286443082556
britannica 1 2.8134107167600364 2.8134107167600364
brodowski 1 4.605170185988092 4.605170185988092
brotherhood 1 2.8134107167600364 2.8134107167600364
brugh 1 4.605170185988092 4.605170185988092
budai 1 4.605170185988092 4.605170185988092
budka 1 4.605170185988092 4.605170185988092
buried 1 2.659260036932778 2.659260036932778
burke 1 3.912023005428146 3.912023005428146
burn 1 2.302585092994046 2.302585092994046
burnett 1 3.2188758248682006 3.2188758248682006
burton 1 2.995732273553991 2.995732273553991
cadalso 1 4.605170185988092 4.605170185988092
cadet 1 3.2188758248682006 3.2188758248682006
cambridge 1 2.120263536200091 2.120263536200091
cantemir 1 4.605170185988092 4.605170185988092
capital 1 2.302585092994046 2.302585092994046
capitalism 1 3.506557897319982 3.506557897319982
captivity 1 3.506557897319982 3.506557897319982
captured 1 2.407945608651872 2.407945608651872
card 1 1.7147984280919266 1.7147984280919266
career 1 1.2729656758128876 1.2729656758128876
carolina 1 1.7147984280919266 1.7147984280919266
carvalho 1 3.506557897319982 3.506557897319982
cat 1 1.5606477482646683 1.5606477482646683
category 1 0.0 0.0
catherine 1 2.995732273553991 2.995732273553991
catholic 1 2.207274913189721 2.207274913189721
cemetery 1 2.995732273553991 2.995732273553991
center 1 1.171182981502945 1.171182981502945
centerpx 1 0.0408219945202552 0.0408219945202552
central 1 1.07880966137193 1.07880966137193
chamfort 1 4.605170185988092 4.605170185988092
champeaux 1 4.605170185988092 4.605170185988092
change 1 0.0 0.0
chaplain 1 3.2188758248682006 3.2188758248682006
charles 1 1.171182981502945 1.171182981502945
chief 1 1.3862943611198906 1.3862943611198906
chisholm 1 3.912023005428146 3.912023005428146
chtelet 1 4.605170185988092 4.605170185988092
citation 1 0.0408219945202552 0.0408219945202552
cite 1 0.0 0.0
citeref 1 3.912023005428146 3.912023005428146
citerefalghandoor 1 4.605170185988092 4.605170185988092
citerefchisholm 1 3.912023005428146 3.912023005428146
citereffish 1 4.605170185988092 4.605170185988092
citerefharrison 1 4.605170185988092 4.605170185988092
citerefkneski 1 4.605170185988092 4.605170185988092
citerefknight 1 4.605170185988092 4.605170185988092
citerefkusielewicz 1 4.605170185988092 4.605170185988092
citereflach 1 4.605170185988092 4.605170185988092
citerefnew 1 4.605170185988092 4.605170185988092
citerefniemcewicz 1 4.605170185988092 4.605170185988092
citerefrobinson 1 4.605170185988092 4.605170185988092
citerefturner 1 4.605170185988092 4.605170185988092
citeweb 1 0.5447271754416719 0.5447271754416719
citizen 1 1.9661128563728327 1.9661128563728327
city 1 0.6348782724359695 0.6348782724359695
civil 1 1.7719568419318754 1.7719568419318754
claimed 1 2.207274913189721 2.207274913189721
clan 1 4.605170185988092 4.605170185988092
code 1 0.0 0.0
collected 1 2.5257286443082556 2.5257286443082556
collection 1 1.8971199848858813 1.8971199848858813
collector 1 2.8134107167600364 2.8134107167600364
collins 1 2.0402208285265546 2.0402208285265546
comedy 1 2.8134107167600364 2.8134107167600364
committee 1 1.6607312068216509 1.6607312068216509
common 1 0.0 0.0
commonwealth 1 2.995732273553991 2.995732273553991
company 1 1.2729656758128876 1.2729656758128876
compared 1 2.120263536200091 2.120263536200091
composition 1 2.407945608651872 2.407945608651872
comprising 1 4.605170185988092 4.605170185988092
concept 1 2.120263536200091 2.120263536200091
condillac 1 4.605170185988092 4.605170185988092
condorcet 1 4.605170185988092 4.605170185988092
conduct 1 0.0 0.0
confederation 1 3.2188758248682006 3.2188758248682006
congress 1 1.7147984280919266 1.7147984280919266
consequent 1 4.605170185988092 4.605170185988092
conspiracy 1 2.8134107167600364 2.8134107167600364
constable 1 3.506557897319982 3.506557897319982
constantine 1 3.506557897319982 3.506557897319982
constitution 1 2.5257286443082556 2.5257286443082556
constitutional 1 2.995732273553991 2.995732273553991
contact 1 0.0 0.0
containing 1 1.4271163556401458 1.4271163556401458
content 1 0.0 0.0
context 1 0.010050335853501506 0.010050335853501506
continental 1 2.5257286443082556 2.5257286443082556
contribute 1 0.0 0.0
contribution 1 0.0 0.0
control 1 0.7765287894989963 0.7765287894989963
cookie 1 0.0 0.0
cookiematch 1 0.0 0.0
cooper 1 2.120263536200091 2.120263536200091
copernicus 1 4.605170185988092 4.605170185988092
corp 1 2.302585092994046 2.302585092994046
correa 1 4.605170185988092 4.605170185988092
correia 1 3.912023005428146 3.912023005428146
correspondence 1 2.995732273553991 2.995732273553991
count 1 2.407945608651872 2.407945608651872
counter 1 3.506557897319982 3.506557897319982
counterlistitema 1 0.127833371509885 0.127833371509885
country 1 0.843970070294529 0.843970070294529
court 1 1.5141277326297755 1.5141277326297755
create 1 0.0 0.0
creative 1 0.0 0.0
critical 1 2.207274913189721 2.207274913189721
croatia 1 2.8134107167600364 2.8134107167600364
csmaintcolorf 1 0.06187540371808745 0.06187540371808745
csmaintcolorfmedia 1 0.0408219945202552 0.0408219945202552
cswsicon 1 0.0408219945202552 0.0408219945202552
cullen 1 4.605170185988092 4.605170185988092
cultural 1 2.5257286443082556 2.5257286443082556
current 1 0.0 0.0
cyclopaedia 1 3.912023005428146 3.912023005428146
cyclopdia 1 4.605170185988092 4.605170185988092
cyclopedia 1 4.605170185988092 4.605170185988092
czartoryski 1 4.605170185988092 4.605170185988092
czech 1 2.207274913189721 2.207274913189721
czyli 1 4.605170185988092 4.605170185988092
dashkova 1 4.605170185988092 4.605170185988092
data 1 1.3862943611198906 1.3862943611198906
database 1 0.9675840262617057 0.9675840262617057
date 1 0.3147107448397002 0.3147107448397002
daughter 1 1.5141277326297755 1.5141277326297755
ddbother 1 2.995732273553991 2.995732273553991
death 1 1.171182981502945 1.171182981502945
deathsthcentury 1 3.912023005428146 3.912023005428146
decamped 1 4.605170185988092 4.605170185988092
deism 1 4.605170185988092 4.605170185988092
deleanu 1 4.605170185988092 4.605170185988092
delegate 1 3.506557897319982 3.506557897319982
democracy 1 2.302585092994046 2.302585092994046
deputy 1 2.302585092994046 2.302585092994046
descartes 1 4.605170185988092 4.605170185988092
descent 1 2.659260036932778 2.659260036932778
described 1 1.5141277326297755 1.5141277326297755
describes 1 3.2188758248682006 3.2188758248682006
description 1 0.07257069283483537 0.07257069283483537
deutsch 1 0.9416085398584451 0.9416085398584451
deutsche 1 2.5257286443082556 2.5257286443082556
develop 1 2.659260036932778 2.659260036932778
developer 1 0.0 0.0
dictionary 1 2.407945608651872 2.407945608651872
diderot 1 4.605170185988092 4.605170185988092
died 1 1.3093333199837622 1.3093333199837622
diplomat 1 2.659260036932778 2.659260036932778
diplomatic 1 2.995732273553991 2.995732273553991
diplomatsthcentury 1 4.605170185988092 4.605170185988092
directly 1 2.659260036932778 2.659260036932778
disclaimer 1 0.0 0.0
district 1 1.4271163556401458 1.4271163556401458
document 1 2.120263536200091 2.120263536200091
dolnoserbski 1 4.605170185988092 4.605170185988092
domain 1 2.5257286443082556 2.5257286443082556
donate 1 0.0 0.0
dottedcursorhelp 1 2.120263536200091 2.120263536200091
download 1 0.0 0.0
dramatist 1 4.605170185988092 4.605170185988092
dream 1 2.0402208285265546 2.0402208285265546
dtaftercontent 1 0.127833371509885 0.127833371509885
duke 1 2.120263536200091 2.120263536200091
dzieje 1 4.605170185988092 4.605170185988092
early 1 0.6348782724359695 0.6348782724359695
ed 1 2.120263536200091 2.120263536200091
education 1 1.3470736479666094 1.3470736479666094
edward 1 1.5606477482646683 1.5606477482646683
elected 1 1.9661128563728327 1.9661128563728327
elizabeth 1 1.9661128563728327 1.9661128563728327
emigrant 1 2.8134107167600364 2.8134107167600364
emigrated 1 3.912023005428146 3.912023005428146
emigration 1 3.912023005428146 3.912023005428146
empiricism 1 4.605170185988092 4.605170185988092
encyclopaedia 1 3.506557897319982 3.506557897319982
encyclopdia 1 2.8134107167600364 2.8134107167600364
encyclopdistes 1 4.605170185988092 4.605170185988092
encyclopedia 1 0.0 0.0
england 1 1.6607312068216509 1.6607312068216509
english 1 0.0 0.0
enjoyed 1 3.912023005428146 3.912023005428146
enlightened 1 3.506557897319982 3.506557897319982
enlightenment 1 3.2188758248682006 3.2188758248682006
envoy 1 3.2188758248682006 3.2188758248682006
erin 1 2.995732273553991 2.995732273553991
espaol 1 1.1394342831883648 1.1394342831883648
esperanto 1 2.5257286443082556 2.5257286443082556
esposito 1 4.605170185988092 4.605170185988092
essay 1 2.5257286443082556 2.5257286443082556
etina 1 2.995732273553991 2.995732273553991
eugene 1 2.659260036932778 2.659260036932778
europe 1 1.5141277326297755 1.5141277326297755
euskara 1 2.659260036932778 2.659260036932778
evans 1 2.207274913189721 2.207274913189721
event 1 0.0 0.0
ever 1 1.7147984280919266 1.7147984280919266
exile 1 2.8134107167600364 2.8134107167600364
existing 1 3.506557897319982 3.506557897319982
exp 1 0.0 0.0
external 1 0.44628710262841953 0.44628710262841953
extraordinary 1 3.506557897319982 3.506557897319982
failed 1 2.302585092994046 2.302585092994046
fall 1 1.07880966137193 1.07880966137193
family 1 0.9162907318741551 0.9162907318741551
farmakidis 1 4.605170185988092 4.605170185988092
father 1 1.3093333199837622 1.3093333199837622
february 1 0.27443684570176036 0.27443684570176036
feijo 1 4.605170185988092 4.605170185988092
feraios 1 4.605170185988092 4.605170185988092
ferguson 1 2.995732273553991 2.995732273553991
fig 1 3.506557897319982 3.506557897319982
figure 1 1.3470736479666094 1.3470736479666094
file 1 0.0 0.0
final 1 0.9942522733438669 0.9942522733438669
find 1 1.3093333199837622 1.3093333199837622
first 1 0.1508228897345837 0.1508228897345837
fish 1 2.995732273553991 2.995732273553991
fiske 1 4.605170185988092 4.605170185988092
flatlist 1 4.605170185988092 4.605170185988092
fontenelle 1 4.605170185988092 4.605170185988092
fonvizin 1 4.605170185988092 4.605170185988092
foreigner 1 2.8134107167600364 2.8134107167600364
formed 1 1.7719568419318754 1.7719568419318754
fortress 1 3.506557897319982 3.506557897319982
foundation 1 0.0 0.0
founder 1 1.8971199848858813 1.8971199848858813
foundersarchivesgov 1 4.605170185988092 4.605170185988092
franais 1 0.8675005677047231 0.8675005677047231
france 1 1.2039728043259361 1.2039728043259361
franco 1 2.120263536200091 2.120263536200091
frank 1 1.7147984280919266 1.7147984280919266
franklin 1 2.407945608651872 2.407945608651872
fraternit 1 4.605170185988092 4.605170185988092
free 1 0.0 0.0
frenchlanguage 1 2.407945608651872 2.407945608651872
friend 1 1.3470736479666094 1.3470736479666094
galiani 1 4.605170185988092 4.605170185988092
galit 1 4.605170185988092 4.605170185988092
galvani 1 4.605170185988092 4.605170185988092
genealogy 1 3.506557897319982 3.506557897319982
general 1 0.0 0.0
geneva 1 3.2188758248682006 3.2188758248682006
genovesi 1 4.605170185988092 4.605170185988092
george 1 1.07880966137193 1.07880966137193
germany 1 1.4271163556401458 1.4271163556401458
get 1 0.0 0.0
gibbon 1 2.8134107167600364 2.8134107167600364
give 1 1.5141277326297755 1.5141277326297755
giving 1 2.207274913189721 2.207274913189721
godwin 1 4.605170185988092 4.605170185988092
goethe 1 3.506557897319982 3.506557897319982
gouge 1 4.605170185988092 4.605170185988092
gould 1 2.995732273553991 2.995732273553991
government 1 1.1086626245216111 1.1086626245216111
graduated 1 2.5257286443082556 2.5257286443082556
graduating 1 3.2188758248682006 3.2188758248682006
grand 1 1.7719568419318754 1.7719568419318754
grave 1 2.995732273553991 2.995732273553991
great 1 0.9675840262617057 0.9675840262617057
greece 1 2.302585092994046 2.302585092994046
grotius 1 4.605170185988092 4.605170185988092
hamilton 1 2.120263536200091 2.120263536200091
harrington 1 3.506557897319982 3.506557897319982
harrison 1 2.302585092994046 2.302585092994046
haskalah 1 4.605170185988092 4.605170185988092
hebrewlanguage 1 4.605170185988092 4.605170185988092
help 1 0.0 0.0
helvtius 1 4.605170185988092 4.605170185988092
herder 1 4.605170185988092 4.605170185988092
hersztw 1 4.605170185988092 4.605170185988092
hidden 1 0.010050335853501506 0.010050335853501506
hide 1 0.0 0.0
hillside 1 3.912023005428146 3.912023005428146
hired 1 2.8134107167600364 2.8134107167600364
historic 1 2.659260036932778 2.659260036932778
historical 1 1.8325814637483102 1.8325814637483102
history 1 0.0 0.0
historyczne 1 4.605170185988092 4.605170185988092
hlist 1 0.127833371509885 0.127833371509885
hlistinline 1 0.127833371509885 0.127833371509885
holbach 1 4.605170185988092 4.605170185988092
hooke 1 4.605170185988092 4.605170185988092
hugh 1 3.506557897319982 3.506557897319982
human 1 1.3862943611198906 1.3862943611198906
humanism 1 4.605170185988092 4.605170185988092
humboldt 1 3.912023005428146 3.912023005428146
hume 1 4.605170185988092 4.605170185988092
hutcheson 1 4.605170185988092 4.605170185988092
hutton 1 3.912023005428146 3.912023005428146
huygens 1 4.605170185988092 4.605170185988092
hyde 1 2.995732273553991 2.995732273553991
idlockfree 1 0.0408219945202552 0.0408219945202552
idlockfreeidlockfree 1 0.0408219945202552 0.0408219945202552
idlocklimited 1 0.0408219945202552 0.0408219945202552
idlockregistration 1 0.0408219945202552 0.0408219945202552
idlocksubscription 1 0.0408219945202552 0.0408219945202552
iii 1 1.7147984280919266 1.7147984280919266
imgsrc 1 1.3862943611198906 1.3862943611198906
implementation 1 3.912023005428146 3.912023005428146
imprisoned 1 2.5257286443082556 2.5257286443082556
inc 1 0.0 0.0
incai 1 4.605170185988092 4.605170185988092
incorporating 1 2.995732273553991 2.995732273553991
incredible 1 3.912023005428146 3.912023005428146
individualism 1 4.605170185988092 4.605170185988092
influence 1 2.0402208285265546 2.0402208285265546
infobox 1 0.3011050927839216 0.3011050927839216
infoboxperson 1 2.8134107167600364 2.8134107167600364
infoboxtable 1 0.3147107448397002 0.3147107448397002
information 1 0.0 0.0
institute 1 1.5141277326297755 1.5141277326297755
insurgent 1 4.605170185988092 4.605170185988092
insurrectionary 1 4.605170185988092 4.605170185988092
international 1 0.5978370007556204 0.5978370007556204
invasion 1 2.407945608651872 2.407945608651872
ipa 1 3.912023005428146 3.912023005428146
ipacen 1 4.605170185988092 4.605170185988092
ipawikipedia 1 3.912023005428146 3.912023005428146
ireland 1 2.302585092994046 2.302585092994046
isbn 1 0.9942522733438669 0.9942522733438669
isniviaffastworld 1 2.407945608651872 2.407945608651872
israel 1 1.7147984280919266 1.7147984280919266
issn 1 1.8971199848858813 1.8971199848858813
italiano 1 1.07880966137193 1.07880966137193
italy 1 2.120263536200091 2.120263536200091
item 1 0.010050335853501506 0.010050335853501506
jaucourt 1 4.605170185988092 4.605170185988092
jean 1 1.7719568419318754 1.7719568419318754
jefferson 1 3.912023005428146 3.912023005428146
jersey 1 2.120263536200091 2.120263536200091
jew 1 3.506557897319982 3.506557897319982
jewish 1 2.207274913189721 2.207274913189721
john 1 0.49429632181478017 0.49429632181478017
johnson 1 1.6094379124341003 1.6094379124341003
jonathan 1 2.302585092994046 2.302585092994046
jos 1 2.302585092994046 2.302585092994046
journal 1 1.3093333199837622 1.3093333199837622
jovellanos 1 4.605170185988092 4.605170185988092
jstor 1 1.5141277326297755 1.5141277326297755
judeo 1 4.605170185988092 4.605170185988092
julian 1 3.2188758248682006 3.2188758248682006
juljan 1 4.605170185988092 4.605170185988092
jump 1 0.0 0.0
june 1 0.40047756659712536 0.40047756659712536
kairis 1 4.605170185988092 4.605170185988092
kant 1 3.912023005428146 3.912023005428146
kantemir 1 4.605170185988092 4.605170185988092
karczewski 1 4.605170185988092 4.605170185988092
kazimierz 1 4.605170185988092 4.605170185988092
kean 1 3.912023005428146 3.912023005428146
kheraskov 1 3.912023005428146 3.912023005428146
kingdom 1 1.5141277326297755 1.5141277326297755
klein 1 3.2188758248682006 3.2188758248682006
kneski 1 4.605170185988092 4.605170185988092
knight 1 2.0402208285265546 2.0402208285265546
knowledge 1 2.302585092994046 2.302585092994046
known 1 0.7985076962177716 0.7985076962177716
kociuszko 1 4.605170185988092 4.605170185988092
koerbagh 1 4.605170185988092 4.605170185988092
koles 1 4.605170185988092 4.605170185988092
konarski 1 4.605170185988092 4.605170185988092
korais 1 4.605170185988092 4.605170185988092
kotaj 1 4.605170185988092 4.605170185988092
koziebrody 1 4.605170185988092 4.605170185988092
krasicki 1 4.605170185988092 4.605170185988092
krasiski 1 4.605170185988092 4.605170185988092
krystyn 1 4.605170185988092 4.605170185988092
kuniewski 1 4.605170185988092 4.605170185988092
kusielewicz 1 4.605170185988092 4.605170185988092
kuzniewski 1 4.605170185988092 4.605170185988092
lach 1 4.605170185988092 4.605170185988092
lafayette 1 3.912023005428146 3.912023005428146
lamb 1 3.912023005428146 3.912023005428146
land 1 1.5141277326297755 1.5141277326297755
landmark 1 2.995732273553991 2.995732273553991
lang 1 1.9661128563728327 1.9661128563728327
language 1 0.0 0.0
large 1 1.4696759700589417 1.4696759700589417
last 1 0.0 0.0
latinlanguage 1 3.506557897319982 3.506557897319982
lavoisier 1 4.605170185988092 4.605170185988092
leading 1 1.3093333199837622 1.3093333199837622
learn 1 0.0 0.0
leclerc 1 4.605170185988092 4.605170185988092
leeuwenhoek 1 4.605170185988092 4.605170185988092
leibniz 1 4.605170185988092 4.605170185988092
leipzig 1 3.912023005428146 3.912023005428146
less 1 1.5141277326297755 1.5141277326297755
lessing 1 4.605170185988092 4.605170185988092
letter 1 2.207274913189721 2.207274913189721
liaftercontent 1 0.127833371509885 0.127833371509885
liberalism 1 3.506557897319982 3.506557897319982
libert 1 4.605170185988092 4.605170185988092
liberty 1 2.8134107167600364 2.8134107167600364
license 1 0.0 0.0
lichtenberg 1 4.605170185988092 4.605170185988092
lietuvi 1 2.8134107167600364 2.8134107167600364
life 1 0.5447271754416719 0.5447271754416719
limarginbottom 1 0.9675840262617057 0.9675840262617057
link 1 0.0 0.0
literackie 1 4.605170185988092 4.605170185988092
literary 1 2.5257286443082556 2.5257286443082556
lithuanian 1 3.506557897319982 3.506557897319982
litovsk 1 4.605170185988092 4.605170185988092
living 1 1.07880966137193 1.07880966137193
livingston 1 3.912023005428146 3.912023005428146
locke 1 3.506557897319982 3.506557897319982
log 1 0.0 0.0
logged 1 0.0 0.0
lomonosov 1 4.605170185988092 4.605170185988092
london 1 1.5141277326297755 1.5141277326297755
lumires 1 4.605170185988092 4.605170185988092
mably 1 4.605170185988092 4.605170185988092
maciejowice 1 4.605170185988092 4.605170185988092
made 1 0.653926467406664 0.653926467406664
madison 1 2.659260036932778 2.659260036932778
magdalena 1 3.506557897319982 3.506557897319982
magyar 1 2.0402208285265546 2.0402208285265546
main 1 0.0 0.0
maior 1 3.912023005428146 3.912023005428146
male 1 1.6607312068216509 1.6607312068216509
man 1 1.0498221244986776 1.0498221244986776
mandeville 1 4.605170185988092 4.605170185988092
manuscript 1 2.8134107167600364 2.8134107167600364
many 1 0.7550225842780328 0.7550225842780328
march 1 0.3147107448397002 0.3147107448397002
marchal 1 4.605170185988092 4.605170185988092
marek 1 4.605170185988092 4.605170185988092
marriage 1 2.120263536200091 2.120263536200091
married 1 1.5141277326297755 1.5141277326297755
martha 1 2.8134107167600364 2.8134107167600364
mason 1 2.207274913189721 2.207274913189721
match 1 0.8675005677047231 0.8675005677047231
may 1 0.0 0.0
mdied 1 3.912023005428146 3.912023005428146
mechie 1 4.605170185988092 4.605170185988092
medium 1 0.49429632181478017 0.49429632181478017
melo 1 4.605170185988092 4.605170185988092
member 1 0.6733445532637655 0.6733445532637655
memoir 1 3.2188758248682006 3.2188758248682006
mendelssohn 1 4.605170185988092 4.605170185988092
menu 1 0.0 0.0
mercantini 1 4.605170185988092 4.605170185988092
merriam 1 4.605170185988092 4.605170185988092
meslier 1 4.605170185988092 4.605170185988092
met 1 1.8325814637483102 1.8325814637483102
method 1 1.8971199848858813 1.8971199848858813
methodological 1 4.605170185988092 4.605170185988092
mettrie 1 4.605170185988092 4.605170185988092
meyer 1 3.506557897319982 3.506557897319982
micu 1 4.605170185988092 4.605170185988092
midland 1 4.605170185988092 4.605170185988092
military 1 1.4696759700589417 1.4696759700589417
mill 1 2.302585092994046 2.302585092994046
milton 1 3.506557897319982 3.506557897319982
mission 1 2.302585092994046 2.302585092994046
mniej 1 4.605170185988092 4.605170185988092
mobile 1 0.0 0.0
moderately 1 3.912023005428146 3.912023005428146
modernity 1 4.605170185988092 4.605170185988092
montenegro 1 3.506557897319982 3.506557897319982
montesquieu 1 4.605170185988092 4.605170185988092
month 1 0.8915981192837835 0.8915981192837835
montmorency 1 4.605170185988092 4.605170185988092
monument 1 3.912023005428146 3.912023005428146
moral 1 3.506557897319982 3.506557897319982
moratn 1 4.605170185988092 4.605170185988092
morelly 1 4.605170185988092 4.605170185988092
move 1 0.0 0.0
mr 1 2.5257286443082556 2.5257286443082556
mrazovi 1 4.605170185988092 4.605170185988092
mtsvit 1 4.605170185988092 4.605170185988092
named 1 1.2039728043259361 1.2039728043259361
napoleon 1 3.506557897319982 3.506557897319982
nation 1 1.2729656758128876 1.2729656758128876
national 1 0.5108256237659907 0.5108256237659907
natural 1 1.8325814637483102 1.8325814637483102
naturalized 1 4.605170185988092 4.605170185988092
navbar 1 0.23572233352106994 0.23572233352106994
navbarfontsizemedia 1 0.3147107448397002 0.3147107448397002
navbarmini 1 0.23572233352106994 0.23572233352106994
navbox 1 0.1392620673335076 0.1392620673335076
navboximage 1 0.1392620673335076 0.1392620673335076
navboxsubgroup 1 0.1392620673335076 0.1392620673335076
navboxtitle 1 0.1392620673335076 0.1392620673335076
navigation 1 0.0 0.0
near 1 1.8325814637483102 1.8325814637483102
netherlands 1 1.7719568419318754 1.7719568419318754
new 1 0.24846135929849972 0.24846135929849972
newman 1 2.659260036932778 2.659260036932778
newton 1 2.8134107167600364 2.8134107167600364
niadecki 1 4.605170185988092 4.605170185988092
niagara 1 3.506557897319982 3.506557897319982
nicolaus 1 4.605170185988092 4.605170185988092
niemcewicz 1 4.605170185988092 4.605170185988092
niemcewitz 1 4.605170185988092 4.605170185988092
niesychany 1 4.605170185988092 4.605170185988092
nieuwentyt 1 4.605170185988092 4.605170185988092
nii 1 2.8134107167600364 2.8134107167600364
njmtsevt 1 4.605170185988092 4.605170185988092
nnarticlewhitelist 1 2.407945608651872 2.407945608651872
nnciterefpatterns 1 2.407945608651872 2.407945608651872
nnnanchoridlist 1 4.605170185988092 4.605170185988092
nntemplatelist 1 2.407945608651872 2.407945608651872
nobilitythcentury 1 4.605170185988092 4.605170185988092
noble 1 2.659260036932778 2.659260036932778
nonprofit 1 0.0 0.0
norway 1 2.120263536200091 2.120263536200091
note 1 0.8209805520698303 0.8209805520698303
notice 1 2.8134107167600364 2.8134107167600364
novel 1 2.5257286443082556 2.5257286443082556
november 1 0.3011050927839216 0.3011050927839216
novikov 1 3.912023005428146 3.912023005428146
nyemt 1 4.605170185988092 4.605170185988092
obradovi 1 3.912023005428146 3.912023005428146
observation 1 3.2188758248682006 3.2188758248682006
occupation 1 1.8971199848858813 1.8971199848858813
oise 1 4.605170185988092 4.605170185988092
old 1 1.07880966137193 1.07880966137193
ollibeforecontent 1 0.127833371509885 0.127833371509885
one 1 0.23572233352106994 0.23572233352106994
online 1 1.4696759700589417 1.4696759700589417
opalski 1 4.605170185988092 4.605170185988092
organization 1 0.0 0.0
organizationname 1 0.010050335853501506 0.010050335853501506
organized 1 2.302585092994046 2.302585092994046
origin 1 2.407945608651872 2.407945608651872
overthrow 1 3.506557897319982 3.506557897319982
pagano 1 4.605170185988092 4.605170185988092
page 1 0.0 0.0
paine 1 3.912023005428146 3.912023005428146
palace 1 2.995732273553991 2.995732273553991
pamphlet 1 3.912023005428146 3.912023005428146
panowania 1 4.605170185988092 4.605170185988092
paris 1 2.0402208285265546 2.0402208285265546
party 1 1.2378743560016172 1.2378743560016172
pascal 1 3.506557897319982 3.506557897319982
patriotic 1 3.2188758248682006 3.2188758248682006
paul 1 0.8675005677047231 0.8675005677047231
pdfprintable 1 0.0 0.0
people 1 0.49429632181478017 0.49429632181478017
permanent 1 0.0 0.0
person 1 1.5606477482646683 1.5606477482646683
personal 1 0.0 0.0
peter 1 1.3093333199837622 1.3093333199837622
petersburg 1 3.506557897319982 3.506557897319982
philadelphia 1 2.5257286443082556 2.5257286443082556
philosophical 1 3.506557897319982 3.506557897319982
philosophy 1 2.407945608651872 2.407945608651872
picture 1 2.5257286443082556 2.5257286443082556
piewy 1 4.605170185988092 4.605170185988092
plainlist 1 0.7339691750802005 0.7339691750802005
playfair 1 4.605170185988092 4.605170185988092
playwright 1 3.506557897319982 3.506557897319982
playwrightsthcentury 1 4.605170185988092 4.605170185988092
pluralizefromtext 1 3.912023005428146 3.912023005428146
pod 1 3.912023005428146 3.912023005428146
podre 1 4.605170185988092 4.605170185988092
poet 1 2.995732273553991 2.995732273553991
poland 1 2.302585092994046 2.302585092994046
pole 1 2.995732273553991 2.995732273553991
policy 1 0.0 0.0
polish 1 2.995732273553991 2.995732273553991
polishlanguage 1 4.605170185988092 4.605170185988092
political 1 1.3470736479666094 1.3470736479666094
politician 1 1.8971199848858813 1.8971199848858813
politiciansthcentury 1 3.912023005428146 3.912023005428146
polonia 1 4.605170185988092 4.605170185988092
polski 1 1.3470736479666094 1.3470736479666094
polskich 1 4.605170185988092 4.605170185988092
poniatowski 1 3.912023005428146 3.912023005428146
pope 1 2.8134107167600364 2.8134107167600364
portal 1 0.0 0.0
portrait 1 2.659260036932778 2.659260036932778
portugal 1 2.302585092994046 2.302585092994046
portuguese 1 2.302585092994046 2.302585092994046
portugus 1 1.171182981502945 1.171182981502945
posa 1 4.605170185988092 4.605170185988092
posthumously 1 4.605170185988092 4.605170185988092
powrt 1 4.605170185988092 4.605170185988092
presentday 1 2.8134107167600364 2.8134107167600364
president 1 1.3470736479666094 1.3470736479666094
press 1 0.7550225842780328 0.7550225842780328
price 1 1.9661128563728327 1.9661128563728327
priest 1 2.207274913189721 2.207274913189721
priestley 1 4.605170185988092 4.605170185988092
printbodyns 1 0.09431067947124142 0.09431067947124142
printexport 1 0.0 0.0
privacy 1 0.0 0.0
prof 1 2.995732273553991 2.995732273553991
progress 1 3.2188758248682006 3.2188758248682006
progressive 1 3.912023005428146 3.912023005428146
progressivism 1 4.605170185988092 4.605170185988092
project 1 0.0 0.0
prvost 1 4.605170185988092 4.605170185988092
public 1 0.9675840262617057 0.9675840262617057
publication 1 1.3862943611198906 1.3862943611198906
published 1 1.3862943611198906 1.3862943611198906
publishing 1 1.7719568419318754 1.7719568419318754
pufendorf 1 4.605170185988092 4.605170185988092
pushed 1 3.2188758248682006 3.2188758248682006
quarterly 1 2.995732273553991 2.995732273553991
quesnay 1 4.605170185988092 4.605170185988092
radishchev 1 4.605170185988092 4.605170185988092
rae 1 3.912023005428146 3.912023005428146
random 1 0.0 0.0
rationalism 1 4.605170185988092 4.605170185988092
rationality 1 4.605170185988092 4.605170185988092
raynal 1 4.605170185988092 4.605170185988092
read 1 0.0 0.0
reason 1 1.9661128563728327 1.9661128563728327
rebel 1 2.8134107167600364 2.8134107167600364
recent 1 0.0 0.0
reductionism 1 4.605170185988092 4.605170185988092
ref 1 1.8971199848858813 1.8971199848858813
reference 1 0.03045920748470844 0.03045920748470844
reflist 1 0.06187540371808745 0.06187540371808745
reflistcolumns 1 0.06187540371808745 0.06187540371808745
reg 1 0.0 0.0
registered 1 0.0 0.0
reid 1 2.659260036932778 2.659260036932778
reign 1 2.995732273553991 2.995732273553991
related 1 0.0 0.0
relation 1 1.7719568419318754 1.7719568419318754
released 1 1.2729656758128876 1.2729656758128876
remained 1 1.7719568419318754 1.7719568419318754
repository 1 3.506557897319982 3.506557897319982
republic 1 1.5141277326297755 1.5141277326297755
research 1 1.6094379124341003 1.6094379124341003
residence 1 2.5257286443082556 2.5257286443082556
respell 1 4.605170185988092 4.605170185988092
retrieved 1 0.0 0.0
return 1 1.07880966137193 1.07880966137193
returned 1 1.4271163556401458 1.4271163556401458
review 1 1.07880966137193 1.07880966137193
revolutionary 1 2.207274913189721 2.207274913189721
reynolds 1 2.5257286443082556 2.5257286443082556
richard 1 1.1394342831883648 1.1394342831883648
right 1 0.9675840262617057 0.9675840262617057
rise 1 1.8325814637483102 1.8325814637483102
robinson 1 2.120263536200091 2.120263536200091
rok 1 4.605170185988092 4.605170185988092
romania 1 3.2188758248682006 3.2188758248682006
romanticism 1 4.605170185988092 4.605170185988092
rousseau 1 3.912023005428146 3.912023005428146
russia 1 2.0402208285265546 2.0402208285265546
russian 1 2.120263536200091 2.120263536200091
sade 1 4.605170185988092 4.605170185988092
sailed 1 3.506557897319982 3.506557897319982
sapere 1 4.605170185988092 4.605170185988092
saussure 1 3.912023005428146 3.912023005428146
sayvitch 1 4.605170185988092 4.605170185988092
scale 1 2.8134107167600364 2.8134107167600364
schiller 1 3.912023005428146 3.912023005428146
science 1 1.171182981502945 1.171182981502945
scientific 1 2.659260036932778 2.659260036932778
sclavonian 1 4.605170185988092 4.605170185988092
scotland 1 2.659260036932778 2.659260036932778
scott 1 1.2729656758128876 1.2729656758128876
screen 1 0.010050335853501506 0.010050335853501506
sculpted 1 3.912023005428146 3.912023005428146
search 1 0.0 0.0
searchamphilsocorg 1 4.605170185988092 4.605170185988092
seat 1 2.302585092994046 2.302585092994046
secretary 1 1.9661128563728327 1.9661128563728327
sejm 1 4.605170185988092 4.605170185988092
sen 1 2.659260036932778 2.659260036932778
senate 1 2.5257286443082556 2.5257286443082556
serbia 1 3.2188758248682006 3.2188758248682006
serra 1 3.506557897319982 3.506557897319982
served 1 1.4696759700589417 1.4696759700589417
sfn 1 2.5257286443082556 2.5257286443082556
share 1 0.0 0.0
ship 1 2.0402208285265546 2.0402208285265546
short 1 0.06187540371808745 0.06187540371808745
shortdescription 1 0.2613647641344075 0.2613647641344075
shortened 1 0.0 0.0
sidebar 1 0.0 0.0
sideboxmarginpx 1 1.3862943611198906 1.3862943611198906
sideboxtextpaddingem 1 1.3862943611198906 1.3862943611198906
sidney 1 2.995732273553991 2.995732273553991
sigismund 1 4.605170185988092 4.605170185988092
sinister 1 3.2188758248682006 3.2188758248682006
sir 1 2.5257286443082556 2.5257286443082556
sistersitebox 1 1.3862943611198906 1.3862943611198906
site 1 0.0 0.0
skepticism 1 4.605170185988092 4.605170185988092
skoki 1 4.605170185988092 4.605170185988092
slovenina 1 2.5257286443082556 2.5257286443082556
smith 1 1.2039728043259361 1.2039728043259361
snacrism 1 4.605170185988092 4.605170185988092
social 1 1.3093333199837622 1.3093333199837622
society 1 1.4271163556401458 1.4271163556401458
solid 1 0.09431067947124142 0.09431067947124142
sometimes 1 2.302585092994046 2.302585092994046
son 1 1.3093333199837622 1.3093333199837622
song 1 1.3470736479666094 1.3470736479666094
source 1 0.5798184952529422 0.5798184952529422
south 1 0.9162907318741551 0.9162907318741551
spain 1 1.6607312068216509 1.6607312068216509
spanish 1 1.7719568419318754 1.7719568419318754
special 1 0.0 0.0
spinoza 1 4.605170185988092 4.605170185988092
staszic 1 4.605170185988092 4.605170185988092
state 1 0.3147107448397002 0.3147107448397002
statement 1 0.0 0.0
statesman 1 4.605170185988092 4.605170185988092
statistic 1 0.0 0.0
stay 1 2.0402208285265546 2.0402208285265546
stewart 1 2.207274913189721 2.207274913189721
strength 1 2.407945608651872 2.407945608651872
structure 1 1.8325814637483102 1.8325814637483102
style 1 1.8325814637483102 1.8325814637483102
subsection 1 0.3424903089467759 0.3424903089467759
subsequently 1 2.407945608651872 2.407945608651872
suomi 1 1.7719568419318754 1.7719568419318754
support 1 1.2729656758128876 1.2729656758128876
susan 1 2.659260036932778 2.659260036932778
svenska 1 1.9661128563728327 1.9661128563728327
swammerdam 1 4.605170185988092 4.605170185988092
sweden 1 2.207274913189721 2.207274913189721
swift 1 2.8134107167600364 2.8134107167600364
szyrma 1 4.605170185988092 4.605170185988092
table 1 0.0 0.0
tadeusz 1 4.605170185988092 4.605170185988092
talk 1 0.0 0.0
targowica 1 4.605170185988092 4.605170185988092
targowieckich 1 4.605170185988092 4.605170185988092
tdhlist 1 0.1392620673335076 0.1392620673335076
template 1 0.0 0.0
tenczyn 1 4.605170185988092 4.605170185988092
term 1 0.0 0.0
text 1 0.0 0.0
thbodyskinresponsive 1 0.3147107448397002 0.3147107448397002
thed 1 3.506557897319982 3.506557897319982
thinker 1 3.506557897319982 3.506557897319982
thinking 1 3.2188758248682006 3.2188758248682006
thomas 1 1.1394342831883648 1.1394342831883648
thomasius 1 4.605170185988092 4.605170185988092
thorvaldsen 1 4.605170185988092 4.605170185988092
threatening 1 3.912023005428146 3.912023005428146
tindal 1 4.605170185988092 4.605170185988092
together 1 1.5141277326297755 1.5141277326297755
toggle 1 0.010050335853501506 0.010050335853501506
toland 1 4.605170185988092 4.605170185988092
tool 1 0.0 0.0
top 1 0.010050335853501506 0.010050335853501506
topic 1 0.0 0.0
total 1 0.0 0.0
trademark 1 0.0 0.0
transformed 1 3.506557897319982 3.506557897319982
travel 1 1.9661128563728327 1.9661128563728327
tree 1 2.5257286443082556 2.5257286443082556
tribe 1 2.8134107167600364 2.8134107167600364
tried 1 2.5257286443082556 2.5257286443082556
tsar 1 3.912023005428146 3.912023005428146
tsaritsa 1 4.605170185988092 4.605170185988092
turgot 1 4.605170185988092 4.605170185988092
turner 1 2.207274913189721 2.207274913189721
tutor 1 3.912023005428146 3.912023005428146
ukow 1 4.605170185988092 4.605170185988092
ulpaddingem 1 0.1392620673335076 0.1392620673335076
united 1 0.4155154439616658 0.4155154439616658
universal 1 2.407945608651872 2.407945608651872
universality 1 4.605170185988092 4.605170185988092
university 1 0.616186139423817 0.616186139423817
unveiled 1 3.912023005428146 3.912023005428146
upload 1 0.0 0.0
uprising 1 3.912023005428146 3.912023005428146
upset 1 3.2188758248682006 3.2188758248682006
ursin 1 4.605170185988092 4.605170185988092
ursn 1 4.605170185988092 4.605170185988092
ursyn 1 4.605170185988092 4.605170185988092
use 1 0.0 0.0
using 1 0.0 0.0
utc 1 0.0 0.0
utopianism 1 4.605170185988092 4.605170185988092
vald 1 4.605170185988092 4.605170185988092
van 1 1.7147984280919266 1.7147984280919266
vantage 1 4.605170185988092 4.605170185988092
var 1 0.0 0.0
varna 1 3.912023005428146 3.912023005428146
vatican 1 3.506557897319982 3.506557897319982
verri 1 4.605170185988092 4.605170185988092
version 1 0.0 0.0
vico 1 4.605170185988092 4.605170185988092
victory 1 1.6094379124341003 1.6094379124341003
vienna 1 3.506557897319982 3.506557897319982
view 1 0.0 0.0
vigorous 1 4.605170185988092 4.605170185988092
villarroel 1 4.605170185988092 4.605170185988092
vine 1 3.912023005428146 3.912023005428146
visited 1 2.302585092994046 2.302585092994046
voivodeship 1 3.912023005428146 3.912023005428146
vol 1 1.5606477482646683 1.5606477482646683
voltaire 1 3.506557897319982 3.506557897319982
volume 1 1.6094379124341003 1.6094379124341003
vorontsova 1 4.605170185988092 4.605170185988092
wadysaw 1 4.605170185988092 4.605170185988092
walter 1 1.7147984280919266 1.7147984280919266
war 1 0.7985076962177716 0.7985076962177716
warn 1 3.2188758248682006 3.2188758248682006
warsaw 1 3.912023005428146 3.912023005428146
washington 1 1.2378743560016172 1.2378743560016172
way 1 1.1086626245216111 1.1086626245216111
wealthy 1 3.2188758248682006 3.2188758248682006
web 1 1.4696759700589417 1.4696759700589417
webster 1 2.302585092994046 2.302585092994046
webstercom 1 4.605170185988092 4.605170185988092
weishaupt 1 4.605170185988092 4.605170185988092
welltodo 1 4.605170185988092 4.605170185988092
went 1 1.5141277326297755 1.5141277326297755
widow 1 2.407945608651872 2.407945608651872
wieland 1 4.605170185988092 4.605170185988092
wielki 1 4.605170185988092 4.605170185988092
wikidata 1 0.010050335853501506 0.010050335853501506
wikimedia 1 0.0 0.0
wikipedia 1 0.0 0.0
wikisource 1 2.8134107167600364 2.8134107167600364
wilson 1 1.7719568419318754 1.7719568419318754
without 1 1.3093333199837622 1.3093333199837622
wolff 1 4.605170185988092 4.605170185988092
wollstonecraft 1 4.605170185988092 4.605170185988092
work 1 0.7133498878774648 0.7133498878774648
writer 1 1.5141277326297755 1.5141277326297755
written 1 0.9416085398584451 0.9416085398584451
wrote 1 1.3470736479666094 1.3470736479666094
wybicki 1 4.605170185988092 4.605170185988092
ycie 1 4.605170185988092 4.605170185988092
year 1 0.3424903089467759 0.3424903089467759
york 1 0.8209805520698303 0.8209805520698303
ziemiach 1 4.605170185988092 4.605170185988092
znany 1 4.605170185988092 4.605170185988092
zygmunt 1 4.605170185988092 4.605170185988092
zygmunta 1 4.605170185988092 4.605170185988092
