aaaborderbottompx 1 2.302585092994046 2.302585092994046
abcclio 1 3.912023005428146 3.912023005428146
abolished 1 3.912023005428146 3.912023005428146
account 1 0.0 0.0
accounting 1 2.995732273553991 2.995732273553991
action 1 0.0 0.0
activity 1 1.8325814637483102 1.8325814637483102
add 1 0.0 0.0
additional 1 0.0 0.0
administrative 1 2.995732273553991 2.995732273553991
adrian 1 2.995732273553991 2.995732273553991
advisor 1 2.8134107167600364 2.8134107167600364
affair 1 1.6094379124341003 1.6094379124341003
age 1 0.7985076962177716 0.7985076962177716
agency 1 2.120263536200091 2.120263536200091
agitation 1 4.605170185988092 4.605170185988092
agree 1 0.0 0.0
agriculture 1 2.5257286443082556 2.5257286443082556
aide 1 3.2188758248682006 3.2188758248682006
alike 1 0.0 0.0
alive 1 2.407945608651872 2.407945608651872
also 1 0.127833371509885 0.127833371509885
alt 1 2.995732273553991 2.995732273553991
alternate 1 2.995732273553991 2.995732273553991
alternatemember 1 4.605170185988092 4.605170185988092
american 1 0.5276327420823719 0.5276327420823719
amp 1 0.4620354595965586 0.4620354595965586
analysis 1 2.120263536200091 2.120263536200091
andrei 1 4.605170185988092 4.605170185988092
anti 1 2.207274913189721 2.207274913189721
apparatus 1 4.605170185988092 4.605170185988092
appeal 1 3.2188758248682006 3.2188758248682006
appearance 1 0.0 0.0
apply 1 0.0 0.0
appointed 1 1.9661128563728327 1.9661128563728327
april 1 0.44628710262841953 0.44628710262841953
archive 1 1.6094379124341003 1.6094379124341003
archived 1 0.47803580094299974 0.47803580094299974
armed 1 2.5257286443082556 2.5257286443082556
army 1 1.6094379124341003 1.6094379124341003
article 1 0.0 0.0
asia 1 2.407945608651872 2.407945608651872
asian 1 2.407945608651872 2.407945608651872
assembly 1 2.0402208285265546 2.0402208285265546
atomic 1 4.605170185988092 4.605170185988092
attribution 1 0.0 0.0
auditing 1 3.912023005428146 3.912023005428146
august 1 0.3424903089467759 0.3424903089467759
auto 1 0.1392620673335076 0.1392620673335076
available 1 0.0 0.0
average 1 2.0402208285265546 2.0402208285265546
baekdu 1 4.605170185988092 4.605170185988092
base 1 1.4696759700589417 1.4696759700589417
became 1 0.7133498878774648 0.7133498878774648
behalf 1 3.2188758248682006 3.2188758248682006
believed 1 2.120263536200091 2.120263536200091
bibliography 1 2.207274913189721 2.207274913189721
birth 1 1.1394342831883648 1.1394342831883648
bloodline 1 4.605170185988092 4.605170185988092
body 1 1.4271163556401458 1.4271163556401458
book 1 0.6348782724359695 0.6348782724359695
branch 1 2.207274913189721 2.207274913189721
budget 1 2.407945608651872 2.407945608651872
building 1 1.6607312068216509 1.6607312068216509
bureau 1 2.659260036932778 2.659260036932778
buzo 1 4.605170185988092 4.605170185988092
cabinet 1 2.8134107167600364 2.8134107167600364
cadre 1 3.912023005428146 3.912023005428146
california 1 1.4696759700589417 1.4696759700589417
cambridge 1 2.120263536200091 2.120263536200091
campaign 1 1.6607312068216509 1.6607312068216509
candidate 1 2.207274913189721 2.207274913189721
category 1 0.0 0.0
censorship 1 3.2188758248682006 3.2188758248682006
centerpx 1 0.0408219945202552 0.0408219945202552
central 1 1.07880966137193 1.07880966137193
chairman 1 1.8325814637483102 1.8325814637483102
changdae 1 4.605170185988092 4.605170185988092
change 1 0.0 0.0
changil 1 4.605170185988092 4.605170185988092
charge 1 2.0402208285265546 2.0402208285265546
charter 1 2.995732273553991 2.995732273553991
chemical 1 3.2188758248682006 3.2188758248682006
chief 1 1.3862943611198906 1.3862943611198906
childrens 1 2.207274913189721 2.207274913189721
chinese 1 2.5257286443082556 2.5257286443082556
chngchiguk 1 4.605170185988092 4.605170185988092
choe 1 4.605170185988092 4.605170185988092
cholgyu 1 4.605170185988092 4.605170185988092
cholhae 1 4.605170185988092 4.605170185988092
cholman 1 4.605170185988092 4.605170185988092
chongil 1 4.605170185988092 4.605170185988092
chosn 1 4.605170185988092 4.605170185988092
chosngl 1 4.605170185988092 4.605170185988092
chuche 1 4.605170185988092 4.605170185988092
chungang 1 4.605170185988092 4.605170185988092
chunryong 1 4.605170185988092 4.605170185988092
citation 1 0.0408219945202552 0.0408219945202552
cite 1 0.0 0.0
citerefbuzo 1 4.605170185988092 4.605170185988092
citerefgause 1 4.605170185988092 4.605170185988092
citerefhaggard 1 4.605170185988092 4.605170185988092
citerefkim 1 4.605170185988092 4.605170185988092
citereflankov 1 4.605170185988092 4.605170185988092
citerefstaffwriter 1 4.605170185988092 4.605170185988092
citerefsuh 1 4.605170185988092 4.605170185988092
city 1 0.6348782724359695 0.6348782724359695
civil 1 1.7719568419318754 1.7719568419318754
coal 1 3.2188758248682006 3.2188758248682006
code 1 0.0 0.0
color 1 2.0402208285265546 2.0402208285265546
columbia 1 2.207274913189721 2.207274913189721
commander 1 2.120263536200091 2.120263536200091
commerce 1 2.5257286443082556 2.5257286443082556
commission 1 1.7147984280919266 1.7147984280919266
committee 1 1.6607312068216509 1.6607312068216509
common 1 0.0 0.0
communist 1 2.407945608651872 2.407945608651872
composed 1 1.8971199848858813 1.8971199848858813
composition 1 2.407945608651872 2.407945608651872
conduct 1 0.0 0.0
conducting 1 2.995732273553991 2.995732273553991
conference 1 1.3862943611198906 1.3862943611198906
conflict 1 2.0402208285265546 2.0402208285265546
congress 1 1.7147984280919266 1.7147984280919266
constitution 1 2.5257286443082556 2.5257286443082556
construction 1 1.8325814637483102 1.8325814637483102
contact 1 0.0 0.0
containing 1 1.4271163556401458 1.4271163556401458
content 1 0.0 0.0
context 1 0.010050335853501506 0.010050335853501506
contribute 1 0.0 0.0
contribution 1 0.0 0.0
control 1 0.7765287894989963 0.7765287894989963
cookie 1 0.0 0.0
cookiematch 1 0.0 0.0
could 1 1.2378743560016172 1.2378743560016172
council 1 1.4696759700589417 1.4696759700589417
counterlistitema 1 0.127833371509885 0.127833371509885
country 1 0.843970070294529 0.843970070294529
court 1 1.5141277326297755 1.5141277326297755
cpk 1 4.605170185988092 4.605170185988092
cpsk 1 4.605170185988092 4.605170185988092
create 1 0.0 0.0
creative 1 0.0 0.0
crisis 1 2.302585092994046 2.302585092994046
csmaintcolorf 1 0.06187540371808745 0.06187540371808745
csmaintcolorfmedia 1 0.0408219945202552 0.0408219945202552
cswsicon 1 0.0408219945202552 0.0408219945202552
cult 1 2.8134107167600364 2.8134107167600364
culture 1 1.6094379124341003 1.6094379124341003
cune 1 4.605170185988092 4.605170185988092
current 1 0.0 0.0
daesook 1 4.605170185988092 4.605170185988092
date 1 0.3147107448397002 0.3147107448397002
day 1 0.5276327420823719 0.5276327420823719
daytoday 1 4.605170185988092 4.605170185988092
death 1 1.171182981502945 1.171182981502945
december 1 0.37106368139083196 0.37106368139083196
deciding 1 2.995732273553991 2.995732273553991
decision 1 1.8971199848858813 1.8971199848858813
decisionmaking 1 4.605170185988092 4.605170185988092
default 1 3.506557897319982 3.506557897319982
defence 1 3.2188758248682006 3.2188758248682006
defense 1 1.7719568419318754 1.7719568419318754
democratic 1 2.120263536200091 2.120263536200091
department 1 1.7719568419318754 1.7719568419318754
depended 1 4.605170185988092 4.605170185988092
deputy 1 2.302585092994046 2.302585092994046
description 1 0.07257069283483537 0.07257069283483537
developer 1 0.0 0.0
development 1 1.3093333199837622 1.3093333199837622
died 1 1.3093333199837622 1.3093333199837622
diplomatic 1 2.995732273553991 2.995732273553991
direct 1 2.5257286443082556 2.5257286443082556
director 1 1.4271163556401458 1.4271163556401458
disappeared 1 3.506557897319982 3.506557897319982
discipline 1 2.8134107167600364 2.8134107167600364
disclaimer 1 0.0 0.0
discussed 1 3.2188758248682006 3.2188758248682006
dismissal 1 3.2188758248682006 3.2188758248682006
dismissed 1 2.8134107167600364 2.8134107167600364
district 1 1.4271163556401458 1.4271163556401458
division 1 1.2729656758128876 1.2729656758128876
document 1 2.120263536200091 2.120263536200091
doias 1 4.605170185988092 4.605170185988092
doiks 1 4.605170185988092 4.605170185988092
donate 1 0.0 0.0
dongneighborhood 1 4.605170185988092 4.605170185988092
dormant 1 3.912023005428146 3.912023005428146
download 1 0.0 0.0
dtaftercontent 1 0.127833371509885 0.127833371509885
duplicate 1 3.506557897319982 3.506557897319982
dynasty 1 2.8134107167600364 2.8134107167600364
east 1 1.0498221244986776 1.0498221244986776
economic 1 1.7719568419318754 1.7719568419318754
economy 1 2.8134107167600364 2.8134107167600364
ed 1 2.120263536200091 2.120263536200091
education 1 1.3470736479666094 1.3470736479666094
elected 1 1.9661128563728327 1.9661128563728327
election 1 1.9661128563728327 1.9661128563728327
electricity 1 4.605170185988092 4.605170185988092
encyclopedia 1 0.0 0.0
energy 1 1.6607312068216509 1.6607312068216509
enforcement 1 3.912023005428146 3.912023005428146
engineering 1 2.302585092994046 2.302585092994046
english 1 0.0 0.0
entry 1 1.5606477482646683 1.5606477482646683
espaol 1 1.1394342831883648 1.1394342831883648
established 1 1.1086626245216111 1.1086626245216111
establishment 1 1.9661128563728327 1.9661128563728327
eternal 1 2.995732273553991 2.995732273553991
euptown 1 4.605170185988092 4.605170185988092
event 1 0.0 0.0
every 1 1.4271163556401458 1.4271163556401458
executive 1 1.8325814637483102 1.8325814637483102
exhibition 1 3.2188758248682006 3.2188758248682006
exp 1 0.0 0.0
expert 1 2.995732273553991 2.995732273553991
explanation 1 2.995732273553991 2.995732273553991
external 1 0.44628710262841953 0.44628710262841953
facilitator 1 4.605170185988092 4.605170185988092
faction 1 2.995732273553991 2.995732273553991
facto 1 3.912023005428146 3.912023005428146
failure 1 2.659260036932778 2.659260036932778
family 1 0.9162907318741551 0.9162907318741551
february 1 0.27443684570176036 0.27443684570176036
federation 1 3.506557897319982 3.506557897319982
file 1 0.0 0.0
finance 1 2.302585092994046 2.302585092994046
first 1 0.1508228897345837 0.1508228897345837
firstlevel 1 4.605170185988092 4.605170185988092
fishery 1 3.912023005428146 3.912023005428146
following 1 0.7133498878774648 0.7133498878774648
force 1 1.2378743560016172 1.2378743560016172
foreign 1 1.8971199848858813 1.8971199848858813
forestry 1 4.605170185988092 4.605170185988092
formerly 1 1.8325814637483102 1.8325814637483102
foundation 1 0.0 0.0
four 1 0.7985076962177716 0.7985076962177716
franais 1 0.8675005677047231 0.8675005677047231
free 1 0.0 0.0
front 1 1.7147984280919266 1.7147984280919266
full 1 1.1086626245216111 1.1086626245216111
gause 1 4.605170185988092 4.605170185988092
general 1 0.0 0.0
generational 1 4.605170185988092 4.605170185988092
get 1 0.0 0.0
guerilla 1 4.605170185988092 4.605170185988092
guidance 1 3.912023005428146 3.912023005428146
haggard 1 4.605170185988092 4.605170185988092
han 1 2.407945608651872 2.407945608651872
hancha 1 4.605170185988092 4.605170185988092
hatnote 1 0.843970070294529 0.843970070294529
hawaii 1 2.302585092994046 2.302585092994046
head 1 1.1086626245216111 1.1086626245216111
help 1 0.0 0.0
herman 1 3.2188758248682006 3.2188758248682006
hidden 1 0.010050335853501506 0.010050335853501506
hide 1 0.0 0.0
higher 1 2.0402208285265546 2.0402208285265546
highest 1 1.7719568419318754 1.7719568419318754
history 1 0.0 0.0
hlist 1 0.127833371509885 0.127833371509885
hlistinline 1 0.127833371509885 0.127833371509885
hong 1 3.2188758248682006 3.2188758248682006
honyong 1 4.605170185988092 4.605170185988092
house 1 1.0216512475319812 1.0216512475319812
however 1 0.6931471805599453 0.6931471805599453
human 1 1.3862943611198906 1.3862943611198906
hun 1 3.912023005428146 3.912023005428146
husband 1 1.9661128563728327 1.9661128563728327
hyon 1 4.605170185988092 4.605170185988092
hyonchol 1 4.605170185988092 4.605170185988092
hyongsik 1 4.605170185988092 4.605170185988092
ideological 1 4.605170185988092 4.605170185988092
ideology 1 3.506557897319982 3.506557897319982
idlockfree 1 0.0408219945202552 0.0408219945202552
idlockfreeidlockfree 1 0.0408219945202552 0.0408219945202552
idlocklimited 1 0.0408219945202552 0.0408219945202552
idlockregistration 1 0.0408219945202552 0.0408219945202552
idlocksubscription 1 0.0408219945202552 0.0408219945202552
il 1 4.605170185988092 4.605170185988092
ilhwanborn 1 4.605170185988092 4.605170185988092
illicit 1 3.912023005428146 3.912023005428146
imperialist 1 4.605170185988092 4.605170185988092
important 1 1.8325814637483102 1.8325814637483102
inc 1 0.0 0.0
inchol 1 4.605170185988092 4.605170185988092
include 1 1.3093333199837622 1.3093333199837622
including 1 0.7133498878774648 0.7133498878774648
indicating 1 2.8134107167600364 2.8134107167600364
industry 1 1.8325814637483102 1.8325814637483102
influence 1 2.0402208285265546 2.0402208285265546
infobox 1 0.3011050927839216 0.3011050927839216
infoboxtable 1 0.3147107448397002 0.3147107448397002
informal 1 3.912023005428146 3.912023005428146
information 1 0.0 0.0
infrastructure 1 2.659260036932778 2.659260036932778
inner 1 2.995732273553991 2.995732273553991
institute 1 1.5141277326297755 1.5141277326297755
international 1 0.5978370007556204 0.5978370007556204
investigation 1 2.120263536200091 2.120263536200091
isbn 1 0.9942522733438669 0.9942522733438669
issn 1 1.8971199848858813 1.8971199848858813
issue 1 1.1086626245216111 1.1086626245216111
item 1 0.010050335853501506 0.010050335853501506
jaeryong 1 4.605170185988092 4.605170185988092
jaeryongborn 1 4.605170185988092 4.605170185988092
jaesung 1 4.605170185988092 4.605170185988092
jang 1 4.605170185988092 4.605170185988092
jangs 1 4.605170185988092 4.605170185988092
january 1 0.3424903089467759 0.3424903089467759
jeongchiguk 1 4.605170185988092 4.605170185988092
jinu 1 4.605170185988092 4.605170185988092
jinus 1 4.605170185988092 4.605170185988092
joint 1 2.302585092994046 2.302585092994046
jon 1 2.5257286443082556 2.5257286443082556
jong 1 3.912023005428146 3.912023005428146
jongchon 1 4.605170185988092 4.605170185988092
jonggak 1 4.605170185988092 4.605170185988092
jonggun 1 4.605170185988092 4.605170185988092
jongok 1 4.605170185988092 4.605170185988092
jongsu 1 4.605170185988092 4.605170185988092
joseon 1 4.605170185988092 4.605170185988092
journal 1 1.3093333199837622 1.3093333199837622
jstor 1 1.5141277326297755 1.5141277326297755
jstoras 1 4.605170185988092 4.605170185988092
juche 1 4.605170185988092 4.605170185988092
juchestate 1 4.605170185988092 4.605170185988092
judiciary 1 4.605170185988092 4.605170185988092
july 1 0.43078291609245434 0.43078291609245434
jump 1 0.0 0.0
june 1 0.40047756659712536 0.40047756659712536
jungang 1 4.605170185988092 4.605170185988092
kang 1 3.506557897319982 3.506557897319982
ken 1 2.407945608651872 2.407945608651872
kim 1 2.407945608651872 2.407945608651872
known 1 0.7985076962177716 0.7985076962177716
korea 1 2.5257286443082556 2.5257286443082556
korean 1 3.2188758248682006 3.2188758248682006
koreanlanguage 1 4.605170185988092 4.605170185988092
koreanname 1 4.605170185988092 4.605170185988092
koreaportal 1 4.605170185988092 4.605170185988092
kpa 1 4.605170185988092 4.605170185988092
kukryol 1 4.605170185988092 4.605170185988092
kulloja 1 4.605170185988092 4.605170185988092
kuncounty 1 4.605170185988092 4.605170185988092
kwak 1 4.605170185988092 4.605170185988092
kwangsang 1 4.605170185988092 4.605170185988092
kwp 1 4.605170185988092 4.605170185988092
kyonghui 1 4.605170185988092 4.605170185988092
kyonghuis 1 4.605170185988092 4.605170185988092
kyongthaekborn 1 4.605170185988092 4.605170185988092
kyungae 1 4.605170185988092 4.605170185988092
labor 1 2.659260036932778 2.659260036932778
lacked 1 3.506557897319982 3.506557897319982
land 1 1.5141277326297755 1.5141277326297755
lang 1 1.9661128563728327 1.9661128563728327
language 1 0.0 0.0
lankov 1 4.605170185988092 4.605170185988092
last 1 0.0 0.0
late 1 1.3093333199837622 1.3093333199837622
law 1 1.4271163556401458 1.4271163556401458
leader 1 1.3862943611198906 1.3862943611198906
leadership 1 2.207274913189721 2.207274913189721
leading 1 1.3093333199837622 1.3093333199837622
league 1 1.3470736479666094 1.3470736479666094
learn 1 0.0 0.0
least 1 1.8971199848858813 1.8971199848858813
legal 1 1.9661128563728327 1.9661128563728327
legislature 1 3.2188758248682006 3.2188758248682006
liaftercontent 1 0.127833371509885 0.127833371509885
license 1 0.0 0.0
light 1 1.3862943611198906 1.3862943611198906
lineup 1 2.8134107167600364 2.8134107167600364
link 1 0.0 0.0
littlefield 1 4.605170185988092 4.605170185988092
local 1 1.4696759700589417 1.4696759700589417
log 1 0.0 0.0
logged 1 0.0 0.0
loyal 1 3.2188758248682006 3.2188758248682006
luke 1 2.8134107167600364 2.8134107167600364
machine 1 1.4696759700589417 1.4696759700589417
machinery 1 3.2188758248682006 3.2188758248682006
made 1 0.653926467406664 0.653926467406664
main 1 0.0 0.0
maint 1 1.6607312068216509 1.6607312068216509
majority 1 1.8971199848858813 1.8971199848858813
management 1 1.7719568419318754 1.7719568419318754
many 1 0.7550225842780328 0.7550225842780328
mapping 1 3.2188758248682006 3.2188758248682006
march 1 0.3147107448397002 0.3147107448397002
marine 1 2.407945608651872 2.407945608651872
maritime 1 2.5257286443082556 2.5257286443082556
marshal 1 2.8134107167600364 2.8134107167600364
match 1 0.8675005677047231 0.8675005677047231
material 1 1.3093333199837622 1.3093333199837622
may 1 0.0 0.0
mdy 1 1.3862943611198906 1.3862943611198906
meet 1 1.6607312068216509 1.6607312068216509
meeting 1 1.8971199848858813 1.8971199848858813
member 1 0.6733445532637655 0.6733445532637655
membership 1 2.5257286443082556 2.5257286443082556
menu 1 0.0 0.0
metal 1 2.207274913189721 2.207274913189721
military 1 1.4696759700589417 1.4696759700589417
mining 1 3.506557897319982 3.506557897319982
minister 1 1.5606477482646683 1.5606477482646683
ministry 1 2.120263536200091 2.120263536200091
mission 1 2.302585092994046 2.302585092994046
mobile 1 0.0 0.0
monolithic 1 3.912023005428146 3.912023005428146
month 1 0.8915981192837835 0.8915981192837835
move 1 0.0 0.0
much 1 1.171182981502945 1.171182981502945
myonggil 1 4.605170185988092 4.605170185988092
myongsu 1 4.605170185988092 4.605170185988092
nam 1 4.605170185988092 4.605170185988092
name 1 0.5276327420823719 0.5276327420823719
national 1 0.5108256237659907 0.5108256237659907
nationality 1 2.302585092994046 2.302585092994046
navbar 1 0.23572233352106994 0.23572233352106994
navbarfontsizemedia 1 0.3147107448397002 0.3147107448397002
navbarmini 1 0.23572233352106994 0.23572233352106994
navbox 1 0.1392620673335076 0.1392620673335076
navboximage 1 0.1392620673335076 0.1392620673335076
navboxsubgroup 1 0.1392620673335076 0.1392620673335076
navboxtitle 1 0.1392620673335076 0.1392620673335076
navigation 1 0.0 0.0
nederland 1 1.7147984280919266 1.7147984280919266
new 1 0.24846135929849972 0.24846135929849972
news 1 0.843970070294529 0.843970070294529
next 1 1.1086626245216111 1.1086626245216111
nkbb 1 4.605170185988092 4.605170185988092
nnarticlewhitelist 1 2.407945608651872 2.407945608651872
nnciterefpatterns 1 2.407945608651872 2.407945608651872
nntemplatelist 1 2.407945608651872 2.407945608651872
nobold 1 3.912023005428146 3.912023005428146
noitalics 1 4.605170185988092 4.605170185988092
nonprofit 1 0.0 0.0
north 1 0.8209805520698303 0.8209805520698303
nowrap 1 3.912023005428146 3.912023005428146
observer 1 3.506557897319982 3.506557897319982
october 1 0.28768207245178085 0.28768207245178085
office 1 1.1086626245216111 1.1086626245216111
official 1 0.7550225842780328 0.7550225842780328
officially 1 2.8134107167600364 2.8134107167600364
old 1 1.07880966137193 1.07880966137193
ollibeforecontent 1 0.127833371509885 0.127833371509885
onethird 1 4.605170185988092 4.605170185988092
open 1 1.4696759700589417 1.4696759700589417
organ 1 3.506557897319982 3.506557897319982
organisation 1 2.302585092994046 2.302585092994046
organization 1 0.0 0.0
organizational 1 3.912023005428146 3.912023005428146
organizationname 1 0.010050335853501506 0.010050335853501506
organize 1 3.2188758248682006 3.2188758248682006
original 1 0.4155154439616658 0.4155154439616658
others 1 1.1394342831883648 1.1394342831883648
page 1 0.0 0.0
pak 1 4.605170185988092 4.605170185988092
park 1 1.3093333199837622 1.3093333199837622
parliamentary 1 2.995732273553991 2.995732273553991
party 1 1.2378743560016172 1.2378743560016172
passport 1 3.912023005428146 3.912023005428146
patriotic 1 3.2188758248682006 3.2188758248682006
pdf 1 1.0498221244986776 1.0498221244986776
pdfprintable 1 0.0 0.0
people 1 0.49429632181478017 0.49429632181478017
permanent 1 0.0 0.0
personal 1 0.0 0.0
personality 1 2.207274913189721 2.207274913189721
planning 1 2.8134107167600364 2.8134107167600364
plenary 1 3.912023005428146 3.912023005428146
plenum 1 4.605170185988092 4.605170185988092
policy 1 0.0 0.0
politbro 1 4.605170185988092 4.605170185988092
politburo 1 3.912023005428146 3.912023005428146
political 1 1.3470736479666094 1.3470736479666094
politics 1 1.9661128563728327 1.9661128563728327
politicsof 1 4.605170185988092 4.605170185988092
polski 1 1.3470736479666094 1.3470736479666094
pomgi 1 4.605170185988092 4.605170185988092
portal 1 0.0 0.0
portalborderborderpx 1 2.407945608651872 2.407945608651872
portalleftmarginem 1 2.407945608651872 2.407945608651872
portugus 1 1.171182981502945 1.171182981502945
position 1 1.1394342831883648 1.1394342831883648
power 1 1.0216512475319812 1.0216512475319812
practice 1 2.0402208285265546 2.0402208285265546
predecessor 1 2.5257286443082556 2.5257286443082556
premier 1 2.5257286443082556 2.5257286443082556
present 1 0.9675840262617057 0.9675840262617057
president 1 1.3470736479666094 1.3470736479666094
presidium 1 4.605170185988092 4.605170185988092
press 1 0.7550225842780328 0.7550225842780328
principle 1 2.407945608651872 2.407945608651872
printbodyns 1 0.09431067947124142 0.09431067947124142
printexport 1 0.0 0.0
privacy 1 0.0 0.0
project 1 0.0 0.0
promoted 1 2.407945608651872 2.407945608651872
propaganda 1 2.995732273553991 2.995732273553991
prosecutor 1 3.2188758248682006 3.2188758248682006
prospect 1 2.407945608651872 2.407945608651872
protgs 1 4.605170185988092 4.605170185988092
province 1 2.120263536200091 2.120263536200091
psc 1 4.605170185988092 4.605170185988092
public 1 0.9675840262617057 0.9675840262617057
publication 1 1.3862943611198906 1.3862943611198906
publicity 1 3.912023005428146 3.912023005428146
publishing 1 1.7719568419318754 1.7719568419318754
pyongchol 1 4.605170185988092 4.605170185988092
pyongsam 1 4.605170185988092 4.605170185988092
pyongyang 1 4.605170185988092 4.605170185988092
railway 1 3.2188758248682006 3.2188758248682006
random 1 0.0 0.0
rdnone 1 4.605170185988092 4.605170185988092
read 1 0.0 0.0
recent 1 0.0 0.0
ref 1 1.8971199848858813 1.8971199848858813
refbegin 1 3.912023005428146 3.912023005428146
refbegincolumns 1 2.659260036932778 2.659260036932778
refbeginfontsize 1 2.659260036932778 2.659260036932778
refend 1 3.912023005428146 3.912023005428146
reference 1 0.03045920748470844 0.03045920748470844
reflist 1 0.06187540371808745 0.06187540371808745
reflistcolumns 1 0.06187540371808745 0.06187540371808745
reg 1 0.0 0.0
registered 1 0.0 0.0
reischauer 1 4.605170185988092 4.605170185988092
related 1 0.0 0.0
relation 1 1.7719568419318754 1.7719568419318754
remained 1 1.7719568419318754 1.7719568419318754
renew 1 3.912023005428146 3.912023005428146
report 1 1.1086626245216111 1.1086626245216111
requirement 1 3.2188758248682006 3.2188758248682006
resource 1 1.7147984280919266 1.7147984280919266
respectively 1 2.207274913189721 2.207274913189721
responsible 1 2.302585092994046 2.302585092994046
retirement 1 2.207274913189721 2.207274913189721
retrieved 1 0.0 0.0
reunification 1 4.605170185988092 4.605170185988092
revised 1 2.407945608651872 2.407945608651872
right 1 0.9675840262617057 0.9675840262617057
rivillage 1 4.605170185988092 4.605170185988092
rodong 1 4.605170185988092 4.605170185988092
rodongdang 1 4.605170185988092 4.605170185988092
rodongjaguworkers 1 4.605170185988092 4.605170185988092
role 1 1.3470736479666094 1.3470736479666094
romanization 1 4.605170185988092 4.605170185988092
rowman 1 4.605170185988092 4.605170185988092
rubber 1 3.506557897319982 3.506557897319982
rule 1 1.4696759700589417 1.4696759700589417
ruling 1 2.995732273553991 2.995732273553991
ryonghae 1 4.605170185988092 4.605170185988092
ryonghaeborn 1 4.605170185988092 4.605170185988092
ryu 1 3.912023005428146 3.912023005428146
samuel 1 2.302585092994046 2.302585092994046
sangsong 1 4.605170185988092 4.605170185988092
school 1 0.7765287894989963 0.7765287894989963
scid 1 2.659260036932778 2.659260036932778
science 1 1.171182981502945 1.171182981502945
scott 1 1.2729656758128876 1.2729656758128876
screen 1 0.010050335853501506 0.010050335853501506
sea 1 2.0402208285265546 2.0402208285265546
search 1 0.0 0.0
second 1 0.49429632181478017 0.49429632181478017
secondlevel 1 4.605170185988092 4.605170185988092
secretariat 1 3.912023005428146 3.912023005428146
secretary 1 1.9661128563728327 1.9661128563728327
security 1 1.6607312068216509 1.6607312068216509
see 1 0.40047756659712536 0.40047756659712536
self 1 2.659260036932778 2.659260036932778
september 1 0.43078291609245434 0.43078291609245434
servant 1 2.995732273553991 2.995732273553991
session 1 2.0402208285265546 2.0402208285265546
several 1 0.8209805520698303 0.8209805520698303
sfn 1 2.5257286443082556 2.5257286443082556
shall 1 2.8134107167600364 2.8134107167600364
share 1 0.0 0.0
shift 1 2.8134107167600364 2.8134107167600364
shipbuilding 1 3.506557897319982 3.506557897319982
short 1 0.06187540371808745 0.06187540371808745
shortened 1 0.0 0.0
sidebar 1 0.0 0.0
sidebarcollapse 1 2.302585092994046 2.302585092994046
sidebarnotnotheme 1 2.302585092994046 2.302585092994046
signify 1 4.605170185988092 4.605170185988092
sik 1 4.605170185988092 4.605170185988092
similar 1 1.9661128563728327 1.9661128563728327
simply 1 2.5257286443082556 2.5257286443082556
since 1 0.7985076962177716 0.7985076962177716
sinmun 1 4.605170185988092 4.605170185988092
sister 1 1.8325814637483102 1.8325814637483102
site 1 0.0 0.0
sitting 1 2.995732273553991 2.995732273553991
sixth 1 1.9661128563728327 1.9661128563728327
snyder 1 3.912023005428146 3.912023005428146
social 1 1.3093333199837622 1.3093333199837622
socialist 1 2.407945608651872 2.407945608651872
society 1 1.4271163556401458 1.4271163556401458
sokju 1 4.605170185988092 4.605170185988092
sokyong 1 4.605170185988092 4.605170185988092
solid 1 0.09431067947124142 0.09431067947124142
songhak 1 4.605170185988092 4.605170185988092
songnam 1 4.605170185988092 4.605170185988092
songryong 1 4.605170185988092 4.605170185988092
songthaek 1 4.605170185988092 4.605170185988092
songun 1 4.605170185988092 4.605170185988092
songunmilitaryfirst 1 4.605170185988092 4.605170185988092
sonhui 1 4.605170185988092 4.605170185988092
south 1 0.9162907318741551 0.9162907318741551
soviet 1 2.407945608651872 2.407945608651872
spa 1 3.506557897319982 3.506557897319982
special 1 0.0 0.0
splendor 1 4.605170185988092 4.605170185988092
sport 1 1.1394342831883648 1.1394342831883648
spring 1 1.5606477482646683 1.5606477482646683
staff 1 1.6607312068216509 1.6607312068216509
stalinization 1 4.605170185988092 4.605170185988092
stamp 1 3.506557897319982 3.506557897319982
standing 1 1.8971199848858813 1.8971199848858813
state 1 0.3147107448397002 0.3147107448397002
statement 1 0.0 0.0
statistic 1 0.0 0.0
status 1 1.7719568419318754 1.7719568419318754
sted 1 4.605170185988092 4.605170185988092
stephen 1 1.8971199848858813 1.8971199848858813
still 1 0.9416085398584451 0.9416085398584451
stipulates 1 4.605170185988092 4.605170185988092
strategy 1 2.995732273553991 2.995732273553991
strong 1 1.6607312068216509 1.6607312068216509
structure 1 1.8325814637483102 1.8325814637483102
study 1 1.2729656758128876 1.2729656758128876
subsection 1 0.3424903089467759 0.3424903089467759
succession 1 3.506557897319982 3.506557897319982
sugil 1 4.605170185988092 4.605170185988092
suh 1 4.605170185988092 4.605170185988092
summer 1 1.5141277326297755 1.5141277326297755
sung 1 2.995732273553991 2.995732273553991
sungho 1 4.605170185988092 4.605170185988092
sunnam 1 4.605170185988092 4.605170185988092
supervision 1 3.2188758248682006 3.2188758248682006
supreme 1 2.120263536200091 2.120263536200091
survey 1 2.5257286443082556 2.5257286443082556
suyong 1 4.605170185988092 4.605170185988092
system 1 0.9162907318741551 0.9162907318741551
table 1 0.0 0.0
tae 1 3.912023005428146 3.912023005428146
talk 1 0.0 0.0
tauris 1 3.912023005428146 3.912023005428146
tdhlist 1 0.1392620673335076 0.1392620673335076
template 1 0.0 0.0
ten 1 1.5141277326297755 1.5141277326297755
tenure 1 2.5257286443082556 2.5257286443082556
term 1 0.0 0.0
text 1 0.0 0.0
thaedokborn 1 4.605170185988092 4.605170185988092
thaesong 1 4.605170185988092 4.605170185988092
thaesongborn 1 4.605170185988092 4.605170185988092
thaesop 1 4.605170185988092 4.605170185988092
thbodyskinresponsive 1 0.3147107448397002 0.3147107448397002
thirdlevel 1 4.605170185988092 4.605170185988092
three 1 0.5798184952529422 0.5798184952529422
ting 1 2.407945608651872 2.407945608651872
tochun 1 4.605170185988092 4.605170185988092
toggle 1 0.010050335853501506 0.010050335853501506
tokhun 1 4.605170185988092 4.605170185988092
tokhunborn 1 4.605170185988092 4.605170185988092
tongchuk 1 4.605170185988092 4.605170185988092
tonggyu 1 4.605170185988092 4.605170185988092
tool 1 0.0 0.0
top 1 0.010050335853501506 0.010050335853501506
topic 1 0.0 0.0
total 1 0.0 0.0
trade 1 1.7147984280919266 1.7147984280919266
trademark 1 0.0 0.0
transformed 1 3.506557897319982 3.506557897319982
transition 1 2.407945608651872 2.407945608651872
transport 1 2.5257286443082556 2.5257286443082556
tubong 1 4.605170185988092 4.605170185988092
tuchol 1 4.605170185988092 4.605170185988092
two 1 0.43078291609245434 0.43078291609245434
ulpaddingem 1 0.1392620673335076 0.1392620673335076
un 1 3.506557897319982 3.506557897319982
unannounced 1 4.605170185988092 4.605170185988092
unborn 1 4.605170185988092 4.605170185988092
understanding 1 2.659260036932778 2.659260036932778
unificationcite 1 4.605170185988092 4.605170185988092
union 1 1.07880966137193 1.07880966137193
unitary 1 3.506557897319982 3.506557897319982
united 1 0.4155154439616658 0.4155154439616658
university 1 0.616186139423817 0.616186139423817
upload 1 0.0 0.0
urban 1 2.120263536200091 2.120263536200091
use 1 0.0 0.0
using 1 0.0 0.0
usually 1 2.995732273553991 2.995732273553991
utc 1 0.0 0.0
vacant 1 3.2188758248682006 3.2188758248682006
var 1 0.0 0.0
version 1 0.0 0.0
vice 1 1.6607312068216509 1.6607312068216509
vicechairmen 1 4.605170185988092 4.605170185988092
view 1 0.0 0.0
visa 1 3.912023005428146 3.912023005428146
vit 1 2.407945608651872 2.407945608651872
watch 1 1.8971199848858813 1.8971199848858813
web 1 1.4696759700589417 1.4696759700589417
well 1 0.7765287894989963 0.7765287894989963
wider 1 2.659260036932778 2.659260036932778
wikidata 1 0.010050335853501506 0.010050335853501506
wikimedia 1 0.0 0.0
wikipedia 1 0.0 0.0
without 1 1.3093333199837622 1.3093333199837622
wiwnhoe 1 4.605170185988092 4.605170185988092
wiwonhoe 1 4.605170185988092 4.605170185988092
womens 1 2.0402208285265546 2.0402208285265546
wonhong 1 4.605170185988092 4.605170185988092
work 1 0.7133498878774648 0.7133498878774648
worker 1 2.0402208285265546 2.0402208285265546
working 1 1.8971199848858813 1.8971199848858813
would 1 0.7550225842780328 0.7550225842780328
wpk 1 4.605170185988092 4.605170185988092
wpnk 1 4.605170185988092 4.605170185988092
wpsk 1 4.605170185988092 4.605170185988092
writer 1 1.5141277326297755 1.5141277326297755
written 1 0.9416085398584451 0.9416085398584451
yang 1 3.2188758248682006 3.2188758248682006
yanggon 1 4.605170185988092 4.605170185988092
year 1 0.3424903089467759 0.3424903089467759
yongbom 1 4.605170185988092 4.605170185988092
yongchol 1 4.605170185988092 4.605170185988092
yonggil 1 4.605170185988092 4.605170185988092
yonggilborn 1 4.605170185988092 4.605170185988092
yongil 1 4.605170185988092 4.605170185988092
yongwon 1 4.605170185988092 4.605170185988092
yonjun 1 4.605170185988092 4.605170185988092
youngest 1 2.8134107167600364 2.8134107167600364
youth 1 2.207274913189721 2.207274913189721
yunsok 1 4.605170185988092 4.605170185988092
