aamp 1 2.8134107167600364 2.8134107167600364
account 1 0.0 0.0
action 1 0.0 0.0
adam 1 1.5141277326297755 1.5141277326297755
add 1 0.0 0.0
additional 1 0.0 0.0
afca 1 3.912023005428146 3.912023005428146
agree 1 0.0 0.0
alabama 1 2.995732273553991 2.995732273553991
albany 1 3.2188758248682006 3.2188758248682006
alderson 1 3.912023005428146 3.912023005428146
alike 1 0.0 0.0
also 1 0.127833371509885 0.127833371509885
america 1 0.8675005677047231 0.8675005677047231
american 1 0.5276327420823719 0.5276327420823719
amp 1 0.4620354595965586 0.4620354595965586
angelo 1 2.8134107167600364 2.8134107167600364
anselm 1 4.605170185988092 4.605170185988092
appearance 1 0.0 0.0
apply 1 0.0 0.0
arkansas 1 2.5257286443082556 2.5257286443082556
article 1 0.0 0.0
asbox 1 2.995732273553991 2.995732273553991
ashland 1 3.506557897319982 3.506557897319982
association 1 1.1394342831883648 1.1394342831883648
assumption 1 3.2188758248682006 3.2188758248682006
athletic 1 2.5257286443082556 2.5257286443082556
athletics 1 2.8134107167600364 2.8134107167600364
atlanta 1 2.207274913189721 2.207274913189721
atlantic 1 2.207274913189721 2.207274913189721
attribution 1 0.0 0.0
august 1 0.3424903089467759 0.3424903089467759
augustana 1 3.912023005428146 3.912023005428146
augustine 1 2.995732273553991 2.995732273553991
auto 1 0.1392620673335076 0.1392620673335076
available 1 0.0 0.0
azusa 1 3.912023005428146 3.912023005428146
baptist 1 2.995732273553991 2.995732273553991
became 1 0.7133498878774648 0.7133498878774648
began 1 0.8675005677047231 0.8675005677047231
bemidji 1 4.605170185988092 4.605170185988092
benedict 1 3.2188758248682006 3.2188758248682006
bentley 1 3.912023005428146 3.912023005428146
bison 1 4.605170185988092 4.605170185988092
black 1 0.8915981192837835 0.8915981192837835
bloomsburg 1 4.605170185988092 4.605170185988092
boardwalk 1 4.605170185988092 4.605170185988092
bowie 1 3.2188758248682006 3.2188758248682006
bowl 1 2.8134107167600364 2.8134107167600364
bracket 1 3.2188758248682006 3.2188758248682006
brevard 1 3.506557897319982 3.506557897319982
broaddus 1 4.605170185988092 4.605170185988092
california 1 1.4696759700589417 1.4696759700589417
camellia 1 4.605170185988092 4.605170185988092
captionborderpx 1 3.912023005428146 3.912023005428146
carson 1 2.995732273553991 2.995732273553991
catawba 1 3.912023005428146 3.912023005428146
category 1 0.0 0.0
centerpx 1 0.0408219945202552 0.0408219945202552
central 1 1.07880966137193 1.07880966137193
cfblink 1 3.912023005428146 3.912023005428146
cfbstandings 1 4.605170185988092 4.605170185988092
chadron 1 3.506557897319982 3.506557897319982
champ 1 3.506557897319982 3.506557897319982
champion 1 1.3862943611198906 1.3862943611198906
championcochampionsy 1 4.605170185988092 4.605170185988092
championship 1 1.5606477482646683 1.5606477482646683
championx 1 4.605170185988092 4.605170185988092
championy 1 4.605170185988092 4.605170185988092
change 1 0.0 0.0
charleston 1 4.605170185988092 4.605170185988092
chester 1 3.912023005428146 3.912023005428146
cheyney 1 4.605170185988092 4.605170185988092
childrens 1 2.207274913189721 2.207274913189721
chowan 1 4.605170185988092 4.605170185988092
citation 1 0.0408219945202552 0.0408219945202552
cite 1 0.0 0.0
city 1 0.6348782724359695 0.6348782724359695
clarion 1 3.506557897319982 3.506557897319982
clark 1 1.6607312068216509 1.6607312068216509
cloud 1 3.2188758248682006 3.2188758248682006
cochampions 1 4.605170185988092 4.605170185988092
code 1 0.0 0.0
college 1 1.1394342831883648 1.1394342831883648
collegiate 1 3.506557897319982 3.506557897319982
colorado 1 1.8971199848858813 1.8971199848858813
common 1 0.0 0.0
completed 1 2.0402208285265546 2.0402208285265546
concord 1 3.912023005428146 3.912023005428146
concordia 1 4.605170185988092 4.605170185988092
conduct 1 0.0 0.0
conf 1 3.912023005428146 3.912023005428146
conference 1 1.3862943611198906 1.3862943611198906
connecticut 1 2.207274913189721 2.207274913189721
contact 1 0.0 0.0
content 1 0.0 0.0
context 1 0.010050335853501506 0.010050335853501506
contribute 1 0.0 0.0
contribution 1 0.0 0.0
cookie 1 0.0 0.0
cookiematch 1 0.0 0.0
counterlistitema 1 0.127833371509885 0.127833371509885
create 1 0.0 0.0
creative 1 0.0 0.0
crookston 1 4.605170185988092 4.605170185988092
csfl 1 4.605170185988092 4.605170185988092
csmaintcolorf 1 0.06187540371808745 0.06187540371808745
csmaintcolorfmedia 1 0.0408219945202552 0.0408219945202552
csu 1 3.506557897319982 3.506557897319982
cswsicon 1 0.0408219945202552 0.0408219945202552
current 1 0.0 0.0
dakota 1 2.8134107167600364 2.8134107167600364
dame 1 2.995732273553991 2.995732273553991
date 1 0.3147107448397002 0.3147107448397002
day 1 0.5276327420823719 0.5276327420823719
december 1 0.37106368139083196 0.37106368139083196
defeating 1 2.407945608651872 2.407945608651872
delaware 1 2.8134107167600364 2.8134107167600364
delta 1 3.2188758248682006 3.2188758248682006
description 1 0.07257069283483537 0.07257069283483537
determine 1 2.659260036932778 2.659260036932778
developer 1 0.0 0.0
dii 1 4.605170185988092 4.605170185988092
diii 1 4.605170185988092 4.605170185988092
disclaimer 1 0.0 0.0
division 1 1.2729656758128876 1.2729656758128876
dixie 1 3.912023005428146 3.912023005428146
dominican 1 3.912023005428146 3.912023005428146
donate 1 0.0 0.0
download 1 0.0 0.0
dropped 1 2.0402208285265546 2.0402208285265546
dtaftercontent 1 0.127833371509885 0.127833371509885
due 1 0.9416085398584451 0.9416085398584451
duluth 1 3.912023005428146 3.912023005428146
east 1 1.0498221244986776 1.0498221244986776
eastern 1 1.5606477482646683 1.5606477482646683
edinboro 1 4.605170185988092 4.605170185988092
eligible 1 2.302585092994046 2.302585092994046
elizabeth 1 1.9661128563728327 1.9661128563728327
emporium 1 4.605170185988092 4.605170185988092
encyclopedia 1 0.0 0.0
ended 1 2.0402208285265546 2.0402208285265546
english 1 0.0 0.0
entry 1 1.5606477482646683 1.5606477482646683
era 1 2.120263536200091 2.120263536200091
erie 1 3.506557897319982 3.506557897319982
event 1 0.0 0.0
exp 1 0.0 0.0
expanding 1 2.407945608651872 2.407945608651872
fairmont 1 4.605170185988092 4.605170185988092
fall 1 1.07880966137193 1.07880966137193
fayetteville 1 3.2188758248682006 3.2188758248682006
fbs 1 3.912023005428146 3.912023005428146
fcs 1 3.912023005428146 3.912023005428146
ferris 1 4.605170185988092 4.605170185988092
fifth 1 2.120263536200091 2.120263536200091
file 1 0.0 0.0
findlay 1 4.605170185988092 4.605170185988092
first 1 0.1508228897345837 0.1508228897345837
florida 1 1.9661128563728327 1.9661128563728327
football 1 1.8325814637483102 1.8325814637483102
former 1 0.9675840262617057 0.9675840262617057
fort 1 2.120263536200091 2.120263536200091
foundation 1 0.0 0.0
fraser 1 2.995732273553991 2.995732273553991
free 1 0.0 0.0
game 1 1.2378743560016172 1.2378743560016172
gannon 1 4.605170185988092 4.605170185988092
general 1 0.0 0.0
georgia 1 2.302585092994046 2.302585092994046
get 1 0.0 0.0
glenville 1 4.605170185988092 4.605170185988092
grand 1 1.7719568419318754 1.7719568419318754
grantland 1 4.605170185988092 4.605170185988092
great 1 0.9675840262617057 0.9675840262617057
greenville 1 3.2188758248682006 3.2188758248682006
gulf 1 3.912023005428146 3.912023005428146
harding 1 4.605170185988092 4.605170185988092
harlon 1 4.605170185988092 4.605170185988092
hawk 1 3.2188758248682006 3.2188758248682006
hay 1 2.995732273553991 2.995732273553991
heart 1 1.4696759700589417 1.4696759700589417
help 1 0.0 0.0
henderson 1 2.5257286443082556 2.5257286443082556
hidden 1 0.010050335853501506 0.010050335853501506
hide 1 0.0 0.0
highland 1 2.995732273553991 2.995732273553991
hill 1 1.2039728043259361 1.2039728043259361
hillsdale 1 3.912023005428146 3.912023005428146
history 1 0.0 0.0
hlist 1 0.127833371509885 0.127833371509885
hlistinline 1 0.127833371509885 0.127833371509885
home 1 0.7339691750802005 0.7339691750802005
humboldt 1 3.912023005428146 3.912023005428146
iaafcs 1 3.912023005428146 3.912023005428146
iafbs 1 3.912023005428146 3.912023005428146
idlockfree 1 0.0408219945202552 0.0408219945202552
idlockfreeidlockfree 1 0.0408219945202552 0.0408219945202552
idlocklimited 1 0.0408219945202552 0.0408219945202552
idlockregistration 1 0.0408219945202552 0.0408219945202552
idlocksubscription 1 0.0408219945202552 0.0408219945202552
iii 1 1.7147984280919266 1.7147984280919266
inc 1 0.0 0.0
independent 1 1.4271163556401458 1.4271163556401458
indianapolis 1 2.659260036932778 2.659260036932778
infobox 1 0.3011050927839216 0.3011050927839216
infoboxtable 1 0.3147107448397002 0.3147107448397002
information 1 0.0 0.0
intercollegiate 1 4.605170185988092 4.605170185988092
international 1 0.5978370007556204 0.5978370007556204
involved 1 1.5606477482646683 1.5606477482646683
iowa 1 2.8134107167600364 2.8134107167600364
item 1 0.010050335853501506 0.010050335853501506
itvte 1 3.2188758248682006 3.2188758248682006
iup 1 4.605170185988092 4.605170185988092
jason 1 1.6607312068216509 1.6607312068216509
jewell 1 4.605170185988092 4.605170185988092
johnson 1 1.6094379124341003 1.6094379124341003
joseph 1 1.5141277326297755 1.5141277326297755
jump 1 0.0 0.0
kansa 1 2.207274913189721 2.207274913189721
kearney 1 3.912023005428146 3.912023005428146
kendree 1 4.605170185988092 4.605170185988092
kentucky 1 2.5257286443082556 2.5257286443082556
kutztown 1 4.605170185988092 4.605170185988092
laan 1 4.605170185988092 4.605170185988092
lake 1 1.8325814637483102 1.8325814637483102
lane 1 2.120263536200091 2.120263536200091
language 1 0.0 0.0
last 1 0.0 0.0
learn 1 0.0 0.0
lenoir 1 4.605170185988092 4.605170185988092
level 1 1.9661128563728327 1.9661128563728327
lewis 1 1.8325814637483102 1.8325814637483102
liaftercontent 1 0.127833371509885 0.127833371509885
liberty 1 2.8134107167600364 2.8134107167600364
license 1 0.0 0.0
limarginbottom 1 0.9675840262617057 0.9675840262617057
limestone 1 4.605170185988092 4.605170185988092
lincoln 1 2.5257286443082556 2.5257286443082556
lindenwood 1 3.912023005428146 3.912023005428146
link 1 0.0 0.0
lion 1 2.659260036932778 2.659260036932778
liu 1 3.2188758248682006 3.2188758248682006
live 1 1.2378743560016172 1.2378743560016172
livingstone 1 4.605170185988092 4.605170185988092
lock 1 3.2188758248682006 3.2188758248682006
log 1 0.0 0.0
logged 1 0.0 0.0
lone 1 2.995732273553991 2.995732273553991
main 1 0.0 0.0
malone 1 2.995732273553991 2.995732273553991
mar 1 2.0402208285265546 2.0402208285265546
mary 1 1.7719568419318754 1.7719568419318754
match 1 0.8675005677047231 0.8675005677047231
may 1 0.0 0.0
mcommerce 1 4.605170185988092 4.605170185988092
mdy 1 1.3862943611198906 1.3862943611198906
member 1 0.6733445532637655 0.6733445532637655
men 1 1.2039728043259361 1.2039728043259361
menu 1 0.0 0.0
mercy 1 2.5257286443082556 2.5257286443082556
mercyhurst 1 4.605170185988092 4.605170185988092
merrimack 1 4.605170185988092 4.605170185988092
mesa 1 3.506557897319982 3.506557897319982
mexico 1 1.5606477482646683 1.5606477482646683
michigan 1 2.207274913189721 2.207274913189721
mid 1 2.407945608651872 2.407945608651872
mideast 1 3.912023005428146 3.912023005428146
midwest 1 3.2188758248682006 3.2188758248682006
midwestern 1 4.605170185988092 4.605170185988092
mile 1 1.8971199848858813 1.8971199848858813
millersville 1 4.605170185988092 4.605170185988092
mine 1 2.407945608651872 2.407945608651872
mineral 1 3.2188758248682006 3.2188758248682006
minnesota 1 2.0402208285265546 2.0402208285265546
minot 1 4.605170185988092 4.605170185988092
mississippi 1 2.407945608651872 2.407945608651872
missouri 1 2.659260036932778 2.659260036932778
mkingsville 1 4.605170185988092 4.605170185988092
mobile 1 0.0 0.0
monticello 1 4.605170185988092 4.605170185988092
moorhead 1 4.605170185988092 4.605170185988092
morehouse 1 4.605170185988092 4.605170185988092
mountain 1 1.8971199848858813 1.8971199848858813
move 1 0.0 0.0
msu 1 4.605170185988092 4.605170185988092
murry 1 4.605170185988092 4.605170185988092
naia 1 3.506557897319982 3.506557897319982
national 1 0.5108256237659907 0.5108256237659907
navbar 1 0.23572233352106994 0.23572233352106994
navbarfontsizemedia 1 0.3147107448397002 0.3147107448397002
navbarmini 1 0.23572233352106994 0.23572233352106994
navbox 1 0.1392620673335076 0.1392620673335076
navboximage 1 0.1392620673335076 0.1392620673335076
navboxsubgroup 1 0.1392620673335076 0.1392620673335076
navboxtitle 1 0.1392620673335076 0.1392620673335076
navigation 1 0.0 0.0
nazarene 1 3.912023005428146 3.912023005428146
ncaa 1 2.5257286443082556 2.5257286443082556
ncaacom 1 4.605170185988092 4.605170185988092
nebraska 1 2.5257286443082556 2.5257286443082556
new 1 0.24846135929849972 0.24846135929849972
newberry 1 3.912023005428146 3.912023005428146
newman 1 2.659260036932778 2.659260036932778
nonprofit 1 0.0 0.0
north 1 0.8209805520698303 0.8209805520698303
northeast 1 2.8134107167600364 2.8134107167600364
northeastern 1 3.2188758248682006 3.2188758248682006
northern 1 1.3093333199837622 1.3093333199837622
northwest 1 2.8134107167600364 2.8134107167600364
northwestern 1 3.2188758248682006 3.2188758248682006
northwood 1 4.605170185988092 4.605170185988092
notre 1 3.2188758248682006 3.2188758248682006
november 1 0.3011050927839216 0.3011050927839216
ohio 1 2.207274913189721 2.207274913189721
oklahoma 1 2.5257286443082556 2.5257286443082556
ollibeforecontent 1 0.127833371509885 0.127833371509885
oregon 1 2.407945608651872 2.407945608651872
organization 1 0.0 0.0
organizationname 1 0.010050335853501506 0.010050335853501506
organized 1 2.302585092994046 2.302585092994046
ouachita 1 4.605170185988092 4.605170185988092
overall 1 1.8325814637483102 1.8325814637483102
overtime 1 2.995732273553991 2.995732273553991
pace 1 2.5257286443082556 2.5257286443082556
pacific 1 2.302585092994046 2.302585092994046
page 1 0.0 0.0
paine 1 3.912023005428146 3.912023005428146
panhandle 1 4.605170185988092 4.605170185988092
park 1 1.3093333199837622 1.3093333199837622
part 1 0.6348782724359695 0.6348782724359695
participant 1 3.2188758248682006 3.2188758248682006
participation 1 2.407945608651872 2.407945608651872
paul 1 0.8675005677047231 0.8675005677047231
pdfprintable 1 0.0 0.0
pecan 1 3.912023005428146 3.912023005428146
pembroke 1 3.912023005428146 3.912023005428146
pennsylvania 1 2.302585092994046 2.302585092994046
permanent 1 0.0 0.0
personal 1 0.0 0.0
pioneer 1 2.659260036932778 2.659260036932778
pittsburg 1 3.912023005428146 3.912023005428146
plainlist 1 0.7339691750802005 0.7339691750802005
playing 1 2.120263536200091 2.120263536200091
playoff 1 2.5257286443082556 2.5257286443082556
policy 1 0.0 0.0
poll 1 2.659260036932778 2.659260036932778
portal 1 0.0 0.0
post 1 1.07880966137193 1.07880966137193
postseason 1 3.2188758248682006 3.2188758248682006
pre 1 2.5257286443082556 2.5257286443082556
predivisional 1 3.506557897319982 3.506557897319982
printbodyns 1 0.09431067947124142 0.09431067947124142
printexport 1 0.0 0.0
privacy 1 0.0 0.0
program 1 1.7719568419318754 1.7719568419318754
project 1 0.0 0.0
provisional 1 3.506557897319982 3.506557897319982
pueblo 1 3.2188758248682006 3.2188758248682006
quarterfinal 1 2.407945608651872 2.407945608651872
quincy 1 3.912023005428146 3.912023005428146
random 1 0.0 0.0
ranking 1 2.207274913189721 2.207274913189721
read 1 0.0 0.0
recent 1 0.0 0.0
record 1 0.7765287894989963 0.7765287894989963
reference 1 0.03045920748470844 0.03045920748470844
reflist 1 0.06187540371808745 0.06187540371808745
reflistcolumns 1 0.06187540371808745 0.06187540371808745
reg 1 0.0 0.0
region 1 1.6607312068216509 1.6607312068216509
registered 1 0.0 0.0
regular 1 1.5606477482646683 1.5606477482646683
related 1 0.0 0.0
retrieved 1 0.0 0.0
rhyne 1 4.605170185988092 4.605170185988092
rice 1 2.995732273553991 2.995732273553991
rock 1 1.6094379124341003 1.6094379124341003
rocky 1 2.659260036932778 2.659260036932778
round 1 1.3862943611198906 1.3862943611198906
saginaw 1 4.605170185988092 4.605170185988092
saint 1 1.6607312068216509 1.6607312068216509
salem 1 3.2188758248682006 3.2188758248682006
samp 1 3.912023005428146 3.912023005428146
school 1 0.7765287894989963 0.7765287894989963
screen 1 0.010050335853501506 0.010050335853501506
search 1 0.0 0.0
season 1 1.1394342831883648 1.1394342831883648
second 1 0.49429632181478017 0.49429632181478017
see 1 0.40047756659712536 0.40047756659712536
semifinal 1 2.407945608651872 2.407945608651872
september 1 0.43078291609245434 0.43078291609245434
seton 1 4.605170185988092 4.605170185988092
share 1 0.0 0.0
shaw 1 3.506557897319982 3.506557897319982
shepherd 1 2.995732273553991 2.995732273553991
shippensburg 1 3.912023005428146 3.912023005428146
short 1 0.06187540371808745 0.06187540371808745
shortened 1 0.0 0.0
shorter 1 3.2188758248682006 3.2188758248682006
siac 1 4.605170185988092 4.605170185988092
sidebar 1 0.0 0.0
simon 1 2.0402208285265546 2.0402208285265546
singleelimination 1 4.605170185988092 4.605170185988092
sioux 1 4.605170185988092 4.605170185988092
site 1 0.0 0.0
slippery 1 3.912023005428146 3.912023005428146
smith 1 1.2039728043259361 1.2039728043259361
solid 1 0.09431067947124142 0.09431067947124142
south 1 0.9162907318741551 0.9162907318741551
southeast 1 3.2188758248682006 3.2188758248682006
southern 1 1.6607312068216509 1.6607312068216509
southwest 1 2.407945608651872 2.407945608651872
special 1 0.0 0.0
standing 1 1.8971199848858813 1.8971199848858813
standingsbox 1 3.912023005428146 3.912023005428146
standingsboxborderpx 1 3.912023005428146 3.912023005428146
standingsboxmarginem 1 3.912023005428146 3.912023005428146
standingstableentry 1 4.605170185988092 4.605170185988092
standingstablestart 1 4.605170185988092 4.605170185988092
star 1 0.9675840262617057 0.9675840262617057
start 1 1.4271163556401458 1.4271163556401458
state 1 0.3147107448397002 0.3147107448397002
statement 1 0.0 0.0
statistic 1 0.0 0.0
stillman 1 4.605170185988092 4.605170185988092
stonehill 1 4.605170185988092 4.605170185988092
stroudsburg 1 4.605170185988092 4.605170185988092
stub 1 2.995732273553991 2.995732273553991
subsection 1 0.3424903089467759 0.3424903089467759
sun 1 1.6607312068216509 1.6607312068216509
super 1 2.302585092994046 2.302585092994046
swosu 1 4.605170185988092 4.605170185988092
table 1 0.0 0.0
tablenotnotheme 1 2.302585092994046 2.302585092994046
talk 1 0.0 0.0
tangerine 1 4.605170185988092 4.605170185988092
tarleton 1 4.605170185988092 4.605170185988092
tdhlist 1 0.1392620673335076 0.1392620673335076
team 1 1.0498221244986776 1.0498221244986776
tech 1 2.207274913189721 2.207274913189721
template 1 0.0 0.0
term 1 0.0 0.0
texarkana 1 3.912023005428146 3.912023005428146
texas 1 1.8971199848858813 1.8971199848858813
text 1 0.0 0.0
thbodyskinresponsive 1 0.3147107448397002 0.3147107448397002
three 1 0.5798184952529422 0.5798184952529422
tiffin 1 4.605170185988092 4.605170185988092
title 1 0.9162907318741551 0.9162907318741551
toggle 1 0.010050335853501506 0.010050335853501506
tool 1 0.0 0.0
top 1 0.010050335853501506 0.010050335853501506
topic 1 0.0 0.0
total 1 0.0 0.0
tournament 1 2.8134107167600364 2.8134107167600364
trademark 1 0.0 0.0
transition 1 2.407945608651872 2.407945608651872
trophy 1 3.506557897319982 3.506557897319982
truman 1 3.912023005428146 3.912023005428146
turkey 1 2.302585092994046 2.302585092994046
tusculum 1 4.605170185988092 4.605170185988092
tuskegee 1 4.605170185988092 4.605170185988092
ulpaddingem 1 0.1392620673335076 0.1392620673335076
unc 1 3.506557897319982 3.506557897319982
union 1 1.07880966137193 1.07880966137193
united 1 0.4155154439616658 0.4155154439616658
university 1 0.616186139423817 0.616186139423817
upload 1 0.0 0.0
upper 1 2.0402208285265546 2.0402208285265546
urbana 1 4.605170185988092 4.605170185988092
use 1 0.0 0.0
using 1 0.0 0.0
utc 1 0.0 0.0
valdosta 1 4.605170185988092 4.605170185988092
valley 1 2.120263536200091 2.120263536200091
vander 1 4.605170185988092 4.605170185988092
var 1 0.0 0.0
version 1 0.0 0.0
view 1 0.0 0.0
virginia 1 1.8971199848858813 1.8971199848858813
vte 1 0.7550225842780328 0.7550225842780328
walsh 1 2.302585092994046 2.302585092994046
war 1 0.7985076962177716 0.7985076962177716
washburn 1 3.912023005428146 3.912023005428146
washington 1 1.2378743560016172 1.2378743560016172
water 1 1.5606477482646683 1.5606477482646683
wayne 1 2.302585092994046 2.302585092994046
wesleyan 1 3.506557897319982 3.506557897319982
west 1 1.171182981502945 1.171182981502945
western 1 1.2039728043259361 1.2039728043259361
wikidata 1 0.010050335853501506 0.010050335853501506
wikimedia 1 0.0 0.0
wikipedia 1 0.0 0.0
william 1 1.171182981502945 1.171182981502945
win 1 1.1086626245216111 1.1086626245216111
wingate 1 4.605170185988092 4.605170185988092
winloss 1 3.912023005428146 3.912023005428146
winner 1 1.5141277326297755 1.5141277326297755
winona 1 4.605170185988092 4.605170185988092
winston 1 3.506557897319982 3.506557897319982
wise 1 2.5257286443082556 2.5257286443082556
