aabborderleftpx 1 1.6607312068216509 1.6607312068216509
ability 1 2.302585092994046 2.302585092994046
able 1 1.7719568419318754 1.7719568419318754
aboriginal 1 4.605170185988092 4.605170185988092
abundant 1 3.506557897319982 3.506557897319982
academic 1 1.8971199848858813 1.8971199848858813
accord 1 3.506557897319982 3.506557897319982
accordance 1 3.506557897319982 3.506557897319982
account 1 0.0 0.0
accounted 1 4.605170185988092 4.605170185988092
accusing 1 3.912023005428146 3.912023005428146
achievement 1 2.5257286443082556 2.5257286443082556
action 1 0.0 0.0
actually 1 2.8134107167600364 2.8134107167600364
add 1 0.0 0.0
added 1 1.8325814637483102 1.8325814637483102
addition 1 1.3862943611198906 1.3862943611198906
additional 1 0.0 0.0
administration 1 2.120263536200091 2.120263536200091
admiral 1 3.506557897319982 3.506557897319982
adopted 1 2.207274913189721 2.207274913189721
affair 1 1.6094379124341003 1.6094379124341003
aftermath 1 2.659260036932778 2.659260036932778
age 1 0.7985076962177716 0.7985076962177716
ageda 1 4.605170185988092 4.605170185988092
agree 1 0.0 0.0
aid 1 2.0402208285265546 2.0402208285265546
aimed 1 3.912023005428146 3.912023005428146
ajudicious 1 4.605170185988092 4.605170185988092
alike 1 0.0 0.0
allegiance 1 3.912023005428146 3.912023005428146
allocated 1 3.506557897319982 3.506557897319982
already 1 2.0402208285265546 2.0402208285265546
also 1 0.127833371509885 0.127833371509885
although 1 1.4696759700589417 1.4696759700589417
ambitious 1 3.506557897319982 3.506557897319982
ambox 1 1.6607312068216509 1.6607312068216509
amboxborderpx 1 1.6607312068216509 1.6607312068216509
amboxmargin 1 1.6607312068216509 1.6607312068216509
amde 1 3.506557897319982 3.506557897319982
american 1 0.5276327420823719 0.5276327420823719
amount 1 2.5257286443082556 2.5257286443082556
amounting 1 4.605170185988092 4.605170185988092
amp 1 0.4620354595965586 0.4620354595965586
anhui 1 4.605170185988092 4.605170185988092
anhwei 1 4.605170185988092 4.605170185988092
animosity 1 4.605170185988092 4.605170185988092
annually 1 3.2188758248682006 3.2188758248682006
another 1 0.9675840262617057 0.9675840262617057
anping 1 4.605170185988092 4.605170185988092
anticipating 1 4.605170185988092 4.605170185988092
apart 1 2.5257286443082556 2.5257286443082556
aphenomenal 1 4.605170185988092 4.605170185988092
appearance 1 0.0 0.0
apply 1 0.0 0.0
appointed 1 1.9661128563728327 1.9661128563728327
arch 1 3.912023005428146 3.912023005428146
architectural 1 3.912023005428146 3.912023005428146
archived 1 0.47803580094299974 0.47803580094299974
area 1 1.2729656758128876 1.2729656758128876
armament 1 3.506557897319982 3.506557897319982
armstrong 1 2.8134107167600364 2.8134107167600364
army 1 1.6094379124341003 1.6094379124341003
around 1 1.0216512475319812 1.0216512475319812
arrested 1 2.8134107167600364 2.8134107167600364
arrival 1 2.5257286443082556 2.5257286443082556
arrived 1 2.5257286443082556 2.5257286443082556
arsenal 1 3.506557897319982 3.506557897319982
arthur 1 1.7147984280919266 1.7147984280919266
article 1 0.0 0.0
artillery 1 3.912023005428146 3.912023005428146
ascertain 1 4.605170185988092 4.605170185988092
ashore 1 3.912023005428146 3.912023005428146
asian 1 2.407945608651872 2.407945608651872
assault 1 2.5257286443082556 2.5257286443082556
associate 1 2.659260036932778 2.659260036932778
assumed 1 2.659260036932778 2.659260036932778
astride 1 4.605170185988092 4.605170185988092
astute 1 4.605170185988092 4.605170185988092
attack 1 1.7147984280919266 1.7147984280919266
attacked 1 2.995732273553991 2.995732273553991
attacking 1 3.506557897319982 3.506557897319982
attempted 1 2.407945608651872 2.407945608651872
attribution 1 0.0 0.0
august 1 0.3424903089467759 0.3424903089467759
auspex 1 3.506557897319982 3.506557897319982
authority 1 0.8915981192837835 0.8915981192837835
auto 1 0.1392620673335076 0.1392620673335076
available 1 0.0 0.0
award 1 1.171182981502945 1.171182981502945
back 1 1.0216512475319812 1.0216512475319812
background 1 1.7147984280919266 1.7147984280919266
bandit 1 3.506557897319982 3.506557897319982
bang 1 3.2188758248682006 3.2188758248682006
baozhens 1 4.605170185988092 4.605170185988092
baron 1 2.407945608651872 2.407945608651872
battery 1 2.995732273553991 2.995732273553991
battle 1 1.3862943611198906 1.3862943611198906
battleswars 1 4.605170185988092 4.605170185988092
became 1 0.7133498878774648 0.7133498878774648
began 1 0.8675005677047231 0.8675005677047231
begin 1 1.7147984280919266 1.7147984280919266
beginning 1 1.6607312068216509 1.6607312068216509
beijing 1 3.506557897319982 3.506557897319982
beiyang 1 4.605170185988092 4.605170185988092
believed 1 2.120263536200091 2.120263536200091
best 1 1.0216512475319812 1.0216512475319812
bibliography 1 2.207274913189721 2.207274913189721
biography 1 1.6607312068216509 1.6607312068216509
birth 1 1.1394342831883648 1.1394342831883648
birthdate 1 4.605170185988092 4.605170185988092
black 1 0.8915981192837835 0.8915981192837835
blue 1 1.4696759700589417 1.4696759700589417
bnlmg 1 3.506557897319982 3.506557897319982
bodyguard 1 4.605170185988092 4.605170185988092
bodymediawiki 1 1.6607312068216509 1.6607312068216509
bombardment 1 3.506557897319982 3.506557897319982
book 1 0.6348782724359695 0.6348782724359695
bop 1 3.912023005428146 3.912023005428146
born 1 1.1394342831883648 1.1394342831883648
bought 1 2.995732273553991 2.995732273553991
branchservice 1 3.912023005428146 3.912023005428146
breechloading 1 3.912023005428146 3.912023005428146
bridge 1 2.8134107167600364 2.8134107167600364
brire 1 4.605170185988092 4.605170185988092
build 1 2.120263536200091 2.120263536200091
built 1 1.6607312068216509 1.6607312068216509
bust 1 3.2188758248682006 3.2188758248682006
byposition 1 4.605170185988092 4.605170185988092
calendar 1 2.5257286443082556 2.5257286443082556
calibre 1 4.605170185988092 4.605170185988092
cambridge 1 2.120263536200091 2.120263536200091
came 1 1.6094379124341003 1.6094379124341003
camp 1 2.120263536200091 2.120263536200091
campagne 1 3.912023005428146 3.912023005428146
campaign 1 1.6607312068216509 1.6607312068216509
camphor 1 4.605170185988092 4.605170185988092
campus 1 2.302585092994046 2.302585092994046
cancelling 1 4.605170185988092 4.605170185988092
cannon 1 2.8134107167600364 2.8134107167600364
canton 1 3.912023005428146 3.912023005428146
capital 1 2.302585092994046 2.302585092994046
captain 1 2.120263536200091 2.120263536200091
captured 1 2.407945608651872 2.407945608651872
car 1 1.7147984280919266 1.7147984280919266
career 1 1.2729656758128876 1.2729656758128876
carried 1 2.659260036932778 2.659260036932778
carrying 1 2.8134107167600364 2.8134107167600364
cartridge 1 3.912023005428146 3.912023005428146
case 1 1.3862943611198906 1.3862943611198906
castle 1 2.995732273553991 2.995732273553991
casualty 1 3.506557897319982 3.506557897319982
cat 1 1.5606477482646683 1.5606477482646683
category 1 0.0 0.0
ceded 1 4.605170185988092 4.605170185988092
census 1 2.995732273553991 2.995732273553991
cent 1 3.912023005428146 3.912023005428146
centerpx 1 0.0408219945202552 0.0408219945202552
chancheng 1 4.605170185988092 4.605170185988092
chang 1 3.912023005428146 3.912023005428146
change 1 0.0 0.0
changed 1 1.6607312068216509 1.6607312068216509
changhua 1 4.605170185988092 4.605170185988092
changzhou 1 4.605170185988092 4.605170185988092
chapter 1 1.9661128563728327 1.9661128563728327
charles 1 1.171182981502945 1.171182981502945
cheng 1 3.506557897319982 3.506557897319982
china 1 2.0402208285265546 2.0402208285265546
chine 1 4.605170185988092 4.605170185988092
chinese 1 2.5257286443082556 2.5257286443082556
chineselanguage 1 3.506557897319982 3.506557897319982
ching 1 3.912023005428146 3.912023005428146
chu 1 3.912023005428146 3.912023005428146
chuan 1 3.912023005428146 3.912023005428146
chungfa 1 4.605170185988092 4.605170185988092
cinq 1 3.912023005428146 3.912023005428146
citation 1 0.0408219945202552 0.0408219945202552
cite 1 0.0 0.0
citebook 1 1.8971199848858813 1.8971199848858813
citeref 1 3.912023005428146 3.912023005428146
citerefdavidson 1 4.605170185988092 4.605170185988092
citerefduboc 1 4.605170185988092 4.605170185988092
citerefgarnot 1 4.605170185988092 4.605170185988092
citerefjohn 1 4.605170185988092 4.605170185988092
citerefloir 1 4.605170185988092 4.605170185988092
city 1 0.6348782724359695 0.6348782724359695
cixi 1 4.605170185988092 4.605170185988092
cjkv 1 4.605170185988092 4.605170185988092
clique 1 3.912023005428146 3.912023005428146
closely 1 2.995732273553991 2.995732273553991
coal 1 3.2188758248682006 3.2188758248682006
code 1 0.0 0.0
colonel 1 2.995732273553991 2.995732273553991
colonial 1 2.5257286443082556 2.5257286443082556
colonisation 1 4.605170185988092 4.605170185988092
combat 1 2.120263536200091 2.120263536200091
command 1 2.5257286443082556 2.5257286443082556
commander 1 2.120263536200091 2.120263536200091
commemorative 1 4.605170185988092 4.605170185988092
comment 1 2.659260036932778 2.659260036932778
commercial 1 2.0402208285265546 2.0402208285265546
commission 1 1.7147984280919266 1.7147984280919266
commissioner 1 2.659260036932778 2.659260036932778
common 1 0.0 0.0
company 1 1.2729656758128876 1.2729656758128876
compelled 1 3.2188758248682006 3.2188758248682006
condemned 1 3.912023005428146 3.912023005428146
conduct 1 0.0 0.0
conflict 1 2.0402208285265546 2.0402208285265546
confusion 1 2.995732273553991 2.995732273553991
connecting 1 3.2188758248682006 3.2188758248682006
connection 1 2.120263536200091 2.120263536200091
considering 1 3.912023005428146 3.912023005428146
construction 1 1.8325814637483102 1.8325814637483102
contact 1 0.0 0.0
containing 1 1.4271163556401458 1.4271163556401458
contemporary 1 2.5257286443082556 2.5257286443082556
content 1 0.0 0.0
context 1 0.010050335853501506 0.010050335853501506
continued 1 1.5141277326297755 1.5141277326297755
contribute 1 0.0 0.0
contribution 1 0.0 0.0
control 1 0.7765287894989963 0.7765287894989963
converted 1 3.2188758248682006 3.2188758248682006
cookie 1 0.0 0.0
cookiematch 1 0.0 0.0
core 1 2.659260036932778 2.659260036932778
corp 1 2.302585092994046 2.302585092994046
corresponding 1 2.8134107167600364 2.8134107167600364
counterattacked 1 4.605170185988092 4.605170185988092
counterlistitema 1 0.127833371509885 0.127833371509885
county 1 1.6607312068216509 1.6607312068216509
courbet 1 3.912023005428146 3.912023005428146
court 1 1.5141277326297755 1.5141277326297755
courtesy 1 3.506557897319982 3.506557897319982
create 1 0.0 0.0
created 1 1.5606477482646683 1.5606477482646683
creation 1 2.659260036932778 2.659260036932778
creative 1 0.0 0.0
cried 1 4.605170185988092 4.605170185988092
crispin 1 3.912023005428146 3.912023005428146
crowned 1 3.2188758248682006 3.2188758248682006
csmaintcolorf 1 0.06187540371808745 0.06187540371808745
csmaintcolorfmedia 1 0.0408219945202552 0.0408219945202552
cswsicon 1 0.0408219945202552 0.0408219945202552
current 1 0.0 0.0
custom 1 2.995732273553991 2.995732273553991
dail 1 4.605170185988092 4.605170185988092
daoguang 1 4.605170185988092 4.605170185988092
daping 1 4.605170185988092 4.605170185988092
database 1 0.9675840262617057 0.9675840262617057
date 1 0.3147107448397002 0.3147107448397002
davidson 1 3.2188758248682006 3.2188758248682006
day 1 0.5276327420823719 0.5276327420823719
death 1 1.171182981502945 1.171182981502945
deathdateandage 1 4.605170185988092 4.605170185988092
decision 1 1.8971199848858813 1.8971199848858813
decisively 1 4.605170185988092 4.605170185988092
declared 1 2.407945608651872 2.407945608651872
defaultsortliu 1 4.605170185988092 4.605170185988092
defeating 1 2.407945608651872 2.407945608651872
defend 1 2.995732273553991 2.995732273553991
defense 1 1.7719568419318754 1.7719568419318754
defensive 1 3.2188758248682006 3.2188758248682006
degree 1 1.7719568419318754 1.7719568419318754
denis 1 2.995732273553991 2.995732273553991
despite 1 1.1394342831883648 1.1394342831883648
destroyed 1 2.302585092994046 2.302585092994046
detail 1 1.6094379124341003 1.6094379124341003
deutsch 1 0.9416085398584451 0.9416085398584451
developer 1 0.0 0.0
developing 1 2.995732273553991 2.995732273553991
development 1 1.3093333199837622 1.3093333199837622
died 1 1.3093333199837622 1.3093333199837622
difficulty 1 2.995732273553991 2.995732273553991
ding 1 4.605170185988092 4.605170185988092
directed 1 2.120263536200091 2.120263536200091
disciple 1 3.912023005428146 3.912023005428146
disclaimer 1 0.0 0.0
displayed 1 3.506557897319982 3.506557897319982
division 1 1.2729656758128876 1.2729656758128876
domin 1 4.605170185988092 4.605170185988092
donate 1 0.0 0.0
done 1 2.302585092994046 2.302585092994046
dormitory 1 4.605170185988092 4.605170185988092
dowager 1 4.605170185988092 4.605170185988092
download 1 0.0 0.0
dropped 1 2.0402208285265546 2.0402208285265546
dtaftercontent 1 0.127833371509885 0.127833371509885
duboc 1 4.605170185988092 4.605170185988092
duchesne 1 4.605170185988092 4.605170185988092
due 1 0.9416085398584451 0.9416085398584451
dynasty 1 2.8134107167600364 2.8134107167600364
earliest 1 2.995732273553991 2.995732273553991
early 1 0.6348782724359695 0.6348782724359695
east 1 1.0498221244986776 1.0498221244986776
eccp 1 4.605170185988092 4.605170185988092
economical 1 4.605170185988092 4.605170185988092
ed 1 2.120263536200091 2.120263536200091
edmond 1 4.605170185988092 4.605170185988092
education 1 1.3470736479666094 1.3470736479666094
effort 1 1.5141277326297755 1.5141277326297755
electrical 1 2.659260036932778 2.659260036932778
elementary 1 3.2188758248682006 3.2188758248682006
eleven 1 2.207274913189721 2.207274913189721
emerged 1 2.659260036932778 2.659260036932778
eminent 1 3.912023005428146 3.912023005428146
emphasized 1 2.995732273553991 2.995732273553991
empire 1 1.9661128563728327 1.9661128563728327
empirein 1 4.605170185988092 4.605170185988092
emplacement 1 4.605170185988092 4.605170185988092
employee 1 2.0402208285265546 2.0402208285265546
empress 1 3.2188758248682006 3.2188758248682006
enabled 1 3.506557897319982 3.506557897319982
encouraged 1 2.995732273553991 2.995732273553991
encyclopedia 1 0.0 0.0
end 1 0.7985076962177716 0.7985076962177716
engineer 1 2.302585092994046 2.302585092994046
english 1 0.0 0.0
enlarged 1 3.506557897319982 3.506557897319982
enterprise 1 2.5257286443082556 2.5257286443082556
entrusting 1 4.605170185988092 4.605170185988092
equipped 1 3.912023005428146 3.912023005428146
era 1 2.120263536200091 2.120263536200091
establish 1 2.8134107167600364 2.8134107167600364
established 1 1.1086626245216111 1.1086626245216111
eugne 1 2.995732273553991 2.995732273553991
europe 1 1.5141277326297755 1.5141277326297755
european 1 1.3093333199837622 1.3093333199837622
europemade 1 4.605170185988092 4.605170185988092
event 1 0.0 0.0
eventual 1 2.995732273553991 2.995732273553991
every 1 1.4271163556401458 1.4271163556401458
exile 1 2.8134107167600364 2.8134107167600364
exp 1 0.0 0.0
expand 1 2.8134107167600364 2.8134107167600364
exploitation 1 3.912023005428146 3.912023005428146
extremely 1 2.995732273553991 2.995732273553991
faced 1 2.659260036932778 2.659260036932778
faction 1 2.995732273553991 2.995732273553991
factor 1 2.5257286443082556 2.5257286443082556
factory 1 2.5257286443082556 2.5257286443082556
fairbank 1 4.605170185988092 4.605170185988092
family 1 0.9162907318741551 0.9162907318741551
famous 1 2.659260036932778 2.659260036932778
far 1 1.6607312068216509 1.6607312068216509
farmer 1 2.659260036932778 2.659260036932778
farming 1 4.605170185988092 4.605170185988092
father 1 1.3093333199837622 1.3093333199837622
feixi 1 4.605170185988092 4.605170185988092
fell 1 2.5257286443082556 2.5257286443082556
feng 1 3.506557897319982 3.506557897319982
ferry 1 4.605170185988092 4.605170185988092
figure 1 1.3470736479666094 1.3470736479666094
file 1 0.0 0.0
finally 1 1.8971199848858813 1.8971199848858813
financial 1 1.8325814637483102 1.8325814637483102
firearm 1 3.912023005428146 3.912023005428146
firm 1 2.407945608651872 2.407945608651872
first 1 0.1508228897345837 0.1508228897345837
fiscal 1 3.912023005428146 3.912023005428146
five 1 1.0216512475319812 1.0216512475319812
flag 1 1.7147984280919266 1.7147984280919266
flee 1 3.912023005428146 3.912023005428146
fleet 1 2.995732273553991 2.995732273553991
flotilla 1 4.605170185988092 4.605170185988092
follow 1 2.5257286443082556 2.5257286443082556
followed 1 1.3093333199837622 1.3093333199837622
foochow 1 4.605170185988092 4.605170185988092
footnote 1 2.5257286443082556 2.5257286443082556
force 1 1.2378743560016172 1.2378743560016172
forced 1 2.207274913189721 2.207274913189721
forcefully 1 3.506557897319982 3.506557897319982
foreigner 1 2.8134107167600364 2.8134107167600364
form 1 1.3470736479666094 1.3470736479666094
formosa 1 4.605170185988092 4.605170185988092
formosan 1 3.912023005428146 3.912023005428146
formose 1 4.605170185988092 4.605170185988092
fort 1 2.120263536200091 2.120263536200091
fought 1 2.995732273553991 2.995732273553991
foundation 1 0.0 0.0
four 1 0.7985076962177716 0.7985076962177716
franais 1 0.8675005677047231 0.8675005677047231
franaise 1 3.506557897319982 3.506557897319982
france 1 1.2039728043259361 1.2039728043259361
franois 1 3.2188758248682006 3.2188758248682006
free 1 0.0 0.0
french 1 1.3862943611198906 1.3862943611198906
frigate 1 3.912023005428146 3.912023005428146
front 1 1.7147984280919266 1.7147984280919266
frustrating 1 4.605170185988092 4.605170185988092
frustration 1 3.912023005428146 3.912023005428146
fujian 1 3.912023005428146 3.912023005428146
fukien 1 4.605170185988092 4.605170185988092
full 1 1.1086626245216111 1.1086626245216111
fund 1 2.407945608651872 2.407945608651872
funding 1 2.995732273553991 2.995732273553991
fuzhou 1 4.605170185988092 4.605170185988092
gang 1 2.5257286443082556 2.5257286443082556
garnot 1 4.605170185988092 4.605170185988092
gave 1 1.5606477482646683 1.5606477482646683
general 1 0.0 0.0
george 1 1.07880966137193 1.07880966137193
germain 1 4.605170185988092 4.605170185988092
german 1 1.7147984280919266 1.7147984280919266
germany 1 1.4271163556401458 1.4271163556401458
get 1 0.0 0.0
giles 1 3.912023005428146 3.912023005428146
give 1 1.5141277326297755 1.5141277326297755
given 1 1.2378743560016172 1.2378743560016172
gold 1 1.6094379124341003 1.6094379124341003
gordons 1 4.605170185988092 4.605170185988092
gotten 1 3.912023005428146 3.912023005428146
governance 1 3.2188758248682006 3.2188758248682006
government 1 1.1086626245216111 1.1086626245216111
governor 1 2.302585092994046 2.302585092994046
governorship 1 3.506557897319982 3.506557897319982
grand 1 1.7719568419318754 1.7719568419318754
granted 1 2.8134107167600364 2.8134107167600364
greatly 1 3.2188758248682006 3.2188758248682006
greeted 1 3.506557897319982 3.506557897319982
gregorian 1 3.506557897319982 3.506557897319982
guangdong 1 4.605170185988092 4.605170185988092
guangxu 1 4.605170185988092 4.605170185988092
guarded 1 4.605170185988092 4.605170185988092
gun 1 2.207274913189721 2.207274913189721
gunfire 1 4.605170185988092 4.605170185988092
guofan 1 4.605170185988092 4.605170185988092
half 1 2.207274913189721 2.207274913189721
halt 1 3.2188758248682006 3.2188758248682006
hankow 1 4.605170185988092 4.605170185988092
hanyu 1 4.605170185988092 4.605170185988092
harbor 1 2.995732273553991 2.995732273553991
hatnote 1 0.843970070294529 0.843970070294529
hazard 1 3.506557897319982 3.506557897319982
head 1 1.1086626245216111 1.1086626245216111
headquarters 1 2.207274913189721 2.207274913189721
health 1 1.6607312068216509 1.6607312068216509
hecht 1 4.605170185988092 4.605170185988092
hefei 1 4.605170185988092 4.605170185988092
heilongjiang 1 4.605170185988092 4.605170185988092
held 1 1.171182981502945 1.171182981502945
help 1 0.0 0.0
hidden 1 0.010050335853501506 0.010050335853501506
hide 1 0.0 0.0
high 1 0.9416085398584451 0.9416085398584451
history 1 0.0 0.0
hlist 1 0.127833371509885 0.127833371509885
hlistinline 1 0.127833371509885 0.127833371509885
hobe 1 4.605170185988092 4.605170185988092
hold 1 1.3470736479666094 1.3470736479666094
holder 1 3.506557897319982 3.506557897319982
hometown 1 3.506557897319982 3.506557897319982
hongzhang 1 4.605170185988092 4.605170185988092
hongzhangs 1 4.605170185988092 4.605170185988092
hoped 1 2.995732273553991 2.995732273553991
however 1 0.6931471805599453 0.6931471805599453
hsinchu 1 4.605170185988092 4.605170185988092
hsingsan 1 4.605170185988092 4.605170185988092
hua 1 4.605170185988092 4.605170185988092
huai 1 4.605170185988092 4.605170185988092
hummel 1 4.605170185988092 4.605170185988092
hunan 1 4.605170185988092 4.605170185988092
hundred 1 2.302585092994046 2.302585092994046
hungchang 1 4.605170185988092 4.605170185988092
hupei 1 4.605170185988092 4.605170185988092
ideal 1 3.2188758248682006 3.2188758248682006
idlockfree 1 0.0408219945202552 0.0408219945202552
idlockfreeidlockfree 1 0.0408219945202552 0.0408219945202552
idlocklimited 1 0.0408219945202552 0.0408219945202552
idlockregistration 1 0.0408219945202552 0.0408219945202552
idlocksubscription 1 0.0408219945202552 0.0408219945202552
illness 1 3.506557897319982 3.506557897319982
illsutrates 1 4.605170185988092 4.605170185988092
illumination 1 3.912023005428146 3.912023005428146
illustrateded 1 4.605170185988092 4.605170185988092
immediately 1 2.207274913189721 2.207274913189721
imperial 1 2.5257286443082556 2.5257286443082556
importance 1 3.2188758248682006 3.2188758248682006
important 1 1.8325814637483102 1.8325814637483102
imposing 1 4.605170185988092 4.605170185988092
improve 1 1.8325814637483102 1.8325814637483102
inc 1 0.0 0.0
included 1 1.3093333199837622 1.3093333199837622
includes 1 1.9661128563728327 1.9661128563728327
including 1 0.7133498878774648 0.7133498878774648
increase 1 2.302585092994046 2.302585092994046
independent 1 1.4271163556401458 1.4271163556401458
indicated 1 2.5257286443082556 2.5257286443082556
indochina 1 3.912023005428146 3.912023005428146
industry 1 1.8325814637483102 1.8325814637483102
ineffective 1 3.912023005428146 3.912023005428146
infantry 1 3.912023005428146 3.912023005428146
infobox 1 0.3011050927839216 0.3011050927839216
infoboxofficeholder 1 2.659260036932778 2.659260036932778
infoboxtable 1 0.3147107448397002 0.3147107448397002
information 1 0.0 0.0
infrastructure 1 2.659260036932778 2.659260036932778
inhabited 1 3.912023005428146 3.912023005428146
initial 1 2.120263536200091 2.120263536200091
initiated 1 3.2188758248682006 3.2188758248682006
inline 1 3.506557897319982 3.506557897319982
inlon 1 4.605170185988092 4.605170185988092
inspector 1 3.2188758248682006 3.2188758248682006
instead 1 1.6607312068216509 1.6607312068216509
institution 1 2.120263536200091 2.120263536200091
intended 1 2.120263536200091 2.120263536200091
international 1 0.5978370007556204 0.5978370007556204
intext 1 3.912023005428146 3.912023005428146
introducing 1 2.5257286443082556 2.5257286443082556
invasion 1 2.407945608651872 2.407945608651872
involved 1 1.5606477482646683 1.5606477482646683
iron 1 2.8134107167600364 2.8134107167600364
isbn 1 0.9942522733438669 0.9942522733438669
island 1 1.5141277326297755 1.5141277326297755
isle 1 4.605170185988092 4.605170185988092
islet 1 3.912023005428146 3.912023005428146
isniviaffastworld 1 2.407945608651872 2.407945608651872
israel 1 1.7147984280919266 1.7147984280919266
item 1 0.010050335853501506 0.010050335853501506
jacques 1 2.302585092994046 2.302585092994046
january 1 0.3424903089467759 0.3424903089467759
japan 1 1.7719568419318754 1.7719568419318754
japanese 1 2.0402208285265546 2.0402208285265546
jhi 1 4.605170185988092 4.605170185988092
jiatang 1 4.605170185988092 4.605170185988092
jihchang 1 4.605170185988092 4.605170185988092
jingsong 1 4.605170185988092 4.605170185988092
jize 1 4.605170185988092 4.605170185988092
john 1 0.49429632181478017 0.49429632181478017
join 1 1.6607312068216509 1.6607312068216509
joined 1 1.6607312068216509 1.6607312068216509
journal 1 1.3093333199837622 1.3093333199837622
jules 1 3.506557897319982 3.506557897319982
jump 1 0.0 0.0
june 1 0.40047756659712536 0.40047756659712536
jurisdiction 1 2.995732273553991 2.995732273553991
jurisdictional 1 3.506557897319982 3.506557897319982
kaihua 1 4.605170185988092 4.605170185988092
keelung 1 3.912023005428146 3.912023005428146
killed 1 1.9661128563728327 1.9661128563728327
king 1 1.3093333199837622 1.3093333199837622
kiukang 1 4.605170185988092 4.605170185988092
kwang 1 4.605170185988092 4.605170185988092
lack 1 2.120263536200091 2.120263536200091
lacking 1 2.120263536200091 2.120263536200091
laid 1 2.8134107167600364 2.8134107167600364
lam 1 4.605170185988092 4.605170185988092
lamiral 1 4.605170185988092 4.605170185988092
lamp 1 3.506557897319982 3.506557897319982
land 1 1.5141277326297755 1.5141277326297755
landing 1 2.995732273553991 2.995732273553991
landowning 1 4.605170185988092 4.605170185988092
lang 1 1.9661128563728327 1.9661128563728327
language 1 0.0 0.0
large 1 1.4696759700589417 1.4696759700589417
largely 1 2.5257286443082556 2.5257286443082556
last 1 0.0 0.0
late 1 1.3093333199837622 1.3093333199837622
later 1 0.5621189181535412 0.5621189181535412
latter 1 1.6607312068216509 1.6607312068216509
lay 1 2.8134107167600364 2.8134107167600364
leadership 1 2.207274913189721 2.207274913189721
leading 1 1.3093333199837622 1.3093333199837622
learn 1 0.0 0.0
learned 1 2.5257286443082556 2.5257286443082556
leaving 1 1.7147984280919266 1.7147984280919266
led 1 1.07880966137193 1.07880966137193
left 1 1.171182981502945 1.171182981502945
lescadre 1 4.605170185988092 4.605170185988092
lesps 1 4.605170185988092 4.605170185988092
lexpdition 1 4.605170185988092 4.605170185988092
li 1 3.912023005428146 3.912023005428146
liaftercontent 1 0.127833371509885 0.127833371509885
license 1 0.0 0.0
life 1 0.5447271754416719 0.5447271754416719
light 1 1.3862943611198906 1.3862943611198906
lightened 1 4.605170185988092 4.605170185988092
limarginbottom 1 0.9675840262617057 0.9675840262617057
limited 1 2.0402208285265546 2.0402208285265546
line 1 1.4696759700589417 1.4696759700589417
ling 1 4.605170185988092 4.605170185988092
link 1 0.0 0.0
linktext 1 4.605170185988092 4.605170185988092
list 1 0.6348782724359695 0.6348782724359695
literal 1 3.912023005428146 3.912023005428146
liu 1 3.2188758248682006 3.2188758248682006
lius 1 4.605170185988092 4.605170185988092
lng 1 3.912023005428146 3.912023005428146
local 1 1.4696759700589417 1.4696759700589417
location 1 1.171182981502945 1.171182981502945
locomotive 1 4.605170185988092 4.605170185988092
log 1 0.0 0.0
logged 1 0.0 0.0
loir 1 4.605170185988092 4.605170185988092
loktao 1 4.605170185988092 4.605170185988092
london 1 1.5141277326297755 1.5141277326297755
long 1 1.1086626245216111 1.1086626245216111
longtime 1 2.8134107167600364 2.8134107167600364
looking 1 2.8134107167600364 2.8134107167600364
louis 1 1.5141277326297755 1.5141277326297755
loyalty 1 3.912023005428146 3.912023005428146
lung 1 3.506557897319982 3.506557897319982
lungshan 1 4.605170185988092 4.605170185988092
machine 1 1.4696759700589417 1.4696759700589417
machinery 1 3.2188758248682006 3.2188758248682006
macmillan 1 3.506557897319982 3.506557897319982
made 1 0.653926467406664 0.653926467406664
magistrate 1 4.605170185988092 4.605170185988092
main 1 0.0 0.0
mainland 1 3.912023005428146 3.912023005428146
maint 1 1.6607312068216509 1.6607312068216509
maintaining 1 3.506557897319982 3.506557897319982
major 1 1.1086626245216111 1.1086626245216111
managing 1 3.2188758248682006 3.2188758248682006
mandarin 1 3.912023005428146 3.912023005428146
manforman 1 4.605170185988092 4.605170185988092
marc 1 2.659260036932778 2.659260036932778
marine 1 2.407945608651872 2.407945608651872
maritime 1 2.5257286443082556 2.5257286443082556
massive 1 2.8134107167600364 2.8134107167600364
match 1 0.8675005677047231 0.8675005677047231
max 1 2.302585092994046 2.302585092994046
may 1 0.0 0.0
mazu 1 4.605170185988092 4.605170185988092
mean 1 1.7719568419318754 1.7719568419318754
meaningrd 1 4.605170185988092 4.605170185988092
meanwhile 1 2.8134107167600364 2.8134107167600364
measure 1 2.659260036932778 2.659260036932778
medal 1 2.5257286443082556 2.5257286443082556
medium 1 0.49429632181478017 0.49429632181478017
memorial 1 2.0402208285265546 2.0402208285265546
men 1 1.2039728043259361 1.2039728043259361
mentioned 1 2.659260036932778 2.659260036932778
menu 1 0.0 0.0
message 1 1.5606477482646683 1.5606477482646683
metal 1 2.207274913189721 2.207274913189721
middle 1 2.0402208285265546 2.0402208285265546
militarization 1 4.605170185988092 4.605170185988092
military 1 1.4696759700589417 1.4696759700589417
militia 1 3.912023005428146 3.912023005428146
min 1 2.995732273553991 2.995732273553991
mind 1 2.302585092994046 2.302585092994046
mine 1 2.407945608651872 2.407945608651872
ming 1 3.2188758248682006 3.2188758248682006
mingchuan 1 4.605170185988092 4.605170185988092
mingchuans 1 4.605170185988092 4.605170185988092
minister 1 1.5606477482646683 1.5606477482646683
misdeed 1 4.605170185988092 4.605170185988092
missing 1 1.8971199848858813 1.8971199848858813
mixed 1 2.5257286443082556 2.5257286443082556
mngchun 1 4.605170185988092 4.605170185988092
mob 1 3.506557897319982 3.506557897319982
mobile 1 0.0 0.0
modern 1 1.5606477482646683 1.5606477482646683
modernday 1 4.605170185988092 4.605170185988092
modernization 1 4.605170185988092 4.605170185988092
modernizers 1 4.605170185988092 4.605170185988092
modernizing 1 3.912023005428146 3.912023005428146
mois 1 4.605170185988092 4.605170185988092
month 1 0.8915981192837835 0.8915981192837835
morefootnotesneeded 1 4.605170185988092 4.605170185988092
mountain 1 1.8971199848858813 1.8971199848858813
move 1 0.0 0.0
moving 1 2.407945608651872 2.407945608651872
much 1 1.171182981502945 1.171182981502945
name 1 0.5276327420823719 0.5276327420823719
named 1 1.2039728043259361 1.2039728043259361
namesake 1 3.2188758248682006 3.2188758248682006
nanyang 1 4.605170185988092 4.605170185988092
national 1 0.5108256237659907 0.5108256237659907
naval 1 2.5257286443082556 2.5257286443082556
navbar 1 0.23572233352106994 0.23572233352106994
navbarfontsizemedia 1 0.3147107448397002 0.3147107448397002
navbarmini 1 0.23572233352106994 0.23572233352106994
navbox 1 0.1392620673335076 0.1392620673335076
navboximage 1 0.1392620673335076 0.1392620673335076
navboxsubgroup 1 0.1392620673335076 0.1392620673335076
navboxtitle 1 0.1392620673335076 0.1392620673335076
navigation 1 0.0 0.0
navy 1 2.207274913189721 2.207274913189721
nbsp 1 4.605170185988092 4.605170185988092
near 1 1.8325814637483102 1.8325814637483102
nearby 1 3.2188758248682006 3.2188758248682006
needed 1 1.3862943611198906 1.3862943611198906
netherlands 1 1.7719568419318754 1.7719568419318754
never 1 1.4696759700589417 1.4696759700589417
new 1 0.24846135929849972 0.24846135929849972
newly 1 2.5257286443082556 2.5257286443082556
news 1 0.843970070294529 0.843970070294529
ngrier 1 4.605170185988092 4.605170185988092
nian 1 4.605170185988092 4.605170185988092
nickname 1 3.2188758248682006 3.2188758248682006
nien 1 4.605170185988092 4.605170185988092
nighttime 1 4.605170185988092 4.605170185988092
nii 1 2.8134107167600364 2.8134107167600364
nine 1 1.7719568419318754 1.7719568419318754
ningpo 1 4.605170185988092 4.605170185988092
ninth 1 2.659260036932778 2.659260036932778
nnarticlewhitelist 1 2.407945608651872 2.407945608651872
nnciterefpatterns 1 2.407945608651872 2.407945608651872
nntemplatelist 1 2.407945608651872 2.407945608651872
nonprofit 1 0.0 0.0
north 1 0.8209805520698303 0.8209805520698303
northern 1 1.3093333199837622 1.3093333199837622
note 1 0.8209805520698303 0.8209805520698303
notillustrates 1 4.605170185988092 4.605170185988092
nov 1 2.0402208285265546 2.0402208285265546
november 1 0.3011050927839216 0.3011050927839216
occasional 1 3.506557897319982 3.506557897319982
occupy 1 4.605170185988092 4.605170185988092
october 1 0.28768207245178085 0.28768207245178085
office 1 1.1086626245216111 1.1086626245216111
officeholder 1 4.605170185988092 4.605170185988092
officer 1 1.7719568419318754 1.7719568419318754
official 1 0.7550225842780328 0.7550225842780328
old 1 1.07880966137193 1.07880966137193
oliver 1 2.407945608651872 2.407945608651872
ollibeforecontent 1 0.127833371509885 0.127833371509885
olm 1 3.912023005428146 3.912023005428146
one 1 0.23572233352106994 0.23572233352106994
operating 1 2.5257286443082556 2.5257286443082556
operation 1 1.7147984280919266 1.7147984280919266
opponent 1 2.8134107167600364 2.8134107167600364
opposition 1 1.9661128563728327 1.9661128563728327
order 1 1.171182981502945 1.171182981502945
organization 1 0.0 0.0
organizationname 1 0.010050335853501506 0.010050335853501506
original 1 0.4155154439616658 0.4155154439616658
others 1 1.1394342831883648 1.1394342831883648
outport 1 4.605170185988092 4.605170185988092
overall 1 1.8325814637483102 1.8325814637483102
page 1 0.0 0.0
palace 1 2.995732273553991 2.995732273553991
paochen 1 4.605170185988092 4.605170185988092
pariscite 1 4.605170185988092 4.605170185988092
park 1 1.3093333199837622 1.3093333199837622
part 1 0.6348782724359695 0.6348782724359695
particularly 1 2.120263536200091 2.120263536200091
past 1 1.7719568419318754 1.7719568419318754
patou 1 4.605170185988092 4.605170185988092
pdfprintable 1 0.0 0.0
peace 1 2.0402208285265546 2.0402208285265546
peilun 1 4.605170185988092 4.605170185988092
peitao 1 4.605170185988092 4.605170185988092
penghu 1 4.605170185988092 4.605170185988092
people 1 0.49429632181478017 0.49429632181478017
per 1 1.7147984280919266 1.7147984280919266
period 1 1.4271163556401458 1.4271163556401458
permanent 1 0.0 0.0
permission 1 2.659260036932778 2.659260036932778
personal 1 0.0 0.0
personality 1 2.207274913189721 2.207274913189721
personnel 1 2.207274913189721 2.207274913189721
pescadores 1 4.605170185988092 4.605170185988092
phu 1 4.605170185988092 4.605170185988092
pingyi 1 4.605170185988092 4.605170185988092
pinyin 1 4.605170185988092 4.605170185988092
place 1 0.653926467406664 0.653926467406664
placed 1 1.7147984280919266 1.7147984280919266
plagued 1 3.506557897319982 3.506557897319982
plainlist 1 0.7339691750802005 0.7339691750802005
plan 1 1.4696759700589417 1.4696759700589417
planned 1 2.5257286443082556 2.5257286443082556
plant 1 2.5257286443082556 2.5257286443082556
please 1 1.7719568419318754 1.7719568419318754
pockmarkfaced 1 4.605170185988092 4.605170185988092
policy 1 0.0 0.0
political 1 1.3470736479666094 1.3470736479666094
politician 1 1.8971199848858813 1.8971199848858813
polski 1 1.3470736479666094 1.3470736479666094
poor 1 2.207274913189721 2.207274913189721
port 1 2.302585092994046 2.302585092994046
portal 1 0.0 0.0
position 1 1.1394342831883648 1.1394342831883648
possession 1 2.995732273553991 2.995732273553991
post 1 1.07880966137193 1.07880966137193
postal 1 4.605170185988092 4.605170185988092
posthumous 1 3.2188758248682006 3.2188758248682006
praised 1 2.5257286443082556 2.5257286443082556
preceded 1 2.302585092994046 2.302585092994046
precise 1 3.912023005428146 3.912023005428146
prefecture 1 4.605170185988092 4.605170185988092
preparation 1 2.8134107167600364 2.8134107167600364
presence 1 2.207274913189721 2.207274913189721
present 1 0.9675840262617057 0.9675840262617057
presentday 1 2.8134107167600364 2.8134107167600364
press 1 0.7550225842780328 0.7550225842780328
previously 1 1.8971199848858813 1.8971199848858813
prince 1 2.207274913189721 2.207274913189721
printbodyns 1 0.09431067947124142 0.09431067947124142
printexport 1 0.0 0.0
printing 1 2.995732273553991 2.995732273553991
priority 1 3.506557897319982 3.506557897319982
prisoner 1 2.407945608651872 2.407945608651872
privacy 1 0.0 0.0
production 1 1.6607312068216509 1.6607312068216509
programme 1 2.5257286443082556 2.5257286443082556
project 1 0.0 0.0
promoted 1 2.407945608651872 2.407945608651872
proportion 1 3.2188758248682006 3.2188758248682006
prospect 1 2.407945608651872 2.407945608651872
protector 1 4.605170185988092 4.605170185988092
proved 1 3.506557897319982 3.506557897319982
providing 1 2.8134107167600364 2.8134107167600364
province 1 2.120263536200091 2.120263536200091
provinceb 1 4.605170185988092 4.605170185988092
provincial 1 2.995732273553991 2.995732273553991
public 1 0.9675840262617057 0.9675840262617057
publisher 1 1.8325814637483102 1.8325814637483102
punishment 1 3.912023005428146 3.912023005428146
purchased 1 2.120263536200091 2.120263536200091
purchasing 1 4.605170185988092 4.605170185988092
purging 1 4.605170185988092 4.605170185988092
put 1 1.8971199848858813 1.8971199848858813
qiang 1 4.605170185988092 4.605170185988092
qing 1 3.912023005428146 3.912023005428146
quang 1 4.605170185988092 4.605170185988092
radical 1 3.2188758248682006 3.2188758248682006
railroad 1 3.2188758248682006 3.2188758248682006
railway 1 3.2188758248682006 3.2188758248682006
random 1 0.0 0.0
rather 1 2.120263536200091 2.120263536200091
read 1 0.0 0.0
rear 1 2.8134107167600364 2.8134107167600364
reason 1 1.9661128563728327 1.9661128563728327
rebellion 1 2.659260036932778 2.659260036932778
received 1 1.1394342831883648 1.1394342831883648
recent 1 0.0 0.0
record 1 0.7765287894989963 0.7765287894989963
recover 1 3.506557897319982 3.506557897319982
reembark 1 4.605170185988092 4.605170185988092
ref 1 1.8971199848858813 1.8971199848858813
reference 1 0.03045920748470844 0.03045920748470844
reflist 1 0.06187540371808745 0.06187540371808745
reflistcolumns 1 0.06187540371808745 0.06187540371808745
reform 1 2.0402208285265546 2.0402208285265546
reg 1 0.0 0.0
regarding 1 2.659260036932778 2.659260036932778
registered 1 0.0 0.0
reign 1 2.995732273553991 2.995732273553991
related 1 0.0 0.0
relation 1 1.7719568419318754 1.7719568419318754
remained 1 1.7719568419318754 1.7719568419318754
remembered 1 3.2188758248682006 3.2188758248682006
remove 1 1.6607312068216509 1.6607312068216509
renovation 1 4.605170185988092 4.605170185988092
repair 1 2.995732273553991 2.995732273553991
repercussion 1 4.605170185988092 4.605170185988092
reported 1 1.8325814637483102 1.8325814637483102
representative 1 1.7147984280919266 1.7147984280919266
repulsed 1 4.605170185988092 4.605170185988092
resignation 1 3.2188758248682006 3.2188758248682006
resigned 1 2.995732273553991 2.995732273553991
resorted 1 3.912023005428146 3.912023005428146
resource 1 1.7147984280919266 1.7147984280919266
respective 1 3.2188758248682006 3.2188758248682006
rest 1 2.0402208285265546 2.0402208285265546
restarted 1 3.912023005428146 3.912023005428146
restructuring 1 4.605170185988092 4.605170185988092
result 1 0.9942522733438669 0.9942522733438669
retreat 1 3.506557897319982 3.506557897319982
retreated 1 3.912023005428146 3.912023005428146
retrieved 1 0.0 0.0
returned 1 1.4271163556401458 1.4271163556401458
revenue 1 2.8134107167600364 2.8134107167600364
reversal 1 3.506557897319982 3.506557897319982
review 1 1.07880966137193 1.07880966137193
revolted 1 4.605170185988092 4.605170185988092
richang 1 4.605170185988092 4.605170185988092
rifle 1 3.912023005428146 3.912023005428146
rioting 1 4.605170185988092 4.605170185988092
river 1 1.4271163556401458 1.4271163556401458
road 1 1.3862943611198906 1.3862943611198906
room 1 2.207274913189721 2.207274913189721
rose 1 1.8325814637483102 1.8325814637483102
rumoured 1 3.912023005428146 3.912023005428146
sailor 1 3.2188758248682006 3.2188758248682006
salt 1 2.8134107167600364 2.8134107167600364
samuel 1 2.302585092994046 2.302585092994046
saw 1 2.0402208285265546 2.0402208285265546
sbastien 1 3.912023005428146 3.912023005428146
scale 1 2.8134107167600364 2.8134107167600364
scholar 1 1.7147984280919266 1.7147984280919266
school 1 0.7765287894989963 0.7765287894989963
scope 1 3.506557897319982 3.506557897319982
screen 1 0.010050335853501506 0.010050335853501506
script 1 2.5257286443082556 2.5257286443082556
search 1 0.0 0.0
seat 1 2.302585092994046 2.302585092994046
security 1 1.6607312068216509 1.6607312068216509
see 1 0.40047756659712536 0.40047756659712536
seizing 1 4.605170185988092 4.605170185988092
separate 1 2.659260036932778 2.659260036932778
september 1 0.43078291609245434 0.43078291609245434
series 1 0.8675005677047231 0.8675005677047231
serious 1 2.659260036932778 2.659260036932778
service 1 1.2378743560016172 1.2378743560016172
setback 1 3.912023005428146 3.912023005428146
setting 1 2.120263536200091 2.120263536200091
several 1 0.8209805520698303 0.8209805520698303
sfn 1 2.5257286443082556 2.5257286443082556
sfnp 1 4.605170185988092 4.605170185988092
shanghai 1 3.2188758248682006 3.2188758248682006
shao 1 4.605170185988092 4.605170185988092
share 1 0.0 0.0
sharply 1 3.912023005428146 3.912023005428146
sheliao 1 4.605170185988092 4.605170185988092
shell 1 2.995732273553991 2.995732273553991
shen 1 3.506557897319982 3.506557897319982
shimonoseki 1 4.605170185988092 4.605170185988092
ship 1 2.0402208285265546 2.0402208285265546
shipu 1 4.605170185988092 4.605170185988092
shop 1 2.659260036932778 2.659260036932778
shore 1 2.8134107167600364 2.8134107167600364
short 1 0.06187540371808745 0.06187540371808745
shortened 1 0.0 0.0
shortly 1 2.207274913189721 2.207274913189721
sidebar 1 0.0 0.0
siege 1 3.506557897319982 3.506557897319982
sino 1 3.506557897319982 3.506557897319982
sinos 1 4.605170185988092 4.605170185988092
site 1 0.0 0.0
sixteenth 1 3.506557897319982 3.506557897319982
sky 1 2.5257286443082556 2.5257286443082556
slightly 1 2.659260036932778 2.659260036932778
smuggling 1 4.605170185988092 4.605170185988092
sohu 1 4.605170185988092 4.605170185988092
solar 1 2.995732273553991 2.995732273553991
solid 1 0.09431067947124142 0.09431067947124142
sorrow 1 3.506557897319982 3.506557897319982
source 1 0.5798184952529422 0.5798184952529422
south 1 0.9162907318741551 0.9162907318741551
special 1 0.0 0.0
speculation 1 3.506557897319982 3.506557897319982
spending 1 3.2188758248682006 3.2188758248682006
spent 1 2.407945608651872 2.407945608651872
sponsored 1 2.8134107167600364 2.8134107167600364
squadron 1 3.2188758248682006 3.2188758248682006
stack 1 4.605170185988092 4.605170185988092
standard 1 1.6607312068216509 1.6607312068216509
started 1 1.6094379124341003 1.6094379124341003
state 1 0.3147107448397002 0.3147107448397002
statement 1 0.0 0.0
stationed 1 3.912023005428146 3.912023005428146
statistic 1 0.0 0.0
steam 1 3.506557897319982 3.506557897319982
still 1 0.9416085398584451 0.9416085398584451
street 1 1.4271163556401458 1.4271163556401458
strong 1 1.6607312068216509 1.6607312068216509
study 1 1.2729656758128876 1.2729656758128876
subsection 1 0.3424903089467759 0.3424903089467759
succeeded 1 2.120263536200091 2.120263536200091
succeeding 1 3.506557897319982 3.506557897319982
success 1 1.8325814637483102 1.8325814637483102
succession 1 3.506557897319982 3.506557897319982
successorsaffiliated 1 4.605170185988092 4.605170185988092
suffered 1 2.659260036932778 2.659260036932778
sufficient 1 2.995732273553991 2.995732273553991
suffocate 1 4.605170185988092 4.605170185988092
sugar 1 2.8134107167600364 2.8134107167600364
sulphur 1 4.605170185988092 4.605170185988092
summer 1 1.5141277326297755 1.5141277326297755
sun 1 1.6607312068216509 1.6607312068216509
superintendent 1 3.2188758248682006 3.2188758248682006
supervised 1 3.912023005428146 3.912023005428146
supervising 1 3.912023005428146 3.912023005428146
supplied 1 4.605170185988092 4.605170185988092
support 1 1.2729656758128876 1.2729656758128876
supported 1 1.8325814637483102 1.8325814637483102
suppress 1 3.506557897319982 3.506557897319982
suppressed 1 3.912023005428146 3.912023005428146
suppression 1 3.2188758248682006 3.2188758248682006
system 1 0.9162907318741551 0.9162907318741551
table 1 0.0 0.0
tactical 1 4.605170185988092 4.605170185988092
tael 1 4.605170185988092 4.605170185988092
taichung 1 4.605170185988092 4.605170185988092
taipei 1 4.605170185988092 4.605170185988092
taiping 1 3.912023005428146 3.912023005428146
taiwan 1 2.8134107167600364 2.8134107167600364
takao 1 4.605170185988092 4.605170185988092
taking 1 1.6607312068216509 1.6607312068216509
talk 1 0.0 0.0
tamsui 1 4.605170185988092 4.605170185988092
tang 1 3.506557897319982 3.506557897319982
tao 1 3.912023005428146 3.912023005428146
targeted 1 3.506557897319982 3.506557897319982
tax 1 2.8134107167600364 2.8134107167600364
taxation 1 3.506557897319982 3.506557897319982
tdhlist 1 0.1392620673335076 0.1392620673335076
tea 1 3.2188758248682006 3.2188758248682006
technology 1 1.7719568419318754 1.7719568419318754
tekcham 1 4.605170185988092 4.605170185988092
telegram 1 3.912023005428146 3.912023005428146
telegraph 1 2.8134107167600364 2.8134107167600364
telegraphy 1 4.605170185988092 4.605170185988092
template 1 0.0 0.0
temple 1 2.5257286443082556 2.5257286443082556
ten 1 1.5141277326297755 1.5141277326297755
tenure 1 2.5257286443082556 2.5257286443082556
term 1 0.0 0.0
text 1 0.0 0.0
thanks 1 2.8134107167600364 2.8134107167600364
thbodyskinresponsive 1 0.3147107448397002 0.3147107448397002
thereafter 1 3.2188758248682006 3.2188758248682006
therefore 1 2.207274913189721 2.207274913189721
third 1 0.9162907318741551 0.9162907318741551
thirtyone 1 4.605170185988092 4.605170185988092
thousand 1 1.9661128563728327 1.9661128563728327
threatened 1 2.8134107167600364 2.8134107167600364
three 1 0.5798184952529422 0.5798184952529422
throne 1 2.995732273553991 2.995732273553991
throughout 1 1.171182981502945 1.171182981502945
tidus 1 4.605170185988092 4.605170185988092
tientsin 1 4.605170185988092 4.605170185988092
time 1 0.28768207245178085 0.28768207245178085
ting 1 2.407945608651872 2.407945608651872
title 1 0.9162907318741551 0.9162907318741551
today 1 1.4696759700589417 1.4696759700589417
toggle 1 0.010050335853501506 0.010050335853501506
tongking 1 4.605170185988092 4.605170185988092
tonkin 1 3.506557897319982 3.506557897319982
tonkinese 1 4.605170185988092 4.605170185988092
took 1 1.171182981502945 1.171182981502945
tool 1 0.0 0.0
top 1 0.010050335853501506 0.010050335853501506
topic 1 0.0 0.0
total 1 0.0 0.0
town 1 2.302585092994046 2.302585092994046
township 1 2.995732273553991 2.995732273553991
trademark 1 0.0 0.0
traditional 1 2.302585092994046 2.302585092994046
transcription 1 4.605170185988092 4.605170185988092
transportation 1 2.659260036932778 2.659260036932778
treasury 1 3.912023005428146 3.912023005428146
treaty 1 2.5257286443082556 2.5257286443082556
trente 1 4.605170185988092 4.605170185988092
trial 1 1.8971199848858813 1.8971199848858813
tribe 1 2.8134107167600364 2.8134107167600364
triggered 1 3.912023005428146 3.912023005428146
troop 1 2.5257286443082556 2.5257286443082556
trop 1 4.605170185988092 4.605170185988092
trove 1 2.995732273553991 2.995732273553991
tsien 1 4.605170185988092 4.605170185988092
tun 1 4.605170185988092 4.605170185988092
tung 1 4.605170185988092 4.605170185988092
turned 1 2.5257286443082556 2.5257286443082556
tuyn 1 4.605170185988092 4.605170185988092
twelveinch 1 4.605170185988092 4.605170185988092
twitchett 1 4.605170185988092 4.605170185988092
twothirds 1 4.605170185988092 4.605170185988092
uhrshawan 1 4.605170185988092 4.605170185988092
ulpaddingem 1 0.1392620673335076 0.1392620673335076
unassisted 1 4.605170185988092 4.605170185988092
unbulleted 1 4.605170185988092 4.605170185988092
undersea 1 3.912023005428146 3.912023005428146
unit 1 2.207274913189721 2.207274913189721
united 1 0.4155154439616658 0.4155154439616658
university 1 0.616186139423817 0.616186139423817
upgrading 1 4.605170185988092 4.605170185988092
upload 1 0.0 0.0
urgency 1 4.605170185988092 4.605170185988092
us 1 1.6094379124341003 1.6094379124341003
use 1 0.0 0.0
using 1 0.0 0.0
utc 1 0.0 0.0
valuable 1 3.2188758248682006 3.2188758248682006
value 1 1.9661128563728327 1.9661128563728327
var 1 0.0 0.0
various 1 1.5141277326297755 1.5141277326297755
verification 1 2.120263536200091 2.120263536200091
version 1 0.0 0.0
veteran 1 2.5257286443082556 2.5257286443082556
vice 1 1.6607312068216509 1.6607312068216509
viceroy 1 3.912023005428146 3.912023005428146
victory 1 1.6094379124341003 1.6094379124341003
vietnam 1 2.659260036932778 2.659260036932778
view 1 0.0 0.0
vision 1 2.120263536200091 2.120263536200091
visitor 1 3.912023005428146 3.912023005428146
vit 1 2.407945608651872 2.407945608651872
vol 1 1.5606477482646683 1.5606477482646683
volume 1 1.6094379124341003 1.6094379124341003
wade 1 2.995732273553991 2.995732273553991
walled 1 4.605170185988092 4.605170185988092
wanted 1 2.207274913189721 2.207274913189721
war 1 0.7985076962177716 0.7985076962177716
web 1 1.4696759700589417 1.4696759700589417
went 1 1.5141277326297755 1.5141277326297755
west 1 1.171182981502945 1.171182981502945
western 1 1.2039728043259361 1.2039728043259361
westernstyle 1 4.605170185988092 4.605170185988092
whether 1 2.302585092994046 2.302585092994046
widespread 1 2.995732273553991 2.995732273553991
wikidata 1 0.010050335853501506 0.010050335853501506
wikimedia 1 0.0 0.0
wikipedia 1 0.0 0.0
word 1 1.6094379124341003 1.6094379124341003
work 1 0.7133498878774648 0.7133498878774648
worked 1 1.6607312068216509 1.6607312068216509
working 1 1.8971199848858813 1.8971199848858813
would 1 0.7550225842780328 0.7550225842780328
written 1 0.9416085398584451 0.9416085398584451
xbxxbxpinyin 1 4.605170185988092 4.605170185988092
xia 1 3.912023005428146 3.912023005428146
xiang 1 4.605170185988092 4.605170185988092
xingsan 1 4.605170185988092 4.605170185988092
xinzheng 1 4.605170185988092 4.605170185988092
xngsn 1 4.605170185988092 4.605170185988092
xunfu 1 4.605170185988092 4.605170185988092
yamen 1 4.605170185988092 4.605170185988092
year 1 0.3424903089467759 0.3424903089467759
yearsof 1 3.912023005428146 3.912023005428146
yongfu 1 4.605170185988092 4.605170185988092
york 1 0.8209805520698303 0.8209805520698303
youlian 1 4.605170185988092 4.605170185988092
yuehnan 1 4.605170185988092 4.605170185988092
zeng 1 3.912023005428146 3.912023005428146
zhang 1 2.995732273553991 2.995732273553991
zhe 1 4.605170185988092 4.605170185988092
zhenhai 1 4.605170185988092 4.605170185988092
zhili 1 4.605170185988092 4.605170185988092
zhuang 1 4.605170185988092 4.605170185988092
zicai 1 4.605170185988092 4.605170185988092
