abc 1 2.5257286443082556 2.5257286443082556
academy 1 1.8325814637483102 1.8325814637483102
according 1 1.3093333199837622 1.3093333199837622
account 1 0.0 0.0
accusation 1 3.912023005428146 3.912023005428146
acting 1 1.8971199848858813 1.8971199848858813
action 1 0.0 0.0
actual 1 2.8134107167600364 2.8134107167600364
add 1 0.0 0.0
additional 1 0.0 0.0
admitted 1 2.659260036932778 2.659260036932778
aesthetic 1 3.912023005428146 3.912023005428146
age 1 0.7985076962177716 0.7985076962177716
agree 1 0.0 0.0
aided 1 2.995732273553991 2.995732273553991
air 1 1.8971199848858813 1.8971199848858813
album 1 2.407945608651872 2.407945608651872
alessandra 1 3.912023005428146 3.912023005428146
alien 1 2.8134107167600364 2.8134107167600364
alike 1 0.0 0.0
almost 1 1.7147984280919266 1.7147984280919266
alone 1 2.5257286443082556 2.5257286443082556
also 1 0.127833371509885 0.127833371509885
altering 1 3.912023005428146 3.912023005428146
always 1 2.207274913189721 2.207274913189721
amatue 1 4.605170185988092 4.605170185988092
ambrosio 1 4.605170185988092 4.605170185988092
angelic 1 4.605170185988092 4.605170185988092
anger 1 2.8134107167600364 2.8134107167600364
anna 1 2.302585092994046 2.302585092994046
anonymous 1 3.912023005428146 3.912023005428146
appearance 1 0.0 0.0
appeared 1 1.8971199848858813 1.8971199848858813
apply 1 0.0 0.0
april 1 0.44628710262841953 0.44628710262841953
architecture 1 2.5257286443082556 2.5257286443082556
archived 1 0.47803580094299974 0.47803580094299974
archiveorg 1 4.605170185988092 4.605170185988092
armenian 1 3.506557897319982 3.506557897319982
around 1 1.0216512475319812 1.0216512475319812
article 1 0.0 0.0
artist 1 1.7147984280919266 1.7147984280919266
astral 1 4.605170185988092 4.605170185988092
attack 1 1.7147984280919266 1.7147984280919266
attempt 1 1.6607312068216509 1.6607312068216509
attribution 1 0.0 0.0
augmentation 1 3.912023005428146 3.912023005428146
august 1 0.3424903089467759 0.3424903089467759
authority 1 0.8915981192837835 0.8915981192837835
auto 1 0.1392620673335076 0.1392620673335076
available 1 0.0 0.0
aware 1 2.995732273553991 2.995732273553991
bachelor 1 2.995732273553991 2.995732273553991
bahasa 1 1.8325814637483102 1.8325814637483102
baltic 1 4.605170185988092 4.605170185988092
barbie 1 3.912023005428146 3.912023005428146
barbielike 1 4.605170185988092 4.605170185988092
bare 1 3.506557897319982 3.506557897319982
beast 1 2.995732273553991 2.995732273553991
beautiful 1 2.120263536200091 2.120263536200091
beauty 1 2.207274913189721 2.207274913189721
become 1 1.2378743560016172 1.2378743560016172
belief 1 2.5257286443082556 2.5257286443082556
best 1 1.0216512475319812 1.0216512475319812
bibliography 1 2.207274913189721 2.207274913189721
birth 1 1.1394342831883648 1.1394342831883648
blame 1 3.506557897319982 3.506557897319982
blamed 1 4.605170185988092 4.605170185988092
blog 1 2.8134107167600364 2.8134107167600364
blonde 1 3.506557897319982 3.506557897319982
bloodthirsty 1 4.605170185988092 4.605170185988092
body 1 1.4271163556401458 1.4271163556401458
bokml 1 2.120263536200091 2.120263536200091
book 1 0.6348782724359695 0.6348782724359695
born 1 1.1394342831883648 1.1394342831883648
brainz 1 2.995732273553991 2.995732273553991
breast 1 3.2188758248682006 3.2188758248682006
breatharianism 1 4.605170185988092 4.605170185988092
bring 1 1.8971199848858813 1.8971199848858813
brutal 1 3.912023005428146 3.912023005428146
burge 1 4.605170185988092 4.605170185988092
business 1 1.6094379124341003 1.6094379124341003
businessman 1 2.659260036932778 2.659260036932778
called 1 0.8209805520698303 0.8209805520698303
candice 1 3.912023005428146 3.912023005428146
canl 1 4.605170185988092 4.605170185988092
cannes 1 4.605170185988092 4.605170185988092
card 1 1.7147984280919266 1.7147984280919266
career 1 1.2729656758128876 1.2729656758128876
category 1 0.0 0.0
caused 1 2.407945608651872 2.407945608651872
centerpx 1 0.0408219945202552 0.0408219945202552
central 1 1.07880966137193 1.07880966137193
change 1 0.0 0.0
channel 1 2.302585092994046 2.302585092994046
character 1 1.7147984280919266 1.7147984280919266
child 1 1.07880966137193 1.07880966137193
childhood 1 2.8134107167600364 2.8134107167600364
citation 1 0.0408219945202552 0.0408219945202552
cite 1 0.0 0.0
citeweb 1 0.5447271754416719 0.5447271754416719
claimed 1 2.207274913189721 2.207274913189721
closer 1 3.506557897319982 3.506557897319982
code 1 0.0 0.0
color 1 2.0402208285265546 2.0402208285265546
come 1 1.3470736479666094 1.3470736479666094
common 1 0.0 0.0
commonly 1 2.659260036932778 2.659260036932778
commonscategory 1 3.2188758248682006 3.2188758248682006
company 1 1.2729656758128876 1.2729656758128876
compete 1 2.5257286443082556 2.5257286443082556
comply 1 2.995732273553991 2.995732273553991
composer 1 2.8134107167600364 2.8134107167600364
conduct 1 0.0 0.0
conley 1 3.912023005428146 3.912023005428146
construction 1 1.8325814637483102 1.8325814637483102
contact 1 0.0 0.0
containing 1 1.4271163556401458 1.4271163556401458
content 1 0.0 0.0
contest 1 3.2188758248682006 3.2188758248682006
contestant 1 3.912023005428146 3.912023005428146
context 1 0.010050335853501506 0.010050335853501506
contribute 1 0.0 0.0
contribution 1 0.0 0.0
control 1 0.7765287894989963 0.7765287894989963
controversy 1 2.407945608651872 2.407945608651872
conversation 1 2.8134107167600364 2.8134107167600364
converting 1 3.506557897319982 3.506557897319982
cookie 1 0.0 0.0
cookiematch 1 0.0 0.0
costarred 1 4.605170185988092 4.605170185988092
couldnt 1 3.2188758248682006 3.2188758248682006
counter 1 3.506557897319982 3.506557897319982
counterlistitema 1 0.127833371509885 0.127833371509885
coverage 1 2.995732273553991 2.995732273553991
create 1 0.0 0.0
created 1 1.5606477482646683 1.5606477482646683
creative 1 0.0 0.0
creep 1 3.912023005428146 3.912023005428146
creepiest 1 4.605170185988092 4.605170185988092
crimea 1 4.605170185988092 4.605170185988092
criticised 1 2.659260036932778 2.659260036932778
criticism 1 2.8134107167600364 2.8134107167600364
crown 1 1.9661128563728327 1.9661128563728327
csmaintcolorf 1 0.06187540371808745 0.06187540371808745
csmaintcolorfmedia 1 0.0408219945202552 0.0408219945202552
cswsicon 1 0.0408219945202552 0.0408219945202552
cult 1 2.8134107167600364 2.8134107167600364
current 1 0.0 0.0
currently 1 2.207274913189721 2.207274913189721
daily 1 1.4271163556401458 1.4271163556401458
danny 1 3.506557897319982 3.506557897319982
database 1 0.9675840262617057 0.9675840262617057
date 1 0.3147107448397002 0.3147107448397002
debut 1 1.8325814637483102 1.8325814637483102
december 1 0.37106368139083196 0.37106368139083196
deconstructing 1 4.605170185988092 4.605170185988092
degeneration 1 3.912023005428146 3.912023005428146
degrading 1 4.605170185988092 4.605170185988092
degree 1 1.7719568419318754 1.7719568419318754
den 1 3.506557897319982 3.506557897319982
denies 1 3.912023005428146 3.912023005428146
descent 1 2.659260036932778 2.659260036932778
described 1 1.5141277326297755 1.5141277326297755
description 1 0.07257069283483537 0.07257069283483537
developed 1 1.7147984280919266 1.7147984280919266
developer 1 0.0 0.0
diamond 1 2.8134107167600364 2.8134107167600364
diane 1 3.506557897319982 3.506557897319982
diet 1 3.912023005428146 3.912023005428146
different 1 0.3424903089467759 0.3424903089467759
directed 1 2.120263536200091 2.120263536200091
disc 1 2.407945608651872 2.407945608651872
disclaimer 1 0.0 0.0
discography 1 2.995732273553991 2.995732273553991
disgrace 1 3.912023005428146 3.912023005428146
dmitry 1 3.912023005428146 3.912023005428146
dmy 1 1.4271163556401458 1.4271163556401458
doctor 1 1.6607312068216509 1.6607312068216509
documentary 1 2.302585092994046 2.302585092994046
doll 1 3.506557897319982 3.506557897319982
dolllike 1 4.605170185988092 4.605170185988092
dominique 1 3.912023005428146 3.912023005428146
donate 1 0.0 0.0
donbas 1 4.605170185988092 4.605170185988092
dont 1 1.9661128563728327 1.9661128563728327
dossi 1 4.605170185988092 4.605170185988092
dossis 1 4.605170185988092 4.605170185988092
dosso 1 4.605170185988092 4.605170185988092
download 1 0.0 0.0
dtaftercontent 1 0.127833371509885 0.127833371509885
due 1 0.9416085398584451 0.9416085398584451
early 1 0.6348782724359695 0.6348782724359695
eastern 1 1.5606477482646683 1.5606477482646683
effect 1 2.0402208285265546 2.0402208285265546
emigrant 1 2.8134107167600364 2.8134107167600364
encyclopedia 1 0.0 0.0
endless 1 2.995732273553991 2.995732273553991
english 1 0.0 0.0
enhance 1 3.2188758248682006 3.2188758248682006
entertainment 1 1.8325814637483102 1.8325814637483102
entitled 1 3.506557897319982 3.506557897319982
episode 1 1.6094379124341003 1.6094379124341003
erotic 1 3.506557897319982 3.506557897319982
escort 1 3.506557897319982 3.506557897319982
espaol 1 1.1394342831883648 1.1394342831883648
eternity 1 3.2188758248682006 3.2188758248682006
event 1 0.0 0.0
evil 1 2.5257286443082556 2.5257286443082556
example 1 1.8325814637483102 1.8325814637483102
exp 1 0.0 0.0
expectation 1 4.605170185988092 4.605170185988092
experiment 1 2.5257286443082556 2.5257286443082556
expressed 1 2.659260036932778 2.659260036932778
external 1 0.44628710262841953 0.44628710262841953
eye 1 1.6607312068216509 1.6607312068216509
faena 1 4.605170185988092 4.605170185988092
faktyua 1 4.605170185988092 4.605170185988092
family 1 0.9162907318741551 0.9162907318741551
fan 1 1.7147984280919266 1.7147984280919266
far 1 1.6607312068216509 1.6607312068216509
fascist 1 3.506557897319982 3.506557897319982
fashion 1 2.8134107167600364 2.8134107167600364
father 1 1.3093333199837622 1.3093333199837622
feature 1 1.4696759700589417 1.4696759700589417
featured 1 2.120263536200091 2.120263536200091
feel 1 3.2188758248682006 3.2188758248682006
female 1 2.207274913189721 2.207274913189721
festival 1 2.207274913189721 2.207274913189721
fight 1 1.8325814637483102 1.8325814637483102
file 1 0.0 0.0
film 1 1.4696759700589417 1.4696759700589417
filmography 1 2.995732273553991 2.995732273553991
find 1 1.3093333199837622 1.3093333199837622
first 1 0.1508228897345837 0.1508228897345837
followed 1 1.3093333199837622 1.3093333199837622
following 1 0.7133498878774648 0.7133498878774648
food 1 1.9661128563728327 1.9661128563728327
forbes 1 2.995732273553991 2.995732273553991
forbidding 1 4.605170185988092 4.605170185988092
fought 1 2.995732273553991 2.995732273553991
foundation 1 0.0 0.0
franais 1 0.8675005677047231 0.8675005677047231
free 1 0.0 0.0
friend 1 1.3470736479666094 1.3470736479666094
gained 1 2.8134107167600364 2.8134107167600364
garcia 1 2.8134107167600364 2.8134107167600364
geek 1 3.912023005428146 3.912023005428146
general 1 0.0 0.0
get 1 0.0 0.0
girl 1 1.7719568419318754 1.7719568419318754
give 1 1.5141277326297755 1.5141277326297755
glossy 1 4.605170185988092 4.605170185988092
grandfather 1 2.659260036932778 2.659260036932778
great 1 0.9675840262617057 0.9675840262617057
greengrayblue 1 4.605170185988092 4.605170185988092
gupta 1 3.506557897319982 3.506557897319982
gym 1 3.912023005428146 3.912023005428146
hair 1 2.5257286443082556 2.5257286443082556
hand 1 1.3862943611198906 1.3862943611198906
heightft 1 3.912023005428146 3.912023005428146
helix 1 3.2188758248682006 3.2188758248682006
help 1 0.0 0.0
hidden 1 0.010050335853501506 0.010050335853501506
hide 1 0.0 0.0
history 1 0.0 0.0
hlist 1 0.127833371509885 0.127833371509885
hlistinline 1 0.127833371509885 0.127833371509885
hoax 1 3.912023005428146 3.912023005428146
home 1 0.7339691750802005 0.7339691750802005
honour 1 2.5257286443082556 2.5257286443082556
horror 1 2.659260036932778 2.659260036932778
hospitalized 1 3.506557897319982 3.506557897319982
however 1 0.6931471805599453 0.6931471805599453
huff 1 3.912023005428146 3.912023005428146
huffington 1 4.605170185988092 4.605170185988092
human 1 1.3862943611198906 1.3862943611198906
hurt 1 2.5257286443082556 2.5257286443082556
husband 1 1.9661128563728327 1.9661128563728327
idlockfree 1 0.0408219945202552 0.0408219945202552
idlockfreeidlockfree 1 0.0408219945202552 0.0408219945202552
idlocklimited 1 0.0408219945202552 0.0408219945202552
idlockregistration 1 0.0408219945202552 0.0408219945202552
idlocksubscription 1 0.0408219945202552 0.0408219945202552
idov 1 4.605170185988092 4.605170185988092
image 1 2.120263536200091 2.120263536200091
imdb 1 2.302585092994046 2.302585092994046
imgsrc 1 1.3862943611198906 1.3862943611198906
implant 1 4.605170185988092 4.605170185988092
imply 1 3.912023005428146 3.912023005428146
imposed 1 3.912023005428146 3.912023005428146
inc 1 0.0 0.0
includes 1 1.9661128563728327 1.9661128563728327
including 1 0.7133498878774648 0.7133498878774648
independent 1 1.4271163556401458 1.4271163556401458
indonesia 1 1.7719568419318754 1.7719568419318754
infobox 1 0.3011050927839216 0.3011050927839216
infoboxmodel 1 4.605170185988092 4.605170185988092
infoboxtable 1 0.3147107448397002 0.3147107448397002
information 1 0.0 0.0
inhuman 1 4.605170185988092 4.605170185988092
instructor 1 2.8134107167600364 2.8134107167600364
insulting 1 3.912023005428146 3.912023005428146
interesting 1 2.8134107167600364 2.8134107167600364
international 1 0.5978370007556204 0.5978370007556204
interview 1 1.8325814637483102 1.8325814637483102
irina 1 3.912023005428146 3.912023005428146
italiano 1 1.07880966137193 1.07880966137193
item 1 0.010050335853501506 0.010050335853501506
january 1 0.3424903089467759 0.3424903089467759
jeremy 1 2.407945608651872 2.407945608651872
jezebel 1 3.912023005428146 3.912023005428146
jockey 1 3.912023005428146 3.912023005428146
john 1 0.49429632181478017 0.49429632181478017
journalism 1 3.912023005428146 3.912023005428146
july 1 0.43078291609245434 0.43078291609245434
jump 1 0.0 0.0
june 1 0.40047756659712536 0.40047756659712536
katya 1 4.605170185988092 4.605170185988092
kid 1 1.8971199848858813 1.8971199848858813
kill 1 1.7719568419318754 1.7719568419318754
know 1 1.7147984280919266 1.7147984280919266
known 1 0.7985076962177716 0.7985076962177716
komsomolskaya 1 4.605170185988092 4.605170185988092
kuroski 1 4.605170185988092 4.605170185988092
lacking 1 2.120263536200091 2.120263536200091
language 1 0.0 0.0
langx 1 2.659260036932778 2.659260036932778
last 1 0.0 0.0
later 1 0.5621189181535412 0.5621189181535412
learn 1 0.0 0.0
leave 1 2.407945608651872 2.407945608651872
legitng 1 4.605170185988092 4.605170185988092
lens 1 3.2188758248682006 3.2188758248682006
less 1 1.5141277326297755 1.5141277326297755
levin 1 3.912023005428146 3.912023005428146
liaftercontent 1 0.127833371509885 0.127833371509885
license 1 0.0 0.0
life 1 0.5447271754416719 0.5447271754416719
liferu 1 4.605170185988092 4.605170185988092
lifestyle 1 2.659260036932778 2.659260036932778
light 1 1.3862943611198906 1.3862943611198906
like 1 1.2039728043259361 1.2039728043259361
limarginbottom 1 0.9675840262617057 0.9675840262617057
link 1 0.0 0.0
liquid 1 3.2188758248682006 3.2188758248682006
little 1 1.4696759700589417 1.4696759700589417
live 1 1.2378743560016172 1.2378743560016172
lived 1 2.207274913189721 2.207274913189721
living 1 1.07880966137193 1.07880966137193
log 1 0.0 0.0
logged 1 0.0 0.0
look 1 2.0402208285265546 2.0402208285265546
lukyanova 1 4.605170185988092 4.605170185988092
lukyanovas 1 4.605170185988092 4.605170185988092
made 1 0.653926467406664 0.653926467406664
magazine 1 1.8971199848858813 1.8971199848858813
main 1 0.0 0.0
make 1 1.0498221244986776 1.0498221244986776
makeup 1 3.2188758248682006 3.2188758248682006
malicious 1 4.605170185988092 4.605170185988092
march 1 0.3147107448397002 0.3147107448397002
marianne 1 3.912023005428146 3.912023005428146
marriage 1 2.120263536200091 2.120263536200091
married 1 1.5141277326297755 1.5141277326297755
may 1 0.0 0.0
medium 1 0.49429632181478017 0.49429632181478017
megan 1 3.912023005428146 3.912023005428146
men 1 1.2039728043259361 1.2039728043259361
menu 1 0.0 0.0
mexico 1 1.5606477482646683 1.5606477482646683
michael 1 1.171182981502945 1.171182981502945
mikaela 1 4.605170185988092 4.605170185988092
military 1 1.4696759700589417 1.4696759700589417
miller 1 1.6094379124341003 1.6094379124341003
mindblowing 1 4.605170185988092 4.605170185988092
mindy 1 3.912023005428146 3.912023005428146
mirror 1 2.995732273553991 2.995732273553991
miss 1 2.302585092994046 2.302585092994046
mobile 1 0.0 0.0
model 1 1.8971199848858813 1.8971199848858813
modeling 1 3.506557897319982 3.506557897319982
modification 1 3.2188758248682006 3.2188758248682006
moldavian 1 4.605170185988092 4.605170185988092
moldovan 1 3.912023005428146 3.912023005428146
mosbergen 1 4.605170185988092 4.605170185988092
moscow 1 2.659260036932778 2.659260036932778
mother 1 1.5141277326297755 1.5141277326297755
move 1 0.0 0.0
moved 1 1.7719568419318754 1.7719568419318754
movie 1 1.7719568419318754 1.7719568419318754
multiple 1 1.6607312068216509 1.6607312068216509
music 1 1.3862943611198906 1.3862943611198906
musician 1 2.5257286443082556 2.5257286443082556
mychaskiw 1 4.605170185988092 4.605170185988092
name 1 0.5276327420823719 0.5276327420823719
natural 1 1.8325814637483102 1.8325814637483102
naturally 1 3.912023005428146 3.912023005428146
navbarfontsizemedia 1 0.3147107448397002 0.3147107448397002
navbox 1 0.1392620673335076 0.1392620673335076
navboximage 1 0.1392620673335076 0.1392620673335076
navboxsubgroup 1 0.1392620673335076 0.1392620673335076
navboxtitle 1 0.1392620673335076 0.1392620673335076
navigation 1 0.0 0.0
necessary 1 2.659260036932778 2.659260036932778
need 1 1.2039728043259361 1.2039728043259361
needed 1 1.3862943611198906 1.3862943611198906
negative 1 2.5257286443082556 2.5257286443082556
nemtsova 1 4.605170185988092 4.605170185988092
newage 1 4.605170185988092 4.605170185988092
news 1 0.843970070294529 0.843970070294529
newsweek 1 4.605170185988092 4.605170185988092
nickname 1 3.2188758248682006 3.2188758248682006
nigeria 1 3.912023005428146 3.912023005428146
nonprofit 1 0.0 0.0
nordic 1 3.912023005428146 3.912023005428146
norsk 1 1.9661128563728327 1.9661128563728327
notable 1 1.7719568419318754 1.7719568419318754
notoriety 1 3.912023005428146 3.912023005428146
november 1 0.3011050927839216 0.3011050927839216
novynylive 1 4.605170185988092 4.605170185988092
nydailynewscom 1 4.605170185988092 4.605170185988092
objectification 1 3.912023005428146 3.912023005428146
obozrevatel 1 4.605170185988092 4.605170185988092
obrien 1 2.8134107167600364 2.8134107167600364
odesa 1 4.605170185988092 4.605170185988092
odhiambo 1 4.605170185988092 4.605170185988092
often 1 1.6607312068216509 1.6607312068216509
ollibeforecontent 1 0.127833371509885 0.127833371509885
one 1 0.23572233352106994 0.23572233352106994
online 1 1.4696759700589417 1.4696759700589417
onlinecitation 1 4.605170185988092 4.605170185988092
open 1 1.4696759700589417 1.4696759700589417
opera 1 2.407945608651872 2.407945608651872
organisation 1 2.302585092994046 2.302585092994046
organization 1 0.0 0.0
organizationname 1 0.010050335853501506 0.010050335853501506
origin 1 2.407945608651872 2.407945608651872
original 1 0.4155154439616658 0.4155154439616658
others 1 1.1394342831883648 1.1394342831883648
outof 1 4.605170185988092 4.605170185988092
outside 1 1.7147984280919266 1.7147984280919266
page 1 0.0 0.0
pageant 1 4.605170185988092 4.605170185988092
part 1 0.6348782724359695 0.6348782724359695
participated 1 2.8134107167600364 2.8134107167600364
particular 1 2.120263536200091 2.120263536200091
parttime 1 3.912023005428146 3.912023005428146
past 1 1.7719568419318754 1.7719568419318754
pdfprintable 1 0.0 0.0
people 1 0.49429632181478017 0.49429632181478017
perhaps 1 3.2188758248682006 3.2188758248682006
permanent 1 0.0 0.0
personal 1 0.0 0.0
phase 1 2.302585092994046 2.302585092994046
photo 1 2.120263536200091 2.120263536200091
physical 1 2.5257286443082556 2.5257286443082556
plainlist 1 0.7339691750802005 0.7339691750802005
plastic 1 3.912023005428146 3.912023005428146
play 1 1.2039728043259361 1.2039728043259361
police 1 1.7719568419318754 1.7719568419318754
policy 1 0.0 0.0
political 1 1.3470736479666094 1.3470736479666094
popular 1 1.4696759700589417 1.4696759700589417
popularity 1 2.8134107167600364 2.8134107167600364
portal 1 0.0 0.0
posing 1 3.912023005428146 3.912023005428146
possibly 1 2.659260036932778 2.659260036932778
post 1 1.07880966137193 1.07880966137193
posted 1 2.995732273553991 2.995732273553991
prachi 1 4.605170185988092 4.605170185988092
pravda 1 4.605170185988092 4.605170185988092
prawwwdacom 1 4.605170185988092 4.605170185988092
presented 1 1.9661128563728327 1.9661128563728327
presumably 1 3.506557897319982 3.506557897319982
printbodyns 1 0.09431067947124142 0.09431067947124142
printexport 1 0.0 0.0
privacy 1 0.0 0.0
private 1 1.8325814637483102 1.8325814637483102
profmedlabru 1 4.605170185988092 4.605170185988092
project 1 0.0 0.0
published 1 1.3862943611198906 1.3862943611198906
punched 1 4.605170185988092 4.605170185988092
question 1 1.7719568419318754 1.7719568419318754
racemixing 1 4.605170185988092 4.605170185988092
racist 1 3.506557897319982 3.506557897319982
random 1 0.0 0.0
raw 1 4.605170185988092 4.605170185988092
read 1 0.0 0.0
real 1 1.4271163556401458 1.4271163556401458
reason 1 1.9661128563728327 1.9661128563728327
received 1 1.1394342831883648 1.1394342831883648
receiving 1 1.8971199848858813 1.8971199848858813
recent 1 0.0 0.0
recorded 1 1.6607312068216509 1.6607312068216509
recruit 1 3.2188758248682006 3.2188758248682006
reduce 1 3.2188758248682006 3.2188758248682006
reference 1 0.03045920748470844 0.03045920748470844
referred 1 2.302585092994046 2.302585092994046
referring 1 3.506557897319982 3.506557897319982
reflist 1 0.06187540371808745 0.06187540371808745
reflistcolumns 1 0.06187540371808745 0.06187540371808745
reg 1 0.0 0.0
regarded 1 2.995732273553991 2.995732273553991
region 1 1.6607312068216509 1.6607312068216509
registered 1 0.0 0.0
related 1 0.0 0.0
released 1 1.2729656758128876 1.2729656758128876
reliable 1 1.9661128563728327 1.9661128563728327
removed 1 1.6094379124341003 1.6094379124341003
report 1 1.1086626245216111 1.1086626245216111
reported 1 1.8325814637483102 1.8325814637483102
reportedly 1 3.506557897319982 3.506557897319982
requested 1 2.659260036932778 2.659260036932778
resemblance 1 3.912023005428146 3.912023005428146
responds 1 4.605170185988092 4.605170185988092
rest 1 2.0402208285265546 2.0402208285265546
result 1 0.9942522733438669 0.9942522733438669
retrieved 1 0.0 0.0
reveals 1 2.659260036932778 2.659260036932778
revolves 1 4.605170185988092 4.605170185988092
rib 1 3.506557897319982 3.506557897319982
right 1 0.9675840262617057 0.9675840262617057
robinson 1 2.120263536200091 2.120263536200091
role 1 1.3470736479666094 1.3470736479666094
romn 1 2.5257286443082556 2.5257286443082556
ron 1 2.5257286443082556 2.5257286443082556
rtf 1 4.605170185988092 4.605170185988092
rule 1 1.4696759700589417 1.4696759700589417
russia 1 2.0402208285265546 2.0402208285265546
russian 1 2.120263536200091 2.120263536200091
russianlanguage 1 3.506557897319982 3.506557897319982
russianspeaking 1 4.605170185988092 4.605170185988092
said 1 1.5606477482646683 1.5606477482646683
salon 1 4.605170185988092 4.605170185988092
sanction 1 3.2188758248682006 3.2188758248682006
sarah 1 2.302585092994046 2.302585092994046
say 1 1.7719568419318754 1.7719568419318754
scepticism 1 4.605170185988092 4.605170185988092
school 1 0.7765287894989963 0.7765287894989963
screen 1 0.010050335853501506 0.010050335853501506
search 1 0.0 0.0
sebastian 1 2.5257286443082556 2.5257286443082556
sector 1 2.995732273553991 2.995732273553991
see 1 0.40047756659712536 0.40047756659712536
self 1 2.659260036932778 2.659260036932778
september 1 0.43078291609245434 0.43078291609245434
series 1 0.8675005677047231 0.8675005677047231
session 1 2.0402208285265546 2.0402208285265546
share 1 0.0 0.0
shes 1 3.2188758248682006 3.2188758248682006
shkrabov 1 4.605170185988092 4.605170185988092
shkrabovm 1 4.605170185988092 4.605170185988092
short 1 0.06187540371808745 0.06187540371808745
shortdescription 1 0.2613647641344075 0.2613647641344075
shortened 1 0.0 0.0
show 1 1.0498221244986776 1.0498221244986776
showda 1 4.605170185988092 4.605170185988092
side 1 1.4271163556401458 1.4271163556401458
sidebar 1 0.0 0.0
sideboxmarginpx 1 1.3862943611198906 1.3862943611198906
sideboxtextpaddingem 1 1.3862943611198906 1.3862943611198906
singer 1 2.5257286443082556 2.5257286443082556
single 1 1.4696759700589417 1.4696759700589417
sistersitebox 1 1.3862943611198906 1.3862943611198906
site 1 0.0 0.0
size 1 2.659260036932778 2.659260036932778
skin 1 3.506557897319982 3.506557897319982
slasher 1 3.912023005428146 3.912023005428146
slender 1 4.605170185988092 4.605170185988092
smaller 1 2.659260036932778 2.659260036932778
sobesednikru 1 4.605170185988092 4.605170185988092
software 1 2.8134107167600364 2.8134107167600364
sokol 1 4.605170185988092 4.605170185988092
soldak 1 4.605170185988092 4.605170185988092
solid 1 0.09431067947124142 0.09431067947124142
someday 1 4.605170185988092 4.605170185988092
soviet 1 2.407945608651872 2.407945608651872
space 1 1.7719568419318754 1.7719568419318754
special 1 0.0 0.0
spiritual 1 2.120263536200091 2.120263536200091
spirituality 1 3.912023005428146 3.912023005428146
srpski 1 3.2188758248682006 3.2188758248682006
ssr 1 4.605170185988092 4.605170185988092
starring 1 2.995732273553991 2.995732273553991
state 1 0.3147107448397002 0.3147107448397002
stated 1 2.120263536200091 2.120263536200091
statement 1 0.0 0.0
stating 1 2.120263536200091 2.120263536200091
statistic 1 0.0 0.0
still 1 0.9416085398584451 0.9416085398584451
stopped 1 2.995732273553991 2.995732273553991
strangled 1 4.605170185988092 4.605170185988092
strict 1 4.605170185988092 4.605170185988092
student 1 1.3862943611198906 1.3862943611198906
style 1 1.8325814637483102 1.8325814637483102
subject 1 2.8134107167600364 2.8134107167600364
subsection 1 0.3424903089467759 0.3424903089467759
subsequently 1 2.407945608651872 2.407945608651872
subsist 1 4.605170185988092 4.605170185988092
suggested 1 2.659260036932778 2.659260036932778
sun 1 1.6607312068216509 1.6607312068216509
support 1 1.2729656758128876 1.2729656758128876
surfaced 1 3.912023005428146 3.912023005428146
surgery 1 2.8134107167600364 2.8134107167600364
surreal 1 4.605170185988092 4.605170185988092
survival 1 3.2188758248682006 3.2188758248682006
susannah 1 3.912023005428146 3.912023005428146
swanepoel 1 4.605170185988092 4.605170185988092
table 1 0.0 0.0
talk 1 0.0 0.0
tdhlist 1 0.1392620673335076 0.1392620673335076
template 1 0.0 0.0
term 1 0.0 0.0
text 1 0.0 0.0
thats 1 2.5257286443082556 2.5257286443082556
thbodyskinresponsive 1 0.3147107448397002 0.3147107448397002
thing 1 1.5606477482646683 1.5606477482646683
threat 1 2.407945608651872 2.407945608651872
throughout 1 1.171182981502945 1.171182981502945
time 1 0.28768207245178085 0.28768207245178085
tiraspol 1 4.605170185988092 4.605170185988092
today 1 1.4696759700589417 1.4696759700589417
toggle 1 0.010050335853501506 0.010050335853501506
tony 1 1.8325814637483102 1.8325814637483102
tool 1 0.0 0.0
top 1 0.010050335853501506 0.010050335853501506
topic 1 0.0 0.0
total 1 0.0 0.0
tracy 1 2.995732273553991 2.995732273553991
trademark 1 0.0 0.0
trailer 1 3.506557897319982 3.506557897319982
training 1 1.6094379124341003 1.6094379124341003
transformation 1 2.8134107167600364 2.8134107167600364
travel 1 1.9661128563728327 1.9661128563728327
trip 1 2.302585092994046 2.302585092994046
tube 1 1.8971199848858813 1.8971199848858813
tubersstcentury 1 4.605170185988092 4.605170185988092
two 1 0.43078291609245434 0.43078291609245434
type 1 1.2729656758128876 1.2729656758128876
ukraine 1 2.8134107167600364 2.8134107167600364
ukrainian 1 3.2188758248682006 3.2188758248682006
ukrainianlanguage 1 4.605170185988092 4.605170185988092
ulpaddingem 1 0.1392620673335076 0.1392620673335076
unconnected 1 4.605170185988092 4.605170185988092
unhappy 1 4.605170185988092 4.605170185988092
union 1 1.07880966137193 1.07880966137193
unsourced 1 1.3862943611198906 1.3862943611198906
uofaru 1 4.605170185988092 4.605170185988092
upload 1 0.0 0.0
us 1 1.6094379124341003 1.6094379124341003
use 1 0.0 0.0
used 1 0.8675005677047231 0.8675005677047231
using 1 0.0 0.0
utc 1 0.0 0.0
valeria 1 4.605170185988092 4.605170185988092
valeryevna 1 4.605170185988092 4.605170185988092
var 1 0.0 0.0
various 1 1.5141277326297755 1.5141277326297755
vegetarian 1 4.605170185988092 4.605170185988092
venus 1 3.506557897319982 3.506557897319982
version 1 0.0 0.0
via 1 1.4271163556401458 1.4271163556401458
vice 1 1.6607312068216509 1.6607312068216509
video 1 1.3862943611198906 1.3862943611198906
view 1 0.0 0.0
vimeocom 1 4.605170185988092 4.605170185988092
vkcom 1 4.605170185988092 4.605170185988092
waist 1 4.605170185988092 4.605170185988092
walker 1 2.207274913189721 2.207274913189721
want 1 1.9661128563728327 1.9661128563728327
war 1 0.7985076962177716 0.7985076962177716
warrior 1 2.407945608651872 2.407945608651872
water 1 1.5606477482646683 1.5606477482646683
web 1 1.4696759700589417 1.4696759700589417
website 1 1.6094379124341003 1.6094379124341003
week 1 1.2729656758128876 1.2729656758128876
weight 1 2.120263536200091 2.120263536200091
western 1 1.2039728043259361 1.2039728043259361
white 1 1.171182981502945 1.171182981502945
wikidata 1 0.010050335853501506 0.010050335853501506
wikimedia 1 0.0 0.0
wikipedia 1 0.0 0.0
winner 1 1.5141277326297755 1.5141277326297755
winning 1 1.8971199848858813 1.8971199848858813
woman 1 1.171182981502945 1.171182981502945
worked 1 1.6607312068216509 1.6607312068216509
worker 1 2.0402208285265546 2.0402208285265546
workout 1 4.605170185988092 4.605170185988092
world 1 0.5108256237659907 0.5108256237659907
worldwide 1 2.407945608651872 2.407945608651872
would 1 0.7550225842780328 0.7550225842780328
written 1 0.9416085398584451 0.9416085398584451
wrote 1 1.3470736479666094 1.3470736479666094
wwwchristiantodaycom 1 4.605170185988092 4.605170185988092
wwwuniannet 1 4.605170185988092 4.605170185988092
year 1 0.3424903089467759 0.3424903089467759
yellow 1 1.9661128563728327 1.9661128563728327
yerine 1 4.605170185988092 4.605170185988092
youll 1 4.605170185988092 4.605170185988092
younger 1 2.120263536200091 2.120263536200091
znajua 1 4.605170185988092 4.605170185988092
znamenitkaru 1 4.605170185988092 4.605170185988092
