aabborderleftpx 1 1.6607312068216509 1.6607312068216509
abad 1 4.605170185988092 4.605170185988092
abaya 1 4.605170185988092 4.605170185988092
abayanews 1 4.605170185988092 4.605170185988092
abesamis 1 4.605170185988092 4.605170185988092
academy 1 1.8325814637483102 1.8325814637483102
account 1 0.0 0.0
act 1 1.3470736479666094 1.3470736479666094
acting 1 1.8971199848858813 1.8971199848858813
action 1 0.0 0.0
add 1 0.0 0.0
adding 1 2.0402208285265546 2.0402208285265546
additional 1 0.0 0.0
administration 1 2.120263536200091 2.120263536200091
admitted 1 2.659260036932778 2.659260036932778
adrian 1 2.995732273553991 2.995732273553991
advincula 1 3.912023005428146 3.912023005428146
adviser 1 3.2188758248682006 3.2188758248682006
affair 1 1.6094379124341003 1.6094379124341003
age 1 0.7985076962177716 0.7985076962177716
agrarian 1 4.605170185988092 4.605170185988092
agree 1 0.0 0.0
agriculture 1 2.5257286443082556 2.5257286443082556
aguinaldo 1 4.605170185988092 4.605170185988092
aguinaldoand 1 4.605170185988092 4.605170185988092
ala 1 4.605170185988092 4.605170185988092
albert 1 2.0402208285265546 2.0402208285265546
alberto 1 2.8134107167600364 2.8134107167600364
alcala 1 4.605170185988092 4.605170185988092
alfredo 1 3.506557897319982 3.506557897319982
alike 1 0.0 0.0
alleged 1 2.8134107167600364 2.8134107167600364
allegiance 1 3.912023005428146 3.912023005428146
alma 1 3.2188758248682006 3.2188758248682006
almendras 1 4.605170185988092 4.605170185988092
also 1 0.127833371509885 0.127833371509885
alumnistcentury 1 4.605170185988092 4.605170185988092
alumnus 1 2.207274913189721 2.207274913189721
ambox 1 1.6607312068216509 1.6607312068216509
amboxborderpx 1 1.6607312068216509 1.6607312068216509
amboxmargin 1 1.6607312068216509 1.6607312068216509
among 1 1.2378743560016172 1.2378743560016172
angara 1 4.605170185988092 4.605170185988092
annapolis 1 3.2188758248682006 3.2188758248682006
anomalous 1 3.912023005428146 3.912023005428146
anti 1 2.207274913189721 2.207274913189721
antigraft 1 4.605170185988092 4.605170185988092
appearance 1 0.0 0.0
apply 1 0.0 0.0
appointed 1 1.9661128563728327 1.9661128563728327
appointment 1 3.506557897319982 3.506557897319982
appropriation 1 3.912023005428146 3.912023005428146
april 1 0.44628710262841953 0.44628710262841953
aquino 1 3.912023005428146 3.912023005428146
aquinos 1 4.605170185988092 4.605170185988092
arca 1 3.912023005428146 3.912023005428146
archived 1 0.47803580094299974 0.47803580094299974
armed 1 2.5257286443082556 2.5257286443082556
armin 1 3.506557897319982 3.506557897319982
arsenio 1 4.605170185988092 4.605170185988092
arthur 1 1.7147984280919266 1.7147984280919266
article 1 0.0 0.0
ateneo 1 4.605170185988092 4.605170185988092
atlargedefunct 1 4.605170185988092 4.605170185988092
attribution 1 0.0 0.0
austria 1 2.302585092994046 2.302585092994046
authored 1 4.605170185988092 4.605170185988092
authority 1 0.8915981192837835 0.8915981192837835
auto 1 0.1392620673335076 0.1392620673335076
available 1 0.0 0.0
awardee 1 4.605170185988092 4.605170185988092
bachelor 1 2.995732273553991 2.995732273553991
baldoz 1 4.605170185988092 4.605170185988092
balisacan 1 4.605170185988092 4.605170185988092
bar 1 2.5257286443082556 2.5257286443082556
barzaga 1 4.605170185988092 4.605170185988092
basa 1 4.605170185988092 4.605170185988092
basic 1 2.302585092994046 2.302585092994046
bautista 1 4.605170185988092 4.605170185988092
became 1 0.7133498878774648 0.7133498878774648
benigno 1 4.605170185988092 4.605170185988092
benitez 1 3.912023005428146 3.912023005428146
benjamin 1 2.0402208285265546 2.0402208285265546
beratio 1 4.605170185988092 4.605170185988092
biggest 1 3.2188758248682006 3.2188758248682006
binay 1 4.605170185988092 4.605170185988092
biography 1 1.6607312068216509 1.6607312068216509
birth 1 1.1394342831883648 1.1394342831883648
blp 1 4.605170185988092 4.605170185988092
blpsources 1 4.605170185988092 4.605170185988092
bodymediawiki 1 1.6607312068216509 1.6607312068216509
book 1 0.6348782724359695 0.6348782724359695
born 1 1.1394342831883648 1.1394342831883648
branchservice 1 3.912023005428146 3.912023005428146
bring 1 1.8971199848858813 1.8971199848858813
bringing 1 3.506557897319982 3.506557897319982
bscornell 1 4.605170185988092 4.605170185988092
budget 1 2.407945608651872 2.407945608651872
cabinet 1 2.8134107167600364 2.8134107167600364
cabinetlevel 1 4.605170185988092 4.605170185988092
cadet 1 3.2188758248682006 3.2188758248682006
caguioa 1 4.605170185988092 4.605170185988092
cajulis 1 4.605170185988092 4.605170185988092
campus 1 2.302585092994046 2.302585092994046
candon 1 4.605170185988092 4.605170185988092
caparas 1 4.605170185988092 4.605170185988092
carandang 1 4.605170185988092 4.605170185988092
career 1 1.2729656758128876 1.2729656758128876
catapang 1 4.605170185988092 4.605170185988092
category 1 0.0 0.0
cavite 1 4.605170185988092 4.605170185988092
cavites 1 4.605170185988092 4.605170185988092
cavitest 1 4.605170185988092 4.605170185988092
cayetano 1 4.605170185988092 4.605170185988092
centerpx 1 0.0408219945202552 0.0408219945202552
cesar 1 3.912023005428146 3.912023005428146
chairman 1 1.8325814637483102 1.8325814637483102
change 1 0.0 0.0
charge 1 2.0402208285265546 2.0402208285265546
charged 1 3.2188758248682006 3.2188758248682006
chief 1 1.3862943611198906 1.3862943611198906
child 1 1.07880966137193 1.07880966137193
citation 1 0.0408219945202552 0.0408219945202552
cite 1 0.0 0.0
citeweb 1 0.5447271754416719 0.5447271754416719
cnn 1 3.2188758248682006 3.2188758248682006
coach 1 1.7719568419318754 1.7719568419318754
cochairman 1 3.912023005428146 3.912023005428146
code 1 0.0 0.0
college 1 1.1394342831883648 1.1394342831883648
coloma 1 4.605170185988092 4.605170185988092
committee 1 1.6607312068216509 1.6607312068216509
common 1 0.0 0.0
communication 1 2.207274913189721 2.207274913189721
commuter 1 3.912023005428146 3.912023005428146
completed 1 2.0402208285265546 2.0402208285265546
condition 1 2.0402208285265546 2.0402208285265546
conduct 1 0.0 0.0
congress 1 1.7147984280919266 1.7147984280919266
congressional 1 2.8134107167600364 2.8134107167600364
congressman 1 3.506557897319982 3.506557897319982
consistent 1 2.8134107167600364 2.8134107167600364
consuelo 1 4.605170185988092 4.605170185988092
contact 1 0.0 0.0
content 1 0.0 0.0
contentious 1 3.912023005428146 3.912023005428146
context 1 0.010050335853501506 0.010050335853501506
contract 1 2.207274913189721 2.207274913189721
contribute 1 0.0 0.0
contribution 1 0.0 0.0
cookie 1 0.0 0.0
cookiematch 1 0.0 0.0
cornell 1 3.2188758248682006 3.2188758248682006
corrupt 1 3.2188758248682006 3.2188758248682006
could 1 1.2378743560016172 1.2378743560016172
counterlistitema 1 0.127833371509885 0.127833371509885
court 1 1.5141277326297755 1.5141277326297755
create 1 0.0 0.0
creative 1 0.0 0.0
crispin 1 3.912023005428146 3.912023005428146
cristobal 1 4.605170185988092 4.605170185988092
csmaintcolorf 1 0.06187540371808745 0.06187540371808745
csmaintcolorfmedia 1 0.0408219945202552 0.0408219945202552
cswsicon 1 0.0408219945202552 0.0408219945202552
current 1 0.0 0.0
date 1 0.3147107448397002 0.3147107448397002
daughter 1 1.5141277326297755 1.5141277326297755
david 1 0.9942522733438669 0.9942522733438669
day 1 0.5276327420823719 0.5276327420823719
deal 1 1.8325814637483102 1.8325814637483102
dean 1 2.659260036932778 2.659260036932778
december 1 0.37106368139083196 0.37106368139083196
defense 1 1.7719568419318754 1.7719568419318754
degree 1 1.7719568419318754 1.7719568419318754
del 1 2.302585092994046 2.302585092994046
deles 1 4.605170185988092 4.605170185988092
dellosa 1 4.605170185988092 4.605170185988092
department 1 1.7719568419318754 1.7719568419318754
descendant 1 2.995732273553991 2.995732273553991
described 1 1.5141277326297755 1.5141277326297755
description 1 0.07257069283483537 0.07257069283483537
detail 1 1.6094379124341003 1.6094379124341003
deteriorating 1 4.605170185988092 4.605170185988092
developer 1 0.0 0.0
development 1 1.3093333199837622 1.3093333199837622
different 1 0.3424903089467759 0.3424903089467759
dilg 1 4.605170185988092 4.605170185988092
diliman 1 4.605170185988092 4.605170185988092
dinky 1 4.605170185988092 4.605170185988092
director 1 1.4271163556401458 1.4271163556401458
disclaimer 1 0.0 0.0
distinction 1 3.912023005428146 3.912023005428146
district 1 1.4271163556401458 1.4271163556401458
doctor 1 1.6607312068216509 1.6607312068216509
domingo 1 4.605170185988092 4.605170185988092
donate 1 0.0 0.0
dotc 1 4.605170185988092 4.605170185988092
download 1 0.0 0.0
dragon 1 3.2188758248682006 3.2188758248682006
dtaftercontent 1 0.127833371509885 0.127833371509885
early 1 0.6348782724359695 0.6348782724359695
earned 1 2.207274913189721 2.207274913189721
economic 1 1.7719568419318754 1.7719568419318754
edgardo 1 4.605170185988092 4.605170185988092
eduardo 1 3.2188758248682006 3.2188758248682006
education 1 1.3470736479666094 1.3470736479666094
edwin 1 2.5257286443082556 2.5257286443082556
elected 1 1.9661128563728327 1.9661128563728327
election 1 1.9661128563728327 1.9661128563728327
electrical 1 2.659260036932778 2.659260036932778
elementary 1 3.2188758248682006 3.2188758248682006
elpidio 1 4.605170185988092 4.605170185988092
emilio 1 4.605170185988092 4.605170185988092
emmanuel 1 3.912023005428146 3.912023005428146
employment 1 2.995732273553991 2.995732273553991
encarnacin 1 4.605170185988092 4.605170185988092
encyclopedia 1 0.0 0.0
ended 1 2.0402208285265546 2.0402208285265546
energy 1 1.6607312068216509 1.6607312068216509
engineering 1 2.302585092994046 2.302585092994046
english 1 0.0 0.0
enrique 1 3.912023005428146 3.912023005428146
entrance 1 3.912023005428146 3.912023005428146
environment 1 2.407945608651872 2.407945608651872
esguerra 1 4.605170185988092 4.605170185988092
especially 1 2.207274913189721 2.207274913189721
espiritu 1 4.605170185988092 4.605170185988092
event 1 0.0 0.0
every 1 1.4271163556401458 1.4271163556401458
examination 1 3.912023005428146 3.912023005428146
executive 1 1.8325814637483102 1.8325814637483102
exp 1 0.0 0.0
facility 1 2.407945608651872 2.407945608651872
family 1 0.9162907318741551 0.9162907318741551
father 1 1.3093333199837622 1.3093333199837622
february 1 0.27443684570176036 0.27443684570176036
fellow 1 2.120263536200091 2.120263536200091
fellowship 1 3.912023005428146 3.912023005428146
ferrer 1 4.605170185988092 4.605170185988092
file 1 0.0 0.0
filipino 1 3.506557897319982 3.506557897319982
finance 1 2.302585092994046 2.302585092994046
find 1 1.3093333199837622 1.3093333199837622
finished 1 2.0402208285265546 2.0402208285265546
first 1 0.1508228897345837 0.1508228897345837
florencio 1 3.506557897319982 3.506557897319982
force 1 1.2378743560016172 1.2378743560016172
foreign 1 1.8971199848858813 1.8971199848858813
found 1 1.2039728043259361 1.2039728043259361
foundation 1 0.0 0.0
founding 1 2.302585092994046 2.302585092994046
francis 1 1.6607312068216509 1.6607312068216509
free 1 0.0 0.0
friend 1 1.3470736479666094 1.3470736479666094
garcia 1 2.8134107167600364 2.8134107167600364
garin 1 4.605170185988092 4.605170185988092
gazmin 1 4.605170185988092 4.605170185988092
general 1 0.0 0.0
gerald 1 2.407945608651872 2.407945608651872
get 1 0.0 0.0
glorioso 1 4.605170185988092 4.605170185988092
government 1 1.1086626245216111 1.1086626245216111
graft 1 3.912023005428146 3.912023005428146
granddaughter 1 3.506557897319982 3.506557897319982
greatgrandson 1 4.605170185988092 4.605170185988092
gregorio 1 4.605170185988092 4.605170185988092
gregory 1 2.659260036932778 2.659260036932778
guerrero 1 4.605170185988092 4.605170185988092
guzman 1 3.912023005428146 3.912023005428146
hatnote 1 0.843970070294529 0.843970070294529
health 1 1.6607312068216509 1.6607312068216509
held 1 1.171182981502945 1.171182981502945
help 1 0.0 0.0
herminio 1 4.605170185988092 4.605170185988092
hernando 1 4.605170185988092 4.605170185988092
hero 1 2.207274913189721 2.207274913189721
hidden 1 0.010050335853501506 0.010050335853501506
hide 1 0.0 0.0
high 1 0.9416085398584451 0.9416085398584451
highway 1 2.8134107167600364 2.8134107167600364
history 1 0.0 0.0
hlist 1 0.127833371509885 0.127833371509885
hlistinline 1 0.127833371509885 0.127833371509885
honor 1 1.8325814637483102 1.8325814637483102
hound 1 4.605170185988092 4.605170185988092
house 1 1.0216512475319812 1.0216512475319812
ibaez 1 4.605170185988092 4.605170185988092
idlockfree 1 0.0408219945202552 0.0408219945202552
idlockfreeidlockfree 1 0.0408219945202552 0.0408219945202552
idlocklimited 1 0.0408219945202552 0.0408219945202552
idlockregistration 1 0.0408219945202552 0.0408219945202552
idlocksubscription 1 0.0408219945202552 0.0408219945202552
iii 1 1.7147984280919266 1.7147984280919266
iiipreceded 1 4.605170185988092 4.605170185988092
ilagan 1 4.605170185988092 4.605170185988092
ilocos 1 4.605170185988092 4.605170185988092
immediately 1 2.207274913189721 2.207274913189721
inc 1 0.0 0.0
industry 1 1.8325814637483102 1.8325814637483102
infobox 1 0.3011050927839216 0.3011050927839216
infoboxofficeholder 1 2.659260036932778 2.659260036932778
infoboxtable 1 0.3147107448397002 0.3147107448397002
information 1 0.0 0.0
inquirer 1 3.912023005428146 3.912023005428146
inquirernet 1 4.605170185988092 4.605170185988092
interior 1 2.5257286443082556 2.5257286443082556
involved 1 1.5606477482646683 1.5606477482646683
iriberri 1 4.605170185988092 4.605170185988092
isabelo 1 4.605170185988092 4.605170185988092
item 1 0.010050335853501506 0.010050335853501506
ithaca 1 4.605170185988092 4.605170185988092
janette 1 4.605170185988092 4.605170185988092
january 1 0.3424903089467759 0.3424903089467759
jdoccupation 1 4.605170185988092 4.605170185988092
jeffrey 1 2.995732273553991 2.995732273553991
jejomar 1 4.605170185988092 4.605170185988092
jericho 1 4.605170185988092 4.605170185988092
jesse 1 2.8134107167600364 2.8134107167600364
jessie 1 4.605170185988092 4.605170185988092
jesus 1 2.659260036932778 2.659260036932778
jimenez 1 4.605170185988092 4.605170185988092
joint 1 2.302585092994046 2.302585092994046
jose 1 2.120263536200091 2.120263536200091
joseph 1 1.5141277326297755 1.5141277326297755
joya 1 4.605170185988092 4.605170185988092
jstor 1 1.5141277326297755 1.5141277326297755
julia 1 2.995732273553991 2.995732273553991
july 1 0.43078291609245434 0.43078291609245434
jump 1 0.0 0.0
jun 1 2.5257286443082556 2.5257286443082556
june 1 0.40047756659712536 0.40047756659712536
juris 1 3.912023005428146 3.912023005428146
justice 1 1.9661128563728327 1.9661128563728327
kappa 1 4.605170185988092 4.605170185988092
kawit 1 4.605170185988092 4.605170185988092
kristine 1 3.506557897319982 3.506557897319982
la 1 2.407945608651872 2.407945608651872
labor 1 2.659260036932778 2.659260036932778
lacierda 1 4.605170185988092 4.605170185988092
lack 1 2.120263536200091 2.120263536200091
lacking 1 2.120263536200091 2.120263536200091
language 1 0.0 0.0
last 1 0.0 0.0
law 1 1.4271163556401458 1.4271163556401458
lawyer 1 2.120263536200091 2.120263536200091
learn 1 0.0 0.0
led 1 1.07880966137193 1.07880966137193
leila 1 4.605170185988092 4.605170185988092
liaftercontent 1 0.127833371509885 0.127833371509885
libelous 1 4.605170185988092 4.605170185988092
liberal 1 2.659260036932778 2.659260036932778
license 1 0.0 0.0
life 1 0.5447271754416719 0.5447271754416719
lim 1 4.605170185988092 4.605170185988092
lima 1 3.2188758248682006 3.2188758248682006
line 1 1.4696759700589417 1.4696759700589417
link 1 0.0 0.0
lister 1 4.605170185988092 4.605170185988092
living 1 1.07880966137193 1.07880966137193
llama 1 3.912023005428146 3.912023005428146
local 1 1.4696759700589417 1.4696759700589417
log 1 0.0 0.0
logged 1 0.0 0.0
los 1 1.5141277326297755 1.5141277326297755
loyola 1 3.912023005428146 3.912023005428146
luistro 1 4.605170185988092 4.605170185988092
made 1 0.653926467406664 0.653926467406664
main 1 0.0 0.0
maintenance 1 2.995732273553991 2.995732273553991
maliksi 1 4.605170185988092 4.605170185988092
management 1 1.7719568419318754 1.7719568419318754
manila 1 3.912023005428146 3.912023005428146
manuel 1 2.659260036932778 2.659260036932778
mar 1 2.0402208285265546 2.0402208285265546
march 1 0.3147107448397002 0.3147107448397002
maringal 1 4.605170185988092 4.605170185988092
mario 1 2.407945608651872 2.407945608651872
maryland 1 2.995732273553991 2.995732273553991
master 1 1.3093333199837622 1.3093333199837622
mater 1 3.506557897319982 3.506557897319982
material 1 1.3093333199837622 1.3093333199837622
maternal 1 3.2188758248682006 3.2188758248682006
mathematics 1 3.506557897319982 3.506557897319982
may 1 0.0 0.0
mdy 1 1.3862943611198906 1.3862943611198906
medium 1 0.49429632181478017 0.49429632181478017
mel 1 3.2188758248682006 3.2188758248682006
member 1 0.6733445532637655 0.6733445532637655
menu 1 0.0 0.0
mercado 1 4.605170185988092 4.605170185988092
message 1 1.5606477482646683 1.5606477482646683
metro 1 2.995732273553991 2.995732273553991
middle 1 2.0402208285265546 2.0402208285265546
military 1 1.4696759700589417 1.4696759700589417
miranda 1 3.2188758248682006 3.2188758248682006
mobile 1 0.0 0.0
monsada 1 4.605170185988092 4.605170185988092
montano 1 3.912023005428146 3.912023005428146
montejo 1 4.605170185988092 4.605170185988092
move 1 0.0 0.0
mrt 1 4.605170185988092 4.605170185988092
msateneo 1 4.605170185988092 4.605170185988092
mtr 1 4.605170185988092 4.605170185988092
must 1 2.0402208285265546 2.0402208285265546
name 1 0.5276327420823719 0.5276327420823719
national 1 0.5108256237659907 0.5108256237659907
natural 1 1.8325814637483102 1.8325814637483102
naval 1 2.5257286443082556 2.5257286443082556
navbar 1 0.23572233352106994 0.23572233352106994
navbarfontsizemedia 1 0.3147107448397002 0.3147107448397002
navbarmini 1 0.23572233352106994 0.23572233352106994
navbox 1 0.1392620673335076 0.1392620673335076
navboximage 1 0.1392620673335076 0.1392620673335076
navboxsubgroup 1 0.1392620673335076 0.1392620673335076
navboxtitle 1 0.1392620673335076 0.1392620673335076
navigation 1 0.0 0.0
navy 1 2.207274913189721 2.207274913189721
nazareno 1 4.605170185988092 4.605170185988092
need 1 1.2039728043259361 1.2039728043259361
new 1 0.24846135929849972 0.24846135929849972
newspaper 1 1.5141277326297755 1.5141277326297755
next 1 1.1086626245216111 1.1086626245216111
nonprofit 1 0.0 0.0
november 1 0.3011050927839216 0.3011050927839216
nuez 1 3.912023005428146 3.912023005428146
oban 1 4.605170185988092 4.605170185988092
ochoa 1 3.912023005428146 3.912023005428146
october 1 0.28768207245178085 0.28768207245178085
office 1 1.1086626245216111 1.1086626245216111
officer 1 1.7719568419318754 1.7719568419318754
official 1 0.7550225842780328 0.7550225842780328
ollibeforecontent 1 0.127833371509885 0.127833371509885
ona 1 4.605170185988092 4.605170185988092
operation 1 1.7147984280919266 1.7147984280919266
organization 1 0.0 0.0
organizationname 1 0.010050335853501506 0.010050335853501506
original 1 0.4155154439616658 0.4155154439616658
paderanga 1 4.605170185988092 4.605170185988092
page 1 0.0 0.0
paje 1 4.605170185988092 4.605170185988092
palma 1 3.912023005428146 3.912023005428146
pangilinan 1 4.605170185988092 4.605170185988092
paquito 1 4.605170185988092 4.605170185988092
party 1 1.2378743560016172 1.2378743560016172
passing 1 2.407945608651872 2.407945608651872
paternal 1 3.912023005428146 3.912023005428146
pdfprintable 1 0.0 0.0
peace 1 2.0402208285265546 2.0402208285265546
people 1 0.49429632181478017 0.49429632181478017
per 1 1.7147984280919266 1.7147984280919266
permanent 1 0.0 0.0
person 1 1.5606477482646683 1.5606477482646683
personal 1 0.0 0.0
petilla 1 4.605170185988092 4.605170185988092
phi 1 3.506557897319982 3.506557897319982
philippine 1 2.302585092994046 2.302585092994046
pio 1 4.605170185988092 4.605170185988092
planning 1 2.8134107167600364 2.8134107167600364
plaridel 1 4.605170185988092 4.605170185988092
platform 1 2.659260036932778 2.659260036932778
please 1 1.7719568419318754 1.7719568419318754
pma 1 4.605170185988092 4.605170185988092
policy 1 0.0 0.0
political 1 1.3470736479666094 1.3470736479666094
politician 1 1.8971199848858813 1.8971199848858813
poor 1 2.207274913189721 2.207274913189721
poorly 1 3.506557897319982 3.506557897319982
portal 1 0.0 0.0
potentially 1 3.2188758248682006 3.2188758248682006
practice 1 2.0402208285265546 2.0402208285265546
preceded 1 2.302585092994046 2.302585092994046
precededby 1 2.302585092994046 2.302585092994046
presidency 1 2.995732273553991 2.995732273553991
president 1 1.3470736479666094 1.3470736479666094
presidential 1 2.5257286443082556 2.5257286443082556
printbodyns 1 0.09431067947124142 0.09431067947124142
printexport 1 0.0 0.0
prior 1 1.8325814637483102 1.8325814637483102
privacy 1 0.0 0.0
proceeded 1 3.2188758248682006 3.2188758248682006
proceso 1 4.605170185988092 4.605170185988092
process 1 1.5141277326297755 1.5141277326297755
profession 1 2.995732273553991 2.995732273553991
project 1 0.0 0.0
provider 1 3.506557897319982 3.506557897319982
provision 1 2.407945608651872 2.407945608651872
public 1 0.9675840262617057 0.9675840262617057
purisima 1 4.605170185988092 4.605170185988092
put 1 1.8971199848858813 1.8971199848858813
questionable 1 3.912023005428146 3.912023005428146
quezon 1 4.605170185988092 4.605170185988092
rail 1 2.995732273553991 2.995732273553991
ramon 1 3.506557897319982 3.506557897319982
ran 1 2.0402208285265546 2.0402208285265546
random 1 0.0 0.0
rank 1 2.5257286443082556 2.5257286443082556
read 1 0.0 0.0
reapportionment 1 4.605170185988092 4.605170185988092
received 1 1.1394342831883648 1.1394342831883648
recent 1 0.0 0.0
reelected 1 3.2188758248682006 3.2188758248682006
reference 1 0.03045920748470844 0.03045920748470844
reflist 1 0.06187540371808745 0.06187540371808745
reflistcolumns 1 0.06187540371808745 0.06187540371808745
reform 1 2.0402208285265546 2.0402208285265546
reg 1 0.0 0.0
registered 1 0.0 0.0
related 1 0.0 0.0
relation 1 1.7719568419318754 1.7719568419318754
released 1 1.2729656758128876 1.2729656758128876
reliable 1 1.9661128563728327 1.9661128563728327
remove 1 1.6607312068216509 1.6607312068216509
removed 1 1.6094379124341003 1.6094379124341003
remulla 1 4.605170185988092 4.605170185988092
rene 1 4.605170185988092 4.605170185988092
report 1 1.1086626245216111 1.1086626245216111
reported 1 1.8325814637483102 1.8325814637483102
representative 1 1.7147984280919266 1.7147984280919266
representativesfrom 1 3.506557897319982 3.506557897319982
represented 1 1.7719568419318754 1.7719568419318754
representing 1 2.407945608651872 2.407945608651872
republic 1 1.5141277326297755 1.5141277326297755
resource 1 1.7147984280919266 1.7147984280919266
retrieved 1 0.0 0.0
revilla 1 4.605170185988092 4.605170185988092
revolutionary 1 2.207274913189721 2.207274913189721
reyes 1 3.912023005428146 3.912023005428146
ricardo 1 2.995732273553991 2.995732273553991
ricky 1 2.8134107167600364 2.8134107167600364
robredo 1 4.605170185988092 4.605170185988092
rogelio 1 4.605170185988092 4.605170185988092
rojas 1 3.506557897319982 3.506557897319982
romulo 1 4.605170185988092 4.605170185988092
ronald 1 2.659260036932778 2.659260036932778
rosalinda 1 4.605170185988092 4.605170185988092
rosario 1 3.2188758248682006 3.2188758248682006
rowena 1 4.605170185988092 4.605170185988092
roxas 1 4.605170185988092 4.605170185988092
rtvm 1 4.605170185988092 4.605170185988092
salamanca 1 3.912023005428146 3.912023005428146
salle 1 3.2188758248682006 3.2188758248682006
sarmiento 1 3.912023005428146 3.912023005428146
scholar 1 1.7147984280919266 1.7147984280919266
school 1 0.7765287894989963 0.7765287894989963
schooling 1 4.605170185988092 4.605170185988092
science 1 1.171182981502945 1.171182981502945
screen 1 0.010050335853501506 0.010050335853501506
search 1 0.0 0.0
sec 1 3.2188758248682006 3.2188758248682006
second 1 0.49429632181478017 0.49429632181478017
secondary 1 2.659260036932778 2.659260036932778
secretary 1 1.9661128563728327 1.9661128563728327
security 1 1.6607312068216509 1.6607312068216509
see 1 0.40047756659712536 0.40047756659712536
semester 1 4.605170185988092 4.605170185988092
sen 1 2.659260036932778 2.659260036932778
senate 1 2.5257286443082556 2.5257286443082556
senen 1 4.605170185988092 4.605170185988092
sent 1 1.8971199848858813 1.8971199848858813
served 1 1.4696759700589417 1.4696759700589417
service 1 1.2378743560016172 1.2378743560016172
sescon 1 4.605170185988092 4.605170185988092
seven 1 1.6094379124341003 1.6094379124341003
share 1 0.0 0.0
short 1 0.06187540371808745 0.06187540371808745
shortdescription 1 0.2613647641344075 0.2613647641344075
shortened 1 0.0 0.0
shrine 1 3.2188758248682006 3.2188758248682006
shrug 1 4.605170185988092 4.605170185988092
sidebar 1 0.0 0.0
singson 1 4.605170185988092 4.605170185988092
site 1 0.0 0.0
social 1 1.3093333199837622 1.3093333199837622
society 1 1.4271163556401458 1.4271163556401458
solid 1 0.09431067947124142 0.09431067947124142
soliman 1 4.605170185988092 4.605170185988092
son 1 1.3093333199837622 1.3093333199837622
soriano 1 3.912023005428146 3.912023005428146
source 1 0.5798184952529422 0.5798184952529422
sourced 1 3.912023005428146 3.912023005428146
special 1 0.0 0.0
spokesperson 1 3.506557897319982 3.506557897319982
spouse 1 2.8134107167600364 2.8134107167600364
staff 1 1.6607312068216509 1.6607312068216509
state 1 0.3147107448397002 0.3147107448397002
statement 1 0.0 0.0
stating 1 2.120263536200091 2.120263536200091
statistic 1 0.0 0.0
stepped 1 3.2188758248682006 3.2188758248682006
strategic 1 2.995732273553991 2.995732273553991
student 1 1.3862943611198906 1.3862943611198906
study 1 1.2729656758128876 1.2729656758128876
subsequent 1 2.5257286443082556 2.5257286443082556
succeeded 1 2.120263536200091 2.120263536200091
succeededby 1 2.5257286443082556 2.5257286443082556
succeeding 1 3.506557897319982 3.506557897319982
sur 1 3.2188758248682006 3.2188758248682006
surname 1 2.995732273553991 2.995732273553991
table 1 0.0 0.0
talk 1 0.0 0.0
tdhlist 1 0.1392620673335076 0.1392620673335076
technology 1 1.7719568419318754 1.7719568419318754
template 1 0.0 0.0
tenure 1 2.5257286443082556 2.5257286443082556
teresita 1 4.605170185988092 4.605170185988092
term 1 0.0 0.0
text 1 0.0 0.0
thbodyskinresponsive 1 0.3147107448397002 0.3147107448397002
three 1 0.5798184952529422 0.5798184952529422
threeterm 1 4.605170185988092 4.605170185988092
tirona 1 4.605170185988092 4.605170185988092
title 1 0.9162907318741551 0.9162907318741551
titled 1 2.5257286443082556 2.5257286443082556
toggle 1 0.010050335853501506 0.010050335853501506
tolentino 1 3.912023005428146 3.912023005428146
took 1 1.171182981502945 1.171182981502945
tool 1 0.0 0.0
top 1 0.010050335853501506 0.010050335853501506
topic 1 0.0 0.0
topped 1 3.912023005428146 3.912023005428146
total 1 0.0 0.0
tourism 1 3.912023005428146 3.912023005428146
trade 1 1.7147984280919266 1.7147984280919266
trademark 1 0.0 0.0
train 1 2.8134107167600364 2.8134107167600364
transit 1 2.8134107167600364 2.8134107167600364
transition 1 2.407945608651872 2.407945608651872
transport 1 2.5257286443082556 2.5257286443082556
transportation 1 2.659260036932778 2.659260036932778
tugade 1 4.605170185988092 4.605170185988092
tugadeas 1 4.605170185988092 4.605170185988092
ulpaddingem 1 0.1392620673335076 0.1392620673335076
unas 1 4.605170185988092 4.605170185988092
unit 1 2.207274913189721 2.207274913189721
united 1 0.4155154439616658 0.4155154439616658
university 1 0.616186139423817 0.616186139423817
unofficially 1 4.605170185988092 4.605170185988092
unsourced 1 1.3862943611198906 1.3862943611198906
upload 1 0.0 0.0
use 1 0.0 0.0
using 1 0.0 0.0
usna 1 4.605170185988092 4.605170185988092
utc 1 0.0 0.0
vacant 1 3.2188758248682006 3.2188758248682006
var 1 0.0 0.0
verification 1 2.120263536200091 2.120263536200091
version 1 0.0 0.0
vice 1 1.6607312068216509 1.6607312068216509
view 1 0.0 0.0
violated 1 3.912023005428146 3.912023005428146
virata 1 4.605170185988092 4.605170185988092
virgilio 1 4.605170185988092 4.605170185988092
voltaire 1 3.506557897319982 3.506557897319982
vte 1 0.7550225842780328 0.7550225842780328
welfare 1 2.8134107167600364 2.8134107167600364
wikidata 1 0.010050335853501506 0.010050335853501506
wikimedia 1 0.0 0.0
wikipedia 1 0.0 0.0
work 1 0.7133498878774648 0.7133498878774648
written 1 0.9416085398584451 0.9416085398584451
year 1 0.3424903089467759 0.3424903089467759
yearsof 1 3.912023005428146 3.912023005428146
york 1 0.8209805520698303 0.8209805520698303
zenaida 1 4.605170185988092 4.605170185988092
