account 1 0.0 0.0
achron 1 4.605170185988092 4.605170185988092
action 1 0.0 0.0
add 1 0.0 0.0
addition 1 1.3862943611198906 1.3862943611198906
additional 1 0.0 0.0
aft 1 4.605170185988092 4.605170185988092
age 1 0.7985076962177716 0.7985076962177716
ago 1 1.9661128563728327 1.9661128563728327
agree 1 0.0 0.0
algeria 1 3.912023005428146 3.912023005428146
alike 1 0.0 0.0
allowed 1 1.7719568419318754 1.7719568419318754
allsteel 1 4.605170185988092 4.605170185988092
alma 1 3.2188758248682006 3.2188758248682006
also 1 0.127833371509885 0.127833371509885
although 1 1.4696759700589417 1.4696759700589417
american 1 0.5276327420823719 0.5276327420823719
amidships 1 4.605170185988092 4.605170185988092
amiral 1 4.605170185988092 4.605170185988092
ammunition 1 4.605170185988092 4.605170185988092
amp 1 0.4620354595965586 0.4620354595965586
appearance 1 0.0 0.0
apply 1 0.0 0.0
apx 1 4.605170185988092 4.605170185988092
area 1 1.2729656758128876 1.2729656758128876
arm 1 2.0402208285265546 2.0402208285265546
armament 1 3.506557897319982 3.506557897319982
armour 1 3.912023005428146 3.912023005428146
armoured 1 4.605170185988092 4.605170185988092
arnauld 1 4.605170185988092 4.605170185988092
around 1 1.0216512475319812 1.0216512475319812
arrogante 1 4.605170185988092 4.605170185988092
arsenal 1 3.506557897319982 3.506557897319982
article 1 0.0 0.0
attribution 1 0.0 0.0
august 1 0.3424903089467759 0.3424903089467759
auto 1 0.1392620673335076 0.1392620673335076
auxiliary 1 3.2188758248682006 3.2188758248682006
available 1 0.0 0.0
backing 1 3.2188758248682006 3.2188758248682006
ball 1 1.8971199848858813 1.8971199848858813
bange 1 4.605170185988092 4.605170185988092
barbette 1 4.605170185988092 4.605170185988092
barnsley 1 4.605170185988092 4.605170185988092
barrack 1 4.605170185988092 4.605170185988092
battery 1 2.995732273553991 2.995732273553991
battleship 1 4.605170185988092 4.605170185988092
baudin 1 4.605170185988092 4.605170185988092
bayard 1 3.912023005428146 3.912023005428146
beamm 1 4.605170185988092 4.605170185988092
behic 1 4.605170185988092 4.605170185988092
belliqueuse 1 4.605170185988092 4.605170185988092
belt 1 3.2188758248682006 3.2188758248682006
belted 1 4.605170185988092 4.605170185988092
bibliography 1 2.207274913189721 2.207274913189721
billard 1 3.912023005428146 3.912023005428146
boiler 1 3.506557897319982 3.506557897319982
boissondy 1 4.605170185988092 4.605170185988092
bottom 1 2.302585092994046 2.302585092994046
bourg 1 4.605170185988092 4.605170185988092
bouvines 1 4.605170185988092 4.605170185988092
boxer 1 3.506557897319982 3.506557897319982
breech 1 4.605170185988092 4.605170185988092
breechloading 1 3.912023005428146 3.912023005428146
bresse 1 4.605170185988092 4.605170185988092
brest 1 3.2188758248682006 3.2188758248682006
bridge 1 2.8134107167600364 2.8134107167600364
broadside 1 4.605170185988092 4.605170185988092
broken 1 2.207274913189721 2.207274913189721
btiments 1 4.605170185988092 4.605170185988092
builder 1 3.506557897319982 3.506557897319982
building 1 1.6607312068216509 1.6607312068216509
built 1 1.6607312068216509 1.6607312068216509
bunker 1 4.605170185988092 4.605170185988092
campaign 1 1.6607312068216509 1.6607312068216509
cancelled 1 2.8134107167600364 2.8134107167600364
canet 1 4.605170185988092 4.605170185988092
cannon 1 2.8134107167600364 2.8134107167600364
canon 1 3.506557897319982 3.506557897319982
cap 1 2.995732273553991 2.995732273553991
captain 1 2.120263536200091 2.120263536200091
carabine 1 4.605170185988092 4.605170185988092
carried 1 2.659260036932778 2.659260036932778
carrying 1 2.8134107167600364 2.8134107167600364
cartridge 1 3.912023005428146 3.912023005428146
casemate 1 4.605170185988092 4.605170185988092
category 1 0.0 0.0
centerpx 1 0.0408219945202552 0.0408219945202552
centimeter 1 4.605170185988092 4.605170185988092
central 1 1.07880966137193 1.07880966137193
centralbattery 1 4.605170185988092 4.605170185988092
century 1 1.3470736479666094 1.3470736479666094
cerbre 1 4.605170185988092 4.605170185988092
change 1 0.0 0.0
characteristic 1 2.5257286443082556 2.5257286443082556
charles 1 1.171182981502945 1.171182981502945
chassepot 1 4.605170185988092 4.605170185988092
chateauminois 1 4.605170185988092 4.605170185988092
china 1 2.0402208285265546 2.0402208285265546
citation 1 0.0408219945202552 0.0408219945202552
cite 1 0.0 0.0
citebook 1 1.8971199848858813 1.8971199848858813
civil 1 1.7719568419318754 1.7719568419318754
coal 1 3.2188758248682006 3.2188758248682006
coastal 1 2.995732273553991 2.995732273553991
code 1 0.0 0.0
colbert 1 4.605170185988092 4.605170185988092
commander 1 2.120263536200091 2.120263536200091
commanding 1 4.605170185988092 4.605170185988092
commissioned 1 2.995732273553991 2.995732273553991
common 1 0.0 0.0
commonscategory 1 3.2188758248682006 3.2188758248682006
compared 1 2.120263536200091 2.120263536200091
complement 1 3.506557897319982 3.506557897319982
completely 1 2.5257286443082556 2.5257286443082556
compound 1 3.2188758248682006 3.2188758248682006
conduct 1 0.0 0.0
connecting 1 3.2188758248682006 3.2188758248682006
conquest 1 3.506557897319982 3.506557897319982
consists 1 2.407945608651872 2.407945608651872
construction 1 1.8325814637483102 1.8325814637483102
contact 1 0.0 0.0
contemporary 1 2.5257286443082556 2.5257286443082556
content 1 0.0 0.0
context 1 0.010050335853501506 0.010050335853501506
contribute 1 0.0 0.0
contribution 1 0.0 0.0
conway 1 3.912023005428146 3.912023005428146
conways 1 4.605170185988092 4.605170185988092
cookie 1 0.0 0.0
cookiematch 1 0.0 0.0
counterlistitema 1 0.127833371509885 0.127833371509885
country 1 0.843970070294529 0.843970070294529
courbet 1 3.912023005428146 3.912023005428146
couronne 1 4.605170185988092 4.605170185988092
create 1 0.0 0.0
creative 1 0.0 0.0
crew 1 2.207274913189721 2.207274913189721
crimean 1 4.605170185988092 4.605170185988092
cruiser 1 4.605170185988092 4.605170185988092
cruiserscouk 1 4.605170185988092 4.605170185988092
csmaintcolorf 1 0.06187540371808745 0.06187540371808745
csmaintcolorfmedia 1 0.0408219945202552 0.0408219945202552
cswsicon 1 0.0408219945202552 0.0408219945202552
cuirass 1 4.605170185988092 4.605170185988092
culture 1 1.6094379124341003 1.6094379124341003
current 1 0.0 0.0
cylinder 1 3.912023005428146 3.912023005428146
date 1 0.3147107448397002 0.3147107448397002
davy 1 2.995732273553991 2.995732273553991
de 1 2.407945608651872 2.407945608651872
december 1 0.37106368139083196 0.37106368139083196
deck 1 3.912023005428146 3.912023005428146
defect 1 4.605170185988092 4.605170185988092
defense 1 1.7719568419318754 1.7719568419318754
delvigne 1 4.605170185988092 4.605170185988092
demolition 1 3.912023005428146 3.912023005428146
description 1 0.07257069283483537 0.07257069283483537
devastation 1 4.605170185988092 4.605170185988092
developer 1 0.0 0.0
developing 1 2.995732273553991 2.995732273553991
dictionnaire 1 4.605170185988092 4.605170185988092
dieulouard 1 4.605170185988092 4.605170185988092
different 1 0.3424903089467759 0.3424903089467759
director 1 1.4271163556401458 1.4271163556401458
discharge 1 3.506557897319982 3.506557897319982
disclaimer 1 0.0 0.0
dismantling 1 4.605170185988092 4.605170185988092
dispatch 1 3.2188758248682006 3.2188758248682006
displacement 1 2.995732273553991 2.995732273553991
dition 1 4.605170185988092 4.605170185988092
dock 1 3.912023005428146 3.912023005428146
donate 1 0.0 0.0
download 1 0.0 0.0
draftm 1 4.605170185988092 4.605170185988092
drouet 1 4.605170185988092 4.605170185988092
dry 1 3.506557897319982 3.506557897319982
dtaftercontent 1 0.127833371509885 0.127833371509885
duperr 1 4.605170185988092 4.605170185988092
dupuy 1 4.605170185988092 4.605170185988092
duroch 1 4.605170185988092 4.605170185988092
dvastation 1 4.605170185988092 4.605170185988092
early 1 0.6348782724359695 0.6348782724359695
electric 1 2.995732273553991 2.995732273553991
electrical 1 2.659260036932778 2.659260036932778
embuscade 1 4.605170185988092 4.605170185988092
enable 1 3.912023005428146 3.912023005428146
encyclopedia 1 0.0 0.0
engine 1 2.0402208285265546 2.0402208285265546
english 1 0.0 0.0
esmez 1 4.605170185988092 4.605170185988092
event 1 0.0 0.0
exp 1 0.0 0.0
external 1 0.44628710262841953 0.44628710262841953
fate 1 2.407945608651872 2.407945608651872
february 1 0.27443684570176036 0.27443684570176036
file 1 0.0 0.0
film 1 1.4696759700589417 1.4696759700589417
first 1 0.1508228897345837 0.1508228897345837
fitted 1 3.912023005428146 3.912023005428146
five 1 1.0216512475319812 1.0216512475319812
fleet 1 2.995732273553991 2.995732273553991
floating 1 3.506557897319982 3.506557897319982
flotte 1 4.605170185988092 4.605170185988092
follows 1 2.302585092994046 2.302585092994046
formed 1 1.7719568419318754 1.7719568419318754
forward 1 2.207274913189721 2.207274913189721
foundation 1 0.0 0.0
four 1 0.7985076962177716 0.7985076962177716
franais 1 0.8675005677047231 0.8675005677047231
franaise 1 3.506557897319982 3.506557897319982
franc 1 4.605170185988092 4.605170185988092
france 1 1.2039728043259361 1.2039728043259361
franco 1 2.120263536200091 2.120263536200091
free 1 0.0 0.0
french 1 1.3862943611198906 1.3862943611198906
frenchironclads 1 4.605170185988092 4.605170185988092
friedland 1 3.912023005428146 3.912023005428146
full 1 1.1086626245216111 1.1086626245216111
fulminate 1 4.605170185988092 4.605170185988092
funnel 1 4.605170185988092 4.605170185988092
furieux 1 4.605170185988092 4.605170185988092
fuse 1 3.506557897319982 3.506557897319982
galissonnire 1 4.605170185988092 4.605170185988092
gallery 1 2.659260036932778 2.659260036932778
gardiner 1 3.912023005428146 3.912023005428146
gatling 1 3.912023005428146 3.912023005428146
gave 1 1.5606477482646683 1.5606477482646683
general 1 0.0 0.0
get 1 0.0 0.0
gloire 1 4.605170185988092 4.605170185988092
gras 1 4.605170185988092 4.605170185988092
greater 1 2.302585092994046 2.302585092994046
guerre 1 4.605170185988092 4.605170185988092
gun 1 2.207274913189721 2.207274913189721
gunboat 1 3.912023005428146 3.912023005428146
gymnote 1 4.605170185988092 4.605170185988092
gyrocompass 1 4.605170185988092 4.605170185988092
hatnote 1 0.843970070294529 0.843970070294529
help 1 0.0 0.0
henri 1 3.2188758248682006 3.2188758248682006
hidden 1 0.010050335853501506 0.010050335853501506
hide 1 0.0 0.0
highcirculation 1 4.605170185988092 4.605170185988092
history 1 0.0 0.0
hitte 1 4.605170185988092 4.605170185988092
hlist 1 0.127833371509885 0.127833371509885
hlistinline 1 0.127833371509885 0.127833371509885
hoche 1 4.605170185988092 4.605170185988092
horizontal 1 3.912023005428146 3.912023005428146
horsepower 1 4.605170185988092 4.605170185988092
hotchkiss 1 4.605170185988092 4.605170185988092
hundred 1 2.302585092994046 2.302585092994046
idlockfree 1 0.0408219945202552 0.0408219945202552
idlockfreeidlockfree 1 0.0408219945202552 0.0408219945202552
idlocklimited 1 0.0408219945202552 0.0408219945202552
idlockregistration 1 0.0408219945202552 0.0408219945202552
idlocksubscription 1 0.0408219945202552 0.0408219945202552
ihp 1 4.605170185988092 4.605170185988092
iii 1 1.7147984280919266 1.7147984280919266
iiii 1 4.605170185988092 4.605170185988092
imgsrc 1 1.3862943611198906 1.3862943611198906
inc 1 0.0 0.0
independence 1 2.302585092994046 2.302585092994046
information 1 0.0 0.0
installed 1 2.995732273553991 2.995732273553991
integrated 1 2.407945608651872 2.407945608651872
international 1 0.5978370007556204 0.5978370007556204
intervention 1 3.2188758248682006 3.2188758248682006
iris 1 4.605170185988092 4.605170185988092
iron 1 2.8134107167600364 2.8134107167600364
ironclad 1 3.912023005428146 3.912023005428146
isbn 1 0.9942522733438669 0.9942522733438669
issn 1 1.8971199848858813 1.8971199848858813
italian 1 2.302585092994046 2.302585092994046
item 1 0.010050335853501506 0.010050335853501506
iv 1 4.605170185988092 4.605170185988092
january 1 0.3424903089467759 0.3424903089467759
jean 1 1.7719568419318754 1.7719568419318754
jemmapes 1 4.605170185988092 4.605170185988092
july 1 0.43078291609245434 0.43078291609245434
jump 1 0.0 0.0
kmh 1 3.506557897319982 3.506557897319982
knot 1 3.912023005428146 3.912023005428146
krebs 1 4.605170185988092 4.605170185988092
lahitolle 1 4.605170185988092 4.605170185988092
laid 1 2.8134107167600364 2.8134107167600364
language 1 0.0 0.0
large 1 1.4696759700589417 1.4696759700589417
last 1 0.0 0.0
later 1 0.5621189181535412 0.5621189181535412
launched 1 1.9661128563728327 1.9661128563728327
launcher 1 4.605170185988092 4.605170185988092
lave 1 4.605170185988092 4.605170185988092
le 1 2.995732273553991 2.995732273553991
learn 1 0.0 0.0
lebel 1 3.912023005428146 3.912023005428146
lefaucheux 1 4.605170185988092 4.605170185988092
length 1 1.7719568419318754 1.7719568419318754
lepage 1 4.605170185988092 4.605170185988092
levallois 1 4.605170185988092 4.605170185988092
liaftercontent 1 0.127833371509885 0.127833371509885
libran 1 4.605170185988092 4.605170185988092
license 1 0.0 0.0
lieutenant 1 2.659260036932778 2.659260036932778
light 1 1.3862943611198906 1.3862943611198906
limarginbottom 1 0.9675840262617057 0.9675840262617057
link 1 0.0 0.0
lme 1 4.605170185988092 4.605170185988092
log 1 0.0 0.0
logged 1 0.0 0.0
long 1 1.1086626245216111 1.1086626245216111
lorient 1 4.605170185988092 4.605170185988092
lower 1 1.8325814637483102 1.8325814637483102
machine 1 1.4696759700589417 1.4696759700589417
made 1 0.653926467406664 0.653926467406664
magenta 1 4.605170185988092 4.605170185988092
main 1 0.0 0.0
make 1 1.0498221244986776 1.0498221244986776
mallarm 1 4.605170185988092 4.605170185988092
manufacture 1 3.912023005428146 3.912023005428146
many 1 0.7550225842780328 0.7550225842780328
marc 1 2.659260036932778 2.659260036932778
marceau 1 4.605170185988092 4.605170185988092
march 1 0.3147107448397002 0.3147107448397002
mari 1 3.506557897319982 3.506557897319982
marine 1 2.407945608651872 2.407945608651872
mark 1 1.1394342831883648 1.1394342831883648
martel 1 3.912023005428146 3.912023005428146
mast 1 3.912023005428146 3.912023005428146
material 1 1.3093333199837622 1.3093333199837622
max 1 2.302585092994046 2.302585092994046
may 1 0.0 0.0
mechanical 1 3.506557897319982 3.506557897319982
medium 1 0.49429632181478017 0.49429632181478017
menu 1 0.0 0.0
mercury 1 2.995732273553991 2.995732273553991
metre 1 3.912023005428146 3.912023005428146
mexico 1 1.5606477482646683 1.5606477482646683
michel 1 2.659260036932778 2.659260036932778
mile 1 1.8971199848858813 1.8971199848858813
military 1 1.4696759700589417 1.4696759700589417
militarynavigation 1 3.912023005428146 3.912023005428146
mini 1 3.2188758248682006 3.2188758248682006
mitrailleuse 1 4.605170185988092 4.605170185988092
mizzen 1 4.605170185988092 4.605170185988092
mle 1 3.912023005428146 3.912023005428146
mobile 1 0.0 0.0
model 1 1.8971199848858813 1.8971199848858813
modle 1 4.605170185988092 4.605170185988092
month 1 0.8915981192837835 0.8915981192837835
mounted 1 3.506557897319982 3.506557897319982
move 1 0.0 0.0
movement 1 1.6607312068216509 1.6607312068216509
mph 1 3.506557897319982 3.506557897319982
name 1 0.5276327420823719 0.5276327420823719
napoleonic 1 3.2188758248682006 3.2188758248682006
napolon 1 4.605170185988092 4.605170185988092
nautical 1 4.605170185988092 4.605170185988092
naval 1 2.5257286443082556 2.5257286443082556
navbar 1 0.23572233352106994 0.23572233352106994
navbarmini 1 0.23572233352106994 0.23572233352106994
navbox 1 0.1392620673335076 0.1392620673335076
navboximage 1 0.1392620673335076 0.1392620673335076
navboxsubgroup 1 0.1392620673335076 0.1392620673335076
navboxtitle 1 0.1392620673335076 0.1392620673335076
navigation 1 0.0 0.0
navy 1 2.207274913189721 2.207274913189721
needed 1 1.3862943611198906 1.3862943611198906
negotiation 1 3.2188758248682006 3.2188758248682006
neny 1 4.605170185988092 4.605170185988092
netmarine 1 4.605170185988092 4.605170185988092
netting 1 3.912023005428146 3.912023005428146
nonprofit 1 0.0 0.0
novelty 1 4.605170185988092 4.605170185988092
november 1 0.3011050927839216 0.3011050927839216
number 1 0.7550225842780328 0.7550225842780328
obturator 1 4.605170185988092 4.605170185988092
obusier 1 4.605170185988092 4.605170185988092
ocan 1 4.605170185988092 4.605170185988092
october 1 0.28768207245178085 0.28768207245178085
offensive 1 3.506557897319982 3.506557897319982
officer 1 1.7719568419318754 1.7719568419318754
ohio 1 2.207274913189721 2.207274913189721
ollibeforecontent 1 0.127833371509885 0.127833371509885
one 1 0.23572233352106994 0.23572233352106994
onondaga 1 4.605170185988092 4.605170185988092
operationalusage 1 4.605170185988092 4.605170185988092
organization 1 0.0 0.0
organizationname 1 0.010050335853501506 0.010050335853501506
original 1 0.4155154439616658 0.4155154439616658
outer 1 3.2188758248682006 3.2188758248682006
outside 1 1.7147984280919266 1.7147984280919266
oval 1 3.912023005428146 3.912023005428146
padding 1 2.659260036932778 2.659260036932778
page 1 0.0 0.0
pagetype 1 1.2729656758128876 1.2729656758128876
paixhans 1 4.605170185988092 4.605170185988092
palestro 1 4.605170185988092 4.605170185988092
part 1 0.6348782724359695 0.6348782724359695
partly 1 4.605170185988092 4.605170185988092
passerat 1 4.605170185988092 4.605170185988092
pauly 1 4.605170185988092 4.605170185988092
pdfprintable 1 0.0 0.0
percussion 1 3.2188758248682006 3.2188758248682006
periscope 1 4.605170185988092 4.605170185988092
permanent 1 0.0 0.0
perpendicular 1 4.605170185988092 4.605170185988092
perret 1 4.605170185988092 4.605170185988092
personal 1 0.0 0.0
plainlist 1 0.7339691750802005 0.7339691750802005
plan 1 1.4696759700589417 1.4696759700589417
plate 1 2.995732273553991 2.995732273553991
plating 1 4.605170185988092 4.605170185988092
plongeur 1 4.605170185988092 4.605170185988092
poidloue 1 4.605170185988092 4.605170185988092
policy 1 0.0 0.0
pop 1 2.302585092994046 2.302585092994046
port 1 2.302585092994046 2.302585092994046
portal 1 0.0 0.0
position 1 1.1394342831883648 1.1394342831883648
postcard 1 3.912023005428146 3.912023005428146
poudre 1 4.605170185988092 4.605170185988092
powder 1 4.605170185988092 4.605170185988092
power 1 1.0216512475319812 1.0216512475319812
powered 1 3.506557897319982 3.506557897319982
preceded 1 2.302585092994046 2.302585092994046
present 1 0.9675840262617057 0.9675840262617057
press 1 0.7550225842780328 0.7550225842780328
principal 1 2.8134107167600364 2.8134107167600364
printbodyns 1 0.09431067947124142 0.09431067947124142
printexport 1 0.0 0.0
privacy 1 0.0 0.0
prlat 1 4.605170185988092 4.605170185988092
process 1 1.5141277326297755 1.5141277326297755
programme 1 2.5257286443082556 2.5257286443082556
project 1 0.0 0.0
projector 1 4.605170185988092 4.605170185988092
propulsion 1 3.506557897319982 3.506557897319982
protocol 1 2.995732273553991 2.995732273553991
provence 1 4.605170185988092 4.605170185988092
prussian 1 3.506557897319982 3.506557897319982
quantitiescitation 1 4.605170185988092 4.605170185988092
quickfiring 1 4.605170185988092 4.605170185988092
rallier 1 4.605170185988092 4.605170185988092
random 1 0.0 0.0
range 1 2.5257286443082556 2.5257286443082556
rather 1 2.120263536200091 2.120263536200091
rating 1 2.0402208285265546 2.0402208285265546
rdoutable 1 4.605170185988092 4.605170185988092
read 1 0.0 0.0
rebelfilm 1 4.605170185988092 4.605170185988092
recent 1 0.0 0.0
redoubtable 1 4.605170185988092 4.605170185988092
redoutable 1 4.605170185988092 4.605170185988092
reference 1 0.03045920748470844 0.03045920748470844
reffye 1 4.605170185988092 4.605170185988092
reflist 1 0.06187540371808745 0.06187540371808745
reflistcolumns 1 0.06187540371808745 0.06187540371808745
reg 1 0.0 0.0
registered 1 0.0 0.0
related 1 0.0 0.0
repair 1 2.995732273553991 2.995732273553991
research 1 1.6094379124341003 1.6094379124341003
reserve 1 2.207274913189721 2.207274913189721
respect 1 2.8134107167600364 2.8134107167600364
retrieved 1 0.0 0.0
return 1 1.07880966137193 1.07880966137193
revolver 1 4.605170185988092 4.605170185988092
revolving 1 4.605170185988092 4.605170185988092
richelieu 1 4.605170185988092 4.605170185988092
rifle 1 3.912023005428146 3.912023005428146
rifled 1 4.605170185988092 4.605170185988092
rig 1 4.605170185988092 4.605170185988092
robert 1 0.8675005677047231 0.8675005677047231
rochambeau 1 4.605170185988092 4.605170185988092
roche 1 3.506557897319982 3.506557897319982
rod 1 2.995732273553991 2.995732273553991
round 1 1.3862943611198906 1.3862943611198906
royal 1 1.8325814637483102 1.8325814637483102
running 1 1.6607312068216509 1.6607312068216509
saibene 1 4.605170185988092 4.605170185988092
saibne 1 4.605170185988092 4.605170185988092
saigon 1 3.912023005428146 3.912023005428146
sail 1 3.912023005428146 3.912023005428146
scientific 1 2.659260036932778 2.659260036932778
screen 1 0.010050335853501506 0.010050335853501506
seaforth 1 4.605170185988092 4.605170185988092
search 1 0.0 0.0
second 1 0.49429632181478017 0.49429632181478017
see 1 0.40047756659712536 0.40047756659712536
september 1 0.43078291609245434 0.43078291609245434
service 1 1.2378743560016172 1.2378743560016172
seven 1 1.6094379124341003 1.6094379124341003
shaft 1 4.605170185988092 4.605170185988092
share 1 0.0 0.0
shellfire 1 4.605170185988092 4.605170185988092
ship 1 2.0402208285265546 2.0402208285265546
short 1 0.06187540371808745 0.06187540371808745
shortdescription 1 0.2613647641344075 0.2613647641344075
shortened 1 0.0 0.0
shown 1 2.302585092994046 2.302585092994046
sic 1 3.506557897319982 3.506557897319982
side 1 1.4271163556401458 1.4271163556401458
sidebar 1 0.0 0.0
sideboxmarginpx 1 1.3862943611198906 1.3862943611198906
sideboxtextpaddingem 1 1.3862943611198906 1.3862943611198906
siemens 1 4.605170185988092 4.605170185988092
signed 1 2.407945608651872 2.407945608651872
sillans 1 4.605170185988092 4.605170185988092
similar 1 1.9661128563728327 1.9661128563728327
single 1 1.4696759700589417 1.4696759700589417
sino 1 3.506557897319982 3.506557897319982
sistersitebox 1 1.3862943611198906 1.3862943611198906
site 1 0.0 0.0
six 1 1.3470736479666094 1.3470736479666094
slane 1 4.605170185988092 4.605170185988092
small 1 1.4271163556401458 1.4271163556401458
smaller 1 2.659260036932778 2.659260036932778
smokeless 1 4.605170185988092 4.605170185988092
sold 1 2.0402208285265546 2.0402208285265546
solid 1 0.09431067947124142 0.09431067947124142
spain 1 1.6607312068216509 1.6607312068216509
special 1 0.0 0.0
speed 1 2.302585092994046 2.302585092994046
sqft 1 4.605170185988092 4.605170185988092
squadron 1 3.2188758248682006 3.2188758248682006
square 1 2.120263536200091 2.120263536200091
statement 1 0.0 0.0
statistic 1 0.0 0.0
steam 1 3.506557897319982 3.506557897319982
steel 1 2.207274913189721 2.207274913189721
stephen 1 1.8971199848858813 1.8971199848858813
still 1 0.9416085398584451 0.9416085398584451
strength 1 2.407945608651872 2.407945608651872
stricken 1 3.506557897319982 3.506557897319982
structural 1 3.2188758248682006 3.2188758248682006
submarine 1 3.506557897319982 3.506557897319982
subsection 1 0.3424903089467759 0.3424903089467759
succeeded 1 2.120263536200091 2.120263536200091
suomi 1 1.7719568419318754 1.7719568419318754
system 1 0.9162907318741551 0.9162907318741551
tabatire 1 4.605170185988092 4.605170185988092
table 1 0.0 0.0
talk 1 0.0 0.0
tamisier 1 4.605170185988092 4.605170185988092
taureau 1 4.605170185988092 4.605170185988092
tdhlist 1 0.1392620673335076 0.1392620673335076
template 1 0.0 0.0
temple 1 2.5257286443082556 2.5257286443082556
tempte 1 4.605170185988092 4.605170185988092
ten 1 1.5141277326297755 1.5141277326297755
term 1 0.0 0.0
terrible 1 2.995732273553991 2.995732273553991
text 1 0.0 0.0
thickness 1 4.605170185988092 4.605170185988092
thouvenin 1 4.605170185988092 4.605170185988092
three 1 0.5798184952529422 0.5798184952529422
tige 1 4.605170185988092 4.605170185988092
time 1 0.28768207245178085 0.28768207245178085
toggle 1 0.010050335853501506 0.010050335853501506
toledo 1 2.995732273553991 2.995732273553991
tome 1 4.605170185988092 4.605170185988092
ton 1 3.506557897319982 3.506557897319982
tonkin 1 3.506557897319982 3.506557897319982
tonnant 1 4.605170185988092 4.605170185988092
tonne 1 4.605170185988092 4.605170185988092
tonnerre 1 4.605170185988092 4.605170185988092
tool 1 0.0 0.0
top 1 0.010050335853501506 0.010050335853501506
topic 1 0.0 0.0
torpedo 1 3.912023005428146 3.912023005428146
total 1 0.0 0.0
toulon 1 4.605170185988092 4.605170185988092
trademark 1 0.0 0.0
treaty 1 2.5257286443082556 2.5257286443082556
trial 1 1.8971199848858813 1.8971199848858813
trip 1 2.302585092994046 2.302585092994046
tube 1 1.8971199848858813 1.8971199848858813
two 1 0.43078291609245434 0.43078291609245434
type 1 1.2729656758128876 1.2729656758128876
ulpaddingem 1 0.1392620673335076 0.1392620673335076
unsourced 1 1.3862943611198906 1.3862943611198906
upload 1 0.0 0.0
upper 1 2.0402208285265546 2.0402208285265546
use 1 0.0 0.0
using 1 0.0 0.0
utc 1 0.0 0.0
vale 1 3.506557897319982 3.506557897319982
value 1 1.9661128563728327 1.9661128563728327
var 1 0.0 0.0
various 1 1.5141277326297755 1.5141277326297755
vauban 1 4.605170185988092 4.605170185988092
version 1 0.0 0.0
vessel 1 2.659260036932778 2.659260036932778
view 1 0.0 0.0
volume 1 1.6094379124341003 1.6094379124341003
voyage 1 3.2188758248682006 3.2188758248682006
vte 1 0.7550225842780328 0.7550225842780328
war 1 0.7985076962177716 0.7985076962177716
warship 1 3.912023005428146 3.912023005428146
weapon 1 2.8134107167600364 2.8134107167600364
weighing 1 3.506557897319982 3.506557897319982
weight 1 2.120263536200091 2.120263536200091
wikidata 1 0.010050335853501506 0.010050335853501506
wikimedia 1 0.0 0.0
wikipedia 1 0.0 0.0
world 1 0.5108256237659907 0.5108256237659907
wrought 1 3.912023005428146 3.912023005428146
xxxixxxii 1 4.605170185988092 4.605170185988092
year 1 0.3424903089467759 0.3424903089467759
