abbey 1 2.995732273553991 2.995732273553991
account 1 0.0 0.0
acre 1 2.995732273553991 2.995732273553991
action 1 0.0 0.0
add 1 0.0 0.0
additional 1 0.0 0.0
aghabane 1 4.605170185988092 4.605170185988092
aghaboy 1 4.605170185988092 4.605170185988092
aghacashel 1 4.605170185988092 4.605170185988092
aghaconny 1 4.605170185988092 4.605170185988092
aghacreevy 1 4.605170185988092 4.605170185988092
aghadoon 1 4.605170185988092 4.605170185988092
aghadreenagh 1 4.605170185988092 4.605170185988092
aghadrumgowna 1 4.605170185988092 4.605170185988092
aghadrumgullin 1 4.605170185988092 4.605170185988092
aghafad 1 4.605170185988092 4.605170185988092
aghagashlan 1 4.605170185988092 4.605170185988092
aghagegna 1 4.605170185988092 4.605170185988092
aghagolrick 1 4.605170185988092 4.605170185988092
aghakee 1 4.605170185988092 4.605170185988092
aghakilmore 1 4.605170185988092 4.605170185988092
aghakinnigh 1 4.605170185988092 4.605170185988092
aghaknock 1 4.605170185988092 4.605170185988092
aghalackan 1 4.605170185988092 4.605170185988092
aghalattafraal 1 4.605170185988092 4.605170185988092
aghalion 1 4.605170185988092 4.605170185988092
aghaloory 1 4.605170185988092 4.605170185988092
aghaloughan 1 4.605170185988092 4.605170185988092
agharah 1 4.605170185988092 4.605170185988092
agharahan 1 4.605170185988092 4.605170185988092
agharaskilly 1 4.605170185988092 4.605170185988092
aghateeduff 1 4.605170185988092 4.605170185988092
aghateemore 1 4.605170185988092 4.605170185988092
aghateggal 1 4.605170185988092 4.605170185988092
aghatotan 1 4.605170185988092 4.605170185988092
aghavaddy 1 4.605170185988092 4.605170185988092
aghavadrin 1 4.605170185988092 4.605170185988092
aghaveans 1 4.605170185988092 4.605170185988092
aghavilla 1 4.605170185988092 4.605170185988092
aghavoher 1 4.605170185988092 4.605170185988092
aghaway 1 4.605170185988092 4.605170185988092
aghawee 1 4.605170185988092 4.605170185988092
aghaweely 1 4.605170185988092 4.605170185988092
aghaweenagh 1 4.605170185988092 4.605170185988092
aghawoman 1 4.605170185988092 4.605170185988092
aghnacally 1 4.605170185988092 4.605170185988092
aghnaclue 1 4.605170185988092 4.605170185988092
aghnacollia 1 4.605170185988092 4.605170185988092
aghnacor 1 4.605170185988092 4.605170185988092
aghnacreevy 1 4.605170185988092 4.605170185988092
aghnadaraghan 1 4.605170185988092 4.605170185988092
aghnadrung 1 4.605170185988092 4.605170185988092
aghnaglosh 1 4.605170185988092 4.605170185988092
aghnaguig 1 4.605170185988092 4.605170185988092
aghnahaia 1 4.605170185988092 4.605170185988092
aghnahederny 1 4.605170185988092 4.605170185988092
aghnaskeagh 1 4.605170185988092 4.605170185988092
aghnaskerry 1 4.605170185988092 4.605170185988092
aghoutereery 1 4.605170185988092 4.605170185988092
aghullaghy 1 4.605170185988092 4.605170185988092
agree 1 0.0 0.0
alike 1 0.0 0.0
altachullion 1 4.605170185988092 4.605170185988092
altateskin 1 4.605170185988092 4.605170185988092
altbeagh 1 4.605170185988092 4.605170185988092
altbrean 1 4.605170185988092 4.605170185988092
altcrock 1 4.605170185988092 4.605170185988092
alteen 1 4.605170185988092 4.605170185988092
altinure 1 4.605170185988092 4.605170185988092
altnadarragh 1 4.605170185988092 4.605170185988092
altnasheen 1 4.605170185988092 4.605170185988092
altshallan 1 4.605170185988092 4.605170185988092
annafarney 1 4.605170185988092 4.605170185988092
annagelliff 1 4.605170185988092 4.605170185988092
annagh 1 4.605170185988092 4.605170185988092
annaghard 1 4.605170185988092 4.605170185988092
annagharnet 1 4.605170185988092 4.605170185988092
annaghduff 1 4.605170185988092 4.605170185988092
annaghierin 1 4.605170185988092 4.605170185988092
annaghlee 1 4.605170185988092 4.605170185988092
annaghoash 1 4.605170185988092 4.605170185988092
appearance 1 0.0 0.0
appears 1 2.120263536200091 2.120263536200091
apply 1 0.0 0.0
approximately 1 2.407945608651872 2.407945608651872
april 1 0.44628710262841953 0.44628710262841953
ardamagh 1 4.605170185988092 4.605170185988092
ardan 1 4.605170185988092 4.605170185988092
ardardagh 1 4.605170185988092 4.605170185988092
ardarragh 1 4.605170185988092 4.605170185988092
arderry 1 4.605170185988092 4.605170185988092
ardglushin 1 4.605170185988092 4.605170185988092
ardkill 1 4.605170185988092 4.605170185988092
ardleny 1 4.605170185988092 4.605170185988092
ardlougher 1 4.605170185988092 4.605170185988092
ardlow 1 4.605170185988092 4.605170185988092
ardmone 1 4.605170185988092 4.605170185988092
ardmoneen 1 4.605170185988092 4.605170185988092
ardonan 1 4.605170185988092 4.605170185988092
ardoohy 1 4.605170185988092 4.605170185988092
ardra 1 4.605170185988092 4.605170185988092
ardue 1 4.605170185988092 4.605170185988092
ardvagh 1 4.605170185988092 4.605170185988092
ardvarny 1 4.605170185988092 4.605170185988092
argument 1 2.5257286443082556 2.5257286443082556
argumentfor 1 4.605170185988092 4.605170185988092
arnaghan 1 4.605170185988092 4.605170185988092
article 1 0.0 0.0
artidwney 1 4.605170185988092 4.605170185988092
artonagh 1 4.605170185988092 4.605170185988092
arvagh 1 4.605170185988092 4.605170185988092
ashgrove 1 4.605170185988092 4.605170185988092
assan 1 4.605170185988092 4.605170185988092
atlas 1 2.8134107167600364 2.8134107167600364
attribution 1 0.0 0.0
aughrim 1 4.605170185988092 4.605170185988092
aughtreagh 1 4.605170185988092 4.605170185988092
available 1 0.0 0.0
bailieborough 1 4.605170185988092 4.605170185988092
ballaghanea 1 4.605170185988092 4.605170185988092
ballaghanna 1 4.605170185988092 4.605170185988092
ballaghdorragh 1 4.605170185988092 4.605170185988092
ballina 1 4.605170185988092 4.605170185988092
ballinlough 1 4.605170185988092 4.605170185988092
ballintemple 1 4.605170185988092 4.605170185988092
balloughly 1 4.605170185988092 4.605170185988092
ballyconnell 1 4.605170185988092 4.605170185988092
ballyhaise 1 4.605170185988092 4.605170185988092
ballyhally 1 4.605170185988092 4.605170185988092
ballyheelan 1 4.605170185988092 4.605170185988092
ballyhugh 1 4.605170185988092 4.605170185988092
ballyjamesduff 1 4.605170185988092 4.605170185988092
ballymachugh 1 4.605170185988092 4.605170185988092
ballymackinroe 1 4.605170185988092 4.605170185988092
ballymagauran 1 4.605170185988092 4.605170185988092
ballymagirril 1 4.605170185988092 4.605170185988092
ballynahaia 1 4.605170185988092 4.605170185988092
ballynamaddoo 1 4.605170185988092 4.605170185988092
ballynamannan 1 4.605170185988092 4.605170185988092
ballynamona 1 4.605170185988092 4.605170185988092
ballynamony 1 4.605170185988092 4.605170185988092
ballyneary 1 4.605170185988092 4.605170185988092
ballytrust 1 4.605170185988092 4.605170185988092
banagher 1 4.605170185988092 4.605170185988092
baraghy 1 4.605170185988092 4.605170185988092
barconny 1 4.605170185988092 4.605170185988092
barnagrow 1 4.605170185988092 4.605170185988092
barony 1 4.605170185988092 4.605170185988092
barragh 1 4.605170185988092 4.605170185988092
barran 1 4.605170185988092 4.605170185988092
bawn 1 4.605170185988092 4.605170185988092
bawnboy 1 4.605170185988092 4.605170185988092
beagh 1 4.605170185988092 4.605170185988092
beaghy 1 4.605170185988092 4.605170185988092
beckscourt 1 4.605170185988092 4.605170185988092
beg 1 3.912023005428146 3.912023005428146
beglieve 1 4.605170185988092 4.605170185988092
behernagh 1 4.605170185988092 4.605170185988092
behy 1 4.605170185988092 4.605170185988092
bellaheady 1 4.605170185988092 4.605170185988092
bellaleenan 1 4.605170185988092 4.605170185988092
bellamont 1 4.605170185988092 4.605170185988092
bellanacargy 1 4.605170185988092 4.605170185988092
bellanagh 1 4.605170185988092 4.605170185988092
bellananagh 1 4.605170185988092 4.605170185988092
bellavally 1 4.605170185988092 4.605170185988092
bellsgrove 1 4.605170185988092 4.605170185988092
bellville 1 4.605170185988092 4.605170185988092
belturbet 1 4.605170185988092 4.605170185988092
benwilt 1 4.605170185988092 4.605170185988092
bernyhill 1 4.605170185988092 4.605170185988092
berrymount 1 4.605170185988092 4.605170185988092
bessbrook 1 4.605170185988092 4.605170185988092
big 1 1.3862943611198906 1.3862943611198906
billis 1 4.605170185988092 4.605170185988092
binbane 1 4.605170185988092 4.605170185988092
bindoo 1 4.605170185988092 4.605170185988092
bingfield 1 4.605170185988092 4.605170185988092
binkeeragh 1 4.605170185988092 4.605170185988092
birragh 1 4.605170185988092 4.605170185988092
bishop 1 2.407945608651872 2.407945608651872
black 1 0.8915981192837835 0.8915981192837835
blackhills 1 4.605170185988092 4.605170185988092
blackstep 1 4.605170185988092 4.605170185988092
bleancup 1 4.605170185988092 4.605170185988092
boagh 1 4.605170185988092 4.605170185988092
bobsgrove 1 4.605170185988092 4.605170185988092
bocade 1 4.605170185988092 4.605170185988092
bodyskinminerva 1 3.506557897319982 3.506557897319982
bofealan 1 4.605170185988092 4.605170185988092
bogesky 1 4.605170185988092 4.605170185988092
bohora 1 4.605170185988092 4.605170185988092
bold 1 2.407945608651872 2.407945608651872
boley 1 4.605170185988092 4.605170185988092
borim 1 4.605170185988092 4.605170185988092
bracklagh 1 4.605170185988092 4.605170185988092
brackley 1 4.605170185988092 4.605170185988092
bracklin 1 4.605170185988092 4.605170185988092
brackloney 1 4.605170185988092 4.605170185988092
brankill 1 4.605170185988092 4.605170185988092
breandrum 1 4.605170185988092 4.605170185988092
brockly 1 4.605170185988092 4.605170185988092
broughderg 1 4.605170185988092 4.605170185988092
bruse 1 4.605170185988092 4.605170185988092
brusky 1 4.605170185988092 4.605170185988092
bull 1 2.5257286443082556 2.5257286443082556
bulligs 1 4.605170185988092 4.605170185988092
bun 1 4.605170185988092 4.605170185988092
bunanumery 1 4.605170185988092 4.605170185988092
bunnoe 1 4.605170185988092 4.605170185988092
burgessacre 1 4.605170185988092 4.605170185988092
burnew 1 4.605170185988092 4.605170185988092
burren 1 4.605170185988092 4.605170185988092
burrencarragh 1 4.605170185988092 4.605170185988092
burrenrea 1 4.605170185988092 4.605170185988092
bursan 1 4.605170185988092 4.605170185988092
butlersbridge 1 4.605170185988092 4.605170185988092
cabra 1 4.605170185988092 4.605170185988092
cabragh 1 4.605170185988092 4.605170185988092
caldragh 1 4.605170185988092 4.605170185988092
calf 1 4.605170185988092 4.605170185988092
callaghs 1 4.605170185988092 4.605170185988092
callanagh 1 4.605170185988092 4.605170185988092
callbackformat 1 4.605170185988092 4.605170185988092
callbackget 1 3.506557897319982 3.506557897319982
camagh 1 4.605170185988092 4.605170185988092
camalier 1 4.605170185988092 4.605170185988092
campstown 1 4.605170185988092 4.605170185988092
cappagh 1 4.605170185988092 4.605170185988092
cappog 1 4.605170185988092 4.605170185988092
capragh 1 4.605170185988092 4.605170185988092
cargagh 1 4.605170185988092 4.605170185988092
carha 1 4.605170185988092 4.605170185988092
carn 1 4.605170185988092 4.605170185988092
carnagarve 1 4.605170185988092 4.605170185988092
carnagh 1 4.605170185988092 4.605170185988092
carnalynch 1 4.605170185988092 4.605170185988092
carnans 1 4.605170185988092 4.605170185988092
carnin 1 4.605170185988092 4.605170185988092
carnmaclean 1 4.605170185988092 4.605170185988092
carnoge 1 4.605170185988092 4.605170185988092
carolina 1 1.7147984280919266 1.7147984280919266
carrakeelty 1 4.605170185988092 4.605170185988092
carramoreen 1 4.605170185988092 4.605170185988092
carrick 1 4.605170185988092 4.605170185988092
carrickabane 1 4.605170185988092 4.605170185988092
carrickaboy 1 4.605170185988092 4.605170185988092
carrickacroman 1 4.605170185988092 4.605170185988092
carrickacroy 1 4.605170185988092 4.605170185988092
carrickakillew 1 4.605170185988092 4.605170185988092
carrickallen 1 4.605170185988092 4.605170185988092
carrickalwy 1 4.605170185988092 4.605170185988092
carrickane 1 4.605170185988092 4.605170185988092
carrickateane 1 4.605170185988092 4.605170185988092
carrickatober 1 4.605170185988092 4.605170185988092
carrickavee 1 4.605170185988092 4.605170185988092
carrickbrannan 1 4.605170185988092 4.605170185988092
carrickclevan 1 4.605170185988092 4.605170185988092
carrickcreeny 1 4.605170185988092 4.605170185988092
carrickeeshill 1 4.605170185988092 4.605170185988092
carrickgorman 1 4.605170185988092 4.605170185988092
carrickmore 1 4.605170185988092 4.605170185988092
carricknabrick 1 4.605170185988092 4.605170185988092
carricknagrow 1 4.605170185988092 4.605170185988092
carricknamaddoo 1 4.605170185988092 4.605170185988092
carricknashoke 1 4.605170185988092 4.605170185988092
carricknaveagh 1 4.605170185988092 4.605170185988092
carricknaveddan 1 4.605170185988092 4.605170185988092
carrigabruse 1 4.605170185988092 4.605170185988092
carrigan 1 4.605170185988092 4.605170185988092
carrigasimon 1 4.605170185988092 4.605170185988092
carrowfarnaghan 1 4.605170185988092 4.605170185988092
carrowmore 1 4.605170185988092 4.605170185988092
carrowreagh 1 4.605170185988092 4.605170185988092
cartronfree 1 4.605170185988092 4.605170185988092
cartronnagilta 1 4.605170185988092 4.605170185988092
carvaghs 1 4.605170185988092 4.605170185988092
cashel 1 4.605170185988092 4.605170185988092
cashelbane 1 4.605170185988092 4.605170185988092
castlecosby 1 4.605170185988092 4.605170185988092
castlekeeran 1 4.605170185988092 4.605170185988092
castlepoles 1 4.605170185988092 4.605170185988092
castlerahan 1 4.605170185988092 4.605170185988092
castlesaunderson 1 4.605170185988092 4.605170185988092
castleterra 1 4.605170185988092 4.605170185988092
castletowndelvin 1 4.605170185988092 4.605170185988092
category 1 0.0 0.0
cauhoo 1 4.605170185988092 4.605170185988092
cavan 1 4.605170185988092 4.605170185988092
cavanagh 1 4.605170185988092 4.605170185988092
cavanaquill 1 4.605170185988092 4.605170185988092
cavanarainy 1 4.605170185988092 4.605170185988092
cavancoulter 1 4.605170185988092 4.605170185988092
cavanfin 1 4.605170185988092 4.605170185988092
cavanrelated 1 4.605170185988092 4.605170185988092
cavanskeldragh 1 4.605170185988092 4.605170185988092
cavantimahon 1 4.605170185988092 4.605170185988092
change 1 0.0 0.0
chunk 1 3.912023005428146 3.912023005428146
cite 1 0.0 0.0
civil 1 1.7719568419318754 1.7719568419318754
claddagh 1 4.605170185988092 4.605170185988092
clankee 1 4.605170185988092 4.605170185988092
clanmahon 1 4.605170185988092 4.605170185988092
claragh 1 4.605170185988092 4.605170185988092
claraghpottle 1 4.605170185988092 4.605170185988092
clarbally 1 4.605170185988092 4.605170185988092
clare 1 4.605170185988092 4.605170185988092
clarebane 1 4.605170185988092 4.605170185988092
clareboy 1 4.605170185988092 4.605170185988092
cleffin 1 4.605170185988092 4.605170185988092
cleggan 1 4.605170185988092 4.605170185988092
clementstown 1 4.605170185988092 4.605170185988092
clifferna 1 4.605170185988092 4.605170185988092
clifton 1 3.912023005428146 3.912023005428146
clodrum 1 4.605170185988092 4.605170185988092
cloggagh 1 4.605170185988092 4.605170185988092
cloggy 1 4.605170185988092 4.605170185988092
cloghbally 1 4.605170185988092 4.605170185988092
cloghballybeg 1 4.605170185988092 4.605170185988092
cloghergoole 1 4.605170185988092 4.605170185988092
cloghoge 1 4.605170185988092 4.605170185988092
cloghstuckagh 1 4.605170185988092 4.605170185988092
clonagonnell 1 4.605170185988092 4.605170185988092
clonamullig 1 4.605170185988092 4.605170185988092
clonandra 1 4.605170185988092 4.605170185988092
clonarney 1 4.605170185988092 4.605170185988092
clonbockoge 1 4.605170185988092 4.605170185988092
cloncollow 1 4.605170185988092 4.605170185988092
clonconor 1 4.605170185988092 4.605170185988092
cloncose 1 4.605170185988092 4.605170185988092
cloncovet 1 4.605170185988092 4.605170185988092
cloncurkney 1 4.605170185988092 4.605170185988092
clondargan 1 4.605170185988092 4.605170185988092
clone 1 2.8134107167600364 2.8134107167600364
cloneary 1 4.605170185988092 4.605170185988092
clonervy 1 4.605170185988092 4.605170185988092
clonkeen 1 4.605170185988092 4.605170185988092
clonkeiffy 1 4.605170185988092 4.605170185988092
clonloaghan 1 4.605170185988092 4.605170185988092
clonloskan 1 4.605170185988092 4.605170185988092
clonmacmara 1 4.605170185988092 4.605170185988092
clonmult 1 4.605170185988092 4.605170185988092
clonoose 1 4.605170185988092 4.605170185988092
clonosey 1 4.605170185988092 4.605170185988092
clonraw 1 4.605170185988092 4.605170185988092
clonturkan 1 4.605170185988092 4.605170185988092
clontycarnaghan 1 4.605170185988092 4.605170185988092
clontycoo 1 4.605170185988092 4.605170185988092
clontyduffy 1 4.605170185988092 4.605170185988092
clontydully 1 4.605170185988092 4.605170185988092
clontygrigny 1 4.605170185988092 4.605170185988092
cloone 1 4.605170185988092 4.605170185988092
clooneen 1 4.605170185988092 4.605170185988092
closnabraddan 1 4.605170185988092 4.605170185988092
cloverhill 1 4.605170185988092 4.605170185988092
clowney 1 4.605170185988092 4.605170185988092
clowninny 1 4.605170185988092 4.605170185988092
cmodule 1 3.912023005428146 3.912023005428146
cmw 1 2.995732273553991 2.995732273553991
cmwlanguageluau 1 4.605170185988092 4.605170185988092
code 1 0.0 0.0
cohaw 1 4.605170185988092 4.605170185988092
collops 1 4.605170185988092 4.605170185988092
column 1 2.8134107167600364 2.8134107167600364
comma 1 4.605170185988092 4.605170185988092
common 1 0.0 0.0
conaghoo 1 4.605170185988092 4.605170185988092
condry 1 4.605170185988092 4.605170185988092
conduct 1 0.0 0.0
conleen 1 4.605170185988092 4.605170185988092
contact 1 0.0 0.0
content 1 0.0 0.0
context 1 0.010050335853501506 0.010050335853501506
contribute 1 0.0 0.0
contribution 1 0.0 0.0
cookie 1 0.0 0.0
cookiematch 1 0.0 0.0
coolbane 1 4.605170185988092 4.605170185988092
coolboyoge 1 4.605170185988092 4.605170185988092
coolcanadas 1 4.605170185988092 4.605170185988092
coolkill 1 4.605170185988092 4.605170185988092
coolnacarrick 1 4.605170185988092 4.605170185988092
coolnacola 1 4.605170185988092 4.605170185988092
coolnagor 1 4.605170185988092 4.605170185988092
coolnalitteragh 1 4.605170185988092 4.605170185988092
coolnashinny 1 4.605170185988092 4.605170185988092
coologe 1 4.605170185988092 4.605170185988092
cootehill 1 4.605170185988092 4.605170185988092
coppanagh 1 4.605170185988092 4.605170185988092
coppanaghbane 1 4.605170185988092 4.605170185988092
coppanaghmore 1 4.605170185988092 4.605170185988092
cor 1 3.2188758248682006 3.2188758248682006
cora 1 4.605170185988092 4.605170185988092
coragh 1 4.605170185988092 4.605170185988092
coraghmuck 1 4.605170185988092 4.605170185988092
corballyquill 1 4.605170185988092 4.605170185988092
corbeagh 1 4.605170185988092 4.605170185988092
corboy 1 4.605170185988092 4.605170185988092
corcanadas 1 4.605170185988092 4.605170185988092
corcashel 1 4.605170185988092 4.605170185988092
corclare 1 4.605170185988092 4.605170185988092
corcloghan 1 4.605170185988092 4.605170185988092
corcovety 1 4.605170185988092 4.605170185988092
corcraff 1 4.605170185988092 4.605170185988092
corcreeghagh 1 4.605170185988092 4.605170185988092
cordalea 1 4.605170185988092 4.605170185988092
cordevlis 1 4.605170185988092 4.605170185988092
cordingin 1 4.605170185988092 4.605170185988092
cordoagh 1 4.605170185988092 4.605170185988092
cordonaghy 1 4.605170185988092 4.605170185988092
cordressogagh 1 4.605170185988092 4.605170185988092
corduff 1 4.605170185988092 4.605170185988092
corfad 1 4.605170185988092 4.605170185988092
corfeehone 1 4.605170185988092 4.605170185988092
corfree 1 4.605170185988092 4.605170185988092
corgarran 1 4.605170185988092 4.605170185988092
corgarry 1 4.605170185988092 4.605170185988092
corgarve 1 4.605170185988092 4.605170185988092
corglass 1 4.605170185988092 4.605170185988092
corgreagh 1 4.605170185988092 4.605170185988092
corhanagh 1 4.605170185988092 4.605170185988092
corhoogan 1 4.605170185988092 4.605170185988092
corick 1 4.605170185988092 4.605170185988092
corkish 1 4.605170185988092 4.605170185988092
corlaghaloo 1 4.605170185988092 4.605170185988092
corlat 1 4.605170185988092 4.605170185988092
corlateerin 1 4.605170185988092 4.605170185988092
corlattycarroll 1 4.605170185988092 4.605170185988092
corlattylannan 1 4.605170185988092 4.605170185988092
corlea 1 4.605170185988092 4.605170185988092
corleck 1 4.605170185988092 4.605170185988092
corleckagh 1 4.605170185988092 4.605170185988092
corleckduff 1 4.605170185988092 4.605170185988092
corleggy 1 4.605170185988092 4.605170185988092
corlis 1 4.605170185988092 4.605170185988092
corlisalee 1 4.605170185988092 4.605170185988092
corlisbannan 1 4.605170185988092 4.605170185988092
corlisbrattan 1 4.605170185988092 4.605170185988092
corlislea 1 4.605170185988092 4.605170185988092
corlismore 1 4.605170185988092 4.605170185988092
corlough 1 4.605170185988092 4.605170185988092
corlurgan 1 4.605170185988092 4.605170185988092
cormacmullan 1 4.605170185988092 4.605170185988092
cormaddyduff 1 4.605170185988092 4.605170185988092
cormeen 1 4.605170185988092 4.605170185988092
cormey 1 4.605170185988092 4.605170185988092
cormore 1 4.605170185988092 4.605170185988092
cornabaste 1 4.605170185988092 4.605170185988092
cornabeagh 1 4.605170185988092 4.605170185988092
cornabraher 1 4.605170185988092 4.605170185988092
cornacarrow 1 4.605170185988092 4.605170185988092
cornaclea 1 4.605170185988092 4.605170185988092
cornacleigh 1 4.605170185988092 4.605170185988092
cornacrea 1 4.605170185988092 4.605170185988092
cornacreeve 1 4.605170185988092 4.605170185988092
cornacrum 1 4.605170185988092 4.605170185988092
cornadarragh 1 4.605170185988092 4.605170185988092
cornadimpan 1 4.605170185988092 4.605170185988092
cornafean 1 4.605170185988092 4.605170185988092
cornagall 1 4.605170185988092 4.605170185988092
cornagarrow 1 4.605170185988092 4.605170185988092
cornagee 1 4.605170185988092 4.605170185988092
cornaglare 1 4.605170185988092 4.605170185988092
cornaglea 1 4.605170185988092 4.605170185988092
cornagleragh 1 4.605170185988092 4.605170185988092
cornagran 1 4.605170185988092 4.605170185988092
cornagrow 1 4.605170185988092 4.605170185988092
cornagunleog 1 4.605170185988092 4.605170185988092
cornahaia 1 4.605170185988092 4.605170185988092
cornahaw 1 4.605170185988092 4.605170185988092
cornahilt 1 4.605170185988092 4.605170185988092
cornakill 1 4.605170185988092 4.605170185988092
cornakilly 1 4.605170185988092 4.605170185988092
cornalara 1 4.605170185988092 4.605170185988092
cornaleck 1 4.605170185988092 4.605170185988092
cornaleen 1 4.605170185988092 4.605170185988092
cornalon 1 4.605170185988092 4.605170185988092
cornamagh 1 4.605170185988092 4.605170185988092
cornamahan 1 4.605170185988092 4.605170185988092
cornaman 1 4.605170185988092 4.605170185988092
cornamucklagh 1 4.605170185988092 4.605170185988092
cornanaff 1 4.605170185988092 4.605170185988092
cornanurney 1 4.605170185988092 4.605170185988092
cornasaus 1 4.605170185988092 4.605170185988092
cornaseer 1 4.605170185988092 4.605170185988092
cornashesk 1 4.605170185988092 4.605170185988092
cornasker 1 4.605170185988092 4.605170185988092
cornaslieve 1 4.605170185988092 4.605170185988092
cornaveagh 1 4.605170185988092 4.605170185988092
corneen 1 4.605170185988092 4.605170185988092
corneenflynn 1 4.605170185988092 4.605170185988092
corporation 1 1.8971199848858813 1.8971199848858813
corr 1 4.605170185988092 4.605170185988092
corraback 1 4.605170185988092 4.605170185988092
corracanvy 1 4.605170185988092 4.605170185988092
corracarrow 1 4.605170185988092 4.605170185988092
corracholia 1 4.605170185988092 4.605170185988092
corrachomera 1 4.605170185988092 4.605170185988092
corracleigh 1 4.605170185988092 4.605170185988092
corracreeny 1 4.605170185988092 4.605170185988092
corradarren 1 4.605170185988092 4.605170185988092
corradeverrid 1 4.605170185988092 4.605170185988092
corradooa 1 4.605170185988092 4.605170185988092
corradownan 1 4.605170185988092 4.605170185988092
corragarry 1 4.605170185988092 4.605170185988092
corragho 1 4.605170185988092 4.605170185988092
corraghy 1 4.605170185988092 4.605170185988092
corragloon 1 4.605170185988092 4.605170185988092
corragvoy 1 4.605170185988092 4.605170185988092
corrahoash 1 4.605170185988092 4.605170185988092
corrakane 1 4.605170185988092 4.605170185988092
corrakeeldrum 1 4.605170185988092 4.605170185988092
corrakeeran 1 4.605170185988092 4.605170185988092
corraleehanbeg 1 4.605170185988092 4.605170185988092
corran 1 4.605170185988092 4.605170185988092
corranea 1 4.605170185988092 4.605170185988092
corranearty 1 4.605170185988092 4.605170185988092
corraneary 1 4.605170185988092 4.605170185988092
corraneden 1 4.605170185988092 4.605170185988092
corranierna 1 4.605170185988092 4.605170185988092
corranure 1 4.605170185988092 4.605170185988092
corraquigley 1 4.605170185988092 4.605170185988092
corraquill 1 4.605170185988092 4.605170185988092
corrard 1 4.605170185988092 4.605170185988092
corrarod 1 4.605170185988092 4.605170185988092
corrasmongan 1 4.605170185988092 4.605170185988092
corratawy 1 4.605170185988092 4.605170185988092
corratillan 1 4.605170185988092 4.605170185988092
corratinner 1 4.605170185988092 4.605170185988092
corratirrim 1 4.605170185988092 4.605170185988092
corratober 1 4.605170185988092 4.605170185988092
corravahan 1 4.605170185988092 4.605170185988092
corravarry 1 4.605170185988092 4.605170185988092
corraveaty 1 4.605170185988092 4.605170185988092
corravilla 1 4.605170185988092 4.605170185988092
corravoggy 1 4.605170185988092 4.605170185988092
corravohy 1 4.605170185988092 4.605170185988092
corrawaddy 1 4.605170185988092 4.605170185988092
corraweelis 1 4.605170185988092 4.605170185988092
corrawillin 1 4.605170185988092 4.605170185988092
correagh 1 4.605170185988092 4.605170185988092
correvan 1 4.605170185988092 4.605170185988092
corrinshigo 1 4.605170185988092 4.605170185988092
corronagh 1 4.605170185988092 4.605170185988092
corrycholman 1 4.605170185988092 4.605170185988092
corryrourke 1 4.605170185988092 4.605170185988092
corstruce 1 4.605170185988092 4.605170185988092
cortober 1 4.605170185988092 4.605170185988092
cortrasna 1 4.605170185988092 4.605170185988092
corweelis 1 4.605170185988092 4.605170185988092
corwin 1 3.506557897319982 3.506557897319982
coskemduff 1 4.605170185988092 4.605170185988092
countenan 1 4.605170185988092 4.605170185988092
county 1 1.6607312068216509 1.6607312068216509
crahard 1 4.605170185988092 4.605170185988092
cran 1 4.605170185988092 4.605170185988092
cranaghan 1 4.605170185988092 4.605170185988092
crannadillon 1 4.605170185988092 4.605170185988092
create 1 0.0 0.0
creative 1 0.0 0.0
creea 1 4.605170185988092 4.605170185988092
creenagh 1 4.605170185988092 4.605170185988092
creenow 1 4.605170185988092 4.605170185988092
creeny 1 4.605170185988092 4.605170185988092
creeve 1 4.605170185988092 4.605170185988092
creighan 1 4.605170185988092 4.605170185988092
crenard 1 4.605170185988092 4.605170185988092
crilea 1 4.605170185988092 4.605170185988092
croaghan 1 4.605170185988092 4.605170185988092
crocklusty 1 4.605170185988092 4.605170185988092
crocknahattin 1 4.605170185988092 4.605170185988092
croley 1 4.605170185988092 4.605170185988092
cronery 1 4.605170185988092 4.605170185988092
cross 1 1.8325814637483102 1.8325814637483102
crossafehin 1 4.605170185988092 4.605170185988092
crossbane 1 4.605170185988092 4.605170185988092
crosscarn 1 4.605170185988092 4.605170185988092
crossdoney 1 4.605170185988092 4.605170185988092
crosserlough 1 4.605170185988092 4.605170185988092
crosserule 1 4.605170185988092 4.605170185988092
crossmakeelan 1 4.605170185988092 4.605170185988092
crossmakelagher 1 4.605170185988092 4.605170185988092
crossrah 1 4.605170185988092 4.605170185988092
crossreagh 1 4.605170185988092 4.605170185988092
crover 1 4.605170185988092 4.605170185988092
crubany 1 4.605170185988092 4.605170185988092
crumlin 1 4.605170185988092 4.605170185988092
cuilcagh 1 4.605170185988092 4.605170185988092
cuillaghan 1 4.605170185988092 4.605170185988092
cullaboy 1 4.605170185988092 4.605170185988092
cullentragh 1 4.605170185988092 4.605170185988092
culliagh 1 4.605170185988092 4.605170185988092
cullies 1 4.605170185988092 4.605170185988092
cullin 1 4.605170185988092 4.605170185988092
cullion 1 4.605170185988092 4.605170185988092
cullow 1 4.605170185988092 4.605170185988092
cullyleenan 1 4.605170185988092 4.605170185988092
cuppage 1 4.605170185988092 4.605170185988092
curracloghan 1 4.605170185988092 4.605170185988092
curraghabreedin 1 4.605170185988092 4.605170185988092
curraghabweehan 1 4.605170185988092 4.605170185988092
curraghanoe 1 4.605170185988092 4.605170185988092
curraghglass 1 4.605170185988092 4.605170185988092
curraghkeel 1 4.605170185988092 4.605170185988092
curraghmore 1 4.605170185988092 4.605170185988092
curragho 1 4.605170185988092 4.605170185988092
curraghvagh 1 4.605170185988092 4.605170185988092
current 1 0.0 0.0
cuttragh 1 4.605170185988092 4.605170185988092
daggan 1 4.605170185988092 4.605170185988092
danesfort 1 4.605170185988092 4.605170185988092
darcy 1 3.506557897319982 3.506557897319982
darkley 1 4.605170185988092 4.605170185988092
database 1 0.9675840262617057 0.9675840262617057
date 1 0.3147107448397002 0.3147107448397002
deerpark 1 4.605170185988092 4.605170185988092
demesn 1 4.605170185988092 4.605170185988092
demesne 1 4.605170185988092 4.605170185988092
denn 1 4.605170185988092 4.605170185988092
dennbane 1 4.605170185988092 4.605170185988092
dennmore 1 4.605170185988092 4.605170185988092
deralk 1 4.605170185988092 4.605170185988092
deramfield 1 4.605170185988092 4.605170185988092
derdis 1 4.605170185988092 4.605170185988092
derinish 1 4.605170185988092 4.605170185988092
dernaferst 1 4.605170185988092 4.605170185988092
dernaglush 1 4.605170185988092 4.605170185988092
dernakesh 1 4.605170185988092 4.605170185988092
dernaskeagh 1 4.605170185988092 4.605170185988092
dernaweel 1 4.605170185988092 4.605170185988092
derreary 1 4.605170185988092 4.605170185988092
derreskit 1 4.605170185988092 4.605170185988092
derries 1 4.605170185988092 4.605170185988092
derrin 1 4.605170185988092 4.605170185988092
derrindrehid 1 4.605170185988092 4.605170185988092
derrinlester 1 4.605170185988092 4.605170185988092
derrintinny 1 4.605170185988092 4.605170185988092
derry 1 4.605170185988092 4.605170185988092
derryarmush 1 4.605170185988092 4.605170185988092
derrybrick 1 4.605170185988092 4.605170185988092
derrycark 1 4.605170185988092 4.605170185988092
derrycassan 1 4.605170185988092 4.605170185988092
derryconnessy 1 4.605170185988092 4.605170185988092
derrycramph 1 4.605170185988092 4.605170185988092
derrydamph 1 4.605170185988092 4.605170185988092
derryevin 1 4.605170185988092 4.605170185988092
derrygarra 1 4.605170185988092 4.605170185988092
derrygeeraghan 1 4.605170185988092 4.605170185988092
derrygid 1 4.605170185988092 4.605170185988092
derryginny 1 4.605170185988092 4.605170185988092
derryglen 1 4.605170185988092 4.605170185988092
derrygoss 1 4.605170185988092 4.605170185988092
derryheen 1 4.605170185988092 4.605170185988092
derryhoo 1 4.605170185988092 4.605170185988092
derryhum 1 4.605170185988092 4.605170185988092
derrylahan 1 4.605170185988092 4.605170185988092
derrylane 1 4.605170185988092 4.605170185988092
derrylea 1 4.605170185988092 4.605170185988092
derryleague 1 4.605170185988092 4.605170185988092
derrylinn 1 4.605170185988092 4.605170185988092
derrylurgan 1 4.605170185988092 4.605170185988092
derryna 1 4.605170185988092 4.605170185988092
derrynacreeve 1 4.605170185988092 4.605170185988092
derrynacross 1 4.605170185988092 4.605170185988092
derrynagan 1 4.605170185988092 4.605170185988092
derrynalester 1 4.605170185988092 4.605170185988092
derrynananta 1 4.605170185988092 4.605170185988092
derrynaseer 1 4.605170185988092 4.605170185988092
derrynaslieve 1 4.605170185988092 4.605170185988092
derrynatuan 1 4.605170185988092 4.605170185988092
derrynure 1 4.605170185988092 4.605170185988092
derryola 1 4.605170185988092 4.605170185988092
derryragh 1 4.605170185988092 4.605170185988092
derryrealt 1 4.605170185988092 4.605170185988092
derryvackney 1 4.605170185988092 4.605170185988092
derryvahan 1 4.605170185988092 4.605170185988092
derryvehil 1 4.605170185988092 4.605170185988092
derryvella 1 4.605170185988092 4.605170185988092
derryvony 1 4.605170185988092 4.605170185988092
derrywinny 1 4.605170185988092 4.605170185988092
description 1 0.07257069283483537 0.07257069283483537
devally 1 4.605170185988092 4.605170185988092
developer 1 0.0 0.0
diamondhill 1 4.605170185988092 4.605170185988092
different 1 0.3424903089467759 0.3424903089467759
dillagh 1 4.605170185988092 4.605170185988092
dingin 1 4.605170185988092 4.605170185988092
dingins 1 4.605170185988092 4.605170185988092
dinginvanty 1 4.605170185988092 4.605170185988092
disclaimer 1 0.0 0.0
disert 1 4.605170185988092 4.605170185988092
dmy 1 1.4271163556401458 1.4271163556401458
donate 1 0.0 0.0
doocarrick 1 4.605170185988092 4.605170185988092
doocassan 1 4.605170185988092 4.605170185988092
doogary 1 4.605170185988092 4.605170185988092
doohallat 1 4.605170185988092 4.605170185988092
doon 1 4.605170185988092 4.605170185988092
dooreagh 1 4.605170185988092 4.605170185988092
download 1 0.0 0.0
dowra 1 4.605170185988092 4.605170185988092
dreenan 1 4.605170185988092 4.605170185988092
dresternagh 1 4.605170185988092 4.605170185988092
dring 1 4.605170185988092 4.605170185988092
droghill 1 4.605170185988092 4.605170185988092
drokaghbane 1 4.605170185988092 4.605170185988092
dromore 1 4.605170185988092 4.605170185988092
drumacachon 1 4.605170185988092 4.605170185988092
drumacarrow 1 4.605170185988092 4.605170185988092
drumacleeskin 1 4.605170185988092 4.605170185988092
drumacon 1 4.605170185988092 4.605170185988092
drumacullion 1 4.605170185988092 4.605170185988092
drumad 1 4.605170185988092 4.605170185988092
drumagolan 1 4.605170185988092 4.605170185988092
drumahurk 1 4.605170185988092 4.605170185988092
drumakeenan 1 4.605170185988092 4.605170185988092
drumakinneo 1 4.605170185988092 4.605170185988092
drumalee 1 4.605170185988092 4.605170185988092
drumalla 1 4.605170185988092 4.605170185988092
drumalt 1 4.605170185988092 4.605170185988092
drumalure 1 4.605170185988092 4.605170185988092
drumamry 1 4.605170185988092 4.605170185988092
drumamuck 1 4.605170185988092 4.605170185988092
drumanalaragh 1 4.605170185988092 4.605170185988092
drumane 1 4.605170185988092 4.605170185988092
drumanespick 1 4.605170185988092 4.605170185988092
drumaraw 1 4.605170185988092 4.605170185988092
drumard 1 4.605170185988092 4.605170185988092
drumasladdy 1 4.605170185988092 4.605170185988092
drumauna 1 4.605170185988092 4.605170185988092
drumavaddy 1 4.605170185988092 4.605170185988092
drumavanagh 1 4.605170185988092 4.605170185988092
drumaveil 1 4.605170185988092 4.605170185988092
drumavrack 1 4.605170185988092 4.605170185988092
drumbagh 1 4.605170185988092 4.605170185988092
drumbannan 1 4.605170185988092 4.605170185988092
drumbannow 1 4.605170185988092 4.605170185988092
drumbar 1 4.605170185988092 4.605170185988092
drumbarkey 1 4.605170185988092 4.605170185988092
drumbarlom 1 4.605170185988092 4.605170185988092
drumbarry 1 4.605170185988092 4.605170185988092
drumbartagh 1 4.605170185988092 4.605170185988092
drumbeagh 1 4.605170185988092 4.605170185988092
drumbee 1 4.605170185988092 4.605170185988092
drumberry 1 4.605170185988092 4.605170185988092
drumbess 1 4.605170185988092 4.605170185988092
drumbinnis 1 4.605170185988092 4.605170185988092
drumbo 1 4.605170185988092 4.605170185988092
drumboory 1 4.605170185988092 4.605170185988092
drumbrade 1 4.605170185988092 4.605170185988092
drumbrawn 1 4.605170185988092 4.605170185988092
drumbriskan 1 4.605170185988092 4.605170185988092
drumbrollisk 1 4.605170185988092 4.605170185988092
drumbrucklis 1 4.605170185988092 4.605170185988092
drumbrughas 1 4.605170185988092 4.605170185988092
drumbullion 1 4.605170185988092 4.605170185988092
drumcalpin 1 4.605170185988092 4.605170185988092
drumcanon 1 4.605170185988092 4.605170185988092
drumcar 1 4.605170185988092 4.605170185988092
drumcarban 1 4.605170185988092 4.605170185988092
drumcarey 1 4.605170185988092 4.605170185988092
drumcarn 1 4.605170185988092 4.605170185988092
drumcartagh 1 4.605170185988092 4.605170185988092
drumcase 1 4.605170185988092 4.605170185988092
drumcask 1 4.605170185988092 4.605170185988092
drumcassidy 1 4.605170185988092 4.605170185988092
drumchoe 1 4.605170185988092 4.605170185988092
drumcoghill 1 4.605170185988092 4.605170185988092
drumcole 1 4.605170185988092 4.605170185988092
drumcon 1 4.605170185988092 4.605170185988092
drumcondra 1 4.605170185988092 4.605170185988092
drumconlester 1 4.605170185988092 4.605170185988092
drumconnick 1 4.605170185988092 4.605170185988092
drumconra 1 4.605170185988092 4.605170185988092
drumcor 1 4.605170185988092 4.605170185988092
drumcrauve 1 4.605170185988092 4.605170185988092
drumcrin 1 4.605170185988092 4.605170185988092
drumcrow 1 4.605170185988092 4.605170185988092
drumcullion 1 4.605170185988092 4.605170185988092
drumderg 1 4.605170185988092 4.605170185988092
drumeague 1 4.605170185988092 4.605170185988092
drumederglass 1 4.605170185988092 4.605170185988092
drumeena 1 4.605170185988092 4.605170185988092
drumeeny 1 4.605170185988092 4.605170185988092
drumegil 1 4.605170185988092 4.605170185988092
drumelis 1 4.605170185988092 4.605170185988092
drumellis 1 4.605170185988092 4.605170185988092
drumeltan 1 4.605170185988092 4.605170185988092
drumerdannan 1 4.605170185988092 4.605170185988092
drumerkillew 1 4.605170185988092 4.605170185988092
drumersee 1 4.605170185988092 4.605170185988092
drumersnaw 1 4.605170185988092 4.605170185988092
drumestagh 1 4.605170185988092 4.605170185988092
drumfomina 1 4.605170185988092 4.605170185988092
drumgallon 1 4.605170185988092 4.605170185988092
drumgart 1 4.605170185988092 4.605170185988092
drumgerd 1 4.605170185988092 4.605170185988092
drumgesh 1 4.605170185988092 4.605170185988092
drumgill 1 4.605170185988092 4.605170185988092
drumgoa 1 4.605170185988092 4.605170185988092
drumgola 1 4.605170185988092 4.605170185988092
drumgoney 1 4.605170185988092 4.605170185988092
drumgoohy 1 4.605170185988092 4.605170185988092
drumgoon 1 4.605170185988092 4.605170185988092
drumgor 1 4.605170185988092 4.605170185988092
drumgora 1 4.605170185988092 4.605170185988092
drumgore 1 4.605170185988092 4.605170185988092
drumgorry 1 4.605170185988092 4.605170185988092
drumgreen 1 4.605170185988092 4.605170185988092
drumgur 1 4.605170185988092 4.605170185988092
drumhallagh 1 4.605170185988092 4.605170185988092
drumharid 1 4.605170185988092 4.605170185988092
drumhart 1 4.605170185988092 4.605170185988092
drumhawnagh 1 4.605170185988092 4.605170185988092
drumhawragh 1 4.605170185988092 4.605170185988092
drumhecknagh 1 4.605170185988092 4.605170185988092
drumhell 1 4.605170185988092 4.605170185988092
drumherriff 1 4.605170185988092 4.605170185988092
drumherrish 1 4.605170185988092 4.605170185988092
drumhillagh 1 4.605170185988092 4.605170185988092
drumhirk 1 4.605170185988092 4.605170185988092
drumhome 1 4.605170185988092 4.605170185988092
drumhose 1 4.605170185988092 4.605170185988092
drumhurrin 1 4.605170185988092 4.605170185988092
drumhurt 1 4.605170185988092 4.605170185988092
drumiller 1 4.605170185988092 4.605170185988092
druminisclin 1 4.605170185988092 4.605170185988092
druminiskill 1 4.605170185988092 4.605170185988092
druminnick 1 4.605170185988092 4.605170185988092
drumkeen 1 4.605170185988092 4.605170185988092
drumkeeran 1 4.605170185988092 4.605170185988092
drumkeery 1 4.605170185988092 4.605170185988092
drumkerril 1 4.605170185988092 4.605170185988092
drumkilly 1 4.605170185988092 4.605170185988092
drumkilroosk 1 4.605170185988092 4.605170185988092
drumlane 1 4.605170185988092 4.605170185988092
drumlarah 1 4.605170185988092 4.605170185988092
drumlark 1 4.605170185988092 4.605170185988092
drumlarney 1 4.605170185988092 4.605170185988092
drumlaunaght 1 4.605170185988092 4.605170185988092
drumlaydan 1 4.605170185988092 4.605170185988092
drumleague 1 4.605170185988092 4.605170185988092
drumleny 1 4.605170185988092 4.605170185988092
drumliff 1 4.605170185988092 4.605170185988092
drumlion 1 4.605170185988092 4.605170185988092
drumloaghan 1 4.605170185988092 4.605170185988092
drumlom 1 4.605170185988092 4.605170185988092
drumloman 1 4.605170185988092 4.605170185988092
drumlon 1 4.605170185988092 4.605170185988092
drumlougher 1 4.605170185988092 4.605170185988092
drumlumman 1 4.605170185988092 4.605170185988092
drummallaght 1 4.605170185988092 4.605170185988092
drumman 1 4.605170185988092 4.605170185988092
drummanbane 1 4.605170185988092 4.605170185988092
drummanduff 1 4.605170185988092 4.605170185988092
drummany 1 4.605170185988092 4.605170185988092
drummartin 1 4.605170185988092 4.605170185988092
drummeva 1 4.605170185988092 4.605170185988092
drumminick 1 4.605170185988092 4.605170185988092
drumminnion 1 4.605170185988092 4.605170185988092
drummole 1 4.605170185988092 4.605170185988092
drummoney 1 4.605170185988092 4.605170185988092
drummonum 1 4.605170185988092 4.605170185988092
drummora 1 4.605170185988092 4.605170185988092
drummoy 1 4.605170185988092 4.605170185988092
drummuck 1 4.605170185988092 4.605170185988092
drummullagh 1 4.605170185988092 4.605170185988092
drummullan 1 4.605170185988092 4.605170185988092
drummullig 1 4.605170185988092 4.605170185988092
drummully 1 4.605170185988092 4.605170185988092
drummurry 1 4.605170185988092 4.605170185988092
drummury 1 4.605170185988092 4.605170185988092
drumnagar 1 4.605170185988092 4.605170185988092
drumnagran 1 4.605170185988092 4.605170185988092
drumnagress 1 4.605170185988092 4.605170185988092
drumnalaragh 1 4.605170185988092 4.605170185988092
drumnanarragh 1 4.605170185988092 4.605170185988092
drumnasreane 1 4.605170185988092 4.605170185988092
drumnatread 1 4.605170185988092 4.605170185988092
drumnaveagh 1 4.605170185988092 4.605170185988092
drumnavrick 1 4.605170185988092 4.605170185988092
drumnawall 1 4.605170185988092 4.605170185988092
drumnoose 1 4.605170185988092 4.605170185988092
drumod 1 4.605170185988092 4.605170185988092
drumoghra 1 4.605170185988092 4.605170185988092
drumohan 1 4.605170185988092 4.605170185988092
drumoosclin 1 4.605170185988092 4.605170185988092
drumpeak 1 4.605170185988092 4.605170185988092
drumquill 1 4.605170185988092 4.605170185988092
drumrane 1 4.605170185988092 4.605170185988092
drumrat 1 4.605170185988092 4.605170185988092
drumrath 1 4.605170185988092 4.605170185988092
drumreilly 1 4.605170185988092 4.605170185988092
drumrockady 1 4.605170185988092 4.605170185988092
drumroe 1 4.605170185988092 4.605170185988092
drumrooghill 1 4.605170185988092 4.605170185988092
drumroosk 1 4.605170185988092 4.605170185988092
drumroragh 1 4.605170185988092 4.605170185988092
drumrush 1 4.605170185988092 4.605170185988092
drumryan 1 4.605170185988092 4.605170185988092
drumsallagh 1 4.605170185988092 4.605170185988092
drumscruddan 1 4.605170185988092 4.605170185988092
drumsheil 1 4.605170185988092 4.605170185988092
drumshinny 1 4.605170185988092 4.605170185988092
drumsillagh 1 4.605170185988092 4.605170185988092
drumsivney 1 4.605170185988092 4.605170185988092
drumskelt 1 4.605170185988092 4.605170185988092
drumskerry 1 4.605170185988092 4.605170185988092
drumury 1 4.605170185988092 4.605170185988092
drumyouth 1 4.605170185988092 4.605170185988092
drung 1 4.605170185988092 4.605170185988092
drutamon 1 4.605170185988092 4.605170185988092
drutamy 1 4.605170185988092 4.605170185988092
druumskeagh 1 4.605170185988092 4.605170185988092
duckfield 1 4.605170185988092 4.605170185988092
duffcastle 1 4.605170185988092 4.605170185988092
duffin 1 4.605170185988092 4.605170185988092
dunancory 1 4.605170185988092 4.605170185988092
dunaree 1 4.605170185988092 4.605170185988092
dunaweel 1 4.605170185988092 4.605170185988092
duncollog 1 4.605170185988092 4.605170185988092
dundavan 1 4.605170185988092 4.605170185988092
dundragon 1 4.605170185988092 4.605170185988092
duneena 1 4.605170185988092 4.605170185988092
dung 1 4.605170185988092 4.605170185988092
dunglave 1 4.605170185988092 4.605170185988092
dungonnan 1 4.605170185988092 4.605170185988092
dungummin 1 4.605170185988092 4.605170185988092
dunmakeever 1 4.605170185988092 4.605170185988092
dunmurry 1 4.605170185988092 4.605170185988092
dunrora 1 4.605170185988092 4.605170185988092
duplicate 1 3.506557897319982 3.506557897319982
eaglehill 1 4.605170185988092 4.605170185988092
east 1 1.0498221244986776 1.0498221244986776
edenburt 1 4.605170185988092 4.605170185988092
edenmore 1 4.605170185988092 4.605170185988092
edennagully 1 4.605170185988092 4.605170185988092
edenterriff 1 4.605170185988092 4.605170185988092
edenticlare 1 4.605170185988092 4.605170185988092
edergole 1 4.605170185988092 4.605170185988092
edermin 1 4.605170185988092 4.605170185988092
edrans 1 4.605170185988092 4.605170185988092
egramush 1 4.605170185988092 4.605170185988092
eighter 1 4.605170185988092 4.605170185988092
einit 1 4.605170185988092 4.605170185988092
elteen 1 4.605170185988092 4.605170185988092
emedia 1 2.995732273553991 2.995732273553991
enagh 1 4.605170185988092 4.605170185988092
encyclopedia 1 0.0 0.0
engine 1 2.0402208285265546 2.0402208285265546
english 1 0.0 0.0
enniskeen 1 4.605170185988092 4.605170185988092
enniskillen 1 4.605170185988092 4.605170185988092
entity 1 2.5257286443082556 2.5257286443082556
entry 1 1.5606477482646683 1.5606477482646683
eonish 1 4.605170185988092 4.605170185988092
erraran 1 4.605170185988092 4.605170185988092
errigal 1 4.605170185988092 4.605170185988092
eshveagh 1 4.605170185988092 4.605170185988092
etra 1 4.605170185988092 4.605170185988092
event 1 0.0 0.0
evlagh 1 4.605170185988092 4.605170185988092
exp 1 0.0 0.0
expanded 1 2.659260036932778 2.659260036932778
extension 1 2.207274913189721 2.207274913189721
faharlagh 1 4.605170185988092 4.605170185988092
far 1 1.6607312068216509 1.6607312068216509
farnham 1 3.912023005428146 3.912023005428146
farragh 1 4.605170185988092 4.605170185988092
farrangarve 1 4.605170185988092 4.605170185988092
farranseer 1 4.605170185988092 4.605170185988092
farranydaly 1 4.605170185988092 4.605170185988092
fartadreen 1 4.605170185988092 4.605170185988092
fartagh 1 4.605170185988092 4.605170185988092
fartan 1 4.605170185988092 4.605170185988092
fartrin 1 4.605170185988092 4.605170185988092
feaugh 1 4.605170185988092 4.605170185988092
feedarragh 1 4.605170185988092 4.605170185988092
feugh 1 4.605170185988092 4.605170185988092
field 1 1.0498221244986776 1.0498221244986776
file 1 0.0 0.0
finaghoo 1 4.605170185988092 4.605170185988092
finaway 1 4.605170185988092 4.605170185988092
fintawan 1 4.605170185988092 4.605170185988092
finternagh 1 4.605170185988092 4.605170185988092
flood 1 3.506557897319982 3.506557897319982
foalies 1 4.605170185988092 4.605170185988092
forest 1 2.302585092994046 2.302585092994046
forthenry 1 4.605170185988092 4.605170185988092
forthill 1 4.605170185988092 4.605170185988092
fortland 1 4.605170185988092 4.605170185988092
foundation 1 0.0 0.0
free 1 0.0 0.0
freeduff 1 4.605170185988092 4.605170185988092
furnaceland 1 4.605170185988092 4.605170185988092
galbolie 1 4.605170185988092 4.605170185988092
gallon 1 3.912023005428146 3.912023005428146
gallonbane 1 4.605170185988092 4.605170185988092
gallonboy 1 4.605170185988092 4.605170185988092
gallonbulloge 1 4.605170185988092 4.605170185988092
galloncurra 1 4.605170185988092 4.605170185988092
gallonnambraher 1 4.605170185988092 4.605170185988092
gallonreagh 1 4.605170185988092 4.605170185988092
garfiny 1 4.605170185988092 4.605170185988092
garrison 1 3.2188758248682006 3.2188758248682006
garryfliugh 1 4.605170185988092 4.605170185988092
garrymore 1 4.605170185988092 4.605170185988092
garrynogher 1 4.605170185988092 4.605170185988092
garryross 1 4.605170185988092 4.605170185988092
garrysallagh 1 4.605170185988092 4.605170185988092
gartacara 1 4.605170185988092 4.605170185988092
gartaquill 1 4.605170185988092 4.605170185988092
gartbrattan 1 4.605170185988092 4.605170185988092
gartinardress 1 4.605170185988092 4.605170185988092
gartnaneane 1 4.605170185988092 4.605170185988092
gartnanoul 1 4.605170185988092 4.605170185988092
gartnasillagh 1 4.605170185988092 4.605170185988092
gartylough 1 4.605170185988092 4.605170185988092
garvagh 1 4.605170185988092 4.605170185988092
garvalt 1 4.605170185988092 4.605170185988092
garvary 1 4.605170185988092 4.605170185988092
garvesk 1 4.605170185988092 4.605170185988092
general 1 0.0 0.0
generator 1 2.5257286443082556 2.5257286443082556
generatorchunk 1 3.912023005428146 3.912023005428146
get 1 0.0 0.0
glascarrick 1 4.605170185988092 4.605170185988092
glasdrumman 1 4.605170185988092 4.605170185988092
glasstown 1 4.605170185988092 4.605170185988092
glebe 1 4.605170185988092 4.605170185988092
glen 1 2.8134107167600364 2.8134107167600364
glencorran 1 4.605170185988092 4.605170185988092
gneeve 1 4.605170185988092 4.605170185988092
gola 1 4.605170185988092 4.605170185988092
gortacashel 1 4.605170185988092 4.605170185988092
gortachurk 1 4.605170185988092 4.605170185988092
gortaclogher 1 4.605170185988092 4.605170185988092
gortaquill 1 4.605170185988092 4.605170185988092
gortawee 1 4.605170185988092 4.605170185988092
gorteen 1 4.605170185988092 4.605170185988092
gorteenagarry 1 4.605170185988092 4.605170185988092
gorteenaterriff 1 4.605170185988092 4.605170185988092
gorteennaglogh 1 4.605170185988092 4.605170185988092
gortin 1 4.605170185988092 4.605170185988092
gortlaunaght 1 4.605170185988092 4.605170185988092
gortmore 1 4.605170185988092 4.605170185988092
gortnacargy 1 4.605170185988092 4.605170185988092
gortnacleigh 1 4.605170185988092 4.605170185988092
gortnaderrylea 1 4.605170185988092 4.605170185988092
gortnakesh 1 4.605170185988092 4.605170185988092
gortnakillew 1 4.605170185988092 4.605170185988092
gortnaleck 1 4.605170185988092 4.605170185988092
gortnaleg 1 4.605170185988092 4.605170185988092
gortnashangan 1 4.605170185988092 4.605170185988092
gortnavreeghan 1 4.605170185988092 4.605170185988092
gortoorlan 1 4.605170185988092 4.605170185988092
gortskeagh 1 4.605170185988092 4.605170185988092
gortullaghan 1 4.605170185988092 4.605170185988092
gowlagh 1 4.605170185988092 4.605170185988092
gowlan 1 4.605170185988092 4.605170185988092
gowlat 1 4.605170185988092 4.605170185988092
graddum 1 4.605170185988092 4.605170185988092
granard 1 4.605170185988092 4.605170185988092
grattan 1 4.605170185988092 4.605170185988092
greagh 1 4.605170185988092 4.605170185988092
greaghacholea 1 4.605170185988092 4.605170185988092
greaghadoo 1 4.605170185988092 4.605170185988092
greaghadossan 1 4.605170185988092 4.605170185988092
greaghagarran 1 4.605170185988092 4.605170185988092
greaghagibney 1 4.605170185988092 4.605170185988092
greagharne 1 4.605170185988092 4.605170185988092
greaghclaugh 1 4.605170185988092 4.605170185988092
greaghclogh 1 4.605170185988092 4.605170185988092
greaghcrottagh 1 4.605170185988092 4.605170185988092
greaghduff 1 4.605170185988092 4.605170185988092
greaghettiagh 1 4.605170185988092 4.605170185988092
greaghnacross 1 4.605170185988092 4.605170185988092
greaghnadarragh 1 4.605170185988092 4.605170185988092
greaghnadoony 1 4.605170185988092 4.605170185988092
greaghnafarna 1 4.605170185988092 4.605170185988092
greaghnagee 1 4.605170185988092 4.605170185988092
greaghnmale 1 4.605170185988092 4.605170185988092
greaghrahan 1 4.605170185988092 4.605170185988092
great 1 0.9675840262617057 0.9675840262617057
greathill 1 4.605170185988092 4.605170185988092
grellagh 1 4.605170185988092 4.605170185988092
grilly 1 4.605170185988092 4.605170185988092
grousehall 1 4.605170185988092 4.605170185988092
gub 1 4.605170185988092 4.605170185988092
gubaveeny 1 4.605170185988092 4.605170185988092
gubnafarna 1 4.605170185988092 4.605170185988092
gubnagree 1 4.605170185988092 4.605170185988092
gubrawully 1 4.605170185988092 4.605170185988092
gubrimmaddera 1 4.605170185988092 4.605170185988092
hackelty 1 4.605170185988092 4.605170185988092
hart 1 3.2188758248682006 3.2188758248682006
hawkswood 1 4.605170185988092 4.605170185988092
help 1 0.0 0.0
heney 1 4.605170185988092 4.605170185988092
hermitage 1 4.605170185988092 4.605170185988092
hiberno 1 4.605170185988092 4.605170185988092
hidden 1 0.010050335853501506 0.010050335853501506
hide 1 0.0 0.0
history 1 0.0 0.0
inc 1 0.0 0.0
inch 1 2.5257286443082556 2.5257286443082556
information 1 0.0 0.0
inishbeg 1 4.605170185988092 4.605170185988092
inishconnell 1 4.605170185988092 4.605170185988092
inishmore 1 4.605170185988092 4.605170185988092
inishmuck 1 4.605170185988092 4.605170185988092
init 1 3.912023005428146 3.912023005428146
initluau 1 2.995732273553991 2.995732273553991
invyarroge 1 4.605170185988092 4.605170185988092
ire 1 3.912023005428146 3.912023005428146
ireland 1 2.302585092994046 2.302585092994046
irish 1 2.659260036932778 2.659260036932778
island 1 1.5141277326297755 1.5141277326297755
item 1 0.010050335853501506 0.010050335853501506
january 1 0.3424903089467759 0.3424903089467759
jump 1 0.0 0.0
keadew 1 4.605170185988092 4.605170185988092
keeghan 1 4.605170185988092 4.605170185988092
keelagh 1 4.605170185988092 4.605170185988092
keelderry 1 4.605170185988092 4.605170185988092
keenagh 1 4.605170185988092 4.605170185988092
keenaghan 1 4.605170185988092 4.605170185988092
keeny 1 4.605170185988092 4.605170185988092
keilagh 1 4.605170185988092 4.605170185988092
kells 1 4.605170185988092 4.605170185988092
kevit 1 4.605170185988092 4.605170185988092
kiffagh 1 4.605170185988092 4.605170185988092
kilbride 1 4.605170185988092 4.605170185988092
kilclogha 1 4.605170185988092 4.605170185988092
kilcogy 1 4.605170185988092 4.605170185988092
kilconny 1 4.605170185988092 4.605170185988092
kilcorby 1 4.605170185988092 4.605170185988092
kilcrossbeg 1 4.605170185988092 4.605170185988092
kilcrossduff 1 4.605170185988092 4.605170185988092
kildallan 1 4.605170185988092 4.605170185988092
kildoagh 1 4.605170185988092 4.605170185988092
kildorragh 1 4.605170185988092 4.605170185988092
kildrumsherdan 1 4.605170185988092 4.605170185988092
kilduff 1 4.605170185988092 4.605170185988092
kilgarve 1 4.605170185988092 4.605170185988092
kilgolagh 1 4.605170185988092 4.605170185988092
kill 1 1.7719568419318754 1.7719568419318754
killaghaduff 1 4.605170185988092 4.605170185988092
killaliss 1 4.605170185988092 4.605170185988092
killan 1 4.605170185988092 4.605170185988092
killaquill 1 4.605170185988092 4.605170185988092
killarah 1 4.605170185988092 4.605170185988092
killashandra 1 4.605170185988092 4.605170185988092
killatee 1 4.605170185988092 4.605170185988092
killeter 1 4.605170185988092 4.605170185988092
killicar 1 4.605170185988092 4.605170185988092
killinagh 1 4.605170185988092 4.605170185988092
killinkere 1 4.605170185988092 4.605170185988092
killnagun 1 4.605170185988092 4.605170185988092
killoughter 1 4.605170185988092 4.605170185988092
killybandrick 1 4.605170185988092 4.605170185988092
killycannan 1 4.605170185988092 4.605170185988092
killycarney 1 4.605170185988092 4.605170185988092
killycatron 1 4.605170185988092 4.605170185988092
killycleare 1 4.605170185988092 4.605170185988092
killycloghan 1 4.605170185988092 4.605170185988092
killycluggin 1 4.605170185988092 4.605170185988092
killyconnan 1 4.605170185988092 4.605170185988092
killyconny 1 4.605170185988092 4.605170185988092
killycramph 1 4.605170185988092 4.605170185988092
killycreeny 1 4.605170185988092 4.605170185988092
killycrin 1 4.605170185988092 4.605170185988092
killycrone 1 4.605170185988092 4.605170185988092
killydoon 1 4.605170185988092 4.605170185988092
killydream 1 4.605170185988092 4.605170185988092
killyduff 1 4.605170185988092 4.605170185988092
killyfana 1 4.605170185988092 4.605170185988092
killyfassy 1 4.605170185988092 4.605170185988092
killyfern 1 4.605170185988092 4.605170185988092
killyfinla 1 4.605170185988092 4.605170185988092
killygarry 1 4.605170185988092 4.605170185988092
killygorman 1 4.605170185988092 4.605170185988092
killygowan 1 4.605170185988092 4.605170185988092
killygreagh 1 4.605170185988092 4.605170185988092
killygrogan 1 4.605170185988092 4.605170185988092
killykeen 1 4.605170185988092 4.605170185988092
killylea 1 4.605170185988092 4.605170185988092
killymeehan 1 4.605170185988092 4.605170185988092
killymoriarty 1 4.605170185988092 4.605170185988092
killymullin 1 4.605170185988092 4.605170185988092
killynaff 1 4.605170185988092 4.605170185988092
killynaher 1 4.605170185988092 4.605170185988092
killynanum 1 4.605170185988092 4.605170185988092
killyneary 1 4.605170185988092 4.605170185988092
killynebber 1 4.605170185988092 4.605170185988092
killynure 1 4.605170185988092 4.605170185988092
killyran 1 4.605170185988092 4.605170185988092
killyrue 1 4.605170185988092 4.605170185988092
killytawny 1 4.605170185988092 4.605170185988092
killyteane 1 4.605170185988092 4.605170185988092
killytogher 1 4.605170185988092 4.605170185988092
killyvaghan 1 4.605170185988092 4.605170185988092
killyvahan 1 4.605170185988092 4.605170185988092
killyvally 1 4.605170185988092 4.605170185988092
killyvanny 1 4.605170185988092 4.605170185988092
killywaum 1 4.605170185988092 4.605170185988092
killywillin 1 4.605170185988092 4.605170185988092
killywilly 1 4.605170185988092 4.605170185988092
kilmacaran 1 4.605170185988092 4.605170185988092
kilmacnoran 1 4.605170185988092 4.605170185988092
kilmainham 1 4.605170185988092 4.605170185988092
kilmore 1 4.605170185988092 4.605170185988092
kilnacor 1 4.605170185988092 4.605170185988092
kilnacranagh 1 4.605170185988092 4.605170185988092
kilnacreeve 1 4.605170185988092 4.605170185988092
kilnacreevy 1 4.605170185988092 4.605170185988092
kilnacrew 1 4.605170185988092 4.605170185988092
kilnacross 1 4.605170185988092 4.605170185988092
kilnacrott 1 4.605170185988092 4.605170185988092
kilnagarbet 1 4.605170185988092 4.605170185988092
kilnaglare 1 4.605170185988092 4.605170185988092
kilnahard 1 4.605170185988092 4.605170185988092
kilnaleck 1 4.605170185988092 4.605170185988092
kilnavar 1 4.605170185988092 4.605170185988092
kilnavara 1 4.605170185988092 4.605170185988092
kilnavert 1 4.605170185988092 4.605170185988092
kilquilly 1 4.605170185988092 4.605170185988092
kilsallagh 1 4.605170185988092 4.605170185988092
kilsaran 1 4.605170185988092 4.605170185988092
kilsob 1 4.605170185988092 4.605170185988092
kiltaglassan 1 4.605170185988092 4.605170185988092
kiltomulty 1 4.605170185988092 4.605170185988092
kiltrasna 1 4.605170185988092 4.605170185988092
kiltynaskellan 1 4.605170185988092 4.605170185988092
kinagha 1 4.605170185988092 4.605170185988092
kinawley 1 4.605170185988092 4.605170185988092
kingscourt 1 4.605170185988092 4.605170185988092
kinkeel 1 4.605170185988092 4.605170185988092
kinnabo 1 4.605170185988092 4.605170185988092
kinnea 1 4.605170185988092 4.605170185988092
kinnypottle 1 4.605170185988092 4.605170185988092
kivvy 1 4.605170185988092 4.605170185988092
knappagh 1 4.605170185988092 4.605170185988092
knockaghy 1 4.605170185988092 4.605170185988092
knockakishta 1 4.605170185988092 4.605170185988092
knockanoark 1 4.605170185988092 4.605170185988092
knockanore 1 4.605170185988092 4.605170185988092
knockaraheen 1 4.605170185988092 4.605170185988092
knockataggart 1 4.605170185988092 4.605170185988092
knockateane 1 4.605170185988092 4.605170185988092
knockatee 1 4.605170185988092 4.605170185988092
knockateery 1 4.605170185988092 4.605170185988092
knockatemple 1 4.605170185988092 4.605170185988092
knockatudor 1 4.605170185988092 4.605170185988092
knockbride 1 4.605170185988092 4.605170185988092
knockfad 1 4.605170185988092 4.605170185988092
knockfin 1 4.605170185988092 4.605170185988092
knockgorm 1 4.605170185988092 4.605170185988092
knockmore 1 4.605170185988092 4.605170185988092
knocknagartan 1 4.605170185988092 4.605170185988092
knocknagillagh 1 4.605170185988092 4.605170185988092
knocknalosset 1 4.605170185988092 4.605170185988092
knocknashammer 1 4.605170185988092 4.605170185988092
knocknaveagh 1 4.605170185988092 4.605170185988092
knockranny 1 4.605170185988092 4.605170185988092
knockroe 1 4.605170185988092 4.605170185988092
labbinlee 1 4.605170185988092 4.605170185988092
lackan 1 4.605170185988092 4.605170185988092
lackanclare 1 4.605170185988092 4.605170185988092
lackanduff 1 4.605170185988092 4.605170185988092
lackanmore 1 4.605170185988092 4.605170185988092
lagan 1 4.605170185988092 4.605170185988092
lahard 1 4.605170185988092 4.605170185988092
laheen 1 4.605170185988092 4.605170185988092
lakefield 1 4.605170185988092 4.605170185988092
land 1 1.5141277326297755 1.5141277326297755
lanesborough 1 4.605170185988092 4.605170185988092
language 1 0.0 0.0
lanliss 1 4.605170185988092 4.605170185988092
lannanerriagh 1 4.605170185988092 4.605170185988092
lappanbane 1 4.605170185988092 4.605170185988092
lappanduff 1 4.605170185988092 4.605170185988092
laragh 1 4.605170185988092 4.605170185988092
larah 1 4.605170185988092 4.605170185988092
laraweehan 1 4.605170185988092 4.605170185988092
larchfield 1 4.605170185988092 4.605170185988092
largan 1 4.605170185988092 4.605170185988092
largy 1 4.605170185988092 4.605170185988092
last 1 0.0 0.0
lateaster 1 4.605170185988092 4.605170185988092
lateever 1 4.605170185988092 4.605170185988092
latnadronagh 1 4.605170185988092 4.605170185988092
latsey 1 4.605170185988092 4.605170185988092
latt 1 4.605170185988092 4.605170185988092
lattacapple 1 4.605170185988092 4.605170185988092
lattagloghan 1 4.605170185988092 4.605170185988092
latterriff 1 4.605170185988092 4.605170185988092
lattone 1 4.605170185988092 4.605170185988092
lattoon 1 4.605170185988092 4.605170185988092
lattyloo 1 4.605170185988092 4.605170185988092
latully 1 4.605170185988092 4.605170185988092
lavagh 1 4.605170185988092 4.605170185988092
lavey 1 4.605170185988092 4.605170185988092
law 1 1.4271163556401458 1.4271163556401458
leaghin 1 4.605170185988092 4.605170185988092
leam 1 4.605170185988092 4.605170185988092
leamgeltan 1 4.605170185988092 4.605170185988092
lear 1 3.2188758248682006 3.2188758248682006
learn 1 0.0 0.0
lecharrownahone 1 4.605170185988092 4.605170185988092
lecharry 1 4.605170185988092 4.605170185988092
leck 1 4.605170185988092 4.605170185988092
lecks 1 4.605170185988092 4.605170185988092
ledonigan 1 4.605170185988092 4.605170185988092
legaginny 1 4.605170185988092 4.605170185988092
legaland 1 4.605170185988092 4.605170185988092
legalough 1 4.605170185988092 4.605170185988092
legatraghta 1 4.605170185988092 4.605170185988092
legavreagra 1 4.605170185988092 4.605170185988092
legaweel 1 4.605170185988092 4.605170185988092
legeelan 1 4.605170185988092 4.605170185988092
leggandenn 1 4.605170185988092 4.605170185988092
legglass 1 4.605170185988092 4.605170185988092
leggykelly 1 4.605170185988092 4.605170185988092
legland 1 4.605170185988092 4.605170185988092
legnaderk 1 4.605170185988092 4.605170185988092
legnagrow 1 4.605170185988092 4.605170185988092
legwee 1 4.605170185988092 4.605170185988092
leiter 1 4.605170185988092 4.605170185988092
leitra 1 4.605170185988092 4.605170185988092
leitrim 1 4.605170185988092 4.605170185988092
lenanavragh 1 4.605170185988092 4.605170185988092
lettermore 1 4.605170185988092 4.605170185988092
license 1 0.0 0.0
link 1 0.0 0.0
lisachunny 1 4.605170185988092 4.605170185988092
lisaderg 1 4.605170185988092 4.605170185988092
lisagoan 1 4.605170185988092 4.605170185988092
lisanalsk 1 4.605170185988092 4.605170185988092
lisanisky 1 4.605170185988092 4.605170185988092
lisanny 1 4.605170185988092 4.605170185988092
lisarney 1 4.605170185988092 4.605170185988092
lisasturrin 1 4.605170185988092 4.605170185988092
lisataggart 1 4.605170185988092 4.605170185988092
lisatawan 1 4.605170185988092 4.605170185988092
lisatoo 1 4.605170185988092 4.605170185988092
lisawaum 1 4.605170185988092 4.605170185988092
lisball 1 4.605170185988092 4.605170185988092
lisboduff 1 4.605170185988092 4.605170185988092
lisbree 1 4.605170185988092 4.605170185988092
lisclogher 1 4.605170185988092 4.605170185988092
lisclone 1 4.605170185988092 4.605170185988092
lisdaran 1 4.605170185988092 4.605170185988092
lisdeegin 1 4.605170185988092 4.605170185988092
lisdoagh 1 4.605170185988092 4.605170185988092
lisdonan 1 4.605170185988092 4.605170185988092
lisdonnish 1 4.605170185988092 4.605170185988092
lisdrumfad 1 4.605170185988092 4.605170185988092
lisdrumskea 1 4.605170185988092 4.605170185988092
lisduff 1 4.605170185988092 4.605170185988092
lisdunvis 1 4.605170185988092 4.605170185988092
lisegny 1 4.605170185988092 4.605170185988092
lisgannon 1 4.605170185988092 4.605170185988092
lisgar 1 4.605170185988092 4.605170185988092
lisgrea 1 4.605170185988092 4.605170185988092
lishenry 1 4.605170185988092 4.605170185988092
lisinigan 1 4.605170185988092 4.605170185988092
lislea 1 4.605170185988092 4.605170185988092
lislin 1 4.605170185988092 4.605170185988092
lismacanigan 1 4.605170185988092 4.605170185988092
lismagiril 1 4.605170185988092 4.605170185988092
lismagratty 1 4.605170185988092 4.605170185988092
lismeen 1 4.605170185988092 4.605170185988092
lismore 1 4.605170185988092 4.605170185988092
lismullig 1 4.605170185988092 4.605170185988092
lisnabantry 1 4.605170185988092 4.605170185988092
lisnabrinnia 1 4.605170185988092 4.605170185988092
lisnacark 1 4.605170185988092 4.605170185988092
lisnaclea 1 4.605170185988092 4.605170185988092
lisnadarragh 1 4.605170185988092 4.605170185988092
lisnafana 1 4.605170185988092 4.605170185988092
lisnageer 1 4.605170185988092 4.605170185988092
lisnaglea 1 4.605170185988092 4.605170185988092
lisnagoon 1 4.605170185988092 4.605170185988092
lisnagowan 1 4.605170185988092 4.605170185988092
lisnahederna 1 4.605170185988092 4.605170185988092
lisnalea 1 4.605170185988092 4.605170185988092
lisnamaine 1 4.605170185988092 4.605170185988092
lisnamandra 1 4.605170185988092 4.605170185988092
lisnananagh 1 4.605170185988092 4.605170185988092
lisnasaran 1 4.605170185988092 4.605170185988092
lisnasassonagh 1 4.605170185988092 4.605170185988092
lisnashanna 1 4.605170185988092 4.605170185988092
lisnatinny 1 4.605170185988092 4.605170185988092
lisreagh 1 4.605170185988092 4.605170185988092
lissacapple 1 4.605170185988092 4.605170185988092
lissanover 1 4.605170185988092 4.605170185988092
lissanymore 1 4.605170185988092 4.605170185988092
list 1 0.6348782724359695 0.6348782724359695
listiernan 1 4.605170185988092 4.605170185988092
little 1 1.4696759700589417 1.4696759700589417
loaded 1 2.995732273553991 2.995732273553991
log 1 0.0 0.0
logged 1 0.0 0.0
long 1 1.1086626245216111 1.1086626245216111
longfield 1 4.605170185988092 4.605170185988092
lonnogs 1 4.605170185988092 4.605170185988092
loortan 1 4.605170185988092 4.605170185988092
losset 1 4.605170185988092 4.605170185988092
lossetkillew 1 4.605170185988092 4.605170185988092
loughaconnick 1 4.605170185988092 4.605170185988092
loughan 1 4.605170185988092 4.605170185988092
loughdawan 1 4.605170185988092 4.605170185988092
loughdooly 1 4.605170185988092 4.605170185988092
loughlinnan 1 4.605170185988092 4.605170185988092
loughnafin 1 4.605170185988092 4.605170185988092
loughtee 1 4.605170185988092 4.605170185988092
lower 1 1.8325814637483102 1.8325814637483102
lowforge 1 4.605170185988092 4.605170185988092
lua 1 2.995732273553991 2.995732273553991
lurgan 1 4.605170185988092 4.605170185988092
lurgananure 1 4.605170185988092 4.605170185988092
lurganaveele 1 4.605170185988092 4.605170185988092
lurganbane 1 4.605170185988092 4.605170185988092
lurganboy 1 4.605170185988092 4.605170185988092
mackan 1 4.605170185988092 4.605170185988092
macknan 1 4.605170185988092 4.605170185988092
magheraboy 1 4.605170185988092 4.605170185988092
magheranure 1 4.605170185988092 4.605170185988092
magherintemple 1 4.605170185988092 4.605170185988092
maghernacaldry 1 4.605170185988092 4.605170185988092
main 1 0.0 0.0
mainother 1 1.5141277326297755 1.5141277326297755
makief 1 4.605170185988092 4.605170185988092
manragh 1 4.605170185988092 4.605170185988092
marahill 1 4.605170185988092 4.605170185988092
marked 1 2.207274913189721 2.207274913189721
massereene 1 4.605170185988092 4.605170185988092
mathu 1 4.605170185988092 4.605170185988092
maxwell 1 3.912023005428146 3.912023005428146
may 1 0.0 0.0
mayo 1 3.506557897319982 3.506557897319982
medium 1 0.49429632181478017 0.49429632181478017
meeltoge 1 4.605170185988092 4.605170185988092
meenaslieve 1 4.605170185988092 4.605170185988092
menu 1 0.0 0.0
middle 1 2.0402208285265546 2.0402208285265546
middletown 1 4.605170185988092 4.605170185988092
milltown 1 4.605170185988092 4.605170185988092
moat 1 4.605170185988092 4.605170185988092
mobile 1 0.0 0.0
moher 1 4.605170185988092 4.605170185988092
mohercrom 1 4.605170185988092 4.605170185988092
moherloob 1 4.605170185988092 4.605170185988092
moherreagh 1 4.605170185988092 4.605170185988092
monaghanoose 1 4.605170185988092 4.605170185988092
moneen 1 4.605170185988092 4.605170185988092
moneenabrone 1 4.605170185988092 4.605170185988092
moneensauran 1 4.605170185988092 4.605170185988092
moneenterriff 1 4.605170185988092 4.605170185988092
monelty 1 4.605170185988092 4.605170185988092
monesk 1 4.605170185988092 4.605170185988092
money 1 1.8325814637483102 1.8325814637483102
moneycass 1 4.605170185988092 4.605170185988092
moneygashel 1 4.605170185988092 4.605170185988092
moneynure 1 4.605170185988092 4.605170185988092
monnery 1 4.605170185988092 4.605170185988092
montiaghs 1 4.605170185988092 4.605170185988092
monydoo 1 4.605170185988092 4.605170185988092
moodoge 1 4.605170185988092 4.605170185988092
mount 1 2.995732273553991 2.995732273553991
mountpallas 1 4.605170185988092 4.605170185988092
mountprospect 1 4.605170185988092 4.605170185988092
move 1 0.0 0.0
moybolgue 1 4.605170185988092 4.605170185988092
moydristan 1 4.605170185988092 4.605170185988092
moyduff 1 4.605170185988092 4.605170185988092
moyer 1 4.605170185988092 4.605170185988092
moylett 1 4.605170185988092 4.605170185988092
moynagh 1 4.605170185988092 4.605170185988092
moynehall 1 4.605170185988092 4.605170185988092
mucklagh 1 4.605170185988092 4.605170185988092
muff 1 4.605170185988092 4.605170185988092
muinaghan 1 4.605170185988092 4.605170185988092
muineal 1 4.605170185988092 4.605170185988092
mullacastle 1 4.605170185988092 4.605170185988092
mullacroghery 1 4.605170185988092 4.605170185988092
mullagh 1 4.605170185988092 4.605170185988092
mullaghahy 1 4.605170185988092 4.605170185988092
mullaghard 1 4.605170185988092 4.605170185988092
mullaghboy 1 4.605170185988092 4.605170185988092
mullaghdoo 1 4.605170185988092 4.605170185988092
mullaghduff 1 4.605170185988092 4.605170185988092
mullaghkeel 1 4.605170185988092 4.605170185988092
mullaghlea 1 4.605170185988092 4.605170185988092
mullaghmeen 1 4.605170185988092 4.605170185988092
mullaghmore 1 4.605170185988092 4.605170185988092
mullaghmullan 1 4.605170185988092 4.605170185988092
mullaghoran 1 4.605170185988092 4.605170185988092
mullalougher 1 4.605170185988092 4.605170185988092
mullan 1 3.2188758248682006 3.2188758248682006
mullanacre 1 4.605170185988092 4.605170185988092
mullanacross 1 4.605170185988092 4.605170185988092
mullanaffrin 1 4.605170185988092 4.605170185988092
mullanavarnoge 1 4.605170185988092 4.605170185988092
mullandreenagh 1 4.605170185988092 4.605170185988092
mullantra 1 4.605170185988092 4.605170185988092
mullanwary 1 4.605170185988092 4.605170185988092
mully 1 4.605170185988092 4.605170185988092
mullyamly 1 4.605170185988092 4.605170185988092
mullybrack 1 4.605170185988092 4.605170185988092
mullymagowan 1 4.605170185988092 4.605170185988092
mullynagolman 1 4.605170185988092 4.605170185988092
mulnanarragh 1 4.605170185988092 4.605170185988092
mulrick 1 4.605170185988092 4.605170185988092
munlough 1 4.605170185988092 4.605170185988092
munnilly 1 4.605170185988092 4.605170185988092
munterconnaught 1 4.605170185988092 4.605170185988092
murmod 1 4.605170185988092 4.605170185988092
naheelis 1 4.605170185988092 4.605170185988092
name 1 0.5276327420823719 0.5276327420823719
navigation 1 0.0 0.0
near 1 1.8325814637483102 1.8325814637483102
ned 1 2.995732273553991 2.995732273553991
neddaiagh 1 4.605170185988092 4.605170185988092
newtown 1 4.605170185988092 4.605170185988092
noghan 1 4.605170185988092 4.605170185988092
nolagh 1 4.605170185988092 4.605170185988092
nonprofit 1 0.0 0.0
north 1 0.8209805520698303 0.8209805520698303
nt 1 4.605170185988092 4.605170185988092
ntsh 1 4.605170185988092 4.605170185988092
nugent 1 3.912023005428146 3.912023005428146
num 1 4.605170185988092 4.605170185988092
number 1 0.7550225842780328 0.7550225842780328
nutfield 1 4.605170185988092 4.605170185988092
oakwood 1 4.605170185988092 4.605170185988092
occur 1 3.506557897319982 3.506557897319982
oggal 1 4.605170185988092 4.605170185988092
oghill 1 4.605170185988092 4.605170185988092
oldcastle 1 4.605170185988092 4.605170185988092
oldtown 1 4.605170185988092 4.605170185988092
omard 1 4.605170185988092 4.605170185988092
one 1 0.23572233352106994 0.23572233352106994
oreilly 1 2.995732273553991 2.995732273553991
organization 1 0.0 0.0
organizationname 1 0.010050335853501506 0.010050335853501506
others 1 1.1394342831883648 1.1394342831883648
ouley 1 4.605170185988092 4.605170185988092
overflowed 1 4.605170185988092 4.605170185988092
owencam 1 4.605170185988092 4.605170185988092
owengallees 1 4.605170185988092 4.605170185988092
paddock 1 3.912023005428146 3.912023005428146
page 1 0.0 0.0
pagetype 1 1.2729656758128876 1.2729656758128876
palmira 1 4.605170185988092 4.605170185988092
parisee 1 4.605170185988092 4.605170185988092
parish 1 3.506557897319982 3.506557897319982
pdfprintable 1 0.0 0.0
permanent 1 0.0 0.0
personal 1 0.0 0.0
placenames 1 4.605170185988092 4.605170185988092
pleydell 1 4.605170185988092 4.605170185988092
plush 1 4.605170185988092 4.605170185988092
point 1 1.2729656758128876 1.2729656758128876
pole 1 2.995732273553991 2.995732273553991
policy 1 0.0 0.0
pollabane 1 4.605170185988092 4.605170185988092
pollafree 1 4.605170185988092 4.605170185988092
pollakeel 1 4.605170185988092 4.605170185988092
pollamalady 1 4.605170185988092 4.605170185988092
pollamore 1 4.605170185988092 4.605170185988092
pollareagh 1 4.605170185988092 4.605170185988092
pollintemple 1 4.605170185988092 4.605170185988092
poor 1 2.207274913189721 2.207274913189721
port 1 2.302585092994046 2.302585092994046
portacloghan 1 4.605170185988092 4.605170185988092
portal 1 0.0 0.0
portalborderborderpx 1 2.407945608651872 2.407945608651872
portaliff 1 4.605170185988092 4.605170185988092
portalleftmarginem 1 2.407945608651872 2.407945608651872
portan 1 4.605170185988092 4.605170185988092
portanure 1 4.605170185988092 4.605170185988092
portlawney 1 4.605170185988092 4.605170185988092
portlongfield 1 4.605170185988092 4.605170185988092
portnaquin 1 4.605170185988092 4.605170185988092
portruan 1 4.605170185988092 4.605170185988092
pottahee 1 4.605170185988092 4.605170185988092
pottle 1 4.605170185988092 4.605170185988092
pottlebane 1 4.605170185988092 4.605170185988092
pottleboy 1 4.605170185988092 4.605170185988092
pottlebrack 1 4.605170185988092 4.605170185988092
pottleduff 1 4.605170185988092 4.605170185988092
pottlereagh 1 4.605170185988092 4.605170185988092
printexport 1 0.0 0.0
privacy 1 0.0 0.0
project 1 0.0 0.0
prospect 1 2.407945608651872 2.407945608651872
putiaghan 1 4.605170185988092 4.605170185988092
pxbodyskintimeless 1 4.605170185988092 4.605170185988092
quivvy 1 4.605170185988092 4.605170185988092
rabane 1 4.605170185988092 4.605170185988092
rabrackan 1 4.605170185988092 4.605170185988092
raclaghy 1 4.605170185988092 4.605170185988092
racraveen 1 4.605170185988092 4.605170185988092
raffony 1 4.605170185988092 4.605170185988092
rafian 1 4.605170185988092 4.605170185988092
ragaskin 1 4.605170185988092 4.605170185988092
rahaghan 1 4.605170185988092 4.605170185988092
rahan 1 4.605170185988092 4.605170185988092
rahardrum 1 4.605170185988092 4.605170185988092
raharverty 1 4.605170185988092 4.605170185988092
raheelagh 1 4.605170185988092 4.605170185988092
raheelan 1 4.605170185988092 4.605170185988092
raheever 1 4.605170185988092 4.605170185988092
raheg 1 4.605170185988092 4.605170185988092
rahellistin 1 4.605170185988092 4.605170185988092
rahoran 1 4.605170185988092 4.605170185988092
rahultan 1 4.605170185988092 4.605170185988092
rakane 1 4.605170185988092 4.605170185988092
rakeelan 1 4.605170185988092 4.605170185988092
rakeevan 1 4.605170185988092 4.605170185988092
rakenny 1 4.605170185988092 4.605170185988092
ralaghan 1 4.605170185988092 4.605170185988092
raleagh 1 4.605170185988092 4.605170185988092
raludan 1 4.605170185988092 4.605170185988092
ramonan 1 4.605170185988092 4.605170185988092
ramulligan 1 4.605170185988092 4.605170185988092
random 1 0.0 0.0
ranrenagh 1 4.605170185988092 4.605170185988092
rantavan 1 4.605170185988092 4.605170185988092
raragh 1 4.605170185988092 4.605170185988092
raskill 1 4.605170185988092 4.605170185988092
rassan 1 4.605170185988092 4.605170185988092
rasuddan 1 4.605170185988092 4.605170185988092
rathcorick 1 4.605170185988092 4.605170185988092
ratrussan 1 4.605170185988092 4.605170185988092
ravenfield 1 4.605170185988092 4.605170185988092
ray 1 1.7147984280919266 1.7147984280919266
read 1 0.0 0.0
reask 1 4.605170185988092 4.605170185988092
recent 1 0.0 0.0
redhill 1 4.605170185988092 4.605170185988092
reference 1 0.03045920748470844 0.03045920748470844
reflist 1 0.06187540371808745 0.06187540371808745
reflistcolumns 1 0.06187540371808745 0.06187540371808745
reg 1 0.0 0.0
registered 1 0.0 0.0
relagh 1 4.605170185988092 4.605170185988092
related 1 0.0 0.0
republic 1 1.5141277326297755 1.5141277326297755
retrieved 1 0.0 0.0
ricehill 1 4.605170185988092 4.605170185988092
rinn 1 4.605170185988092 4.605170185988092
rivory 1 4.605170185988092 4.605170185988092
robinson 1 2.120263536200091 2.120263536200091
rock 1 1.6094379124341003 1.6094379124341003
rockfield 1 4.605170185988092 4.605170185988092
roebuck 1 4.605170185988092 4.605170185988092
rogary 1 4.605170185988092 4.605170185988092
ronard 1 4.605170185988092 4.605170185988092
roo 1 3.912023005428146 3.912023005428146
roosky 1 4.605170185988092 4.605170185988092
rosehill 1 4.605170185988092 4.605170185988092
rossbressal 1 4.605170185988092 4.605170185988092
rosscolgan 1 4.605170185988092 4.605170185988092
rosskeeragh 1 4.605170185988092 4.605170185988092
ryefield 1 4.605170185988092 4.605170185988092
ryefort 1 4.605170185988092 4.605170185988092
sallaghan 1 4.605170185988092 4.605170185988092
sallaghill 1 4.605170185988092 4.605170185988092
sally 1 2.995732273553991 2.995732273553991
sandbox 1 2.995732273553991 2.995732273553991
scotch 1 4.605170185988092 4.605170185988092
scotchtown 1 4.605170185988092 4.605170185988092
scrabby 1 4.605170185988092 4.605170185988092
screen 1 0.010050335853501506 0.010050335853501506
scribunto 1 2.995732273553991 2.995732273553991
sdcat 1 2.995732273553991 2.995732273553991
search 1 0.0 0.0
see 1 0.40047756659712536 0.40047756659712536
seefin 1 4.605170185988092 4.605170185988092
seeharan 1 4.605170185988092 4.605170185988092
seeogran 1 4.605170185988092 4.605170185988092
september 1 0.43078291609245434 0.43078291609245434
shancor 1 4.605170185988092 4.605170185988092
shancorn 1 4.605170185988092 4.605170185988092
shancorry 1 4.605170185988092 4.605170185988092
shancroagham 1 4.605170185988092 4.605170185988092
shankill 1 4.605170185988092 4.605170185988092
shannow 1 4.605170185988092 4.605170185988092
shantemon 1 4.605170185988092 4.605170185988092
shantully 1 4.605170185988092 4.605170185988092
share 1 0.0 0.0
shercock 1 4.605170185988092 4.605170185988092
shibbilis 1 4.605170185988092 4.605170185988092
shinan 1 4.605170185988092 4.605170185988092
short 1 0.06187540371808745 0.06187540371808745
shortdescription 1 0.2613647641344075 0.2613647641344075
shortened 1 0.0 0.0
sidebar 1 0.0 0.0
site 1 0.0 0.0
skeagh 1 4.605170185988092 4.605170185988092
skerrig 1 4.605170185988092 4.605170185988092
slanore 1 4.605170185988092 4.605170185988092
slievebrickan 1 4.605170185988092 4.605170185988092
snakeel 1 4.605170185988092 4.605170185988092
snugborough 1 4.605170185988092 4.605170185988092
soden 1 4.605170185988092 4.605170185988092
solid 1 0.09431067947124142 0.09431067947124142
sortable 1 4.605170185988092 4.605170185988092
south 1 0.9162907318741551 0.9162907318741551
special 1 0.0 0.0
srahan 1 4.605170185988092 4.605170185988092
sralahan 1 4.605170185988092 4.605170185988092
sranayalloge 1 4.605170185988092 4.605170185988092
sruhagh 1 4.605170185988092 4.605170185988092
sruhanagh 1 4.605170185988092 4.605170185988092
statement 1 0.0 0.0
statistic 1 0.0 0.0
stickyheader 1 4.605170185988092 4.605170185988092
stonepark 1 4.605170185988092 4.605170185988092
stradone 1 4.605170185988092 4.605170185988092
stragelliff 1 4.605170185988092 4.605170185988092
straheglin 1 4.605170185988092 4.605170185988092
stramaquerty 1 4.605170185988092 4.605170185988092
stramatt 1 4.605170185988092 4.605170185988092
stranadarragh 1 4.605170185988092 4.605170185988092
stranagap 1 4.605170185988092 4.605170185988092
stranamart 1 4.605170185988092 4.605170185988092
stravicnabo 1 4.605170185988092 4.605170185988092
stroane 1 4.605170185988092 4.605170185988092
swanlinbar 1 4.605170185988092 4.605170185988092
swellan 1 4.605170185988092 4.605170185988092
sycamore 1 3.912023005428146 3.912023005428146
table 1 0.0 0.0
taghart 1 4.605170185988092 4.605170185988092
talk 1 0.0 0.0
tanderagee 1 4.605170185988092 4.605170185988092
tattyreagh 1 4.605170185988092 4.605170185988092
tawlagh 1 4.605170185988092 4.605170185988092
tawlaght 1 4.605170185988092 4.605170185988092
tawnagh 1 4.605170185988092 4.605170185988092
tawnymakelly 1 4.605170185988092 4.605170185988092
tedeehan 1 4.605170185988092 4.605170185988092
teebane 1 4.605170185988092 4.605170185988092
teeboy 1 4.605170185988092 4.605170185988092
teemore 1 4.605170185988092 4.605170185988092
template 1 0.0 0.0
templeport 1 4.605170185988092 4.605170185988092
tent 1 4.605170185988092 4.605170185988092
term 1 0.0 0.0
termon 1 4.605170185988092 4.605170185988092
text 1 0.0 0.0
thborderwidthpx 1 4.605170185988092 4.605170185988092
thomascourt 1 4.605170185988092 4.605170185988092
thornhill 1 4.605170185988092 4.605170185988092
three 1 0.5798184952529422 0.5798184952529422
ticosker 1 4.605170185988092 4.605170185988092
tievenaman 1 4.605170185988092 4.605170185988092
tievenareagh 1 4.605170185988092 4.605170185988092
tievenass 1 4.605170185988092 4.605170185988092
tircahan 1 4.605170185988092 4.605170185988092
tircullen 1 4.605170185988092 4.605170185988092
tirgormly 1 4.605170185988092 4.605170185988092
tirlahode 1 4.605170185988092 4.605170185988092
tirliffin 1 4.605170185988092 4.605170185988092
tirnawannagh 1 4.605170185988092 4.605170185988092
tirourkan 1 4.605170185988092 4.605170185988092
tirquin 1 4.605170185988092 4.605170185988092
toberlyan 1 4.605170185988092 4.605170185988092
toggle 1 0.010050335853501506 0.010050335853501506
togher 1 4.605170185988092 4.605170185988092
toghernaross 1 4.605170185988092 4.605170185988092
tomassan 1 4.605170185988092 4.605170185988092
tomkinroad 1 4.605170185988092 4.605170185988092
tomregan 1 4.605170185988092 4.605170185988092
tonagh 1 4.605170185988092 4.605170185988092
tonaghbane 1 4.605170185988092 4.605170185988092
tonaloy 1 4.605170185988092 4.605170185988092
tonanilt 1 4.605170185988092 4.605170185988092
tonlegee 1 4.605170185988092 4.605170185988092
tonyarraher 1 4.605170185988092 4.605170185988092
tonyconnelly 1 4.605170185988092 4.605170185988092
tonycrom 1 4.605170185988092 4.605170185988092
tonyduff 1 4.605170185988092 4.605170185988092
tonyfoyle 1 4.605170185988092 4.605170185988092
tonyhallagh 1 4.605170185988092 4.605170185988092
tonyhull 1 4.605170185988092 4.605170185988092
tonyin 1 4.605170185988092 4.605170185988092
tonylion 1 4.605170185988092 4.605170185988092
tonymacgilduff 1 4.605170185988092 4.605170185988092
tonymore 1 4.605170185988092 4.605170185988092
tonyquin 1 4.605170185988092 4.605170185988092
tonyrevan 1 4.605170185988092 4.605170185988092
tool 1 0.0 0.0
top 1 0.010050335853501506 0.010050335853501506
topic 1 0.0 0.0
torrewa 1 4.605170185988092 4.605170185988092
total 1 0.0 0.0
town 1 2.302585092994046 2.302585092994046
townland 1 4.605170185988092 4.605170185988092
townlands 1 4.605170185988092 4.605170185988092
townparks 1 4.605170185988092 4.605170185988092
trademark 1 0.0 0.0
treehoo 1 4.605170185988092 4.605170185988092
trinity 1 2.5257286443082556 2.5257286443082556
tuam 1 4.605170185988092 4.605170185988092
tullaghyrory 1 4.605170185988092 4.605170185988092
tullandreen 1 4.605170185988092 4.605170185988092
tullanierin 1 4.605170185988092 4.605170185988092
tullantanty 1 4.605170185988092 4.605170185988092
tullanteen 1 4.605170185988092 4.605170185988092
tullantintin 1 4.605170185988092 4.605170185988092
tullavally 1 4.605170185988092 4.605170185988092
tully 1 3.912023005428146 3.912023005428146
tullyagan 1 4.605170185988092 4.605170185988092
tullyanog 1 4.605170185988092 4.605170185988092
tullyard 1 4.605170185988092 4.605170185988092
tullyart 1 4.605170185988092 4.605170185988092
tullyboy 1 4.605170185988092 4.605170185988092
tullybrack 1 4.605170185988092 4.605170185988092
tullybrick 1 4.605170185988092 4.605170185988092
tullybuck 1 4.605170185988092 4.605170185988092
tullycrafton 1 4.605170185988092 4.605170185988092
tullydermot 1 4.605170185988092 4.605170185988092
tullygarvey 1 4.605170185988092 4.605170185988092
tullygullin 1 4.605170185988092 4.605170185988092
tullyhaw 1 4.605170185988092 4.605170185988092
tullyhunco 1 4.605170185988092 4.605170185988092
tullylorcan 1 4.605170185988092 4.605170185988092
tullylough 1 4.605170185988092 4.605170185988092
tullyloughfin 1 4.605170185988092 4.605170185988092
tullyminister 1 4.605170185988092 4.605170185988092
tullymongan 1 4.605170185988092 4.605170185988092
tullynabeherny 1 4.605170185988092 4.605170185988092
tullynacleigh 1 4.605170185988092 4.605170185988092
tullynaconspod 1 4.605170185988092 4.605170185988092
tullynacross 1 4.605170185988092 4.605170185988092
tullynafreave 1 4.605170185988092 4.605170185988092
tullynamoltra 1 4.605170185988092 4.605170185988092
tullynamoyle 1 4.605170185988092 4.605170185988092
tullynaskeagh 1 4.605170185988092 4.605170185988092
tullyroane 1 4.605170185988092 4.605170185988092
tullytiernan 1 4.605170185988092 4.605170185988092
tullytrasna 1 4.605170185988092 4.605170185988092
tullytreane 1 4.605170185988092 4.605170185988092
tullyunshin 1 4.605170185988092 4.605170185988092
tullyveela 1 4.605170185988092 4.605170185988092
tullyvin 1 4.605170185988092 4.605170185988092
tullywaltry 1 4.605170185988092 4.605170185988092
tullywaum 1 4.605170185988092 4.605170185988092
tunker 1 4.605170185988092 4.605170185988092
ture 1 4.605170185988092 4.605170185988092
turfad 1 4.605170185988092 4.605170185988092
turin 1 3.912023005428146 3.912023005428146
tyllycoe 1 4.605170185988092 4.605170185988092
type 1 1.2729656758128876 1.2729656758128876
typeface 1 4.605170185988092 4.605170185988092
union 1 1.07880966137193 1.07880966137193
unshinagh 1 4.605170185988092 4.605170185988092
unshogagh 1 4.605170185988092 4.605170185988092
upload 1 0.0 0.0
upper 1 2.0402208285265546 2.0402208285265546
uragh 1 4.605170185988092 4.605170185988092
urbal 1 4.605170185988092 4.605170185988092
urcher 1 4.605170185988092 4.605170185988092
urhannagh 1 4.605170185988092 4.605170185988092
urney 1 4.605170185988092 4.605170185988092
use 1 0.0 0.0
using 1 0.0 0.0
utc 1 0.0 0.0
var 1 0.0 0.0
version 1 0.0 0.0
view 1 0.0 0.0
village 1 2.659260036932778 2.659260036932778
virginia 1 1.8971199848858813 1.8971199848858813
west 1 1.171182981502945 1.171182981502945
wiki 1 2.120263536200091 2.120263536200091
wikibase 1 2.995732273553991 2.995732273553991
wikidata 1 0.010050335853501506 0.010050335853501506
wikimedia 1 0.0 0.0
wikipedia 1 0.0 0.0
wood 1 1.7147984280919266 1.7147984280919266
woodland 1 3.506557897319982 3.506557897319982
woodworths 1 4.605170185988092 4.605170185988092
word 1 1.6094379124341003 1.6094379124341003
woteraghy 1 4.605170185988092 4.605170185988092
written 1 0.9416085398584451 0.9416085398584451
yewer 1 4.605170185988092 4.605170185988092
