account 1 0.0 0.0
action 1 0.0 0.0
add 1 0.0 0.0
additional 1 0.0 0.0
agats 1 4.605170185988092 4.605170185988092
agree 1 0.0 0.0
aint 1 3.912023005428146 3.912023005428146
alarm 1 3.506557897319982 3.506557897319982
album 1 2.407945608651872 2.407945608651872
alike 1 0.0 0.0
alone 1 2.5257286443082556 2.5257286443082556
already 1 2.0402208285265546 2.0402208285265546
also 1 0.127833371509885 0.127833371509885
american 1 0.5276327420823719 0.5276327420823719
amp 1 0.4620354595965586 0.4620354595965586
anaconda 1 4.605170185988092 4.605170185988092
animales 1 4.605170185988092 4.605170185988092
announced 1 1.2039728043259361 1.2039728043259361
announcement 1 2.302585092994046 2.302585092994046
another 1 0.9675840262617057 0.9675840262617057
anthem 1 3.506557897319982 3.506557897319982
anybody 1 4.605170185988092 4.605170185988092
apart 1 2.5257286443082556 2.5257286443082556
appear 1 2.407945608651872 2.407945608651872
appearance 1 0.0 0.0
apple 1 2.659260036932778 2.659260036932778
apply 1 0.0 0.0
archived 1 0.47803580094299974 0.47803580094299974
art 1 1.2039728043259361 1.2039728043259361
article 1 0.0 0.0
artist 1 1.7147984280919266 1.7147984280919266
artistdirectcom 1 4.605170185988092 4.605170185988092
artwork 1 2.995732273553991 2.995732273553991
as 1 3.912023005428146 3.912023005428146
atake 1 4.605170185988092 4.605170185988092
attack 1 1.7147984280919266 1.7147984280919266
attribution 1 0.0 0.0
audio 1 2.207274913189721 2.207274913189721
august 1 0.3424903089467759 0.3424903089467759
auto 1 0.1392620673335076 0.1392620673335076
automatic 1 3.912023005428146 3.912023005428146
available 1 0.0 0.0
awakening 1 3.2188758248682006 3.2188758248682006
away 1 1.5606477482646683 1.5606477482646683
aww 1 4.605170185988092 4.605170185988092
back 1 1.0216512475319812 1.0216512475319812
background 1 1.7147984280919266 1.7147984280919266
bad 1 2.0402208285265546 2.0402208285265546
baddest 1 4.605170185988092 4.605170185988092
bahm 1 4.605170185988092 4.605170185988092
ball 1 1.8971199848858813 1.8971199848858813
ballin 1 4.605170185988092 4.605170185988092
band 1 2.207274913189721 2.207274913189721
bandz 1 4.605170185988092 4.605170185988092
bang 1 3.2188758248682006 3.2188758248682006
bank 1 2.0402208285265546 2.0402208285265546
bankroll 1 4.605170185988092 4.605170185988092
bapsextravagant 1 4.605170185988092 4.605170185988092
barbecue 1 4.605170185988092 4.605170185988092
barbie 1 3.912023005428146 3.912023005428146
barbies 1 4.605170185988092 4.605170185988092
barter 1 4.605170185988092 4.605170185988092
bass 1 2.659260036932778 2.659260036932778
beam 1 3.2188758248682006 3.2188758248682006
beat 1 2.120263536200091 2.120263536200091
beautiful 1 2.120263536200091 2.120263536200091
beauty 1 2.207274913189721 2.207274913189721
bed 1 2.659260036932778 2.659260036932778
beez 1 4.605170185988092 4.605170185988092
believe 1 2.302585092994046 2.302585092994046
benny 1 3.506557897319982 3.506557897319982
best 1 1.0216512475319812 1.0216512475319812
better 1 1.8971199848858813 1.8971199848858813
bhip 1 4.605170185988092 4.605170185988092
bibby 1 4.605170185988092 4.605170185988092
bibbysingles 1 4.605170185988092 4.605170185988092
big 1 1.3862943611198906 1.3862943611198906
billboard 1 3.912023005428146 3.912023005428146
billboardrandbhiphop 1 4.605170185988092 4.605170185988092
bish 1 4.605170185988092 4.605170185988092
bitch 1 4.605170185988092 4.605170185988092
black 1 0.8915981192837835 0.8915981192837835
blazin 1 4.605170185988092 4.605170185988092
blick 1 4.605170185988092 4.605170185988092
blind 1 3.506557897319982 3.506557897319982
blonde 1 3.506557897319982 3.506557897319982
blow 1 3.2188758248682006 3.2188758248682006
body 1 1.4271163556401458 1.4271163556401458
bona 1 4.605170185988092 4.605170185988092
bood 1 4.605170185988092 4.605170185988092
boom 1 3.2188758248682006 3.2188758248682006
bos 1 2.995732273553991 2.995732273553991
bottom 1 2.302585092994046 2.302585092994046
bounce 1 4.605170185988092 4.605170185988092
bout 1 4.605170185988092 4.605170185988092
boy 1 1.8325814637483102 1.8325814637483102
boyz 1 4.605170185988092 4.605170185988092
brandon 1 2.5257286443082556 2.5257286443082556
brennan 1 3.2188758248682006 3.2188758248682006
bring 1 1.8971199848858813 1.8971199848858813
broken 1 2.207274913189721 2.207274913189721
brown 1 1.6607312068216509 1.6607312068216509
bubbly 1 4.605170185988092 4.605170185988092
bull 1 2.5257286443082556 2.5257286443082556
bullett 1 4.605170185988092 4.605170185988092
burn 1 2.302585092994046 2.302585092994046
business 1 1.6094379124341003 1.6094379124341003
bussin 1 4.605170185988092 4.605170185988092
butter 1 3.912023005428146 3.912023005428146
called 1 0.8209805520698303 0.8209805520698303
calling 1 2.407945608651872 2.407945608651872
came 1 1.6094379124341003 1.6094379124341003
candle 1 3.912023005428146 3.912023005428146
car 1 1.7147984280919266 1.7147984280919266
carley 1 4.605170185988092 4.605170185988092
category 1 0.0 0.0
centerpx 1 0.0408219945202552 0.0408219945202552
champion 1 1.3862943611198906 1.3862943611198906
chanel 1 4.605170185988092 4.605170185988092
change 1 0.0 0.0
changed 1 1.6607312068216509 1.6607312068216509
chart 1 2.659260036932778 2.659260036932778
check 1 2.302585092994046 2.302585092994046
chick 1 3.506557897319982 3.506557897319982
choppas 1 4.605170185988092 4.605170185988092
chris 1 1.6607312068216509 1.6607312068216509
chronicle 1 2.659260036932778 2.659260036932778
chronology 1 2.407945608651872 2.407945608651872
chun 1 4.605170185988092 4.605170185988092
cirkut 1 4.605170185988092 4.605170185988092
citation 1 0.0408219945202552 0.0408219945202552
cite 1 0.0 0.0
citeweb 1 0.5447271754416719 0.5447271754416719
city 1 0.6348782724359695 0.6348782724359695
clapper 1 3.912023005428146 3.912023005428146
cleveland 1 2.0402208285265546 2.0402208285265546
code 1 0.0 0.0
collaboration 1 2.8134107167600364 2.8134107167600364
colored 1 3.912023005428146 3.912023005428146
columbia 1 2.207274913189721 2.207274913189721
come 1 1.3470736479666094 1.3470736479666094
coming 1 1.7719568419318754 1.7719568419318754
commercially 1 3.912023005428146 3.912023005428146
common 1 0.0 0.0
compilation 1 2.8134107167600364 2.8134107167600364
completely 1 2.5257286443082556 2.5257286443082556
complex 1 2.302585092994046 2.302585092994046
conduct 1 0.0 0.0
cone 1 2.995732273553991 2.995732273553991
contact 1 0.0 0.0
content 1 0.0 0.0
context 1 0.010050335853501506 0.010050335853501506
continues 1 2.302585092994046 2.302585092994046
contribute 1 0.0 0.0
contribution 1 0.0 0.0
control 1 0.7765287894989963 0.7765287894989963
cookie 1 0.0 0.0
cookiematch 1 0.0 0.0
cookout 1 4.605170185988092 4.605170185988092
couldnt 1 3.2188758248682006 3.2188758248682006
counterlistitema 1 0.127833371509885 0.127833371509885
cover 1 1.6094379124341003 1.6094379124341003
crazy 1 3.2188758248682006 3.2188758248682006
create 1 0.0 0.0
created 1 1.5606477482646683 1.5606477482646683
creative 1 0.0 0.0
creep 1 3.912023005428146 3.912023005428146
crime 1 1.9661128563728327 1.9661128563728327
critic 1 1.9661128563728327 1.9661128563728327
critical 1 2.207274913189721 2.207274913189721
cry 1 2.302585092994046 2.302585092994046
csmaintcolorf 1 0.06187540371808745 0.06187540371808745
csmaintcolorfmedia 1 0.0408219945202552 0.0408219945202552
cswsicon 1 0.0408219945202552 0.0408219945202552
current 1 0.0 0.0
daddy 1 4.605170185988092 4.605170185988092
dance 1 2.407945608651872 2.407945608651872
dark 1 2.207274913189721 2.207274913189721
day 1 0.5276327420823719 0.5276327420823719
dead 1 1.5606477482646683 1.5606477482646683
december 1 0.37106368139083196 0.37106368139083196
demonstrates 1 3.912023005428146 3.912023005428146
description 1 0.07257069283483537 0.07257069283483537
developer 1 0.0 0.0
diana 1 2.995732273553991 2.995732273553991
dick 1 2.120263536200091 2.120263536200091
dickinson 1 3.506557897319982 3.506557897319982
die 1 2.407945608651872 2.407945608651872
different 1 0.3424903089467759 0.3424903089467759
digital 1 1.9661128563728327 1.9661128563728327
dip 1 4.605170185988092 4.605170185988092
directed 1 2.120263536200091 2.120263536200091
disclaimer 1 0.0 0.0
discography 1 2.995732273553991 2.995732273553991
dollaz 1 4.605170185988092 4.605170185988092
domino 1 3.912023005428146 3.912023005428146
donate 1 0.0 0.0
dont 1 1.9661128563728327 1.9661128563728327
download 1 0.0 0.0
dream 1 2.0402208285265546 2.0402208285265546
drive 1 2.0402208285265546 2.0402208285265546
dropped 1 2.0402208285265546 2.0402208285265546
dropping 1 3.912023005428146 3.912023005428146
dtaftercontent 1 0.127833371509885 0.127833371509885
dum 1 3.912023005428146 3.912023005428146
dumb 1 3.912023005428146 3.912023005428146
dumber 1 4.605170185988092 4.605170185988092
dutty 1 4.605170185988092 4.605170185988092
elevates 1 3.912023005428146 3.912023005428146
else 1 3.912023005428146 3.912023005428146
empty 1 2.407945608651872 2.407945608651872
encyclopedia 1 0.0 0.0
end 1 0.7985076962177716 0.7985076962177716
endless 1 2.995732273553991 2.995732273553991
english 1 0.0 0.0
enough 1 2.207274913189721 2.207274913189721
entertainment 1 1.8325814637483102 1.8325814637483102
eps 1 3.506557897319982 3.506557897319982
event 1 0.0 0.0
ever 1 1.7147984280919266 1.7147984280919266
every 1 1.4271163556401458 1.4271163556401458
everybody 1 3.506557897319982 3.506557897319982
everything 1 2.659260036932778 2.659260036932778
evil 1 2.5257286443082556 2.5257286443082556
exp 1 0.0 0.0
expensive 1 3.912023005428146 3.912023005428146
external 1 0.44628710262841953 0.44628710262841953
extrachronology 1 4.605170185988092 4.605170185988092
eye 1 1.6607312068216509 1.6607312068216509
face 1 1.9661128563728327 1.9661128563728327
fall 1 1.07880966137193 1.07880966137193
fan 1 1.7147984280919266 1.7147984280919266
fantasy 1 2.8134107167600364 2.8134107167600364
fared 1 4.605170185988092 4.605170185988092
fashion 1 2.8134107167600364 2.8134107167600364
fatale 1 4.605170185988092 4.605170185988092
feat 1 3.2188758248682006 3.2188758248682006
feature 1 1.4696759700589417 1.4696759700589417
featured 1 2.120263536200091 2.120263536200091
featuring 1 2.659260036932778 2.659260036932778
february 1 0.27443684570176036 0.27443684570176036
feeling 1 2.5257286443082556 2.5257286443082556
fefe 1 4.605170185988092 4.605170185988092
femme 1 4.605170185988092 4.605170185988092
fide 1 4.605170185988092 4.605170185988092
file 1 0.0 0.0
fire 1 1.7147984280919266 1.7147984280919266
fireball 1 4.605170185988092 4.605170185988092
first 1 0.1508228897345837 0.1508228897345837
flawless 1 4.605170185988092 4.605170185988092
florino 1 4.605170185988092 4.605170185988092
fly 1 2.659260036932778 2.659260036932778
foot 1 2.407945608651872 2.407945608651872
form 1 1.3470736479666094 1.3470736479666094
former 1 0.9675840262617057 0.9675840262617057
foundation 1 0.0 0.0
fourth 1 1.4696759700589417 1.4696759700589417
franchise 1 2.207274913189721 2.207274913189721
fraud 1 3.506557897319982 3.506557897319982
freak 1 3.912023005428146 3.912023005428146
freaky 1 4.605170185988092 4.605170185988092
free 1 0.0 0.0
freedom 1 2.302585092994046 2.302585092994046
friday 1 2.8134107167600364 2.8134107167600364
friend 1 1.3470736479666094 1.3470736479666094
ftcu 1 4.605170185988092 4.605170185988092
full 1 1.1086626245216111 1.1086626245216111
fun 1 2.8134107167600364 2.8134107167600364
furiously 1 3.912023005428146 3.912023005428146
future 1 1.6607312068216509 1.6607312068216509
fxk 1 4.605170185988092 4.605170185988092
gang 1 2.5257286443082556 2.5257286443082556
ganja 1 4.605170185988092 4.605170185988092
garnered 1 3.506557897319982 3.506557897319982
gave 1 1.5606477482646683 1.5606477482646683
general 1 0.0 0.0
genre 1 2.207274913189721 2.207274913189721
get 1 0.0 0.0
getting 1 2.207274913189721 2.207274913189721
girl 1 1.7719568419318754 1.7719568419318754
give 1 1.5141277326297755 1.5141277326297755
go 1 2.120263536200091 2.120263536200091
gon 1 3.912023005428146 3.912023005428146
good 1 1.3093333199837622 1.3093333199837622
goodbye 1 3.2188758248682006 3.2188758248682006
gottwald 1 4.605170185988092 4.605170185988092
groot 1 3.2188758248682006 3.2188758248682006
guess 1 3.506557897319982 3.506557897319982
guest 1 2.302585092994046 2.302585092994046
hard 1 2.302585092994046 2.302585092994046
hating 1 4.605170185988092 4.605170185988092
havana 1 3.912023005428146 3.912023005428146
head 1 1.1086626245216111 1.1086626245216111
hear 1 3.2188758248682006 3.2188758248682006
heart 1 1.4696759700589417 1.4696759700589417
heatstroke 1 4.605170185988092 4.605170185988092
hello 1 3.912023005428146 3.912023005428146
help 1 0.0 0.0
henry 1 1.5606477482646683 1.5606477482646683
hey 1 4.605170185988092 4.605170185988092
hidden 1 0.010050335853501506 0.010050335853501506
hide 1 0.0 0.0
high 1 0.9416085398584451 0.9416085398584451
highlight 1 2.407945608651872 2.407945608651872
hill 1 1.2039728043259361 1.2039728043259361
hip 1 4.605170185988092 4.605170185988092
history 1 0.0 0.0
hlist 1 0.127833371509885 0.127833371509885
hlistinline 1 0.127833371509885 0.127833371509885
hoe 1 3.912023005428146 3.912023005428146
holiday 1 2.659260036932778 2.659260036932778
hookah 1 4.605170185988092 4.605170185988092
hop 1 4.605170185988092 4.605170185988092
horse 1 3.2188758248682006 3.2188758248682006
hot 1 2.8134107167600364 2.8134107167600364
hour 1 1.7719568419318754 1.7719568419318754
houston 1 1.9661128563728327 1.9661128563728327
however 1 0.6931471805599453 0.6931471805599453
hustle 1 3.912023005428146 3.912023005428146
hypnotize 1 4.605170185988092 4.605170185988092
idlockfree 1 0.0408219945202552 0.0408219945202552
idlockfreeidlockfree 1 0.0408219945202552 0.0408219945202552
idlocklimited 1 0.0408219945202552 0.0408219945202552
idlockregistration 1 0.0408219945202552 0.0408219945202552
idlocksubscription 1 0.0408219945202552 0.0408219945202552
idol 1 3.912023005428146 3.912023005428146
inc 1 0.0 0.0
inferno 1 4.605170185988092 4.605170185988092
infobox 1 0.3011050927839216 0.3011050927839216
infoboxsong 1 4.605170185988092 4.605170185988092
infoboxtable 1 0.3147107448397002 0.3147107448397002
information 1 0.0 0.0
insecure 1 4.605170185988092 4.605170185988092
intended 1 2.120263536200091 2.120263536200091
interview 1 1.8325814637483102 1.8325814637483102
italiano 1 1.07880966137193 1.07880966137193
item 1 0.010050335853501506 0.010050335853501506
jane 1 2.5257286443082556 2.5257286443082556
jean 1 1.7719568419318754 1.7719568419318754
jeffery 1 3.506557897319982 3.506557897319982
joey 1 3.506557897319982 3.506557897319982
jordan 1 1.7147984280919266 1.7147984280919266
jsingles 1 4.605170185988092 4.605170185988092
jsongs 1 4.605170185988092 4.605170185988092
juice 1 3.912023005428146 3.912023005428146
juicy 1 3.912023005428146 3.912023005428146
juicys 1 4.605170185988092 4.605170185988092
jump 1 0.0 0.0
kemosabe 1 4.605170185988092 4.605170185988092
khalifa 1 4.605170185988092 4.605170185988092
kid 1 1.8971199848858813 1.8971199848858813
king 1 1.3093333199837622 1.3093333199837622
kissing 1 3.506557897319982 3.506557897319982
knee 1 3.2188758248682006 3.2188758248682006
knockout 1 3.2188758248682006 3.2188758248682006
know 1 1.7147984280919266 1.7147984280919266
krippy 1 4.605170185988092 4.605170185988092
kush 1 4.605170185988092 4.605170185988092
label 1 2.5257286443082556 2.5257286443082556
laidback 1 4.605170185988092 4.605170185988092
language 1 0.0 0.0
last 1 0.0 0.0
leader 1 1.3862943611198906 1.3862943611198906
leakrew 1 4.605170185988092 4.605170185988092
learn 1 0.0 0.0
length 1 1.7719568419318754 1.7719568419318754
letting 1 3.506557897319982 3.506557897319982
liaftercontent 1 0.127833371509885 0.127833371509885
license 1 0.0 0.0
lie 1 2.302585092994046 2.302585092994046
life 1 0.5447271754416719 0.5447271754416719
lifestyle 1 2.659260036932778 2.659260036932778
light 1 1.3862943611198906 1.3862943611198906
like 1 1.2039728043259361 1.2039728043259361
likened 1 3.912023005428146 3.912023005428146
lil 1 4.605170185988092 4.605170185988092
limit 1 2.8134107167600364 2.8134107167600364
link 1 0.0 0.0
listing 1 2.407945608651872 2.407945608651872
livin 1 4.605170185988092 4.605170185988092
log 1 0.0 0.0
logged 1 0.0 0.0
lollipop 1 3.912023005428146 3.912023005428146
lolly 1 4.605170185988092 4.605170185988092
london 1 1.5141277326297755 1.5141277326297755
lookin 1 4.605170185988092 4.605170185988092
lot 1 2.659260036932778 2.659260036932778
lotta 1 4.605170185988092 4.605170185988092
love 1 1.4271163556401458 1.4271163556401458
lovin 1 4.605170185988092 4.605170185988092
low 1 1.9661128563728327 1.9661128563728327
lukasz 1 4.605170185988092 4.605170185988092
luke 1 2.8134107167600364 2.8134107167600364
luvin 1 4.605170185988092 4.605170185988092
luxury 1 2.995732273553991 2.995732273553991
lyric 1 2.8134107167600364 2.8134107167600364
lyrical 1 3.506557897319982 3.506557897319982
mad 1 3.506557897319982 3.506557897319982
madonna 1 4.605170185988092 4.605170185988092
mafia 1 3.912023005428146 3.912023005428146
main 1 0.0 0.0
majesty 1 3.506557897319982 3.506557897319982
make 1 1.0498221244986776 1.0498221244986776
mama 1 4.605170185988092 4.605170185988092
man 1 1.0498221244986776 1.0498221244986776
maraj 1 4.605170185988092 4.605170185988092
march 1 0.3147107448397002 0.3147107448397002
marilyn 1 3.912023005428146 3.912023005428146
martha 1 2.8134107167600364 2.8134107167600364
massive 1 2.8134107167600364 2.8134107167600364
may 1 0.0 0.0
medium 1 0.49429632181478017 0.49429632181478017
meet 1 1.6607312068216509 1.6607312068216509
megatron 1 4.605170185988092 4.605170185988092
men 1 1.2039728043259361 1.2039728043259361
menu 1 0.0 0.0
metro 1 2.995732273553991 2.995732273553991
microformats 1 2.5257286443082556 2.5257286443082556
minaj 1 4.605170185988092 4.605170185988092
minajs 1 4.605170185988092 4.605170185988092
minajsingles 1 4.605170185988092 4.605170185988092
mind 1 2.302585092994046 2.302585092994046
minnesota 1 2.0402208285265546 2.0402208285265546
mixtapes 1 4.605170185988092 4.605170185988092
mobile 1 0.0 0.0
moment 1 2.302585092994046 2.302585092994046
money 1 1.8325814637483102 1.8325814637483102
monroe 1 3.912023005428146 3.912023005428146
monster 1 2.8134107167600364 2.8134107167600364
morning 1 1.8325814637483102 1.8325814637483102
moscow 1 2.659260036932778 2.659260036932778
motor 1 2.302585092994046 2.302585092994046
move 1 0.0 0.0
much 1 1.171182981502945 1.171182981502945
multiply 1 3.912023005428146 3.912023005428146
music 1 1.3862943611198906 1.3862943611198906
navbar 1 0.23572233352106994 0.23572233352106994
navbarfontsizemedia 1 0.3147107448397002 0.3147107448397002
navbarmini 1 0.23572233352106994 0.23572233352106994
navbox 1 0.1392620673335076 0.1392620673335076
navboximage 1 0.1392620673335076 0.1392620673335076
navboxmusicalartist 1 3.2188758248682006 3.2188758248682006
navboxsubgroup 1 0.1392620673335076 0.1392620673335076
navboxtitle 1 0.1392620673335076 0.1392620673335076
navigation 1 0.0 0.0
needle 1 3.506557897319982 3.506557897319982
never 1 1.4696759700589417 1.4696759700589417
new 1 0.24846135929849972 0.24846135929849972
nice 1 2.995732273553991 2.995732273553991
nicki 1 4.605170185988092 4.605170185988092
nickis 1 4.605170185988092 4.605170185988092
nigga 1 4.605170185988092 4.605170185988092
night 1 1.7719568419318754 1.7719568419318754
nonprofit 1 0.0 0.0
nothing 1 2.5257286443082556 2.5257286443082556
october 1 0.28768207245178085 0.28768207245178085
old 1 1.07880966137193 1.07880966137193
ollibeforecontent 1 0.127833371509885 0.127833371509885
one 1 0.23572233352106994 0.23572233352106994
onem 1 4.605170185988092 4.605170185988092
onika 1 4.605170185988092 4.605170185988092
online 1 1.4696759700589417 1.4696759700589417
organization 1 0.0 0.0
organizationname 1 0.010050335853501506 0.010050335853501506
original 1 0.4155154439616658 0.4155154439616658
page 1 0.0 0.0
parade 1 3.912023005428146 3.912023005428146
party 1 1.2378743560016172 1.2378743560016172
pat 1 2.5257286443082556 2.5257286443082556
patek 1 4.605170185988092 4.605170185988092
paul 1 0.8675005677047231 0.8675005677047231
pdfprintable 1 0.0 0.0
peakposition 1 3.912023005428146 3.912023005428146
people 1 0.49429632181478017 0.49429632181478017
permanent 1 0.0 0.0
personal 1 0.0 0.0
phone 1 2.8134107167600364 2.8134107167600364
pick 1 2.407945608651872 2.407945608651872
pill 1 3.912023005428146 3.912023005428146
pink 1 3.2188758248682006 3.2188758248682006
pinkprint 1 4.605170185988092 4.605170185988092
pippen 1 4.605170185988092 4.605170185988092
plain 1 2.659260036932778 2.659260036932778
plainlist 1 0.7339691750802005 0.7339691750802005
policy 1 0.0 0.0
poorly 1 3.506557897319982 3.506557897319982
pop 1 2.302585092994046 2.302585092994046
portal 1 0.0 0.0
portugus 1 1.171182981502945 1.171182981502945
positive 1 2.659260036932778 2.659260036932778
possibility 1 2.5257286443082556 2.5257286443082556
potion 1 4.605170185988092 4.605170185988092
pound 1 3.2188758248682006 3.2188758248682006
pour 1 3.912023005428146 3.912023005428146
powerglide 1 4.605170185988092 4.605170185988092
praise 1 2.659260036932778 2.659260036932778
praised 1 2.5257286443082556 2.5257286443082556
premiered 1 3.2188758248682006 3.2188758248682006
pretty 1 3.506557897319982 3.506557897319982
printbodyns 1 0.09431067947124142 0.09431067947124142
printexport 1 0.0 0.0
prison 1 2.302585092994046 2.302585092994046
privacy 1 0.0 0.0
problem 1 2.120263536200091 2.120263536200091
produced 1 1.7719568419318754 1.7719568419318754
producer 1 2.0402208285265546 2.0402208285265546
production 1 1.6607312068216509 1.6607312068216509
project 1 0.0 0.0
promote 1 2.659260036932778 2.659260036932778
proud 1 3.506557897319982 3.506557897319982
prowess 1 3.912023005428146 3.912023005428146
punk 1 3.506557897319982 3.506557897319982
pushin 1 4.605170185988092 4.605170185988092
qobuz 1 4.605170185988092 4.605170185988092
queen 1 2.407945608651872 2.407945608651872
rack 1 3.912023005428146 3.912023005428146
racketeering 1 4.605170185988092 4.605170185988092
radio 1 1.4696759700589417 1.4696759700589417
raining 1 3.912023005428146 3.912023005428146
rake 1 4.605170185988092 4.605170185988092
ramp 1 4.605170185988092 4.605170185988092
random 1 0.0 0.0
rapper 1 3.912023005428146 3.912023005428146
read 1 0.0 0.0
received 1 1.1394342831883648 1.1394342831883648
recent 1 0.0 0.0
reception 1 1.8971199848858813 1.8971199848858813
record 1 0.7765287894989963 0.7765287894989963
recorded 1 1.6607312068216509 1.6607312068216509
recording 1 2.5257286443082556 2.5257286443082556
red 1 1.07880966137193 1.07880966137193
reference 1 0.03045920748470844 0.03045920748470844
reflist 1 0.06187540371808745 0.06187540371808745
reflistcolumns 1 0.06187540371808745 0.06187540371808745
reg 1 0.0 0.0
registered 1 0.0 0.0
regret 1 3.912023005428146 3.912023005428146
related 1 0.0 0.0
relationship 1 1.8971199848858813 1.8971199848858813
release 1 1.3093333199837622 1.3093333199837622
released 1 1.2729656758128876 1.2729656758128876
reloaded 1 4.605170185988092 4.605170185988092
remix 1 3.2188758248682006 3.2188758248682006
remote 1 3.2188758248682006 3.2188758248682006
removed 1 1.6094379124341003 1.6094379124341003
retrieved 1 0.0 0.0
reunion 1 3.2188758248682006 3.2188758248682006
revenge 1 2.659260036932778 2.659260036932778
review 1 1.07880966137193 1.07880966137193
rhyme 1 4.605170185988092 4.605170185988092
rich 1 2.207274913189721 2.207274913189721
rick 1 2.207274913189721 2.207274913189721
ride 1 3.2188758248682006 3.2188758248682006
right 1 0.9675840262617057 0.9675840262617057
river 1 1.4271163556401458 1.4271163556401458
road 1 1.3862943611198906 1.3862943611198906
rock 1 1.6094379124341003 1.6094379124341003
roger 1 1.9661128563728327 1.9661128563728327
roman 1 1.7719568419318754 1.7719568419318754
rubba 1 4.605170185988092 4.605170185988092
ruby 1 3.2188758248682006 3.2188758248682006
rude 1 4.605170185988092 4.605170185988092
run 1 1.171182981502945 1.171182981502945
rvn 1 4.605170185988092 4.605170185988092
saw 1 2.0402208285265546 2.0402208285265546
say 1 1.7719568419318754 1.7719568419318754
saying 1 1.8325814637483102 1.8325814637483102
school 1 0.7765287894989963 0.7765287894989963
scottie 1 4.605170185988092 4.605170185988092
scotty 1 3.912023005428146 3.912023005428146
screen 1 0.010050335853501506 0.010050335853501506
search 1 0.0 0.0
season 1 1.1394342831883648 1.1394342831883648
september 1 0.43078291609245434 0.43078291609245434
sex 1 2.5257286443082556 2.5257286443082556
sexy 1 2.995732273553991 2.995732273553991
shakin 1 4.605170185988092 4.605170185988092
share 1 0.0 0.0
shell 1 2.995732273553991 2.995732273553991
shit 1 4.605170185988092 4.605170185988092
shocked 1 3.912023005428146 3.912023005428146
shocking 1 3.912023005428146 3.912023005428146
short 1 0.06187540371808745 0.06187540371808745
shortdescription 1 0.2613647641344075 0.2613647641344075
shortened 1 0.0 0.0
show 1 1.0498221244986776 1.0498221244986776
showed 1 2.995732273553991 2.995732273553991
side 1 1.4271163556401458 1.4271163556401458
sidebar 1 0.0 0.0
single 1 1.4696759700589417 1.4696759700589417
site 1 0.0 0.0
ski 1 3.2188758248682006 3.2188758248682006
sleeze 1 4.605170185988092 4.605170185988092
slime 1 4.605170185988092 4.605170185988092
slimey 1 4.605170185988092 4.605170185988092
smoke 1 3.912023005428146 3.912023005428146
smokin 1 4.605170185988092 4.605170185988092
snippet 1 4.605170185988092 4.605170185988092
solid 1 0.09431067947124142 0.09431067947124142
somebody 1 3.912023005428146 3.912023005428146
song 1 1.3470736479666094 1.3470736479666094
songwriter 1 3.912023005428146 3.912023005428146
sorry 1 3.2188758248682006 3.2188758248682006
speaker 1 2.407945608651872 2.407945608651872
special 1 0.0 0.0
speed 1 2.302585092994046 2.302585092994046
spider 1 3.2188758248682006 3.2188758248682006
spin 1 3.912023005428146 3.912023005428146
spitting 1 3.912023005428146 3.912023005428146
spoke 1 3.2188758248682006 3.2188758248682006
sport 1 1.1394342831883648 1.1394342831883648
star 1 0.9675840262617057 0.9675840262617057
starship 1 3.912023005428146 3.912023005428146
statement 1 0.0 0.0
statistic 1 0.0 0.0
stay 1 2.0402208285265546 2.0402208285265546
still 1 0.9416085398584451 0.9416085398584451
stoner 1 3.912023005428146 3.912023005428146
stop 1 2.120263536200091 2.120263536200091
stranger 1 3.912023005428146 3.912023005428146
studio 1 1.8971199848858813 1.8971199848858813
stupid 1 4.605170185988092 4.605170185988092
sugar 1 2.8134107167600364 2.8134107167600364
sum 1 3.2188758248682006 3.2188758248682006
summer 1 1.5141277326297755 1.5141277326297755
suomi 1 1.7719568419318754 1.7719568419318754
super 1 2.302585092994046 2.302585092994046
swalla 1 4.605170185988092 4.605170185988092
swish 1 4.605170185988092 4.605170185988092
table 1 0.0 0.0
taka 1 4.605170185988092 4.605170185988092
talk 1 0.0 0.0
tapout 1 4.605170185988092 4.605170185988092
taunt 1 4.605170185988092 4.605170185988092
tdhlist 1 0.1392620673335076 0.1392620673335076
tear 1 3.2188758248682006 3.2188758248682006
template 1 0.0 0.0
term 1 0.0 0.0
text 1 0.0 0.0
tgod 1 4.605170185988092 4.605170185988092
tha 1 4.605170185988092 4.605170185988092
thats 1 2.5257286443082556 2.5257286443082556
thbodyskinresponsive 1 0.3147107448397002 0.3147107448397002
there 1 3.2188758248682006 3.2188758248682006
thereby 1 2.995732273553991 2.995732273553991
theron 1 4.605170185988092 4.605170185988092
thing 1 1.5606477482646683 1.5606477482646683
thinking 1 3.2188758248682006 3.2188758248682006
thomas 1 1.1394342831883648 1.1394342831883648
three 1 0.5798184952529422 0.5798184952529422
throw 1 3.2188758248682006 3.2188758248682006
thru 1 3.506557897319982 3.506557897319982
thug 1 4.605170185988092 4.605170185988092
thugger 1 4.605170185988092 4.605170185988092
thugsingles 1 4.605170185988092 4.605170185988092
tick 1 4.605170185988092 4.605170185988092
till 1 2.302585092994046 2.302585092994046
time 1 0.28768207245178085 0.28768207245178085
timothy 1 2.302585092994046 2.302585092994046
tingz 1 4.605170185988092 4.605170185988092
title 1 0.9162907318741551 0.9162907318741551
titled 1 2.5257286443082556 2.5257286443082556
tock 1 4.605170185988092 4.605170185988092
together 1 1.5141277326297755 1.5141277326297755
toggle 1 0.010050335853501506 0.010050335853501506
told 1 2.302585092994046 2.302585092994046
tomorrow 1 2.995732273553991 2.995732273553991
tonight 1 3.2188758248682006 3.2188758248682006
tool 1 0.0 0.0
top 1 0.010050335853501506 0.010050335853501506
topic 1 0.0 0.0
total 1 0.0 0.0
touch 1 3.2188758248682006 3.2188758248682006
touchin 1 4.605170185988092 4.605170185988092
tour 1 2.5257286443082556 2.5257286443082556
town 1 2.302585092994046 2.302585092994046
track 1 1.7719568419318754 1.7719568419318754
tracklist 1 2.995732273553991 2.995732273553991
tracklisttotallength 1 2.995732273553991 2.995732273553991
trademark 1 0.0 0.0
trance 1 4.605170185988092 4.605170185988092
trap 1 3.2188758248682006 3.2188758248682006
trial 1 1.8971199848858813 1.8971199848858813
trippin 1 4.605170185988092 4.605170185988092
trippy 1 4.605170185988092 4.605170185988092
trollz 1 4.605170185988092 4.605170185988092
truffle 1 4.605170185988092 4.605170185988092
tube 1 1.8971199848858813 1.8971199848858813
tukoh 1 4.605170185988092 4.605170185988092
tune 1 2.8134107167600364 2.8134107167600364
turn 1 2.0402208285265546 2.0402208285265546
tusa 1 4.605170185988092 4.605170185988092
twerk 1 4.605170185988092 4.605170185988092
twitter 1 2.5257286443082556 2.5257286443082556
ulpaddingem 1 0.1392620673335076 0.1392620673335076
unreleased 1 4.605170185988092 4.605170185988092
upload 1 0.0 0.0
usage 1 2.995732273553991 2.995732273553991
use 1 0.0 0.0
using 1 0.0 0.0
utc 1 0.0 0.0
var 1 0.0 0.0
vehicle 1 3.2188758248682006 3.2188758248682006
verse 1 2.5257286443082556 2.5257286443082556
version 1 0.0 0.0
video 1 1.3862943611198906 1.3862943611198906
view 1 0.0 0.0
violent 1 3.506557897319982 3.506557897319982
volume 1 1.6094379124341003 1.6094379124341003
voom 1 4.605170185988092 4.605170185988092
vte 1 0.7550225842780328 0.7550225842780328
walter 1 1.7147984280919266 1.7147984280919266
wan 1 2.995732273553991 2.995732273553991
want 1 1.9661128563728327 1.9661128563728327
warehouse 1 3.506557897319982 3.506557897319982
watch 1 1.8971199848858813 1.8971199848858813
water 1 1.5606477482646683 1.5606477482646683
way 1 1.1086626245216111 1.1086626245216111
welcome 1 2.995732273553991 2.995732273553991
went 1 1.5141277326297755 1.5141277326297755
west 1 1.171182981502945 1.171182981502945
whip 1 3.2188758248682006 3.2188758248682006
white 1 1.171182981502945 1.171182981502945
whole 1 2.120263536200091 2.120263536200091
wikidata 1 0.010050335853501506 0.010050335853501506
wikimedia 1 0.0 0.0
wikipedia 1 0.0 0.0
win 1 1.1086626245216111 1.1086626245216111
wit 1 4.605170185988092 4.605170185988092
without 1 1.3093333199837622 1.3093333199837622
wiz 1 4.605170185988092 4.605170185988092
wobble 1 4.605170185988092 4.605170185988092
woman 1 1.171182981502945 1.171182981502945
woohoo 1 4.605170185988092 4.605170185988092
world 1 0.5108256237659907 0.5108256237659907
would 1 0.7550225842780328 0.7550225842780328
wrist 1 4.605170185988092 4.605170185988092
written 1 0.9416085398584451 0.9416085398584451
wtfprincess 1 4.605170185988092 4.605170185988092
wyclef 1 4.605170185988092 4.605170185988092
yamborghini 1 4.605170185988092 4.605170185988092
yasss 1 4.605170185988092 4.605170185988092
yikes 1 4.605170185988092 4.605170185988092
young 1 1.2378743560016172 1.2378743560016172
ysl 1 4.605170185988092 4.605170185988092
