according 1 1.3093333199837622 1.3093333199837622
account 1 0.0 0.0
acm 1 4.605170185988092 4.605170185988092
action 1 0.0 0.0
add 1 0.0 0.0
additional 1 0.0 0.0
ado 1 4.605170185988092 4.605170185988092
advanced 1 2.407945608651872 2.407945608651872
agg 1 3.912023005428146 3.912023005428146
aggregate 1 2.995732273553991 2.995732273553991
agree 1 0.0 0.0
agreement 1 2.5257286443082556 2.5257286443082556
ale 1 4.605170185988092 4.605170185988092
alessandria 1 3.912023005428146 3.912023005428146
alike 1 0.0 0.0
almanacco 1 4.605170185988092 4.605170185988092
also 1 0.127833371509885 0.127833371509885
alta 1 4.605170185988092 4.605170185988092
amedeo 1 4.605170185988092 4.605170185988092
andrea 1 2.8134107167600364 2.8134107167600364
angelo 1 2.8134107167600364 2.8134107167600364
appearance 1 0.0 0.0
apply 1 0.0 0.0
april 1 0.44628710262841953 0.44628710262841953
article 1 0.0 0.0
aseasons 1 4.605170185988092 4.605170185988092
association 1 1.1394342831883648 1.1394342831883648
attribution 1 0.0 0.0
audace 1 4.605170185988092 4.605170185988092
aue 1 4.605170185988092 4.605170185988092
auj 1 4.605170185988092 4.605170185988092
austria 1 2.302585092994046 2.302585092994046
auto 1 0.1392620673335076 0.1392620673335076
available 1 0.0 0.0
away 1 1.5606477482646683 1.5606477482646683
baraldi 1 4.605170185988092 4.605170185988092
barbesino 1 4.605170185988092 4.605170185988092
baruffini 1 4.605170185988092 4.605170185988092
belgium 1 2.207274913189721 2.207274913189721
bertinotti 1 4.605170185988092 4.605170185988092
best 1 1.0216512475319812 1.0216512475319812
blue 1 1.4696759700589417 1.4696759700589417
bol 1 4.605170185988092 4.605170185988092
bologna 1 3.912023005428146 3.912023005428146
bre 1 4.605170185988092 4.605170185988092
brescia 1 4.605170185988092 4.605170185988092
caira 1 4.605170185988092 4.605170185988092
calcio 1 4.605170185988092 4.605170185988092
campania 1 4.605170185988092 4.605170185988092
cap 1 2.995732273553991 2.995732273553991
casale 1 4.605170185988092 4.605170185988092
casalest 1 4.605170185988092 4.605170185988092
categoria 1 4.605170185988092 4.605170185988092
category 1 0.0 0.0
cci 1 4.605170185988092 4.605170185988092
centerpx 1 0.0408219945202552 0.0408219945202552
central 1 1.07880966137193 1.07880966137193
champion 1 1.3862943611198906 1.3862943611198906
championship 1 1.5606477482646683 1.5606477482646683
change 1 0.0 0.0
citation 1 0.0408219945202552 0.0408219945202552
cite 1 0.0 0.0
citebook 1 1.8971199848858813 1.8971199848858813
club 1 1.4271163556401458 1.4271163556401458
code 1 0.0 0.0
com 1 3.506557897319982 3.506557897319982
committee 1 1.6607312068216509 1.6607312068216509
common 1 0.0 0.0
como 1 4.605170185988092 4.605170185988092
conduct 1 0.0 0.0
contact 1 0.0 0.0
content 1 0.0 0.0
context 1 0.010050335853501506 0.010050335853501506
contribute 1 0.0 0.0
contribution 1 0.0 0.0
cookie 1 0.0 0.0
cookiematch 1 0.0 0.0
coppa 1 4.605170185988092 4.605170185988092
could 1 1.2378743560016172 1.2378743560016172
counterlistitema 1 0.127833371509885 0.127833371509885
create 1 0.0 0.0
creative 1 0.0 0.0
csf 1 4.605170185988092 4.605170185988092
csl 1 4.605170185988092 4.605170185988092
csmaintcolorf 1 0.06187540371808745 0.06187540371808745
csmaintcolorfmedia 1 0.0408219945202552 0.0408219945202552
cswsicon 1 0.0408219945202552 0.0408219945202552
cup 1 1.7719568419318754 1.7719568419318754
current 1 0.0 0.0
del 1 2.302585092994046 2.302585092994046
denmark 1 2.659260036932778 2.659260036932778
description 1 0.07257069283483537 0.07257069283483537
deutsch 1 0.9416085398584451 0.9416085398584451
developer 1 0.0 0.0
different 1 0.3424903089467759 0.3424903089467759
disbanded 1 3.506557897319982 3.506557897319982
disclaimer 1 0.0 0.0
divisione 1 4.605170185988092 4.605170185988092
domestic 1 2.995732273553991 2.995732273553991
donate 1 0.0 0.0
doria 1 4.605170185988092 4.605170185988092
download 1 0.0 0.0
draw 1 2.302585092994046 2.302585092994046
dtaftercontent 1 0.127833371509885 0.127833371509885
edizioni 1 4.605170185988092 4.605170185988092
eighteen 1 4.605170185988092 4.605170185988092
eliminated 1 2.8134107167600364 2.8134107167600364
emilia 1 3.912023005428146 3.912023005428146
encyclopedia 1 0.0 0.0
england 1 1.6607312068216509 1.6607312068216509
english 1 0.0 0.0
espaol 1 1.1394342831883648 1.1394342831883648
etina 1 2.995732273553991 2.995732273553991
european 1 1.3093333199837622 1.3093333199837622
even 1 1.1394342831883648 1.1394342831883648
event 1 0.0 0.0
exp 1 0.0 0.0
experimental 1 2.995732273553991 2.995732273553991
federale 1 4.605170185988092 4.605170185988092
figc 1 4.605170185988092 4.605170185988092
file 1 0.0 0.0
filled 1 2.995732273553991 2.995732273553991
final 1 0.9942522733438669 0.9942522733438669
finally 1 1.8971199848858813 1.8971199848858813
firenze 1 4.605170185988092 4.605170185988092
first 1 0.1508228897345837 0.1508228897345837
flat 1 2.995732273553991 2.995732273553991
following 1 0.7133498878774648 0.7133498878774648
football 1 1.8325814637483102 1.8325814637483102
fortitudo 1 4.605170185988092 4.605170185988092
foundation 1 0.0 0.0
franais 1 0.8675005677047231 0.8675005677047231
free 1 0.0 0.0
gallina 1 4.605170185988092 4.605170185988092
gen 1 3.2188758248682006 3.2188758248682006
general 1 0.0 0.0
genoa 1 3.912023005428146 3.912023005428146
germany 1 1.4271163556401458 1.4271163556401458
get 1 0.0 0.0
giovanni 1 3.912023005428146 3.912023005428146
giuseppe 1 3.912023005428146 3.912023005428146
goalkeeper 1 3.506557897319982 3.506557897319982
greece 1 2.302585092994046 2.302585092994046
group 1 0.8209805520698303 0.8209805520698303
hel 1 4.605170185988092 4.605170185988092
hellas 1 3.912023005428146 3.912023005428146
help 1 0.0 0.0
hidden 1 0.010050335853501506 0.010050335853501506
hide 1 0.0 0.0
history 1 0.0 0.0
hlist 1 0.127833371509885 0.127833371509885
hlistinline 1 0.127833371509885 0.127833371509885
holding 1 2.207274913189721 2.207274913189721
home 1 0.7339691750802005 0.7339691750802005
however 1 0.6931471805599453 0.6931471805599453
hungary 1 2.995732273553991 2.995732273553991
iceland 1 3.506557897319982 3.506557897319982
idlockfree 1 0.0408219945202552 0.0408219945202552
idlockfreeidlockfree 1 0.0408219945202552 0.0408219945202552
idlocklimited 1 0.0408219945202552 0.0408219945202552
idlockregistration 1 0.0408219945202552 0.0408219945202552
idlocksubscription 1 0.0408219945202552 0.0408219945202552
illustrato 1 4.605170185988092 4.605170185988092
inc 1 0.0 0.0
indicated 1 2.5257286443082556 2.5257286443082556
infobox 1 0.3011050927839216 0.3011050927839216
infoboxtable 1 0.3147107448397002 0.3147107448397002
information 1 0.0 0.0
inlang 1 4.605170185988092 4.605170185988092
int 1 3.506557897319982 3.506557897319982
internazionale 1 4.605170185988092 4.605170185988092
invited 1 2.5257286443082556 2.5257286443082556
ireland 1 2.302585092994046 2.302585092994046
ita 1 3.506557897319982 3.506557897319982
itala 1 4.605170185988092 4.605170185988092
italia 1 3.912023005428146 3.912023005428146
italian 1 2.302585092994046 2.302585092994046
italianlanguage 1 3.912023005428146 3.912023005428146
italiano 1 1.07880966137193 1.07880966137193
italy 1 2.120263536200091 2.120263536200091
item 1 0.010050335853501506 0.010050335853501506
jit 1 4.605170185988092 4.605170185988092
join 1 1.6607312068216509 1.6607312068216509
july 1 0.43078291609245434 0.43078291609245434
jump 1 0.0 0.0
juv 1 4.605170185988092 4.605170185988092
juve 1 4.605170185988092 4.605170185988092
juventus 1 4.605170185988092 4.605170185988092
juventusque 1 4.605170185988092 4.605170185988092
lambro 1 4.605170185988092 4.605170185988092
language 1 0.0 0.0
last 1 0.0 0.0
laz 1 3.912023005428146 3.912023005428146
lazio 1 4.605170185988092 4.605170185988092
league 1 1.3470736479666094 1.3470736479666094
learn 1 0.0 0.0
leg 1 2.659260036932778 2.659260036932778
legend 1 1.8325814637483102 1.8325814637483102
liaftercontent 1 0.127833371509885 0.127833371509885
lib 1 3.506557897319982 3.506557897319982
libertas 1 4.605170185988092 4.605170185988092
license 1 0.0 0.0
lig 1 4.605170185988092 4.605170185988092
liguria 1 4.605170185988092 4.605170185988092
ligury 1 4.605170185988092 4.605170185988092
link 1 0.0 0.0
livorno 1 4.605170185988092 4.605170185988092
local 1 1.4696759700589417 1.4696759700589417
log 1 0.0 0.0
logged 1 0.0 0.0
lombard 1 3.912023005428146 3.912023005428146
lombardia 1 4.605170185988092 4.605170185988092
lombardy 1 4.605170185988092 4.605170185988092
luc 1 3.912023005428146 3.912023005428146
lucca 1 4.605170185988092 4.605170185988092
luigi 1 3.506557897319982 3.506557897319982
luxembourg 1 3.506557897319982 3.506557897319982
maggiani 1 4.605170185988092 4.605170185988092
main 1 0.0 0.0
malta 1 3.506557897319982 3.506557897319982
match 1 0.8675005677047231 0.8675005677047231
matchdays 1 4.605170185988092 4.605170185988092
mattea 1 4.605170185988092 4.605170185988092
may 1 0.0 0.0
menu 1 0.0 0.0
mil 1 3.506557897319982 3.506557897319982
milan 1 2.8134107167600364 2.8134107167600364
milanese 1 4.605170185988092 4.605170185988092
milano 1 3.912023005428146 3.912023005428146
mobile 1 0.0 0.0
mod 1 4.605170185988092 4.605170185988092
modena 1 4.605170185988092 4.605170185988092
move 1 0.0 0.0
naples 1 3.506557897319982 3.506557897319982
napoli 1 4.605170185988092 4.605170185988092
national 1 0.5108256237659907 0.5108256237659907
navbar 1 0.23572233352106994 0.23572233352106994
navbarfontsizemedia 1 0.3147107448397002 0.3147107448397002
navbarmini 1 0.23572233352106994 0.23572233352106994
navbox 1 0.1392620673335076 0.1392620673335076
navboximage 1 0.1392620673335076 0.1392620673335076
navboxsubgroup 1 0.1392620673335076 0.1392620673335076
navboxtitle 1 0.1392620673335076 0.1392620673335076
navigation 1 0.0 0.0
nazionale 1 3.912023005428146 3.912023005428146
nederland 1 1.7147984280919266 1.7147984280919266
netherlands 1 1.7719568419318754 1.7719568419318754
nlo 1 4.605170185988092 4.605170185988092
nonprofit 1 0.0 0.0
northern 1 1.3093333199837622 1.3093333199837622
norway 1 2.120263536200091 2.120263536200091
nov 1 2.0402208285265546 2.0402208285265546
novara 1 4.605170185988092 4.605170185988092
ollibeforecontent 1 0.127833371509885 0.127833371509885
organization 1 0.0 0.0
organizationname 1 0.010050335853501506 0.010050335853501506
oriental 1 3.2188758248682006 3.2188758248682006
padova 1 4.605170185988092 4.605170185988092
padua 1 4.605170185988092 4.605170185988092
page 1 0.0 0.0
pagetype 1 1.2729656758128876 1.2729656758128876
panini 1 4.605170185988092 4.605170185988092
parodi 1 4.605170185988092 4.605170185988092
particular 1 2.120263536200091 2.120263536200091
pdfprintable 1 0.0 0.0
permanent 1 0.0 0.0
personal 1 0.0 0.0
pet 1 4.605170185988092 4.605170185988092
petrarca 1 4.605170185988092 4.605170185988092
phase 1 2.302585092994046 2.302585092994046
pi 1 4.605170185988092 4.605170185988092
pie 1 3.2188758248682006 3.2188758248682006
piedmont 1 4.605170185988092 4.605170185988092
piemonte 1 3.912023005428146 3.912023005428146
pisa 1 4.605170185988092 4.605170185988092
played 1 1.3862943611198906 1.3862943611198906
pld 1 3.506557897319982 3.506557897319982
po 1 2.407945608651872 2.407945608651872
policy 1 0.0 0.0
polski 1 1.3470736479666094 1.3470736479666094
portal 1 0.0 0.0
portugus 1 1.171182981502945 1.171182981502945
pra 1 4.605170185988092 4.605170185988092
prato 1 3.912023005428146 3.912023005428146
prima 1 4.605170185988092 4.605170185988092
printbodyns 1 0.09431067947124142 0.09431067947124142
printexport 1 0.0 0.0
privacy 1 0.0 0.0
pro 1 1.6607312068216509 1.6607312068216509
project 1 0.0 0.0
promoted 1 2.407945608651872 2.407945608651872
pt 1 2.659260036932778 2.659260036932778
pve 1 4.605170185988092 4.605170185988092
qualification 1 2.995732273553991 2.995732273553991
qualified 1 2.995732273553991 2.995732273553991
rac 1 3.912023005428146 3.912023005428146
racing 1 2.5257286443082556 2.5257286443082556
random 1 0.0 0.0
read 1 0.0 0.0
recent 1 0.0 0.0
red 1 1.07880966137193 1.07880966137193
reelected 1 3.2188758248682006 3.2188758248682006
reference 1 0.03045920748470844 0.03045920748470844
reflist 1 0.06187540371808745 0.06187540371808745
reflistcolumns 1 0.06187540371808745 0.06187540371808745
reg 1 0.0 0.0
registered 1 0.0 0.0
regulation 1 2.407945608651872 2.407945608651872
related 1 0.0 0.0
relegated 1 3.912023005428146 3.912023005428146
result 1 0.9942522733438669 0.9942522733438669
retrieved 1 0.0 0.0
rom 1 2.995732273553991 2.995732273553991
roman 1 1.7719568419318754 1.7719568419318754
romania 1 3.2188758248682006 3.2188758248682006
rosa 1 3.2188758248682006 3.2188758248682006
round 1 1.3862943611198906 1.3862943611198906
russia 1 2.0402208285265546 2.0402208285265546
savona 1 4.605170185988092 4.605170185988092
score 1 1.6607312068216509 1.6607312068216509
scotland 1 2.659260036932778 2.659260036932778
screen 1 0.010050335853501506 0.010050335853501506
scrivano 1 4.605170185988092 4.605170185988092
search 1 0.0 0.0
season 1 1.1394342831883648 1.1394342831883648
second 1 0.49429632181478017 0.49429632181478017
september 1 0.43078291609245434 0.43078291609245434
serie 1 4.605170185988092 4.605170185988092
share 1 0.0 0.0
short 1 0.06187540371808745 0.06187540371808745
shortdescription 1 0.2613647641344075 0.2613647641344075
shortened 1 0.0 0.0
sidebar 1 0.0 0.0
site 1 0.0 0.0
sli 1 4.605170185988092 4.605170185988092
slovenina 1 2.5257286443082556 2.5257286443082556
solid 1 0.09431067947124142 0.09431067947124142
source 1 0.5798184952529422 0.5798184952529422
southern 1 1.6607312068216509 1.6607312068216509
spain 1 1.6607312068216509 1.6607312068216509
special 1 0.0 0.0
spes 1 4.605170185988092 4.605170185988092
split 1 2.407945608651872 2.407945608651872
statement 1 0.0 0.0
statistic 1 0.0 0.0
storia 1 4.605170185988092 4.605170185988092
subsection 1 0.3424903089467759 0.3424903089467759
svn 1 4.605170185988092 4.605170185988092
sweden 1 2.207274913189721 2.207274913189721
switzerland 1 2.407945608651872 2.407945608651872
table 1 0.0 0.0
talk 1 0.0 0.0
tdhlist 1 0.1392620673335076 0.1392620673335076
team 1 1.0498221244986776 1.0498221244986776
template 1 0.0 0.0
ten 1 1.5141277326297755 1.5141277326297755
term 1 0.0 0.0
text 1 0.0 0.0
thbodyskinresponsive 1 0.3147107448397002 0.3147107448397002
three 1 0.5798184952529422 0.5798184952529422
ting 1 2.407945608651872 2.407945608651872
title 1 0.9162907318741551 0.9162907318741551
toggle 1 0.010050335853501506 0.010050335853501506
tool 1 0.0 0.0
tooltip 1 4.605170185988092 4.605170185988092
top 1 0.010050335853501506 0.010050335853501506
topic 1 0.0 0.0
toptier 1 3.912023005428146 3.912023005428146
tor 1 3.506557897319982 3.506557897319982
torino 1 3.912023005428146 3.912023005428146
total 1 0.0 0.0
tournament 1 2.8134107167600364 2.8134107167600364
trademark 1 0.0 0.0
trke 1 2.207274913189721 2.207274913189721
turin 1 3.912023005428146 3.912023005428146
tuscany 1 4.605170185988092 4.605170185988092
two 1 0.43078291609245434 0.43078291609245434
udi 1 4.605170185988092 4.605170185988092
udinese 1 4.605170185988092 4.605170185988092
ulpaddingem 1 0.1392620673335076 0.1392620673335076
unknown 1 2.207274913189721 2.207274913189721
updated 1 2.302585092994046 2.302585092994046
upload 1 0.0 0.0
use 1 0.0 0.0
using 1 0.0 0.0
usm 1 4.605170185988092 4.605170185988092
utc 1 0.0 0.0
var 1 0.0 0.0
varese 1 4.605170185988092 4.605170185988092
ven 1 4.605170185988092 4.605170185988092
venetian 1 4.605170185988092 4.605170185988092
veneto 1 4.605170185988092 4.605170185988092
venezia 1 3.506557897319982 3.506557897319982
venice 1 3.506557897319982 3.506557897319982
vercelli 1 4.605170185988092 4.605170185988092
verona 1 3.912023005428146 3.912023005428146
version 1 0.0 0.0
vic 1 3.2188758248682006 3.2188758248682006
vicenza 1 4.605170185988092 4.605170185988092
victorious 1 4.605170185988092 4.605170185988092
view 1 0.0 0.0
vigor 1 4.605170185988092 4.605170185988092
virtu 1 3.912023005428146 3.912023005428146
vit 1 2.407945608651872 2.407945608651872
vju 1 4.605170185988092 4.605170185988092
vol 1 1.5606477482646683 1.5606477482646683
volontari 1 4.605170185988092 4.605170185988092
vte 1 0.7550225842780328 0.7550225842780328
vto 1 4.605170185988092 4.605170185988092
wale 1 3.506557897319982 3.506557897319982
wartime 1 3.2188758248682006 3.2188758248682006
went 1 1.5141277326297755 1.5141277326297755
wikidata 1 0.010050335853501506 0.010050335853501506
wikimedia 1 0.0 0.0
wikipedia 1 0.0 0.0
win 1 1.1086626245216111 1.1086626245216111
yellow 1 1.9661128563728327 1.9661128563728327
yet 1 1.8971199848858813 1.8971199848858813
