aaapaddingem 1 3.2188758248682006 3.2188758248682006
aamp 1 2.8134107167600364 2.8134107167600364
aarik 1 4.605170185988092 4.605170185988092
abbey 1 2.995732273553991 2.995732273553991
abbott 1 2.995732273553991 2.995732273553991
abby 1 3.506557897319982 3.506557897319982
abdi 1 4.605170185988092 4.605170185988092
abdihakem 1 4.605170185988092 4.605170185988092
abdirahman 1 4.605170185988092 4.605170185988092
abeba 1 4.605170185988092 4.605170185988092
academy 1 1.8325814637483102 1.8325814637483102
accepting 1 3.2188758248682006 3.2188758248682006
account 1 0.0 0.0
achievement 1 2.5257286443082556 2.5257286443082556
achieving 1 3.2188758248682006 3.2188758248682006
action 1 0.0 0.0
acuff 1 4.605170185988092 4.605170185988092
adam 1 1.5141277326297755 1.5141277326297755
add 1 0.0 0.0
addition 1 1.3862943611198906 1.3862943611198906
additional 1 0.0 0.0
adkins 1 4.605170185988092 4.605170185988092
advisory 1 3.912023005428146 3.912023005428146
age 1 0.7985076962177716 0.7985076962177716
agree 1 0.0 0.0
aguilera 1 4.605170185988092 4.605170185988092
ahead 1 2.207274913189721 2.207274913189721
ainsworth 1 4.605170185988092 4.605170185988092
air 1 1.8971199848858813 1.8971199848858813
ajanaku 1 4.605170185988092 4.605170185988092
aje 1 4.605170185988092 4.605170185988092
akinosun 1 4.605170185988092 4.605170185988092
akinradewo 1 4.605170185988092 4.605170185988092
albers 1 4.605170185988092 4.605170185988092
albuquerque 1 3.912023005428146 3.912023005428146
alcorn 1 3.912023005428146 3.912023005428146
alexis 1 3.2188758248682006 3.2188758248682006
alfred 1 2.5257286443082556 2.5257286443082556
alfreeda 1 4.605170185988092 4.605170185988092
alg 1 4.605170185988092 4.605170185988092
alhassan 1 4.605170185988092 4.605170185988092
ali 1 2.995732273553991 2.995732273553991
alice 1 3.2188758248682006 3.2188758248682006
alike 1 0.0 0.0
alisa 1 4.605170185988092 4.605170185988092
allen 1 2.207274913189721 2.207274913189721
allyson 1 4.605170185988092 4.605170185988092
almazan 1 4.605170185988092 4.605170185988092
alo 1 4.605170185988092 4.605170185988092
also 1 0.127833371509885 0.127833371509885
alumnus 1 2.207274913189721 2.207274913189721
alysia 1 4.605170185988092 4.605170185988092
amanda 1 2.8134107167600364 2.8134107167600364
amateur 1 3.506557897319982 3.506557897319982
amber 1 3.912023005428146 3.912023005428146
ameer 1 4.605170185988092 4.605170185988092
america 1 0.8675005677047231 0.8675005677047231
american 1 0.5276327420823719 0.5276327420823719
amp 1 0.4620354595965586 0.4620354595965586
amy 1 2.659260036932778 2.659260036932778
anderson 1 2.302585092994046 2.302585092994046
andra 1 4.605170185988092 4.605170185988092
andrea 1 2.8134107167600364 2.8134107167600364
andrew 1 1.5141277326297755 1.5141277326297755
angela 1 2.659260036932778 2.659260036932778
angeles 1 1.6607312068216509 1.6607312068216509
angelika 1 4.605170185988092 4.605170185988092
angelo 1 2.8134107167600364 2.8134107167600364
ann 1 3.2188758248682006 3.2188758248682006
anna 1 2.302585092994046 2.302585092994046
annette 1 4.605170185988092 4.605170185988092
anniversary 1 2.659260036932778 2.659260036932778
announced 1 1.2039728043259361 1.2039728043259361
anthony 1 1.5141277326297755 1.5141277326297755
appearance 1 0.0 0.0
appelt 1 4.605170185988092 4.605170185988092
apply 1 0.0 0.0
april 1 0.44628710262841953 0.44628710262841953
apuzzo 1 4.605170185988092 4.605170185988092
archived 1 0.47803580094299974 0.47803580094299974
aregawi 1 4.605170185988092 4.605170185988092
arendsen 1 4.605170185988092 4.605170185988092
aretha 1 4.605170185988092 4.605170185988092
ariana 1 4.605170185988092 4.605170185988092
aries 1 4.605170185988092 4.605170185988092
arkansas 1 2.5257286443082556 2.5257286443082556
arman 1 4.605170185988092 4.605170185988092
arnold 1 2.5257286443082556 2.5257286443082556
article 1 0.0 0.0
asbel 1 4.605170185988092 4.605170185988092
ash 1 2.995732273553991 2.995732273553991
ashford 1 3.506557897319982 3.506557897319982
ashley 1 3.2188758248682006 3.2188758248682006
ashton 1 4.605170185988092 4.605170185988092
assistant 1 1.7147984280919266 1.7147984280919266
associated 1 1.4696759700589417 1.4696759700589417
asst 1 4.605170185988092 4.605170185988092
athing 1 4.605170185988092 4.605170185988092
athlete 1 3.2188758248682006 3.2188758248682006
athletic 1 2.5257286443082556 2.5257286443082556
athletics 1 2.8134107167600364 2.8134107167600364
athleticscom 1 4.605170185988092 4.605170185988092
attribution 1 0.0 0.0
august 1 0.3424903089467759 0.3424903089467759
augustus 1 2.995732273553991 2.995732273553991
authority 1 0.8915981192837835 0.8915981192837835
auto 1 0.1392620673335076 0.1392620673335076
available 1 0.0 0.0
avenue 1 2.659260036932778 2.659260036932778
averill 1 4.605170185988092 4.605170185988092
avery 1 3.912023005428146 3.912023005428146
award 1 1.171182981502945 1.171182981502945
awarded 1 2.207274913189721 2.207274913189721
azzi 1 4.605170185988092 4.605170185988092
bacon 1 3.506557897319982 3.506557897319982
baena 1 4.605170185988092 4.605170185988092
bailey 1 2.5257286443082556 2.5257286443082556
baillie 1 4.605170185988092 4.605170185988092
baker 1 2.120263536200091 2.120263536200091
balance 1 2.5257286443082556 2.5257286443082556
balzs 1 4.605170185988092 4.605170185988092
banner 1 3.2188758248682006 3.2188758248682006
barbara 1 2.302585092994046 2.302585092994046
barnhill 1 4.605170185988092 4.605170185988092
barrett 1 2.995732273553991 2.995732273553991
barrier 1 3.506557897319982 3.506557897319982
barringer 1 4.605170185988092 4.605170185988092
barringers 1 4.605170185988092 4.605170185988092
barron 1 4.605170185988092 4.605170185988092
bartoletta 1 4.605170185988092 4.605170185988092
bartolina 1 4.605170185988092 4.605170185988092
battaglia 1 4.605170185988092 4.605170185988092
battista 1 4.605170185988092 4.605170185988092
bawcom 1 4.605170185988092 4.605170185988092
beachy 1 4.605170185988092 4.605170185988092
beard 1 3.506557897319982 3.506557897319982
beat 1 2.120263536200091 2.120263536200091
became 1 0.7133498878774648 0.7133498878774648
beck 1 4.605170185988092 4.605170185988092
becker 1 3.2188758248682006 3.2188758248682006
beckford 1 4.605170185988092 4.605170185988092
becky 1 3.912023005428146 3.912023005428146
become 1 1.2378743560016172 1.2378743560016172
becoming 1 1.8971199848858813 1.8971199848858813
began 1 0.8675005677047231 0.8675005677047231
begley 1 4.605170185988092 4.605170185988092
behind 1 1.8971199848858813 1.8971199848858813
beijing 1 3.506557897319982 3.506557897319982
belgium 1 2.207274913189721 2.207274913189721
bell 1 2.0402208285265546 2.0402208285265546
belote 1 4.605170185988092 4.605170185988092
ben 1 2.207274913189721 2.207274913189721
benard 1 3.912023005428146 3.912023005428146
benita 1 4.605170185988092 4.605170185988092
bennett 1 2.659260036932778 2.659260036932778
benoit 1 4.605170185988092 4.605170185988092
benson 1 4.605170185988092 4.605170185988092
berg 1 3.912023005428146 3.912023005428146
bergofsky 1 4.605170185988092 4.605170185988092
bergsma 1 4.605170185988092 4.605170185988092
berian 1 4.605170185988092 4.605170185988092
berlin 1 3.2188758248682006 3.2188758248682006
bernard 1 2.995732273553991 2.995732273553991
berner 1 3.912023005428146 3.912023005428146
berry 1 2.8134107167600364 2.8134107167600364
bershawn 1 4.605170185988092 4.605170185988092
best 1 1.0216512475319812 1.0216512475319812
bettered 1 4.605170185988092 4.605170185988092
betty 1 3.912023005428146 3.912023005428146
betz 1 4.605170185988092 4.605170185988092
bhardwaj 1 4.605170185988092 4.605170185988092
bhr 1 4.605170185988092 4.605170185988092
bianca 1 3.912023005428146 3.912023005428146
bielik 1 4.605170185988092 4.605170185988092
bierbaum 1 4.605170185988092 4.605170185988092
big 1 1.3862943611198906 1.3862943611198906
bill 1 1.171182981502945 1.171182981502945
billy 1 2.5257286443082556 2.5257286443082556
bingson 1 4.605170185988092 4.605170185988092
birch 1 3.506557897319982 3.506557897319982
bird 1 2.659260036932778 2.659260036932778
birth 1 1.1394342831883648 1.1394342831883648
birthname 1 4.605170185988092 4.605170185988092
bizzarri 1 4.605170185988092 4.605170185988092
blade 1 2.8134107167600364 2.8134107167600364
blake 1 2.995732273553991 2.995732273553991
blankenship 1 4.605170185988092 4.605170185988092
blog 1 2.8134107167600364 2.8134107167600364
blumenherst 1 4.605170185988092 4.605170185988092
blunk 1 4.605170185988092 4.605170185988092
board 1 1.5606477482646683 1.5606477482646683
bobby 1 2.659260036932778 2.659260036932778
bodyskinminerva 1 3.506557897319982 3.506557897319982
bokml 1 2.120263536200091 2.120263536200091
bolden 1 4.605170185988092 4.605170185988092
bolles 1 4.605170185988092 4.605170185988092
bolton 1 2.995732273553991 2.995732273553991
bondi 1 4.605170185988092 4.605170185988092
bonnie 1 4.605170185988092 4.605170185988092
boo 1 4.605170185988092 4.605170185988092
booth 1 2.995732273553991 2.995732273553991
bor 1 3.506557897319982 3.506557897319982
boris 1 2.8134107167600364 2.8134107167600364
borman 1 4.605170185988092 4.605170185988092
born 1 1.1394342831883648 1.1394342831883648
borner 1 4.605170185988092 4.605170185988092
boston 1 1.7719568419318754 1.7719568419318754
boulder 1 3.2188758248682006 3.2188758248682006
boulet 1 4.605170185988092 4.605170185988092
boulmerka 1 4.605170185988092 4.605170185988092
boutier 1 4.605170185988092 4.605170185988092
bowerman 1 4.605170185988092 4.605170185988092
bowie 1 3.2188758248682006 3.2188758248682006
boyd 1 2.407945608651872 2.407945608651872
bracy 1 4.605170185988092 4.605170185988092
brad 1 2.407945608651872 2.407945608651872
bradley 1 2.407945608651872 2.407945608651872
braegelmann 1 4.605170185988092 4.605170185988092
bragina 1 4.605170185988092 4.605170185988092
branta 1 4.605170185988092 4.605170185988092
brazil 1 2.120263536200091 2.120263536200091
breaux 1 3.506557897319982 3.506557897319982
breland 1 4.605170185988092 4.605170185988092
bremser 1 4.605170185988092 4.605170185988092
brenda 1 4.605170185988092 4.605170185988092
brian 1 1.6607312068216509 1.6607312068216509
briana 1 4.605170185988092 4.605170185988092
brianna 1 4.605170185988092 4.605170185988092
bricio 1 4.605170185988092 4.605170185988092
bridge 1 2.8134107167600364 2.8134107167600364
bridget 1 3.2188758248682006 3.2188758248682006
brigetta 1 4.605170185988092 4.605170185988092
brink 1 3.506557897319982 3.506557897319982
brinton 1 4.605170185988092 4.605170185988092
brit 1 4.605170185988092 4.605170185988092
britain 1 2.5257286443082556 2.5257286443082556
brittany 1 3.912023005428146 3.912023005428146
brittney 1 4.605170185988092 4.605170185988092
bromell 1 3.912023005428146 3.912023005428146
bronze 1 2.995732273553991 2.995732273553991
brook 1 2.659260036932778 2.659260036932778
brown 1 1.6607312068216509 1.6607312068216509
bruder 1 4.605170185988092 4.605170185988092
brundage 1 4.605170185988092 4.605170185988092
brussels 1 3.912023005428146 3.912023005428146
bryan 1 3.2188758248682006 3.2188758248682006
bryant 1 3.912023005428146 3.912023005428146
bryshon 1 4.605170185988092 4.605170185988092
bubba 1 3.506557897319982 3.506557897319982
buchanan 1 3.506557897319982 3.506557897319982
buff 1 3.912023005428146 3.912023005428146
buffalo 1 2.8134107167600364 2.8134107167600364
buford 1 3.506557897319982 3.506557897319982
burckle 1 4.605170185988092 4.605170185988092
bush 1 2.5257286443082556 2.5257286443082556
butler 1 2.302585092994046 2.302585092994046
buttry 1 4.605170185988092 4.605170185988092
byron 1 3.912023005428146 3.912023005428146
cabral 1 4.605170185988092 4.605170185988092
cacciamani 1 4.605170185988092 4.605170185988092
cain 1 3.506557897319982 3.506557897319982
cale 1 4.605170185988092 4.605170185988092
california 1 1.4696759700589417 1.4696759700589417
cam 1 3.2188758248682006 3.2188758248682006
camarena 1 4.605170185988092 4.605170185988092
came 1 1.6094379124341003 1.6094379124341003
cameron 1 3.2188758248682006 3.2188758248682006
campaign 1 1.6607312068216509 1.6607312068216509
campbell 1 2.207274913189721 2.207274913189721
canady 1 4.605170185988092 4.605170185988092
cannizzaro 1 4.605170185988092 4.605170185988092
cantwell 1 3.506557897319982 3.506557897319982
capped 1 4.605170185988092 4.605170185988092
captured 1 2.407945608651872 2.407945608651872
card 1 1.7147984280919266 1.7147984280919266
career 1 1.2729656758128876 1.2729656758128876
carey 1 2.995732273553991 2.995732273553991
carl 1 2.407945608651872 2.407945608651872
carla 1 3.912023005428146 3.912023005428146
carlette 1 4.605170185988092 4.605170185988092
carmelita 1 4.605170185988092 4.605170185988092
carr 1 3.506557897319982 3.506557897319982
carri 1 4.605170185988092 4.605170185988092
carrie 1 3.912023005428146 3.912023005428146
carson 1 2.995732273553991 2.995732273553991
carta 1 3.912023005428146 3.912023005428146
carter 1 2.5257286443082556 2.5257286443082556
cartwright 1 4.605170185988092 4.605170185988092
carty 1 4.605170185988092 4.605170185988092
casey 1 2.659260036932778 2.659260036932778
castellvi 1 4.605170185988092 4.605170185988092
castlin 1 4.605170185988092 4.605170185988092
catanzaro 1 4.605170185988092 4.605170185988092
catching 1 3.2188758248682006 3.2188758248682006
category 1 0.0 0.0
cathie 1 4.605170185988092 4.605170185988092
cathy 1 3.506557897319982 3.506557897319982
catlin 1 4.605170185988092 4.605170185988092
caulkins 1 4.605170185988092 4.605170185988092
cavanaugh 1 4.605170185988092 4.605170185988092
cazzolla 1 4.605170185988092 4.605170185988092
ceci 1 4.605170185988092 4.605170185988092
cecil 1 3.912023005428146 3.912023005428146
centerpx 1 0.0408219945202552 0.0408219945202552
centrowitz 1 4.605170185988092 4.605170185988092
cepero 1 4.605170185988092 4.605170185988092
chair 1 3.506557897319982 3.506557897319982
chalmers 1 4.605170185988092 4.605170185988092
champ 1 3.506557897319982 3.506557897319982
champion 1 1.3862943611198906 1.3862943611198906
championship 1 1.5606477482646683 1.5606477482646683
championsm 1 4.605170185988092 4.605170185988092
chandra 1 2.995732273553991 2.995732273553991
change 1 0.0 0.0
changed 1 1.6607312068216509 1.6607312068216509
chantae 1 4.605170185988092 4.605170185988092
chaplin 1 3.912023005428146 3.912023005428146
charles 1 1.171182981502945 1.171182981502945
charlie 1 2.5257286443082556 2.5257286443082556
chastain 1 3.912023005428146 3.912023005428146
chaunt 1 4.605170185988092 4.605170185988092
chebet 1 4.605170185988092 4.605170185988092
cheeseborough 1 4.605170185988092 4.605170185988092
chelangat 1 4.605170185988092 4.605170185988092
chelimo 1 4.605170185988092 4.605170185988092
chelsea 1 3.2188758248682006 3.2188758248682006
chepngetich 1 4.605170185988092 4.605170185988092
cherobon 1 4.605170185988092 4.605170185988092
cherry 1 3.2188758248682006 3.2188758248682006
cheryl 1 4.605170185988092 4.605170185988092
china 1 2.0402208285265546 2.0402208285265546
chn 1 3.912023005428146 3.912023005428146
cho 1 3.2188758248682006 3.2188758248682006
chong 1 4.605170185988092 4.605170185988092
chris 1 1.6607312068216509 1.6607312068216509
chrishuna 1 4.605170185988092 4.605170185988092
christian 1 1.4696759700589417 1.4696759700589417
christin 1 4.605170185988092 4.605170185988092
christina 1 3.912023005428146 3.912023005428146
cichocka 1 4.605170185988092 4.605170185988092
cindy 1 4.605170185988092 4.605170185988092
circuit 1 2.8134107167600364 2.8134107167600364
citation 1 0.0408219945202552 0.0408219945202552
cite 1 0.0 0.0
citeweb 1 0.5447271754416719 0.5447271754416719
city 1 0.6348782724359695 0.6348782724359695
claimed 1 2.207274913189721 2.207274913189721
clain 1 3.912023005428146 3.912023005428146
clarion 1 3.506557897319982 3.506557897319982
clark 1 1.6607312068216509 1.6607312068216509
clarkson 1 3.912023005428146 3.912023005428146
clay 1 2.8134107167600364 2.8134107167600364
claye 1 4.605170185988092 4.605170185988092
clayton 1 2.659260036932778 2.659260036932778
clement 1 3.2188758248682006 3.2188758248682006
clemons 1 4.605170185988092 4.605170185988092
clemson 1 4.605170185988092 4.605170185988092
cliff 1 2.995732273553991 2.995732273553991
coach 1 1.7719568419318754 1.7719568419318754
coached 1 2.995732273553991 2.995732273553991
cobb 1 3.506557897319982 3.506557897319982
cobbs 1 4.605170185988092 4.605170185988092
coburn 1 3.912023005428146 3.912023005428146
cockrell 1 4.605170185988092 4.605170185988092
code 1 0.0 0.0
coetzee 1 4.605170185988092 4.605170185988092
cohen 1 3.912023005428146 3.912023005428146
coleman 1 2.995732273553991 2.995732273553991
collapsed 1 4.605170185988092 4.605170185988092
colleen 1 3.506557897319982 3.506557897319982
college 1 1.1394342831883648 1.1394342831883648
collegiate 1 3.506557897319982 3.506557897319982
collette 1 4.605170185988092 4.605170185988092
collins 1 2.0402208285265546 2.0402208285265546
colorado 1 1.8971199848858813 1.8971199848858813
commented 1 3.506557897319982 3.506557897319982
common 1 0.0 0.0
compete 1 2.5257286443082556 2.5257286443082556
competition 1 1.8971199848858813 1.8971199848858813
conduct 1 0.0 0.0
congress 1 1.7147984280919266 1.7147984280919266
conley 1 3.912023005428146 3.912023005428146
connie 1 3.506557897319982 3.506557897319982
conor 1 4.605170185988092 4.605170185988092
considered 1 1.3862943611198906 1.3862943611198906
constien 1 4.605170185988092 4.605170185988092
contact 1 0.0 0.0
content 1 0.0 0.0
context 1 0.010050335853501506 0.010050335853501506
contract 1 2.207274913189721 2.207274913189721
contribute 1 0.0 0.0
contribution 1 0.0 0.0
control 1 0.7765287894989963 0.7765287894989963
conway 1 3.912023005428146 3.912023005428146
cookie 1 0.0 0.0
cookiematch 1 0.0 0.0
cooper 1 2.120263536200091 2.120263536200091
corory 1 4.605170185988092 4.605170185988092
cosby 1 4.605170185988092 4.605170185988092
cottle 1 4.605170185988092 4.605170185988092
coughlin 1 4.605170185988092 4.605170185988092
could 1 1.2378743560016172 1.2378743560016172
counterlistitema 1 0.127833371509885 0.127833371509885
country 1 0.843970070294529 0.843970070294529
course 1 2.0402208285265546 2.0402208285265546
courtney 1 4.605170185988092 4.605170185988092
coventry 1 3.912023005428146 3.912023005428146
covid 1 3.2188758248682006 3.2188758248682006
cragg 1 4.605170185988092 4.605170185988092
craig 1 2.5257286443082556 2.5257286443082556
cranny 1 4.605170185988092 4.605170185988092
crawford 1 2.995732273553991 2.995732273553991
crawley 1 4.605170185988092 4.605170185988092
craybas 1 4.605170185988092 4.605170185988092
create 1 0.0 0.0
creative 1 0.0 0.0
criss 1 4.605170185988092 4.605170185988092
crist 1 4.605170185988092 4.605170185988092
cross 1 1.8325814637483102 1.8325814637483102
crouser 1 4.605170185988092 4.605170185988092
crowe 1 4.605170185988092 4.605170185988092
csmaintcolorf 1 0.06187540371808745 0.06187540371808745
csmaintcolorfmedia 1 0.0408219945202552 0.0408219945202552
cswsicon 1 0.0408219945202552 0.0408219945202552
cubuffscom 1 4.605170185988092 4.605170185988092
culley 1 4.605170185988092 4.605170185988092
cullough 1 4.605170185988092 4.605170185988092
culpepper 1 4.605170185988092 4.605170185988092
cummings 1 3.912023005428146 3.912023005428146
cunningham 1 3.506557897319982 3.506557897319982
cup 1 1.7719568419318754 1.7719568419318754
current 1 0.0 0.0
curry 1 3.506557897319982 3.506557897319982
curtis 1 2.302585092994046 2.302585092994046
cuthbert 1 4.605170185988092 4.605170185988092
cwsa 1 4.605170185988092 4.605170185988092
cyrus 1 3.506557897319982 3.506557897319982
daavettila 1 4.605170185988092 4.605170185988092
daegu 1 4.605170185988092 4.605170185988092
dagostino 1 4.605170185988092 4.605170185988092
dahlgren 1 4.605170185988092 4.605170185988092
dahlkemper 1 4.605170185988092 4.605170185988092
dalilah 1 4.605170185988092 4.605170185988092
dalton 1 4.605170185988092 4.605170185988092
damu 1 4.605170185988092 4.605170185988092
daniel 1 1.3862943611198906 1.3862943611198906
darlene 1 4.605170185988092 4.605170185988092
darrell 1 3.912023005428146 3.912023005428146
darvis 1 4.605170185988092 4.605170185988092
data 1 1.3862943611198906 1.3862943611198906
database 1 0.9675840262617057 0.9675840262617057
date 1 0.3147107448397002 0.3147107448397002
dathan 1 4.605170185988092 4.605170185988092
daugherty 1 3.912023005428146 3.912023005428146
dave 1 2.302585092994046 2.302585092994046
david 1 0.9942522733438669 0.9942522733438669
davila 1 4.605170185988092 4.605170185988092
davis 1 1.6607312068216509 1.6607312068216509
daw 1 4.605170185988092 4.605170185988092
dawn 1 2.659260036932778 2.659260036932778
dawson 1 3.506557897319982 3.506557897319982
day 1 0.5276327420823719 0.5276327420823719
de 1 2.407945608651872 2.407945608651872
dead 1 1.5606477482646683 1.5606477482646683
deajah 1 4.605170185988092 4.605170185988092
deal 1 1.8325814637483102 1.8325814637483102
debbie 1 3.506557897319982 3.506557897319982
december 1 0.37106368139083196 0.37106368139083196
decker 1 4.605170185988092 4.605170185988092
dedication 1 3.506557897319982 3.506557897319982
dee 1 3.2188758248682006 3.2188758248682006
deem 1 4.605170185988092 4.605170185988092
deena 1 4.605170185988092 4.605170185988092
degree 1 1.7719568419318754 1.7719568419318754
dekker 1 4.605170185988092 4.605170185988092
delany 1 4.605170185988092 4.605170185988092
delayed 1 4.605170185988092 4.605170185988092
delle 1 4.605170185988092 4.605170185988092
dellinger 1 4.605170185988092 4.605170185988092
demps 1 4.605170185988092 4.605170185988092
demus 1 4.605170185988092 4.605170185988092
dendy 1 4.605170185988092 4.605170185988092
denver 1 2.8134107167600364 2.8134107167600364
deon 1 4.605170185988092 4.605170185988092
der 1 2.302585092994046 2.302585092994046
derek 1 3.2188758248682006 3.2188758248682006
description 1 0.07257069283483537 0.07257069283483537
designer 1 2.659260036932778 2.659260036932778
desiree 1 4.605170185988092 4.605170185988092
despite 1 1.1394342831883648 1.1394342831883648
deutsch 1 0.9416085398584451 0.9416085398584451
developer 1 0.0 0.0
devon 1 3.506557897319982 3.506557897319982
diamond 1 2.8134107167600364 2.8134107167600364
diana 1 2.995732273553991 2.995732273553991
dibaba 1 4.605170185988092 4.605170185988092
dick 1 2.120263536200091 2.120263536200091
dickinson 1 3.506557897319982 3.506557897319982
diegos 1 4.605170185988092 4.605170185988092
different 1 0.3424903089467759 0.3424903089467759
digiacomo 1 4.605170185988092 4.605170185988092
dillard 1 4.605170185988092 4.605170185988092
disambiguation 1 2.995732273553991 2.995732273553991
disclaimer 1 0.0 0.0
discrete 1 3.506557897319982 3.506557897319982
discusses 1 3.506557897319982 3.506557897319982
distance 1 2.995732273553991 2.995732273553991
div 1 3.912023005428146 3.912023005428146
divcol 1 2.302585092994046 2.302585092994046
diving 1 3.506557897319982 3.506557897319982
division 1 1.2729656758128876 1.2729656758128876
dix 1 4.605170185988092 4.605170185988092
dixon 1 3.912023005428146 3.912023005428146
doak 1 4.605170185988092 4.605170185988092
dobson 1 3.506557897319982 3.506557897319982
doha 1 4.605170185988092 4.605170185988092
doina 1 4.605170185988092 4.605170185988092
donate 1 0.0 0.0
dong 1 4.605170185988092 4.605170185988092
donn 1 4.605170185988092 4.605170185988092
donne 1 4.605170185988092 4.605170185988092
donnelly 1 3.506557897319982 3.506557897319982
donohue 1 4.605170185988092 4.605170185988092
donovan 1 3.2188758248682006 3.2188758248682006
doom 1 3.912023005428146 3.912023005428146
doris 1 3.912023005428146 3.912023005428146
dornhoefer 1 4.605170185988092 4.605170185988092
dorovskikh 1 4.605170185988092 4.605170185988092
dostal 1 4.605170185988092 4.605170185988092
doton 1 4.605170185988092 4.605170185988092
dottedcursorhelp 1 2.120263536200091 2.120263536200091
douglas 1 2.407945608651872 2.407945608651872
dow 1 4.605170185988092 4.605170185988092
dowell 1 2.995732273553991 2.995732273553991
download 1 0.0 0.0
drake 1 2.659260036932778 2.659260036932778
dramatic 1 3.2188758248682006 3.2188758248682006
drouin 1 3.912023005428146 3.912023005428146
dryer 1 4.605170185988092 4.605170185988092
dtaftercontent 1 0.127833371509885 0.127833371509885
duane 1 3.912023005428146 3.912023005428146
due 1 0.9416085398584451 0.9416085398584451
duncan 1 3.2188758248682006 3.2188758248682006
dunlap 1 3.912023005428146 3.912023005428146
dunn 1 2.659260036932778 2.659260036932778
dusty 1 3.912023005428146 3.912023005428146
dyrol 1 4.605170185988092 4.605170185988092
eagye 1 4.605170185988092 4.605170185988092
earley 1 4.605170185988092 4.605170185988092
eastler 1 4.605170185988092 4.605170185988092
eaton 1 3.2188758248682006 3.2188758248682006
echegini 1 4.605170185988092 4.605170185988092
eckert 1 4.605170185988092 4.605170185988092
eder 1 4.605170185988092 4.605170185988092
edmondson 1 4.605170185988092 4.605170185988092
edrick 1 4.605170185988092 4.605170185988092
edris 1 4.605170185988092 4.605170185988092
edward 1 1.5606477482646683 1.5606477482646683
edwin 1 2.5257286443082556 2.5257286443082556
egger 1 4.605170185988092 4.605170185988092
eggleston 1 4.605170185988092 4.605170185988092
eighth 1 2.8134107167600364 2.8134107167600364
elaine 1 4.605170185988092 4.605170185988092
elbe 1 4.605170185988092 4.605170185988092
elise 1 4.605170185988092 4.605170185988092
elizabeth 1 1.9661128563728327 1.9661128563728327
elle 1 3.912023005428146 3.912023005428146
elli 1 2.659260036932778 2.659260036932778
elva 1 4.605170185988092 4.605170185988092
emily 1 2.8134107167600364 2.8134107167600364
emma 1 2.8134107167600364 2.8134107167600364
empty 1 2.407945608651872 2.407945608651872
encyclopedia 1 0.0 0.0
end 1 0.7985076962177716 0.7985076962177716
endorsement 1 3.2188758248682006 3.2188758248682006
engen 1 4.605170185988092 4.605170185988092
england 1 1.6607312068216509 1.6607312068216509
engle 1 3.912023005428146 3.912023005428146
english 1 0.0 0.0
enrolled 1 2.995732273553991 2.995732273553991
epps 1 4.605170185988092 4.605170185988092
erb 1 4.605170185988092 4.605170185988092
erica 1 3.912023005428146 3.912023005428146
erick 1 4.605170185988092 4.605170185988092
erik 1 2.5257286443082556 2.5257286443082556
erin 1 2.995732273553991 2.995732273553991
error 1 2.407945608651872 2.407945608651872
espaol 1 1.1394342831883648 1.1394342831883648
eth 1 4.605170185988092 4.605170185988092
ethiopia 1 3.506557897319982 3.506557897319982
ethridge 1 4.605170185988092 4.605170185988092
etina 1 2.995732273553991 2.995732273553991
eugene 1 2.659260036932778 2.659260036932778
euskara 1 2.659260036932778 2.659260036932778
evan 1 3.912023005428146 3.912023005428146
evans 1 2.207274913189721 2.207274913189721
even 1 1.1394342831883648 1.1394342831883648
event 1 0.0 0.0
eventsm 1 4.605170185988092 4.605170185988092
ever 1 1.7147984280919266 1.7147984280919266
ewen 1 4.605170185988092 4.605170185988092
except 1 2.659260036932778 2.659260036932778
exp 1 0.0 0.0
external 1 0.44628710262841953 0.44628710262841953
fact 1 1.5141277326297755 1.5141277326297755
fadden 1 3.506557897319982 3.506557897319982
failed 1 2.302585092994046 2.302585092994046
failing 1 2.8134107167600364 2.8134107167600364
fair 1 2.5257286443082556 2.5257286443082556
faith 1 1.9661128563728327 1.9661128563728327
fall 1 1.07880966137193 1.07880966137193
falling 1 2.8134107167600364 2.8134107167600364
fame 1 2.207274913189721 2.207274913189721
famiglietti 1 4.605170185988092 4.605170185988092
fassi 1 4.605170185988092 4.605170185988092
fastest 1 3.2188758248682006 3.2188758248682006
favor 1 3.912023005428146 3.912023005428146
favored 1 3.912023005428146 3.912023005428146
fawcett 1 4.605170185988092 4.605170185988092
fayetteville 1 3.2188758248682006 3.2188758248682006
february 1 0.27443684570176036 0.27443684570176036
felisha 1 4.605170185988092 4.605170185988092
felix 1 2.995732273553991 2.995732273553991
felt 1 2.302585092994046 2.302585092994046
female 1 2.207274913189721 2.207274913189721
femur 1 4.605170185988092 4.605170185988092
fendick 1 4.605170185988092 4.605170185988092
fenton 1 3.912023005428146 3.912023005428146
fernandez 1 3.2188758248682006 3.2188758248682006
fessler 1 4.605170185988092 4.605170185988092
fetter 1 4.605170185988092 4.605170185988092
field 1 1.0498221244986776 1.0498221244986776
fifth 1 2.120263536200091 2.120263536200091
file 1 0.0 0.0
fin 1 2.995732273553991 2.995732273553991
final 1 0.9942522733438669 0.9942522733438669
finale 1 2.8134107167600364 2.8134107167600364
finalpermanent 1 4.605170185988092 4.605170185988092
finch 1 4.605170185988092 4.605170185988092
finish 1 2.407945608651872 2.407945608651872
finished 1 2.0402208285265546 2.0402208285265546
finishing 1 2.407945608651872 2.407945608651872
finley 1 4.605170185988092 4.605170185988092
first 1 0.1508228897345837 0.1508228897345837
fischer 1 3.912023005428146 3.912023005428146
fissinger 1 4.605170185988092 4.605170185988092
fitzgerald 1 3.506557897319982 3.506557897319982
flagicon 1 2.659260036932778 2.659260036932778
flanagan 1 3.506557897319982 3.506557897319982
flat 1 2.995732273553991 2.995732273553991
fleming 1 3.912023005428146 3.912023005428146
fleshman 1 4.605170185988092 4.605170185988092
flo 1 3.912023005428146 3.912023005428146
floral 1 4.605170185988092 4.605170185988092
florance 1 4.605170185988092 4.605170185988092
florida 1 1.9661128563728327 1.9661128563728327
flrunnerscom 1 4.605170185988092 4.605170185988092
fogle 1 4.605170185988092 4.605170185988092
folkl 1 4.605170185988092 4.605170185988092
followed 1 1.3093333199837622 1.3093333199837622
following 1 0.7133498878774648 0.7133498878774648
follows 1 2.302585092994046 2.302585092994046
foot 1 2.407945608651872 2.407945608651872
footer 1 4.605170185988092 4.605170185988092
footlocker 1 4.605170185988092 4.605170185988092
force 1 1.2378743560016172 1.2378743560016172
former 1 0.9675840262617057 0.9675840262617057
foster 1 2.207274913189721 2.207274913189721
fotopoulos 1 4.605170185988092 4.605170185988092
foundation 1 0.0 0.0
fountain 1 3.2188758248682006 3.2188758248682006
fournier 1 4.605170185988092 4.605170185988092
fourtime 1 4.605170185988092 4.605170185988092
fouts 1 4.605170185988092 4.605170185988092
franais 1 0.8675005677047231 0.8675005677047231
france 1 1.2039728043259361 1.2039728043259361
francena 1 4.605170185988092 4.605170185988092
francie 1 4.605170185988092 4.605170185988092
francis 1 1.6607312068216509 1.6607312068216509
franek 1 4.605170185988092 4.605170185988092
franklin 1 2.407945608651872 2.407945608651872
frazer 1 3.912023005428146 3.912023005428146
frazier 1 3.912023005428146 3.912023005428146
free 1 0.0 0.0
frerichs 1 4.605170185988092 4.605170185988092
frye 1 4.605170185988092 4.605170185988092
fsu 1 4.605170185988092 4.605170185988092
fuchs 1 4.605170185988092 4.605170185988092
funmi 1 4.605170185988092 4.605170185988092
furey 1 4.605170185988092 4.605170185988092
gabriela 1 4.605170185988092 4.605170185988092
gabriele 1 4.605170185988092 4.605170185988092
gaffigan 1 4.605170185988092 4.605170185988092
gala 1 4.605170185988092 4.605170185988092
galan 1 4.605170185988092 4.605170185988092
galen 1 4.605170185988092 4.605170185988092
gall 1 3.912023005428146 3.912023005428146
gallagher 1 3.912023005428146 3.912023005428146
galmier 1 4.605170185988092 4.605170185988092
gambaccini 1 4.605170185988092 4.605170185988092
game 1 1.2378743560016172 1.2378743560016172
garcia 1 2.8134107167600364 2.8134107167600364
gardner 1 3.2188758248682006 3.2188758248682006
garrison 1 3.2188758248682006 3.2188758248682006
gate 1 2.5257286443082556 2.5257286443082556
gatlin 1 4.605170185988092 4.605170185988092
gay 1 2.995732273553991 2.995732273553991
gayles 1 4.605170185988092 4.605170185988092
gear 1 2.995732273553991 2.995732273553991
gee 1 3.2188758248682006 3.2188758248682006
geena 1 4.605170185988092 4.605170185988092
geiger 1 4.605170185988092 4.605170185988092
geme 1 4.605170185988092 4.605170185988092
general 1 0.0 0.0
genzebe 1 4.605170185988092 4.605170185988092
georganne 1 4.605170185988092 4.605170185988092
george 1 1.07880966137193 1.07880966137193
georgia 1 2.302585092994046 2.302585092994046
germany 1 1.4271163556401458 1.4271163556401458
gerry 1 2.995732273553991 2.995732273553991
get 1 0.0 0.0
geubelle 1 4.605170185988092 4.605170185988092
gia 1 4.605170185988092 4.605170185988092
gibbon 1 2.8134107167600364 2.8134107167600364
gibbs 1 3.2188758248682006 3.2188758248682006
gil 1 3.506557897319982 3.506557897319982
gilbert 1 2.995732273553991 2.995732273553991
gilliland 1 4.605170185988092 4.605170185988092
gina 1 3.2188758248682006 3.2188758248682006
girard 1 4.605170185988092 4.605170185988092
girl 1 1.7719568419318754 1.7719568419318754
give 1 1.5141277326297755 1.5141277326297755
given 1 1.2378743560016172 1.2378743560016172
glance 1 3.912023005428146 3.912023005428146
gleason 1 4.605170185988092 4.605170185988092
glenn 1 2.5257286443082556 2.5257286443082556
globe 1 2.995732273553991 2.995732273553991
go 1 2.120263536200091 2.120263536200091
goetze 1 4.605170185988092 4.605170185988092
goff 1 3.506557897319982 3.506557897319982
gold 1 1.6094379124341003 1.6094379124341003
golden 1 1.9661128563728327 1.9661128563728327
golf 1 4.605170185988092 4.605170185988092
gomez 1 3.2188758248682006 3.2188758248682006
goodwin 1 3.506557897319982 3.506557897319982
gordon 1 2.5257286443082556 2.5257286443082556
goucher 1 4.605170185988092 4.605170185988092
goulbourne 1 4.605170185988092 4.605170185988092
grace 1 2.407945608651872 2.407945608651872
graham 1 2.659260036932778 2.659260036932778
grand 1 1.7719568419318754 1.7719568419318754
grant 1 2.5257286443082556 2.5257286443082556
granville 1 4.605170185988092 4.605170185988092
gray 1 2.995732273553991 2.995732273553991
great 1 0.9675840262617057 0.9675840262617057
greatness 1 3.912023005428146 3.912023005428146
green 1 1.171182981502945 1.171182981502945
greene 1 3.2188758248682006 3.2188758248682006
greer 1 4.605170185988092 4.605170185988092
gregg 1 3.506557897319982 3.506557897319982
gregor 1 3.2188758248682006 3.2188758248682006
gresham 1 4.605170185988092 4.605170185988092
grgas 1 4.605170185988092 4.605170185988092
grierson 1 4.605170185988092 4.605170185988092
griner 1 4.605170185988092 4.605170185988092
grunewald 1 4.605170185988092 4.605170185988092
grzebien 1 4.605170185988092 4.605170185988092
guard 1 2.0402208285265546 2.0402208285265546
guidry 1 4.605170185988092 4.605170185988092
gunn 1 3.506557897319982 3.506557897319982
gustafson 1 3.506557897319982 3.506557897319982
guthrie 1 2.995732273553991 2.995732273553991
gwen 1 3.912023005428146 3.912023005428146
gymnastics 1 3.912023005428146 3.912023005428146
haeger 1 4.605170185988092 4.605170185988092
hagensen 1 4.605170185988092 4.605170185988092
haislett 1 4.605170185988092 4.605170185988092
half 1 2.207274913189721 2.207274913189721
hall 1 1.3470736479666094 1.3470736479666094
hamilton 1 2.120263536200091 2.120263536200091
hamm 1 3.912023005428146 3.912023005428146
hammel 1 4.605170185988092 4.605170185988092
hanavan 1 4.605170185988092 4.605170185988092
hand 1 1.3862943611198906 1.3862943611198906
hannah 1 3.2188758248682006 3.2188758248682006
hannemann 1 4.605170185988092 4.605170185988092
hansen 1 3.912023005428146 3.912023005428146
hardee 1 4.605170185988092 4.605170185988092
hardin 1 4.605170185988092 4.605170185988092
hardy 1 3.912023005428146 3.912023005428146
harper 1 2.995732273553991 2.995732273553991
harris 1 2.302585092994046 2.302585092994046
harrison 1 2.302585092994046 2.302585092994046
hart 1 3.2188758248682006 3.2188758248682006
hartfield 1 4.605170185988092 4.605170185988092
hartono 1 4.605170185988092 4.605170185988092
hartwig 1 3.912023005428146 3.912023005428146
harvey 1 2.995732273553991 2.995732273553991
hassan 1 3.912023005428146 3.912023005428146
hassiba 1 4.605170185988092 4.605170185988092
hastings 1 2.995732273553991 2.995732273553991
hatfield 1 4.605170185988092 4.605170185988092
hatnote 1 0.843970070294529 0.843970070294529
hattori 1 4.605170185988092 4.605170185988092
hauschild 1 4.605170185988092 4.605170185988092
haute 1 3.912023005428146 3.912023005428146
hayes 1 2.5257286443082556 2.5257286443082556
hayward 1 4.605170185988092 4.605170185988092
hazel 1 4.605170185988092 4.605170185988092
hazen 1 4.605170185988092 4.605170185988092
hazle 1 4.605170185988092 4.605170185988092
head 1 1.1086626245216111 1.1086626245216111
headed 1 2.8134107167600364 2.8134107167600364
heald 1 4.605170185988092 4.605170185988092
heaston 1 4.605170185988092 4.605170185988092
heat 1 2.5257286443082556 2.5257286443082556
heather 1 2.407945608651872 2.407945608651872
heck 1 4.605170185988092 4.605170185988092
hedwall 1 4.605170185988092 4.605170185988092
heenan 1 4.605170185988092 4.605170185988092
heightft 1 3.912023005428146 3.912023005428146
held 1 1.171182981502945 1.171182981502945
hellen 1 4.605170185988092 4.605170185988092
helminiak 1 4.605170185988092 4.605170185988092
help 1 0.0 0.0
henderson 1 2.5257286443082556 2.5257286443082556
henry 1 1.5606477482646683 1.5606477482646683
herculis 1 4.605170185988092 4.605170185988092
herman 1 3.2188758248682006 3.2188758248682006
hernandez 1 3.912023005428146 3.912023005428146
hester 1 4.605170185988092 4.605170185988092
heuser 1 4.605170185988092 4.605170185988092
hibbert 1 4.605170185988092 4.605170185988092
hickman 1 4.605170185988092 4.605170185988092
hidden 1 0.010050335853501506 0.010050335853501506
hide 1 0.0 0.0
higgins 1 3.506557897319982 3.506557897319982
high 1 0.9416085398584451 0.9416085398584451
hightower 1 4.605170185988092 4.605170185988092
hilaire 1 4.605170185988092 4.605170185988092
hill 1 1.2039728043259361 1.2039728043259361
hillary 1 4.605170185988092 4.605170185988092
hiltz 1 4.605170185988092 4.605170185988092
history 1 0.0 0.0
hlist 1 0.127833371509885 0.127833371509885
hlistinline 1 0.127833371509885 0.127833371509885
hockey 1 2.995732273553991 2.995732273553991
hodge 1 3.912023005428146 3.912023005428146
hoffa 1 4.605170185988092 4.605170185988092
hoffman 1 2.995732273553991 2.995732273553991
holder 1 3.506557897319982 3.506557897319982
holdsclaw 1 4.605170185988092 4.605170185988092
holli 1 4.605170185988092 4.605170185988092
holliday 1 4.605170185988092 4.605170185988092
hollis 1 3.912023005428146 3.912023005428146
holloway 1 4.605170185988092 4.605170185988092
home 1 0.7339691750802005 0.7339691750802005
honda 1 4.605170185988092 4.605170185988092
honor 1 1.8325814637483102 1.8325814637483102
hook 1 3.912023005428146 3.912023005428146
hooker 1 3.912023005428146 3.912023005428146
hossz 1 4.605170185988092 4.605170185988092
host 1 2.407945608651872 2.407945608651872
hostetler 1 4.605170185988092 4.605170185988092
houlihan 1 3.912023005428146 3.912023005428146
houston 1 1.9661128563728327 1.9661128563728327
howard 1 2.120263536200091 2.120263536200091
howell 1 3.506557897319982 3.506557897319982
huarte 1 4.605170185988092 4.605170185988092
hubbard 1 3.912023005428146 3.912023005428146
huber 1 4.605170185988092 4.605170185988092
huddle 1 4.605170185988092 4.605170185988092
hudson 1 2.207274913189721 2.207274913189721
hunter 1 2.0402208285265546 2.0402208285265546
hurst 1 3.912023005428146 3.912023005428146
husband 1 1.9661128563728327 1.9661128563728327
huston 1 3.912023005428146 3.912023005428146
hyche 1 4.605170185988092 4.605170185988092
hyleas 1 4.605170185988092 4.605170185988092
hyman 1 4.605170185988092 4.605170185988092
hysell 1 4.605170185988092 4.605170185988092
iaaf 1 4.605170185988092 4.605170185988092
ian 1 2.5257286443082556 2.5257286443082556
ibasketball 1 4.605170185988092 4.605170185988092
identical 1 3.506557897319982 3.506557897319982
idlockfree 1 0.0408219945202552 0.0408219945202552
idlockfreeidlockfree 1 0.0408219945202552 0.0408219945202552
idlocklimited 1 0.0408219945202552 0.0408219945202552
idlockregistration 1 0.0408219945202552 0.0408219945202552
idlocksubscription 1 0.0408219945202552 0.0408219945202552
iii 1 1.7147984280919266 1.7147984280919266
illustrated 1 2.659260036932778 2.659260036932778
imgsrc 1 1.3862943611198906 1.3862943611198906
impress 1 4.605170185988092 4.605170185988092
improved 1 2.5257286443082556 2.5257286443082556
inaugural 1 2.995732273553991 2.995732273553991
inc 1 0.0 0.0
including 1 0.7133498878774648 0.7133498878774648
incorporated 1 2.120263536200091 2.120263536200091
indiana 1 2.302585092994046 2.302585092994046
indianapolis 1 2.659260036932778 2.659260036932778
individual 1 1.5606477482646683 1.5606477482646683
indoor 1 3.506557897319982 3.506557897319982
indoors 1 4.605170185988092 4.605170185988092
indoorsm 1 4.605170185988092 4.605170185988092
infante 1 4.605170185988092 4.605170185988092
infeld 1 4.605170185988092 4.605170185988092
infobox 1 0.3011050927839216 0.3011050927839216
infoboxsportsperson 1 4.605170185988092 4.605170185988092
infoboxtable 1 0.3147107448397002 0.3147107448397002
information 1 0.0 0.0
inika 1 4.605170185988092 4.605170185988092
inkster 1 4.605170185988092 4.605170185988092
inspiration 1 3.2188758248682006 3.2188758248682006
international 1 0.5978370007556204 0.5978370007556204
ionescu 1 4.605170185988092 4.605170185988092
iowa 1 2.8134107167600364 2.8134107167600364
irvin 1 3.912023005428146 3.912023005428146
ishmael 1 4.605170185988092 4.605170185988092
isiah 1 4.605170185988092 4.605170185988092
israel 1 1.7147984280919266 1.7147984280919266
ita 1 3.506557897319982 3.506557897319982
italiano 1 1.07880966137193 1.07880966137193
item 1 0.010050335853501506 0.010050335853501506
jack 1 1.4696759700589417 1.4696759700589417
jackie 1 3.2188758248682006 3.2188758248682006
jackson 1 1.9661128563728327 1.9661128563728327
jacob 1 2.120263536200091 2.120263536200091
jager 1 4.605170185988092 4.605170185988092
jamal 1 3.912023005428146 3.912023005428146
james 1 1.0498221244986776 1.0498221244986776
jamie 1 2.5257286443082556 2.5257286443082556
jan 1 2.0402208285265546 2.0402208285265546
janay 1 4.605170185988092 4.605170185988092
jane 1 2.5257286443082556 2.5257286443082556
janeiro 1 3.912023005428146 3.912023005428146
janet 1 3.2188758248682006 3.2188758248682006
janson 1 4.605170185988092 4.605170185988092
january 1 0.3424903089467759 0.3424903089467759
japan 1 1.7719568419318754 1.7719568419318754
jared 1 3.506557897319982 3.506557897319982
jarred 1 4.605170185988092 4.605170185988092
jarrion 1 4.605170185988092 4.605170185988092
jason 1 1.6607312068216509 1.6607312068216509
jaydon 1 4.605170185988092 4.605170185988092
jeanette 1 4.605170185988092 4.605170185988092
jeff 1 1.8325814637483102 1.8325814637483102
jen 1 4.605170185988092 4.605170185988092
jeneba 1 4.605170185988092 4.605170185988092
jenn 1 4.605170185988092 4.605170185988092
jenna 1 3.506557897319982 3.506557897319982
jennifer 1 2.659260036932778 2.659260036932778
jennings 1 3.912023005428146 3.912023005428146
jenny 1 3.506557897319982 3.506557897319982
jeremy 1 2.407945608651872 2.407945608651872
jesse 1 2.8134107167600364 2.8134107167600364
jessica 1 3.2188758248682006 3.2188758248682006
jeter 1 3.912023005428146 3.912023005428146
jillian 1 3.506557897319982 3.506557897319982
jim 1 1.4696759700589417 1.4696759700589417
jimoh 1 4.605170185988092 4.605170185988092
joan 1 2.995732273553991 2.995732273553991
joanne 1 3.912023005428146 3.912023005428146
jock 1 4.605170185988092 4.605170185988092
joe 1 1.5141277326297755 1.5141277326297755
joetta 1 4.605170185988092 4.605170185988092
john 1 0.49429632181478017 0.49429632181478017
johnson 1 1.6094379124341003 1.6094379124341003
jonas 1 2.995732273553991 2.995732273553991
jones 1 1.5141277326297755 1.5141277326297755
jordan 1 1.7147984280919266 1.7147984280919266
jorge 1 2.995732273553991 2.995732273553991
jorgensen 1 4.605170185988092 4.605170185988092
josephine 1 4.605170185988092 4.605170185988092
joshua 1 2.995732273553991 2.995732273553991
joyce 1 3.506557897319982 3.506557897319982
joyner 1 4.605170185988092 4.605170185988092
judi 1 3.912023005428146 3.912023005428146
jul 1 2.995732273553991 2.995732273553991
juli 1 4.605170185988092 4.605170185988092
julie 1 2.5257286443082556 2.5257286443082556
julien 1 2.995732273553991 2.995732273553991
july 1 0.43078291609245434 0.43078291609245434
jump 1 0.0 0.0
jun 1 2.5257286443082556 2.5257286443082556
june 1 0.40047756659712536 0.40047756659712536
junior 1 2.0402208285265546 2.0402208285265546
jupiter 1 3.912023005428146 3.912023005428146
juricov 1 4.605170185988092 4.605170185988092
justin 1 2.407945608651872 2.407945608651872
kaltenbach 1 4.605170185988092 4.605170185988092
kara 1 3.912023005428146 3.912023005428146
karl 1 2.659260036932778 2.659260036932778
kastor 1 4.605170185988092 4.605170185988092
kate 1 2.8134107167600364 2.8134107167600364
katelyn 1 3.912023005428146 3.912023005428146
kathy 1 3.2188758248682006 3.2188758248682006
katie 1 2.8134107167600364 2.8134107167600364
kaye 1 3.912023005428146 3.912023005428146
keenan 1 4.605170185988092 4.605170185988092
keflezighi 1 4.605170185988092 4.605170185988092
keggi 1 4.605170185988092 4.605170185988092
kelati 1 4.605170185988092 4.605170185988092
kellie 1 4.605170185988092 4.605170185988092
kelly 1 2.407945608651872 2.407945608651872
kelsey 1 3.912023005428146 3.912023005428146
kemibecom 1 4.605170185988092 4.605170185988092
ken 1 2.407945608651872 2.407945608651872
kendell 1 4.605170185988092 4.605170185988092
kendricks 1 4.605170185988092 4.605170185988092
kenta 1 4.605170185988092 4.605170185988092
kentucky 1 2.5257286443082556 2.5257286443082556
kenya 1 3.912023005428146 3.912023005428146
kerron 1 4.605170185988092 4.605170185988092
kersee 1 4.605170185988092 4.605170185988092
keshia 1 4.605170185988092 4.605170185988092
keszeg 1 4.605170185988092 4.605170185988092
keturah 1 4.605170185988092 4.605170185988092
kevin 1 1.5606477482646683 1.5606477482646683
keyes 1 4.605170185988092 4.605170185988092
khadevis 1 4.605170185988092 4.605170185988092
kibw 1 4.605170185988092 4.605170185988092
kilometer 1 3.912023005428146 3.912023005428146
kim 1 2.407945608651872 2.407945608651872
kimberlyn 1 4.605170185988092 4.605170185988092
kimmons 1 4.605170185988092 4.605170185988092
king 1 1.3093333199837622 1.3093333199837622
kingdom 1 1.5141277326297755 1.5141277326297755
kinsley 1 4.605170185988092 4.605170185988092
kipchirchir 1 4.605170185988092 4.605170185988092
kipp 1 4.605170185988092 4.605170185988092
kiprop 1 4.605170185988092 4.605170185988092
kipyego 1 4.605170185988092 4.605170185988092
kipyegon 1 4.605170185988092 4.605170185988092
kirk 1 4.605170185988092 4.605170185988092
kirkpatrick 1 3.912023005428146 3.912023005428146
kiss 1 3.2188758248682006 3.2188758248682006
kitchen 1 3.2188758248682006 3.2188758248682006
kjellman 1 4.605170185988092 4.605170185988092
knight 1 2.0402208285265546 2.0402208285265546
koch 1 3.912023005428146 3.912023005428146
koetsier 1 4.605170185988092 4.605170185988092
kohut 1 4.605170185988092 4.605170185988092
koll 1 4.605170185988092 4.605170185988092
korea 1 2.5257286443082556 2.5257286443082556
korir 1 4.605170185988092 4.605170185988092
kovacs 1 4.605170185988092 4.605170185988092
kreiner 1 4.605170185988092 4.605170185988092
krissy 1 4.605170185988092 4.605170185988092
kristi 1 3.912023005428146 3.912023005428146
kristin 1 3.912023005428146 3.912023005428146
kroon 1 4.605170185988092 4.605170185988092
kruger 1 3.912023005428146 3.912023005428146
kuikka 1 4.605170185988092 4.605170185988092
kujala 1 4.605170185988092 4.605170185988092
kupcho 1 4.605170185988092 4.605170185988092
kupets 1 4.605170185988092 4.605170185988092
kurgat 1 4.605170185988092 4.605170185988092
kyle 1 2.120263536200091 2.120263536200091
kynard 1 4.605170185988092 4.605170185988092
lacey 1 4.605170185988092 4.605170185988092
lacrosse 1 4.605170185988092 4.605170185988092
lagat 1 4.605170185988092 4.605170185988092
lain 1 4.605170185988092 4.605170185988092
lananna 1 4.605170185988092 4.605170185988092
lance 1 2.995732273553991 2.995732273553991
langat 1 4.605170185988092 4.605170185988092
language 1 0.0 0.0
lap 1 3.2188758248682006 3.2188758248682006
laravie 1 4.605170185988092 4.605170185988092
larrieu 1 4.605170185988092 4.605170185988092
larry 1 2.207274913189721 2.207274913189721
lashinda 1 4.605170185988092 4.605170185988092
last 1 0.0 0.0
late 1 1.3093333199837622 1.3093333199837622
later 1 0.5621189181535412 0.5621189181535412
laughlin 1 3.506557897319982 3.506557897319982
laura 1 2.207274913189721 2.207274913189721
lauren 1 3.506557897319982 3.506557897319982
lauryn 1 4.605170185988092 4.605170185988092
lawrence 1 2.302585092994046 2.302585092994046
lawrie 1 4.605170185988092 4.605170185988092
lawson 1 3.2188758248682006 3.2188758248682006
leading 1 1.3093333199837622 1.3093333199837622
leaf 1 2.302585092994046 2.302585092994046
league 1 1.3470736479666094 1.3470736479666094
lean 1 3.2188758248682006 3.2188758248682006
learn 1 0.0 0.0
ledecky 1 4.605170185988092 4.605170185988092
lee 1 1.6607312068216509 1.6607312068216509
lefebvre 1 3.506557897319982 3.506557897319982
legacy 1 2.0402208285265546 2.0402208285265546
lehane 1 4.605170185988092 4.605170185988092
leigh 1 3.506557897319982 3.506557897319982
lendore 1 4.605170185988092 4.605170185988092
leo 1 2.8134107167600364 2.8134107167600364
leonard 1 2.659260036932778 2.659260036932778
leonel 1 4.605170185988092 4.605170185988092
lesley 1 3.2188758248682006 3.2188758248682006
leslie 1 2.8134107167600364 2.8134107167600364
less 1 1.5141277326297755 1.5141277326297755
let 1 1.8325814637483102 1.8325814637483102
lettiere 1 4.605170185988092 4.605170185988092
leverenz 1 4.605170185988092 4.605170185988092
levins 1 4.605170185988092 4.605170185988092
lewallen 1 4.605170185988092 4.605170185988092
lewis 1 1.8325814637483102 1.8325814637483102
lewy 1 4.605170185988092 4.605170185988092
liaftercontent 1 0.127833371509885 0.127833371509885
libbie 1 4.605170185988092 4.605170185988092
liberty 1 2.8134107167600364 2.8134107167600364
license 1 0.0 0.0
lichey 1 4.605170185988092 4.605170185988092
lieberman 1 4.605170185988092 4.605170185988092
light 1 1.3862943611198906 1.3862943611198906
lilley 1 4.605170185988092 4.605170185988092
lilly 1 3.2188758248682006 3.2188758248682006
limarginbottomm 1 4.605170185988092 4.605170185988092
linda 1 3.2188758248682006 3.2188758248682006
lindblad 1 4.605170185988092 4.605170185988092
linden 1 4.605170185988092 4.605170185988092
lindgren 1 4.605170185988092 4.605170185988092
lindsey 1 4.605170185988092 4.605170185988092
link 1 0.0 0.0
liquori 1 4.605170185988092 4.605170185988092
lisa 1 2.995732273553991 2.995732273553991
liss 1 4.605170185988092 4.605170185988092
liu 1 3.2188758248682006 3.2188758248682006
live 1 1.2378743560016172 1.2378743560016172
living 1 1.07880966137193 1.07880966137193
ljungqvist 1 4.605170185988092 4.605170185988092
loach 1 4.605170185988092 4.605170185988092
lobo 1 4.605170185988092 4.605170185988092
locker 1 4.605170185988092 4.605170185988092
loera 1 4.605170185988092 4.605170185988092
log 1 0.0 0.0
logan 1 2.995732273553991 2.995732273553991
logged 1 0.0 0.0
lolo 1 4.605170185988092 4.605170185988092
lomong 1 4.605170185988092 4.605170185988092
london 1 1.5141277326297755 1.5141277326297755
longaker 1 4.605170185988092 4.605170185988092
longdistance 1 3.912023005428146 3.912023005428146
longstanding 1 3.506557897319982 3.506557897319982
lopez 1 3.506557897319982 3.506557897319982
loree 1 4.605170185988092 4.605170185988092
los 1 1.5141277326297755 1.5141277326297755
loses 1 2.659260036932778 2.659260036932778
losing 1 2.120263536200091 2.120263536200091
louis 1 1.5141277326297755 1.5141277326297755
louise 1 3.2188758248682006 3.2188758248682006
low 1 1.9661128563728327 1.9661128563728327
lowe 1 4.605170185988092 4.605170185988092
lsu 1 3.912023005428146 3.912023005428146
lyness 1 4.605170185988092 4.605170185988092
lynn 1 3.2188758248682006 3.2188758248682006
lyudmila 1 4.605170185988092 4.605170185988092
mac 1 2.0402208285265546 2.0402208285265546
macario 1 4.605170185988092 4.605170185988092
machine 1 1.4696759700589417 1.4696759700589417
macy 1 4.605170185988092 4.605170185988092
maddox 1 4.605170185988092 4.605170185988092
made 1 0.653926467406664 0.653926467406664
madison 1 2.659260036932778 2.659260036932778
madl 1 4.605170185988092 4.605170185988092
madrid 1 3.2188758248682006 3.2188758248682006
mae 1 3.912023005428146 3.912023005428146
magdalena 1 3.506557897319982 3.506557897319982
maggie 1 3.506557897319982 3.506557897319982
main 1 0.0 0.0
mainother 1 1.5141277326297755 1.5141277326297755
make 1 1.0498221244986776 1.0498221244986776
making 1 1.6607312068216509 1.6607312068216509
makusha 1 4.605170185988092 4.605170185988092
malone 1 2.995732273553991 2.995732273553991
maloney 1 3.912023005428146 3.912023005428146
malosky 1 4.605170185988092 4.605170185988092
mance 1 4.605170185988092 4.605170185988092
manley 1 4.605170185988092 4.605170185988092
mann 1 3.506557897319982 3.506557897319982
manson 1 3.2188758248682006 3.2188758248682006
manteo 1 4.605170185988092 4.605170185988092
manuel 1 2.659260036932778 2.659260036932778
manzano 1 4.605170185988092 4.605170185988092
marathon 1 3.912023005428146 3.912023005428146
march 1 0.3147107448397002 0.3147107448397002
margareta 1 4.605170185988092 4.605170185988092
maria 1 1.9661128563728327 1.9661128563728327
maricica 1 4.605170185988092 4.605170185988092
marie 1 2.5257286443082556 2.5257286443082556
marielle 1 4.605170185988092 4.605170185988092
mario 1 2.407945608651872 2.407945608651872
mark 1 1.1394342831883648 1.1394342831883648
marla 1 4.605170185988092 4.605170185988092
marlowe 1 3.912023005428146 3.912023005428146
marquis 1 2.995732273553991 2.995732273553991
marquise 1 4.605170185988092 4.605170185988092
married 1 1.5141277326297755 1.5141277326297755
marsden 1 4.605170185988092 4.605170185988092
marshevet 1 4.605170185988092 4.605170185988092
martin 1 1.3470736479666094 1.3470736479666094
martinez 1 3.506557897319982 3.506557897319982
marty 1 3.506557897319982 3.506557897319982
marvin 1 4.605170185988092 4.605170185988092
mary 1 1.7719568419318754 1.7719568419318754
maryam 1 4.605170185988092 4.605170185988092
masakayan 1 4.605170185988092 4.605170185988092
mason 1 2.207274913189721 2.207274913189721
masterkova 1 4.605170185988092 4.605170185988092
matson 1 3.912023005428146 3.912023005428146
matt 1 1.8325814637483102 1.8325814637483102
matthew 1 1.8325814637483102 1.8325814637483102
maurice 1 2.407945608651872 2.407945608651872
may 1 0.0 0.0
mead 1 3.912023005428146 3.912023005428146
meagher 1 3.912023005428146 3.912023005428146
meb 1 4.605170185988092 4.605170185988092
mechelle 1 4.605170185988092 4.605170185988092
medal 1 2.5257286443082556 2.5257286443082556
medalist 1 3.2188758248682006 3.2188758248682006
medium 1 0.49429632181478017 0.49429632181478017
meet 1 1.6607312068216509 1.6607312068216509
meg 1 3.912023005428146 3.912023005428146
mel 1 3.2188758248682006 3.2188758248682006
melinte 1 4.605170185988092 4.605170185988092
melville 1 3.912023005428146 3.912023005428146
men 1 1.2039728043259361 1.2039728043259361
mensfield 1 4.605170185988092 4.605170185988092
menu 1 0.0 0.0
merlene 1 4.605170185988092 4.605170185988092
merrill 1 3.506557897319982 3.506557897319982
merritt 1 3.912023005428146 3.912023005428146
metcalfe 1 3.912023005428146 3.912023005428146
meter 1 4.605170185988092 4.605170185988092
metivier 1 4.605170185988092 4.605170185988092
metre 1 3.912023005428146 3.912023005428146
metro 1 2.995732273553991 2.995732273553991
metzler 1 3.912023005428146 3.912023005428146
mewis 1 4.605170185988092 4.605170185988092
mexico 1 1.5606477482646683 1.5606477482646683
meyers 1 4.605170185988092 4.605170185988092
michael 1 1.171182981502945 1.171182981502945
michelle 1 3.506557897319982 3.506557897319982
michta 1 4.605170185988092 4.605170185988092
middle 1 2.0402208285265546 2.0402208285265546
middledistance 1 4.605170185988092 4.605170185988092
miguel 1 2.302585092994046 2.302585092994046
mike 1 1.6094379124341003 1.6094379124341003
milburn 1 4.605170185988092 4.605170185988092
mile 1 1.8971199848858813 1.8971199848858813
milesplit 1 4.605170185988092 4.605170185988092
mill 1 2.302585092994046 2.302585092994046
millan 1 3.2188758248682006 3.2188758248682006
miller 1 1.6094379124341003 1.6094379124341003
mindy 1 3.912023005428146 3.912023005428146
mingo 1 4.605170185988092 4.605170185988092
minute 1 1.6607312068216509 1.6607312068216509
miranda 1 3.2188758248682006 3.2188758248682006
miscounting 1 4.605170185988092 4.605170185988092
missed 1 3.506557897319982 3.506557897319982
missing 1 1.8971199848858813 1.8971199848858813
mitchell 1 2.302585092994046 2.302585092994046
mobile 1 0.0 0.0
moines 1 3.506557897319982 3.506557897319982
moline 1 3.912023005428146 3.912023005428146
molly 1 3.506557897319982 3.506557897319982
monaco 1 3.506557897319982 3.506557897319982
monday 1 2.8134107167600364 2.8134107167600364
monique 1 4.605170185988092 4.605170185988092
montao 1 4.605170185988092 4.605170185988092
montgomery 1 2.5257286443082556 2.5257286443082556
monti 1 4.605170185988092 4.605170185988092
moody 1 2.8134107167600364 2.8134107167600364
moore 1 2.120263536200091 2.120263536200091
moravcov 1 4.605170185988092 4.605170185988092
morgan 1 2.207274913189721 2.207274913189721
morlock 1 4.605170185988092 4.605170185988092
morolake 1 4.605170185988092 4.605170185988092
morris 1 2.659260036932778 2.659260036932778
morrow 1 3.2188758248682006 3.2188758248682006
moscow 1 2.659260036932778 2.659260036932778
moser 1 3.506557897319982 3.506557897319982
moses 1 3.506557897319982 3.506557897319982
moss 1 3.506557897319982 3.506557897319982
move 1 0.0 0.0
mueller 1 3.912023005428146 3.912023005428146
muhammad 1 3.2188758248682006 3.2188758248682006
muir 1 3.506557897319982 3.506557897319982
mulder 1 4.605170185988092 4.605170185988092
multiyear 1 4.605170185988092 4.605170185988092
muna 1 3.912023005428146 3.912023005428146
murphy 1 2.5257286443082556 2.5257286443082556
murtry 1 4.605170185988092 4.605170185988092
muscaro 1 4.605170185988092 4.605170185988092
myricks 1 4.605170185988092 4.605170185988092
namara 1 3.912023005428146 3.912023005428146
name 1 0.5276327420823719 0.5276327420823719
named 1 1.2039728043259361 1.2039728043259361
namesake 1 3.2188758248682006 3.2188758248682006
nan 1 4.605170185988092 4.605170185988092
nancy 1 2.302585092994046 2.302585092994046
natalia 1 3.912023005428146 3.912023005428146
natalie 1 3.506557897319982 3.506557897319982
natasha 1 3.506557897319982 3.506557897319982
nation 1 1.2729656758128876 1.2729656758128876
national 1 0.5108256237659907 0.5108256237659907
nauck 1 4.605170185988092 4.605170185988092
navbar 1 0.23572233352106994 0.23572233352106994
navbarfontsizemedia 1 0.3147107448397002 0.3147107448397002
navbarmini 1 0.23572233352106994 0.23572233352106994
navbox 1 0.1392620673335076 0.1392620673335076
navboximage 1 0.1392620673335076 0.1392620673335076
navboxsubgroup 1 0.1392620673335076 0.1392620673335076
navboxtitle 1 0.1392620673335076 0.1392620673335076
navigation 1 0.0 0.0
nbc 1 3.2188758248682006 3.2188758248682006
ncaa 1 2.5257286443082556 2.5257286443082556
ndplace 1 4.605170185988092 4.605170185988092
nearly 1 2.8134107167600364 2.8134107167600364
ned 1 2.995732273553991 2.995732273553991
nederland 1 1.7147984280919266 1.7147984280919266
nehemiah 1 4.605170185988092 4.605170185988092
nellum 1 4.605170185988092 4.605170185988092
nelson 1 2.407945608651872 2.407945608651872
nelvis 1 4.605170185988092 4.605170185988092
nesbit 1 4.605170185988092 4.605170185988092
netherlands 1 1.7719568419318754 1.7719568419318754
neugebauer 1 4.605170185988092 4.605170185988092
nevada 1 2.995732273553991 2.995732273553991
neville 1 3.506557897319982 3.506557897319982
new 1 0.24846135929849972 0.24846135929849972
newcastle 1 3.2188758248682006 3.2188758248682006
news 1 0.843970070294529 0.843970070294529
ngoni 1 4.605170185988092 4.605170185988092
nia 1 4.605170185988092 4.605170185988092
nicholas 1 2.302585092994046 2.302585092994046
nichols 1 3.506557897319982 3.506557897319982
nick 1 2.120263536200091 2.120263536200091
nicole 1 3.2188758248682006 3.2188758248682006
nielsen 1 3.912023005428146 3.912023005428146
nieto 1 4.605170185988092 4.605170185988092
nikki 1 3.2188758248682006 3.2188758248682006
ninth 1 2.659260036932778 2.659260036932778
nirapathpongporn 1 4.605170185988092 4.605170185988092
nnamani 1 4.605170185988092 4.605170185988092
nogueira 1 3.912023005428146 3.912023005428146
nonprofit 1 0.0 0.0
norman 1 2.302585092994046 2.302585092994046
norsk 1 1.9661128563728327 1.9661128563728327
north 1 0.8209805520698303 0.8209805520698303
northcroft 1 4.605170185988092 4.605170185988092
note 1 0.8209805520698303 0.8209805520698303
november 1 0.3011050927839216 0.3011050927839216
noyola 1 4.605170185988092 4.605170185988092
numbered 1 3.2188758248682006 3.2188758248682006
nunn 1 4.605170185988092 4.605170185988092
nwaba 1 4.605170185988092 4.605170185988092
nyambui 1 4.605170185988092 4.605170185988092
nye 1 3.506557897319982 3.506557897319982
nynorsk 1 2.8134107167600364 2.8134107167600364
nyrrorg 1 4.605170185988092 4.605170185988092
obiri 1 4.605170185988092 4.605170185988092
obrien 1 2.8134107167600364 2.8134107167600364
october 1 0.28768207245178085 0.28768207245178085
odd 1 3.506557897319982 3.506557897319982
oden 1 3.912023005428146 3.912023005428146
odonnell 1 3.912023005428146 3.912023005428146
official 1 0.7550225842780328 0.7550225842780328
okolo 1 4.605170185988092 4.605170185988092
oliver 1 2.407945608651872 2.407945608651872
ollibeforecontent 1 0.127833371509885 0.127833371509885
olson 1 3.912023005428146 3.912023005428146
olympic 1 2.995732273553991 2.995732273553991
olympics 1 2.8134107167600364 2.8134107167600364
one 1 0.23572233352106994 0.23572233352106994
oneal 1 3.506557897319982 3.506557897319982
opener 1 3.912023005428146 3.912023005428146
oregon 1 2.407945608651872 2.407945608651872
oreilly 1 2.995732273553991 2.995732273553991
oren 1 4.605170185988092 4.605170185988092
organization 1 0.0 0.0
organizationname 1 0.010050335853501506 0.010050335853501506
original 1 0.4155154439616658 0.4155154439616658
orin 1 4.605170185988092 4.605170185988092
orji 1 4.605170185988092 4.605170185988092
orlando 1 3.912023005428146 3.912023005428146
ortega 1 3.912023005428146 3.912023005428146
osaka 1 4.605170185988092 4.605170185988092
osborne 1 3.2188758248682006 3.2188758248682006
osterloh 1 4.605170185988092 4.605170185988092
osterman 1 4.605170185988092 4.605170185988092
ostrander 1 4.605170185988092 4.605170185988092
osullivan 1 3.912023005428146 3.912023005428146
otherwise 1 3.2188758248682006 3.2188758248682006
ottey 1 4.605170185988092 4.605170185988092
outdoor 1 4.605170185988092 4.605170185988092
outdoors 1 4.605170185988092 4.605170185988092
overall 1 1.8325814637483102 1.8325814637483102
oviedo 1 4.605170185988092 4.605170185988092
owen 1 2.995732273553991 2.995732273553991
oxy 1 3.912023005428146 3.912023005428146
padgett 1 4.605170185988092 4.605170185988092
page 1 0.0 0.0
pancake 1 4.605170185988092 4.605170185988092
pandemic 1 3.2188758248682006 3.2188758248682006
pappa 1 4.605170185988092 4.605170185988092
parenthesis 1 4.605170185988092 4.605170185988092
paris 1 2.0402208285265546 2.0402208285265546
park 1 1.3093333199837622 1.3093333199837622
parker 1 2.659260036932778 2.659260036932778
parmlid 1 4.605170185988092 4.605170185988092
parra 1 4.605170185988092 4.605170185988092
pate 1 3.912023005428146 3.912023005428146
patrick 1 1.8971199848858813 1.8971199848858813
patterson 1 3.2188758248682006 3.2188758248682006
patti 1 4.605170185988092 4.605170185988092
patton 1 3.506557897319982 3.506557897319982
paul 1 0.8675005677047231 0.8675005677047231
pavan 1 4.605170185988092 4.605170185988092
payne 1 2.995732273553991 2.995732273553991
pdf 1 1.0498221244986776 1.0498221244986776
pdfprintable 1 0.0 0.0
peninsula 1 3.912023005428146 3.912023005428146
penner 1 4.605170185988092 4.605170185988092
pennington 1 4.605170185988092 4.605170185988092
people 1 0.49429632181478017 0.49429632181478017
perez 1 3.506557897319982 3.506557897319982
performance 1 1.7719568419318754 1.7719568419318754
permanent 1 0.0 0.0
permanently 1 2.5257286443082556 2.5257286443082556
personal 1 0.0 0.0
peter 1 1.3093333199837622 1.3093333199837622
petrantonio 1 4.605170185988092 4.605170185988092
petrizzi 1 4.605170185988092 4.605170185988092
petty 1 3.506557897319982 3.506557897319982
phebus 1 4.605170185988092 4.605170185988092
pherson 1 3.912023005428146 3.912023005428146
philip 1 1.7147984280919266 1.7147984280919266
phyllis 1 2.995732273553991 2.995732273553991
pickens 1 4.605170185988092 4.605170185988092
pickler 1 4.605170185988092 4.605170185988092
pierce 1 3.506557897319982 3.506557897319982
pierre 1 2.302585092994046 2.302585092994046
pistorius 1 4.605170185988092 4.605170185988092
place 1 0.653926467406664 0.653926467406664
placed 1 1.7147984280919266 1.7147984280919266
plainlist 1 0.7339691750802005 0.7339691750802005
plum 1 3.912023005428146 3.912023005428146
plumer 1 4.605170185988092 4.605170185988092
plummer 1 4.605170185988092 4.605170185988092
policy 1 0.0 0.0
polski 1 1.3470736479666094 1.3470736479666094
poncin 1 4.605170185988092 4.605170185988092
por 1 3.506557897319982 3.506557897319982
portal 1 0.0 0.0
porter 1 2.659260036932778 2.659260036932778
portugus 1 1.171182981502945 1.171182981502945
position 1 1.1394342831883648 1.1394342831883648
possession 1 2.995732273553991 2.995732273553991
post 1 1.07880966137193 1.07880966137193
powell 1 2.8134107167600364 2.8134107167600364
prandini 1 4.605170185988092 4.605170185988092
precededby 1 2.302585092994046 2.302585092994046
prefontaine 1 4.605170185988092 4.605170185988092
present 1 0.9675840262617057 0.9675840262617057
presentation 1 2.995732273553991 2.995732273553991
press 1 0.7550225842780328 0.7550225842780328
price 1 1.9661128563728327 1.9661128563728327
primarily 1 2.407945608651872 2.407945608651872
prineas 1 4.605170185988092 4.605170185988092
printbodyns 1 0.09431067947124142 0.09431067947124142
printexport 1 0.0 0.0
privacy 1 0.0 0.0
prix 1 2.995732273553991 2.995732273553991
pro 1 1.6607312068216509 1.6607312068216509
procaccio 1 4.605170185988092 4.605170185988092
professional 1 1.6607312068216509 1.6607312068216509
profile 1 2.0402208285265546 2.0402208285265546
project 1 0.0 0.0
puic 1 4.605170185988092 4.605170185988092
pukstys 1 4.605170185988092 4.605170185988092
puma 1 3.912023005428146 3.912023005428146
purrier 1 4.605170185988092 4.605170185988092
qamp 1 3.506557897319982 3.506557897319982
qatar 1 3.506557897319982 3.506557897319982
qualification 1 2.995732273553991 2.995732273553991
qualified 1 2.995732273553991 2.995732273553991
qualify 1 2.659260036932778 2.659260036932778
quance 1 4.605170185988092 4.605170185988092
quay 1 4.605170185988092 4.605170185988092
queen 1 2.407945608651872 2.407945608651872
quigley 1 4.605170185988092 4.605170185988092
quinley 1 4.605170185988092 4.605170185988092
quotation 1 2.995732273553991 2.995732273553991
race 1 1.7147984280919266 1.7147984280919266
rachel 1 2.8134107167600364 2.8134107167600364
racing 1 2.5257286443082556 2.5257286443082556
raevyn 1 4.605170185988092 4.605170185988092
rafeeq 1 4.605170185988092 4.605170185988092
ralph 1 2.120263536200091 2.120263536200091
ran 1 2.0402208285265546 2.0402208285265546
random 1 0.0 0.0
randy 1 2.8134107167600364 2.8134107167600364
ranking 1 2.207274913189721 2.207274913189721
raven 1 3.2188758248682006 3.2188758248682006
raymond 1 2.302585092994046 2.302585092994046
reaction 1 3.2188758248682006 3.2188758248682006
read 1 0.0 0.0
reale 1 4.605170185988092 4.605170185988092
recap 1 3.506557897319982 3.506557897319982
recent 1 0.0 0.0
record 1 0.7765287894989963 0.7765287894989963
recordsetting 1 4.605170185988092 4.605170185988092
reddick 1 4.605170185988092 4.605170185988092
reese 1 4.605170185988092 4.605170185988092
reference 1 0.03045920748470844 0.03045920748470844
reflist 1 0.06187540371808745 0.06187540371808745
reflistcolumns 1 0.06187540371808745 0.06187540371808745
reg 1 0.0 0.0
reggie 1 3.912023005428146 3.912023005428146
regina 1 4.605170185988092 4.605170185988092
regional 1 2.407945608651872 2.407945608651872
register 1 2.995732273553991 2.995732273553991
registered 1 0.0 0.0
reid 1 2.659260036932778 2.659260036932778
reinprecht 1 4.605170185988092 4.605170185988092
reiss 1 4.605170185988092 4.605170185988092
related 1 0.0 0.0
relay 1 3.912023005428146 3.912023005428146
release 1 1.3093333199837622 1.3093333199837622
renaldo 1 4.605170185988092 4.605170185988092
renamed 1 2.5257286443082556 2.5257286443082556
renee 1 3.912023005428146 3.912023005428146
repeated 1 2.995732273553991 2.995732273553991
report 1 1.1086626245216111 1.1086626245216111
represent 1 2.8134107167600364 2.8134107167600364
represented 1 1.7719568419318754 1.7719568419318754
representing 1 2.407945608651872 2.407945608651872
requires 1 3.2188758248682006 3.2188758248682006
result 1 0.9942522733438669 0.9942522733438669
retired 1 1.7719568419318754 1.7719568419318754
retrieved 1 0.0 0.0
rettke 1 4.605170185988092 4.605170185988092
return 1 1.07880966137193 1.07880966137193
returned 1 1.4271163556401458 1.4271163556401458
rhine 1 3.912023005428146 3.912023005428146
rice 1 2.995732273553991 2.995732273553991
richard 1 1.1394342831883648 1.1394342831883648
richards 1 2.8134107167600364 2.8134107167600364
richardson 1 2.995732273553991 2.995732273553991
richburg 1 4.605170185988092 4.605170185988092
ricketts 1 3.506557897319982 3.506557897319982
ricky 1 2.8134107167600364 2.8134107167600364
right 1 0.9675840262617057 0.9675840262617057
riley 1 3.2188758248682006 3.2188758248682006
rio 1 2.995732273553991 2.995732273553991
riode 1 4.605170185988092 4.605170185988092
rita 1 3.912023005428146 3.912023005428146
ritchie 1 3.506557897319982 3.506557897319982
ritter 1 3.912023005428146 3.912023005428146
ritzenhein 1 4.605170185988092 4.605170185988092
rival 1 3.2188758248682006 3.2188758248682006
rizzotti 1 4.605170185988092 4.605170185988092
road 1 1.3862943611198906 1.3862943611198906
robby 1 4.605170185988092 4.605170185988092
robert 1 0.8675005677047231 0.8675005677047231
robertson 1 2.659260036932778 2.659260036932778
robin 1 2.8134107167600364 2.8134107167600364
robinson 1 2.120263536200091 2.120263536200091
robyne 1 3.912023005428146 3.912023005428146
rocha 1 4.605170185988092 4.605170185988092
rodgers 1 3.506557897319982 3.506557897319982
rodney 1 3.506557897319982 3.506557897319982
rodrguez 1 3.912023005428146 3.912023005428146
rodriguez 1 2.995732273553991 2.995732273553991
roesler 1 4.605170185988092 4.605170185988092
roethlisberger 1 4.605170185988092 4.605170185988092
rogers 1 3.506557897319982 3.506557897319982
rollins 1 3.912023005428146 3.912023005428146
rom 1 2.995732273553991 2.995732273553991
rome 1 3.506557897319982 3.506557897319982
romero 1 3.912023005428146 3.912023005428146
ron 1 2.5257286443082556 2.5257286443082556
ronnie 1 3.912023005428146 3.912023005428146
rono 1 4.605170185988092 4.605170185988092
roos 1 3.912023005428146 3.912023005428146
rosalyn 1 4.605170185988092 4.605170185988092
rose 1 1.8325814637483102 1.8325814637483102
ross 1 2.0402208285265546 2.0402208285265546
rou 1 4.605170185988092 4.605170185988092
round 1 1.3862943611198906 1.3862943611198906
rovelto 1 4.605170185988092 4.605170185988092
rowand 1 4.605170185988092 4.605170185988092
rowbury 1 4.605170185988092 4.605170185988092
rowe 1 3.2188758248682006 3.2188758248682006
ru 1 3.912023005428146 3.912023005428146
rudolph 1 3.2188758248682006 3.2188758248682006
rudy 1 3.506557897319982 3.506557897319982
ruiz 1 3.506557897319982 3.506557897319982
run 1 1.171182981502945 1.171182981502945
runcom 1 4.605170185988092 4.605170185988092
runner 1 2.995732273553991 2.995732273553991
runnerspace 1 4.605170185988092 4.605170185988092
runnerup 1 3.506557897319982 3.506557897319982
running 1 1.6607312068216509 1.6607312068216509
runyan 1 4.605170185988092 4.605170185988092
rupp 1 3.506557897319982 3.506557897319982
rush 1 3.506557897319982 3.506557897319982
russell 1 2.0402208285265546 2.0402208285265546
russia 1 2.0402208285265546 2.0402208285265546
ryan 1 1.8325814637483102 1.8325814637483102
ryun 1 4.605170185988092 4.605170185988092
sabrina 1 4.605170185988092 4.605170185988092
sacramento 1 3.506557897319982 3.506557897319982
saina 1 4.605170185988092 4.605170185988092
saint 1 1.6607312068216509 1.6607312068216509
salb 1 4.605170185988092 4.605170185988092
sally 1 2.995732273553991 2.995732273553991
sam 1 2.8134107167600364 2.8134107167600364
san 1 1.2378743560016172 1.2378743560016172
sander 1 2.995732273553991 2.995732273553991
sandi 1 3.912023005428146 3.912023005428146
sanya 1 4.605170185988092 4.605170185988092
sategna 1 4.605170185988092 4.605170185988092
saunders 1 3.506557897319982 3.506557897319982
scane 1 4.605170185988092 4.605170185988092
scenza 1 4.605170185988092 4.605170185988092
schade 1 4.605170185988092 4.605170185988092
schase 1 4.605170185988092 4.605170185988092
schedule 1 2.302585092994046 2.302585092994046
scheuermann 1 4.605170185988092 4.605170185988092
schexnayder 1 4.605170185988092 4.605170185988092
schlobohm 1 4.605170185988092 4.605170185988092
schmidt 1 2.995732273553991 2.995732273553991
schmitt 1 3.506557897319982 3.506557897319982
school 1 0.7765287894989963 0.7765287894989963
schreyer 1 4.605170185988092 4.605170185988092
schweizer 1 3.912023005428146 3.912023005428146
scott 1 1.2729656758128876 1.2729656758128876
screen 1 0.010050335853501506 0.010050335853501506
sean 1 2.302585092994046 2.302585092994046
search 1 0.0 0.0
season 1 1.1394342831883648 1.1394342831883648
seasonal 1 3.2188758248682006 3.2188758248682006
second 1 0.49429632181478017 0.49429632181478017
see 1 0.40047756659712536 0.40047756659712536
seidel 1 3.506557897319982 3.506557897319982
seilala 1 4.605170185988092 4.605170185988092
selected 1 2.207274913189721 2.207274913189721
sell 1 2.5257286443082556 2.5257286443082556
semifinal 1 2.407945608651872 2.407945608651872
senior 1 2.0402208285265546 2.0402208285265546
sentinel 1 2.8134107167600364 2.8134107167600364
sept 1 3.2188758248682006 3.2188758248682006
september 1 0.43078291609245434 0.43078291609245434
set 1 0.9942522733438669 0.9942522733438669
setting 1 2.120263536200091 2.120263536200091
seven 1 1.6094379124341003 1.6094379124341003
seventh 1 2.5257286443082556 2.5257286443082556
sha 1 3.912023005428146 3.912023005428146
shadrack 1 4.605170185988092 4.605170185988092
shalane 1 4.605170185988092 4.605170185988092
shalaya 1 4.605170185988092 4.605170185988092
shanghai 1 3.2188758248682006 3.2188758248682006
shani 1 4.605170185988092 4.605170185988092
shannon 1 2.5257286443082556 2.5257286443082556
shapiro 1 3.506557897319982 3.506557897319982
share 1 0.0 0.0
sharon 1 2.659260036932778 2.659260036932778
sharples 1 4.605170185988092 4.605170185988092
shawn 1 2.659260036932778 2.659260036932778
shayne 1 4.605170185988092 4.605170185988092
shea 1 4.605170185988092 4.605170185988092
sheehan 1 3.912023005428146 3.912023005428146
sheena 1 4.605170185988092 4.605170185988092
sheffield 1 4.605170185988092 4.605170185988092
sheila 1 3.2188758248682006 3.2188758248682006
shelbi 1 4.605170185988092 4.605170185988092
shelby 1 3.506557897319982 3.506557897319982
shelly 1 4.605170185988092 4.605170185988092
shelton 1 3.912023005428146 3.912023005428146
sheskey 1 4.605170185988092 4.605170185988092
shipman 1 4.605170185988092 4.605170185988092
shoe 1 3.2188758248682006 3.2188758248682006
shook 1 4.605170185988092 4.605170185988092
short 1 0.06187540371808745 0.06187540371808745
shortdescription 1 0.2613647641344075 0.2613647641344075
shortened 1 0.0 0.0
sidebar 1 0.0 0.0
sideboxmarginpx 1 1.3862943611198906 1.3862943611198906
sideboxtextpaddingem 1 1.3862943611198906 1.3862943611198906
sifan 1 4.605170185988092 4.605170185988092
sign 1 1.8971199848858813 1.8971199848858813
signed 1 2.407945608651872 2.407945608651872
silva 1 3.2188758248682006 3.2188758248682006
silver 1 1.8971199848858813 1.8971199848858813
simmons 1 3.506557897319982 3.506557897319982
simpson 1 2.995732273553991 2.995732273553991
since 1 0.7985076962177716 0.7985076962177716
sinclair 1 3.912023005428146 3.912023005428146
sister 1 1.8325814637483102 1.8325814637483102
sisterbox 1 3.2188758248682006 3.2188758248682006
sistersitebox 1 1.3862943611198906 1.3862943611198906
site 1 0.0 0.0
six 1 1.3470736479666094 1.3470736479666094
sixth 1 1.9661128563728327 1.9661128563728327
skieresz 1 4.605170185988092 4.605170185988092
skinner 1 3.2188758248682006 3.2188758248682006
slaney 1 4.605170185988092 4.605170185988092
slaneys 1 4.605170185988092 4.605170185988092
sloan 1 3.912023005428146 3.912023005428146
smallwood 1 4.605170185988092 4.605170185988092
smit 1 3.912023005428146 3.912023005428146
smith 1 1.2039728043259361 1.2039728043259361
smock 1 4.605170185988092 4.605170185988092
snow 1 3.506557897319982 3.506557897319982
soccer 1 2.659260036932778 2.659260036932778
sodaro 1 4.605170185988092 4.605170185988092
softball 1 3.912023005428146 3.912023005428146
sole 1 2.659260036932778 2.659260036932778
solid 1 0.09431067947124142 0.09431067947124142
solomon 1 2.995732273553991 2.995732273553991
somarriba 1 4.605170185988092 4.605170185988092
somerlot 1 4.605170185988092 4.605170185988092
sonia 1 3.2188758248682006 3.2188758248682006
south 1 0.9162907318741551 0.9162907318741551
southern 1 1.6607312068216509 1.6607312068216509
spain 1 1.6607312068216509 1.6607312068216509
spearmon 1 4.605170185988092 4.605170185988092
special 1 0.0 0.0
specified 1 3.912023005428146 3.912023005428146
speckman 1 4.605170185988092 4.605170185988092
spencer 1 2.659260036932778 2.659260036932778
spivey 1 4.605170185988092 4.605170185988092
split 1 2.407945608651872 2.407945608651872
sponsoring 1 3.912023005428146 3.912023005428146
sport 1 1.1394342831883648 1.1394342831883648
sportspeople 1 3.506557897319982 3.506557897319982
sportswoman 1 4.605170185988092 4.605170185988092
spring 1 1.5606477482646683 1.5606477482646683
spruppwins 1 4.605170185988092 4.605170185988092
srenstam 1 4.605170185988092 4.605170185988092
stade 1 4.605170185988092 4.605170185988092
staff 1 1.6607312068216509 1.6607312068216509
stafford 1 4.605170185988092 4.605170185988092
staley 1 3.912023005428146 3.912023005428146
standard 1 1.6607312068216509 1.6607312068216509
standing 1 1.8971199848858813 1.8971199848858813
stanford 1 3.506557897319982 3.506557897319982
state 1 0.3147107448397002 0.3147107448397002
statement 1 0.0 0.0
station 1 1.8325814637483102 1.8325814637483102
statistic 1 0.0 0.0
stearns 1 4.605170185988092 4.605170185988092
steely 1 4.605170185988092 4.605170185988092
steeplechase 1 4.605170185988092 4.605170185988092
steeplechasepresent 1 4.605170185988092 4.605170185988092
steeplechaser 1 4.605170185988092 4.605170185988092
steiner 1 3.506557897319982 3.506557897319982
stephanie 1 2.995732273553991 2.995732273553991
stephen 1 1.8971199848858813 1.8971199848858813
stepp 1 4.605170185988092 4.605170185988092
sterkel 1 4.605170185988092 4.605170185988092
stern 1 3.2188758248682006 3.2188758248682006
steve 1 1.8971199848858813 1.8971199848858813
stevens 1 3.506557897319982 3.506557897319982
steves 1 4.605170185988092 4.605170185988092
stewart 1 2.207274913189721 2.207274913189721
stile 1 4.605170185988092 4.605170185988092
stockholm 1 3.912023005428146 3.912023005428146
stoiana 1 4.605170185988092 4.605170185988092
stoll 1 4.605170185988092 4.605170185988092
straight 1 2.5257286443082556 2.5257286443082556
stream 1 3.506557897319982 3.506557897319982
stress 1 2.995732273553991 2.995732273553991
strong 1 1.6607312068216509 1.6607312068216509
struggled 1 3.506557897319982 3.506557897319982
stuczynski 1 4.605170185988092 4.605170185988092
student 1 1.3862943611198906 1.3862943611198906
stukenberg 1 4.605170185988092 4.605170185988092
sua 1 3.912023005428146 3.912023005428146
sub 1 3.506557897319982 3.506557897319982
subsection 1 0.3424903089467759 0.3424903089467759
succeededby 1 2.5257286443082556 2.5257286443082556
sudden 1 3.506557897319982 3.506557897319982
sue 1 2.995732273553991 2.995732273553991
suhr 1 4.605170185988092 4.605170185988092
suleiman 1 3.912023005428146 3.912023005428146
sullivan 1 2.659260036932778 2.659260036932778
summer 1 1.5141277326297755 1.5141277326297755
suomi 1 1.7719568419318754 1.7719568419318754
surprise 1 3.506557897319982 3.506557897319982
suzanne 1 2.995732273553991 2.995732273553991
suzy 1 4.605170185988092 4.605170185988092
svenska 1 1.9661128563728327 1.9661128563728327
svetlana 1 3.912023005428146 3.912023005428146
swan 1 3.912023005428146 3.912023005428146
swe 1 3.912023005428146 3.912023005428146
sweden 1 2.207274913189721 2.207274913189721
swimming 1 4.605170185988092 4.605170185988092
switzerland 1 2.407945608651872 2.407945608651872
swoopes 1 4.605170185988092 4.605170185988092
sydney 1 2.5257286443082556 2.5257286443082556
symmonds 1 4.605170185988092 4.605170185988092
szabo 1 3.912023005428146 3.912023005428146
table 1 0.0 0.0
tablenotnotheme 1 2.302585092994046 2.302585092994046
taiwo 1 4.605170185988092 4.605170185988092
take 1 0.9675840262617057 0.9675840262617057
taking 1 1.6607312068216509 1.6607312068216509
talk 1 0.0 0.0
talley 1 4.605170185988092 4.605170185988092
tanya 1 3.912023005428146 3.912023005428146
tarmoh 1 4.605170185988092 4.605170185988092
tatyana 1 4.605170185988092 4.605170185988092
taurasi 1 4.605170185988092 4.605170185988092
tavis 1 4.605170185988092 4.605170185988092
taylor 1 1.7719568419318754 1.7719568419318754
tdhlist 1 0.1392620673335076 0.1392620673335076
team 1 1.0498221244986776 1.0498221244986776
tech 1 2.207274913189721 2.207274913189721
tegenkamp 1 4.605170185988092 4.605170185988092
template 1 0.0 0.0
temple 1 2.5257286443082556 2.5257286443082556
tennessee 1 2.120263536200091 2.120263536200091
tennis 1 3.506557897319982 3.506557897319982
tenth 1 2.995732273553991 2.995732273553991
terea 1 4.605170185988092 4.605170185988092
term 1 0.0 0.0
terre 1 3.912023005428146 3.912023005428146
terrence 1 4.605170185988092 4.605170185988092
teter 1 4.605170185988092 4.605170185988092
tetyana 1 4.605170185988092 4.605170185988092
teuscher 1 4.605170185988092 4.605170185988092
texas 1 1.8971199848858813 1.8971199848858813
text 1 0.0 0.0
thate 1 4.605170185988092 4.605170185988092
thbodyskinresponsive 1 0.3147107448397002 0.3147107448397002
thibodeau 1 4.605170185988092 4.605170185988092
third 1 0.9162907318741551 0.9162907318741551
thirdfastest 1 4.605170185988092 4.605170185988092
thirdplace 1 4.605170185988092 4.605170185988092
thomas 1 1.1394342831883648 1.1394342831883648
thompson 1 2.0402208285265546 2.0402208285265546
thornton 1 3.2188758248682006 3.2188758248682006
threemile 1 4.605170185988092 4.605170185988092
thurmond 1 4.605170185988092 4.605170185988092
tia 1 3.912023005428146 3.912023005428146
tianna 1 4.605170185988092 4.605170185988092
tied 1 2.5257286443082556 2.5257286443082556
tiffany 1 4.605170185988092 4.605170185988092
time 1 0.28768207245178085 0.28768207245178085
tincher 1 4.605170185988092 4.605170185988092
tinker 1 4.605170185988092 4.605170185988092
tinsley 1 4.605170185988092 4.605170185988092
title 1 0.9162907318741551 0.9162907318741551
today 1 1.4696759700589417 1.4696759700589417
toggle 1 0.010050335853501506 0.010050335853501506
tokyo 1 3.2188758248682006 3.2188758248682006
tollefson 1 4.605170185988092 4.605170185988092
tom 1 1.2378743560016172 1.2378743560016172
tomashova 1 4.605170185988092 4.605170185988092
tonja 1 4.605170185988092 4.605170185988092
tony 1 1.8325814637483102 1.8325814637483102
tool 1 0.0 0.0
toomey 1 4.605170185988092 4.605170185988092
top 1 0.010050335853501506 0.010050335853501506
topic 1 0.0 0.0
topped 1 3.912023005428146 3.912023005428146
torres 1 3.2188758248682006 3.2188758248682006
torri 1 4.605170185988092 4.605170185988092
torus 1 3.912023005428146 3.912023005428146
tosta 1 4.605170185988092 4.605170185988092
total 1 0.0 0.0
tough 1 3.2188758248682006 3.2188758248682006
track 1 1.7719568419318754 1.7719568419318754
trackand 1 4.605170185988092 4.605170185988092
trackorg 1 4.605170185988092 4.605170185988092
trademark 1 0.0 0.0
trafton 1 4.605170185988092 4.605170185988092
trammell 1 4.605170185988092 4.605170185988092
travis 1 2.659260036932778 2.659260036932778
trayvon 1 4.605170185988092 4.605170185988092
trecia 1 4.605170185988092 4.605170185988092
trell 1 4.605170185988092 4.605170185988092
treniere 1 4.605170185988092 4.605170185988092
trevell 1 4.605170185988092 4.605170185988092
trevor 1 2.8134107167600364 2.8134107167600364
trey 1 3.506557897319982 3.506557897319982
trial 1 1.8971199848858813 1.8971199848858813
tribe 1 2.8134107167600364 2.8134107167600364
trotter 1 3.912023005428146 3.912023005428146
troy 1 3.912023005428146 3.912023005428146
tuffey 1 4.605170185988092 4.605170185988092
tully 1 3.912023005428146 3.912023005428146
tuohy 1 4.605170185988092 4.605170185988092
turned 1 2.5257286443082556 2.5257286443082556
twice 1 2.120263536200091 2.120263536200091
two 1 0.43078291609245434 0.43078291609245434
twomey 1 4.605170185988092 4.605170185988092
twomile 1 4.605170185988092 4.605170185988092
tyson 1 3.912023005428146 3.912023005428146
tyus 1 4.605170185988092 4.605170185988092
uceny 1 4.605170185988092 4.605170185988092
uhl 1 4.605170185988092 4.605170185988092
ulpaddingem 1 0.1392620673335076 0.1392620673335076
union 1 1.07880966137193 1.07880966137193
united 1 0.4155154439616658 0.4155154439616658
universal 1 2.407945608651872 2.407945608651872
university 1 0.616186139423817 0.616186139423817
upload 1 0.0 0.0
upshaw 1 4.605170185988092 4.605170185988092
ur 1 3.912023005428146 3.912023005428146
usa 1 1.9661128563728327 1.9661128563728327
usatf 1 4.605170185988092 4.605170185988092
usatforg 1 4.605170185988092 4.605170185988092
usatftv 1 4.605170185988092 4.605170185988092
usboulder 1 4.605170185988092 4.605170185988092
usc 1 3.912023005428146 3.912023005428146
use 1 0.0 0.0
usemployers 1 4.605170185988092 4.605170185988092
ushometown 1 4.605170185988092 4.605170185988092
using 1 0.0 0.0
ustfccca 1 4.605170185988092 4.605170185988092
utah 1 2.302585092994046 2.302585092994046
utc 1 0.0 0.0
valby 1 4.605170185988092 4.605170185988092
valerie 1 3.506557897319982 3.506557897319982
vall 1 4.605170185988092 4.605170185988092
vallverdu 1 4.605170185988092 4.605170185988092
valmon 1 4.605170185988092 4.605170185988092
van 1 1.7147984280919266 1.7147984280919266
vancouver 1 2.995732273553991 2.995732273553991
vansant 1 4.605170185988092 4.605170185988092
var 1 0.0 0.0
varied 1 3.912023005428146 3.912023005428146
vashti 1 4.605170185988092 4.605170185988092
vaughan 1 4.605170185988092 4.605170185988092
vaughn 1 3.506557897319982 3.506557897319982
veitner 1 4.605170185988092 4.605170185988092
venturini 1 4.605170185988092 4.605170185988092
venue 1 2.407945608651872 2.407945608651872
verburg 1 4.605170185988092 4.605170185988092
version 1 0.0 0.0
via 1 1.4271163556401458 1.4271163556401458
vice 1 1.6607312068216509 1.6607312068216509
vicki 1 4.605170185988092 4.605170185988092
video 1 1.3862943611198906 1.3862943611198906
view 1 0.0 0.0
vigil 1 3.912023005428146 3.912023005428146
vin 1 3.912023005428146 3.912023005428146
virginia 1 1.8971199848858813 1.8971199848858813
volleyball 1 3.2188758248682006 3.2188758248682006
vollmer 1 4.605170185988092 4.605170185988092
vte 1 0.7550225842780328 0.7550225842780328
wagner 1 2.8134107167600364 2.8134107167600364
walder 1 4.605170185988092 4.605170185988092
walk 1 3.2188758248682006 3.2188758248682006
walker 1 2.207274913189721 2.207274913189721
wallace 1 2.659260036932778 2.659260036932778
walsh 1 2.302585092994046 2.302585092994046
walter 1 1.7147984280919266 1.7147984280919266
waltz 1 4.605170185988092 4.605170185988092
ward 1 2.302585092994046 2.302585092994046
wariner 1 4.605170185988092 4.605170185988092
warren 1 3.506557897319982 3.506557897319982
washington 1 1.2378743560016172 1.2378743560016172
watch 1 1.8971199848858813 1.8971199848858813
water 1 1.5606477482646683 1.5606477482646683
watley 1 4.605170185988092 4.605170185988092
watson 1 2.659260036932778 2.659260036932778
wayback 1 1.8971199848858813 1.8971199848858813
weatherspoon 1 4.605170185988092 4.605170185988092
web 1 1.4696759700589417 1.4696759700589417
webb 1 3.912023005428146 3.912023005428146
webster 1 2.302585092994046 2.302585092994046
week 1 1.2729656758128876 1.2729656758128876
weightlb 1 3.506557897319982 3.506557897319982
weitzeil 1 4.605170185988092 4.605170185988092
welch 1 3.2188758248682006 3.2188758248682006
well 1 0.7765287894989963 0.7765287894989963
welsh 1 2.995732273553991 2.995732273553991
weltklasse 1 4.605170185988092 4.605170185988092
wener 1 4.605170185988092 4.605170185988092
wentland 1 4.605170185988092 4.605170185988092
werley 1 4.605170185988092 4.605170185988092
weston 1 3.506557897319982 3.506557897319982
wetmore 1 4.605170185988092 4.605170185988092
whalen 1 4.605170185988092 4.605170185988092
wheating 1 4.605170185988092 4.605170185988092
wheeler 1 2.995732273553991 2.995732273553991
white 1 1.171182981502945 1.171182981502945
whiting 1 4.605170185988092 4.605170185988092
whitney 1 3.506557897319982 3.506557897319982
widthpxmargin 1 3.2188758248682006 3.2188758248682006
wikidata 1 0.010050335853501506 0.010050335853501506
wikimedia 1 0.0 0.0
wikipedia 1 0.0 0.0
wikipedias 1 2.5257286443082556 2.5257286443082556
wikiquote 1 2.8134107167600364 2.8134107167600364
willard 1 3.506557897319982 3.506557897319982
williams 1 1.8971199848858813 1.8971199848858813
willis 1 2.995732273553991 2.995732273553991
wilma 1 3.912023005428146 3.912023005428146
wilson 1 1.7719568419318754 1.7719568419318754
win 1 1.1086626245216111 1.1086626245216111
wineberg 1 4.605170185988092 4.605170185988092
winger 1 3.912023005428146 3.912023005428146
winkler 1 3.912023005428146 3.912023005428146
winner 1 1.5141277326297755 1.5141277326297755
winnersstcentury 1 4.605170185988092 4.605170185988092
winning 1 1.8971199848858813 1.8971199848858813
winny 1 4.605170185988092 4.605170185988092
witherspoon 1 4.605170185988092 4.605170185988092
woman 1 1.171182981502945 1.171182981502945
womens 1 2.0402208285265546 2.0402208285265546
womensfield 1 4.605170185988092 4.605170185988092
wood 1 1.7147984280919266 1.7147984280919266
woodard 1 4.605170185988092 4.605170185988092
woodruff 1 3.912023005428146 3.912023005428146
woolcock 1 4.605170185988092 4.605170185988092
world 1 0.5108256237659907 0.5108256237659907
worldleading 1 4.605170185988092 4.605170185988092
worrell 1 3.912023005428146 3.912023005428146
wottle 1 4.605170185988092 4.605170185988092
wound 1 3.912023005428146 3.912023005428146
wurth 1 4.605170185988092 4.605170185988092
wwwflotrackorg 1 4.605170185988092 4.605170185988092
wwwrunblogruncom 1 4.605170185988092 4.605170185988092
wwwwatchathleticscom 1 4.605170185988092 4.605170185988092
wwwworldathleticsorg 1 4.605170185988092 4.605170185988092
wwwyoutubecom 1 3.912023005428146 3.912023005428146
wyomia 1 4.605170185988092 4.605170185988092
year 1 0.3424903089467759 0.3424903089467759
yearold 1 2.5257286443082556 2.5257286443082556
yoder 1 4.605170185988092 4.605170185988092
york 1 0.8209805520698303 0.8209805520698303
young 1 1.2378743560016172 1.2378743560016172
yurkovich 1 4.605170185988092 4.605170185988092
yusuf 1 3.912023005428146 3.912023005428146
zach 1 3.2188758248682006 3.2188758248682006
zajac 1 4.605170185988092 4.605170185988092
zamora 1 3.912023005428146 3.912023005428146
zemenov 1 4.605170185988092 4.605170185988092
zerzan 1 4.605170185988092 4.605170185988092
zhang 1 2.995732273553991 2.995732273553991
ziemek 1 4.605170185988092 4.605170185988092
zrich 1 4.605170185988092 4.605170185988092
zurich 1 4.605170185988092 4.605170185988092
