able 1 1.7719568419318754 1.7719568419318754
abruptly 1 3.506557897319982 3.506557897319982
accident 1 2.407945608651872 2.407945608651872
accommodation 1 4.605170185988092 4.605170185988092
account 1 0.0 0.0
acf 1 4.605170185988092 4.605170185988092
acfregulation 1 4.605170185988092 4.605170185988092
aco 1 3.912023005428146 3.912023005428146
across 1 1.8325814637483102 1.8325814637483102
action 1 0.0 0.0
add 1 0.0 0.0
additional 1 0.0 0.0
adler 1 3.912023005428146 3.912023005428146
adlerwerke 1 4.605170185988092 4.605170185988092
aek 1 3.912023005428146 3.912023005428146
agree 1 0.0 0.0
ahead 1 2.207274913189721 2.207274913189721
aiacr 1 4.605170185988092 4.605170185988092
albeit 1 3.506557897319982 3.506557897319982
albert 1 2.0402208285265546 2.0402208285265546
alex 1 2.120263536200091 2.120263536200091
alf 1 3.912023005428146 3.912023005428146
alfa 1 3.912023005428146 3.912023005428146
alfred 1 2.5257286443082556 2.5257286443082556
alike 1 0.0 0.0
allowed 1 1.7719568419318754 1.7719568419318754
also 1 0.127833371509885 0.127833371509885
alternative 1 2.207274913189721 2.207274913189721
amde 1 3.506557897319982 3.506557897319982
amp 1 0.4620354595965586 0.4620354595965586
anders 1 3.912023005428146 3.912023005428146
andr 1 2.8134107167600364 2.8134107167600364
anne 1 2.5257286443082556 2.5257286443082556
announced 1 1.2039728043259361 1.2039728043259361
answer 1 2.659260036932778 2.659260036932778
anxious 1 3.912023005428146 3.912023005428146
appearance 1 0.0 0.0
apply 1 0.0 0.0
approached 1 3.506557897319982 3.506557897319982
archive 1 1.6094379124341003 1.6094379124341003
archived 1 0.47803580094299974 0.47803580094299974
arrange 1 3.2188758248682006 3.2188758248682006
arthur 1 1.7147984280919266 1.7147984280919266
article 1 0.0 0.0
aston 1 4.605170185988092 4.605170185988092
attribution 1 0.0 0.0
august 1 0.3424903089467759 0.3424903089467759
auguste 1 3.2188758248682006 3.2188758248682006
austin 1 2.659260036932778 2.659260036932778
auto 1 0.1392620673335076 0.1392620673335076
automobile 1 3.912023005428146 3.912023005428146
autosports 1 4.605170185988092 4.605170185988092
available 1 0.0 0.0
avant 1 4.605170185988092 4.605170185988092
ban 1 2.8134107167600364 2.8134107167600364
barbour 1 4.605170185988092 4.605170185988092
barker 1 3.2188758248682006 3.2188758248682006
barnes 1 3.506557897319982 3.506557897319982
barnesprivate 1 4.605170185988092 4.605170185988092
baron 1 2.407945608651872 2.407945608651872
became 1 0.7133498878774648 0.7133498878774648
becke 1 4.605170185988092 4.605170185988092
beginning 1 1.6607312068216509 1.6607312068216509
benjafield 1 4.605170185988092 4.605170185988092
bentley 1 3.912023005428146 3.912023005428146
benz 1 3.506557897319982 3.506557897319982
better 1 1.8971199848858813 1.8971199848858813
bgue 1 4.605170185988092 4.605170185988092
bgueprivate 1 4.605170185988092 4.605170185988092
bibliography 1 2.207274913189721 2.207274913189721
biennial 1 3.912023005428146 3.912023005428146
bienniale 1 4.605170185988092 4.605170185988092
bill 1 1.171182981502945 1.171182981502945
bilney 1 4.605170185988092 4.605170185988092
bilneyprivate 1 4.605170185988092 4.605170185988092
black 1 0.8915981192837835 0.8915981192837835
blocked 1 3.506557897319982 3.506557897319982
blum 1 3.506557897319982 3.506557897319982
body 1 1.4271163556401458 1.4271163556401458
boetzkes 1 4.605170185988092 4.605170185988092
book 1 0.6348782724359695 0.6348782724359695
boris 1 2.8134107167600364 2.8134107167600364
brackenbury 1 4.605170185988092 4.605170185988092
bradley 1 2.407945608651872 2.407945608651872
brian 1 1.6607312068216509 1.6607312068216509
bridge 1 2.8134107167600364 2.8134107167600364
british 1 1.5606477482646683 1.5606477482646683
brooklands 1 4.605170185988092 4.605170185988092
brune 1 4.605170185988092 4.605170185988092
bugatti 1 3.912023005428146 3.912023005428146
built 1 1.6607312068216509 1.6607312068216509
calculation 1 4.605170185988092 4.605170185988092
came 1 1.6094379124341003 1.6094379124341003
cancellation 1 4.605170185988092 4.605170185988092
cancelled 1 2.8134107167600364 2.8134107167600364
capacity 1 2.659260036932778 2.659260036932778
capt 1 3.912023005428146 3.912023005428146
car 1 1.7147984280919266 1.7147984280919266
carr 1 3.506557897319982 3.506557897319982
carrire 1 4.605170185988092 4.605170185988092
carrprivate 1 4.605170185988092 4.605170185988092
catalogue 1 3.912023005428146 3.912023005428146
category 1 0.0 0.0
ccile 1 3.912023005428146 3.912023005428146
centerpx 1 0.0408219945202552 0.0408219945202552
chaboud 1 4.605170185988092 4.605170185988092
chaboudprivate 1 4.605170185988092 4.605170185988092
championship 1 1.5606477482646683 1.5606477482646683
chancerelle 1 4.605170185988092 4.605170185988092
chancerelleprivate 1 4.605170185988092 4.605170185988092
change 1 0.0 0.0
charles 1 1.171182981502945 1.171182981502945
chassis 1 3.912023005428146 3.912023005428146
chinetti 1 4.605170185988092 4.605170185988092
choir 1 2.995732273553991 2.995732273553991
choose 1 3.2188758248682006 3.2188758248682006
chosen 1 2.995732273553991 2.995732273553991
cinq 1 3.912023005428146 3.912023005428146
circuit 1 2.8134107167600364 2.8134107167600364
citation 1 0.0408219945202552 0.0408219945202552
cite 1 0.0 0.0
citeweb 1 0.5447271754416719 0.5447271754416719
citron 1 4.605170185988092 4.605170185988092
civil 1 1.7719568419318754 1.7719568419318754
clarke 1 3.2188758248682006 3.2188758248682006
clausager 1 4.605170185988092 4.605170185988092
clifford 1 2.5257286443082556 2.5257286443082556
clment 1 4.605170185988092 4.605170185988092
club 1 1.4271163556401458 1.4271163556401458
coalition 1 2.407945608651872 2.407945608651872
cobham 1 4.605170185988092 4.605170185988092
code 1 0.0 0.0
collier 1 3.2188758248682006 3.2188758248682006
collierprivate 1 4.605170185988092 4.605170185988092
common 1 0.0 0.0
communist 1 2.407945608651872 2.407945608651872
compete 1 2.5257286443082556 2.5257286443082556
competitive 1 3.2188758248682006 3.2188758248682006
condition 1 2.0402208285265546 2.0402208285265546
conduct 1 0.0 0.0
contact 1 0.0 0.0
content 1 0.0 0.0
context 1 0.010050335853501506 0.010050335853501506
contribute 1 0.0 0.0
contributed 1 2.5257286443082556 2.5257286443082556
contribution 1 0.0 0.0
cookie 1 0.0 0.0
cookiematch 1 0.0 0.0
corbell 1 4.605170185988092 4.605170185988092
corrected 1 4.605170185988092 4.605170185988092
could 1 1.2378743560016172 1.2378743560016172
counterlistitema 1 0.127833371509885 0.127833371509885
country 1 0.843970070294529 0.843970070294529
coupe 1 4.605170185988092 4.605170185988092
course 1 2.0402208285265546 2.0402208285265546
coventry 1 3.912023005428146 3.912023005428146
crash 1 2.5257286443082556 2.5257286443082556
create 1 0.0 0.0
creative 1 0.0 0.0
crown 1 1.9661128563728327 1.9661128563728327
csmaintcolorf 1 0.06187540371808745 0.06187540371808745
csmaintcolorfmedia 1 0.0408219945202552 0.0408219945202552
cswsicon 1 0.0408219945202552 0.0408219945202552
curie 1 4.605170185988092 4.605170185988092
current 1 0.0 0.0
curzon 1 4.605170185988092 4.605170185988092
cyril 1 2.995732273553991 2.995732273553991
damant 1 4.605170185988092 4.605170185988092
daniel 1 1.3862943611198906 1.3862943611198906
danne 1 4.605170185988092 4.605170185988092
date 1 0.3147107448397002 0.3147107448397002
davis 1 1.6607312068216509 1.6607312068216509
davy 1 2.995732273553991 2.995732273553991
day 1 0.5276327420823719 0.5276327420823719
de 1 2.407945608651872 2.407945608651872
deadliest 1 4.605170185988092 4.605170185988092
decided 1 2.120263536200091 2.120263536200091
delage 1 4.605170185988092 4.605170185988092
delahaye 1 4.605170185988092 4.605170185988092
delahayes 1 4.605170185988092 4.605170185988092
der 1 2.302585092994046 2.302585092994046
description 1 0.07257069283483537 0.07257069283483537
detail 1 1.6094379124341003 1.6094379124341003
deutsch 1 0.9416085398584451 0.9416085398584451
developer 1 0.0 0.0
dhme 1 4.605170185988092 4.605170185988092
difficult 1 2.995732273553991 2.995732273553991
disaster 1 2.659260036932778 2.659260036932778
disclaimer 1 0.0 0.0
disruption 1 3.912023005428146 3.912023005428146
divo 1 4.605170185988092 4.605170185988092
dobson 1 3.506557897319982 3.506557897319982
dodson 1 4.605170185988092 4.605170185988092
dominance 1 4.605170185988092 4.605170185988092
dominated 1 3.2188758248682006 3.2188758248682006
donald 1 2.120263536200091 2.120263536200091
donate 1 0.0 0.0
dorset 1 4.605170185988092 4.605170185988092
dottedcursorhelp 1 2.120263536200091 2.120263536200091
download 1 0.0 0.0
dozen 1 3.506557897319982 3.506557897319982
dressing 1 4.605170185988092 4.605170185988092
dreyfus 1 3.912023005428146 3.912023005428146
dreyfusprivate 1 4.605170185988092 4.605170185988092
driscoll 1 4.605170185988092 4.605170185988092
drive 1 2.0402208285265546 2.0402208285265546
driver 1 2.207274913189721 2.207274913189721
driving 1 2.302585092994046 2.302585092994046
druck 1 4.605170185988092 4.605170185988092
dtaftercontent 1 0.127833371509885 0.127833371509885
dudley 1 3.2188758248682006 3.2188758248682006
due 1 0.9416085398584451 0.9416085398584451
dunlop 1 3.912023005428146 3.912023005428146
earl 1 2.659260036932778 2.659260036932778
eccles 1 4.605170185988092 4.605170185988092
ecclesprivate 1 4.605170185988092 4.605170185988092
eddie 1 2.659260036932778 2.659260036932778
edgar 1 2.659260036932778 2.659260036932778
edouard 1 4.605170185988092 4.605170185988092
election 1 1.9661128563728327 1.9661128563728327
electoral 1 3.2188758248682006 3.2188758248682006
eligible 1 2.302585092994046 2.302585092994046
elsie 1 3.506557897319982 3.506557897319982
elwes 1 4.605170185988092 4.605170185988092
empty 1 2.407945608651872 2.407945608651872
encyclopedia 1 0.0 0.0
end 1 0.7985076962177716 0.7985076962177716
endurance 1 3.912023005428146 3.912023005428146
engine 1 2.0402208285265546 2.0402208285265546
enginecapacity 1 4.605170185988092 4.605170185988092
english 1 0.0 0.0
enter 1 2.995732273553991 2.995732273553991
entering 1 3.2188758248682006 3.2188758248682006
entrant 1 3.912023005428146 3.912023005428146
entry 1 1.5606477482646683 1.5606477482646683
equivalency 1 4.605170185988092 4.605170185988092
equivalent 1 2.8134107167600364 2.8134107167600364
erupted 1 2.995732273553991 2.995732273553991
essendon 1 4.605170185988092 4.605170185988092
ettore 1 3.912023005428146 3.912023005428146
eugne 1 2.995732273553991 2.995732273553991
europe 1 1.5141277326297755 1.5141277326297755
european 1 1.3093333199837622 1.3093333199837622
even 1 1.1394342831883648 1.1394342831883648
event 1 0.0 0.0
everitt 1 4.605170185988092 4.605170185988092
evoy 1 4.605170185988092 4.605170185988092
evoyprivate 1 4.605170185988092 4.605170185988092
evro 1 4.605170185988092 4.605170185988092
exp 1 0.0 0.0
experience 1 1.8325814637483102 1.8325814637483102
external 1 0.44628710262841953 0.44628710262841953
eyston 1 4.605170185988092 4.605170185988092
faced 1 2.659260036932778 2.659260036932778
factor 1 2.5257286443082556 2.5257286443082556
factory 1 2.5257286443082556 2.5257286443082556
fairfield 1 3.912023005428146 3.912023005428146
fane 1 3.912023005428146 3.912023005428146
fascist 1 3.506557897319982 3.506557897319982
fatal 1 3.2188758248682006 3.2188758248682006
female 1 2.207274913189721 2.207274913189721
ferrari 1 3.506557897319982 3.506557897319982
field 1 1.0498221244986776 1.0498221244986776
file 1 0.0 0.0
filed 1 3.506557897319982 3.506557897319982
film 1 1.4696759700589417 1.4696759700589417
final 1 0.9942522733438669 0.9942522733438669
fine 1 2.5257286443082556 2.5257286443082556
first 1 0.1508228897345837 0.1508228897345837
five 1 1.0216512475319812 1.0216512475319812
flagicon 1 2.659260036932778 2.659260036932778
flagiconcore 1 3.912023005428146 3.912023005428146
folland 1 4.605170185988092 4.605170185988092
followed 1 1.3093333199837622 1.3093333199837622
following 1 0.7133498878774648 0.7133498878774648
food 1 1.9661128563728327 1.9661128563728327
ford 1 2.5257286443082556 2.5257286443082556
formerly 1 1.8325814637483102 1.8325814637483102
formula 1 2.407945608651872 2.407945608651872
forza 1 4.605170185988092 4.605170185988092
foundation 1 0.0 0.0
four 1 0.7985076962177716 0.7985076962177716
fox 1 2.407945608651872 2.407945608651872
france 1 1.2039728043259361 1.2039728043259361
francis 1 1.6607312068216509 1.6607312068216509
frazer 1 3.912023005428146 3.912023005428146
freddy 1 4.605170185988092 4.605170185988092
frederick 1 2.302585092994046 2.302585092994046
free 1 0.0 0.0
french 1 1.3862943611198906 1.3862943611198906
fretet 1 4.605170185988092 4.605170185988092
friction 1 3.912023005428146 3.912023005428146
front 1 1.7147984280919266 1.7147984280919266
fuel 1 2.995732273553991 2.995732273553991
fully 1 2.5257286443082556 2.5257286443082556
gaillard 1 3.912023005428146 3.912023005428146
gaillardprivate 1 4.605170185988092 4.605170185988092
game 1 1.2378743560016172 1.2378743560016172
gardner 1 3.2188758248682006 3.2188758248682006
gaston 1 3.912023005428146 3.912023005428146
general 1 0.0 0.0
george 1 1.07880966137193 1.07880966137193
german 1 1.7147984280919266 1.7147984280919266
germany 1 1.4271163556401458 1.4271163556401458
get 1 0.0 0.0
getting 1 2.207274913189721 2.207274913189721
girod 1 4.605170185988092 4.605170185988092
given 1 1.2378743560016172 1.2378743560016172
goldie 1 4.605170185988092 4.605170185988092
goodacre 1 4.605170185988092 4.605170185988092
goodall 1 4.605170185988092 4.605170185988092
goody 1 3.912023005428146 3.912023005428146
gordini 1 4.605170185988092 4.605170185988092
gough 1 3.912023005428146 3.912023005428146
governing 1 3.2188758248682006 3.2188758248682006
government 1 1.1086626245216111 1.1086626245216111
graf 1 3.506557897319982 3.506557897319982
gran 1 2.8134107167600364 2.8134107167600364
grand 1 1.7719568419318754 1.7719568419318754
grasshopper 1 3.506557897319982 3.506557897319982
grid 1 2.8134107167600364 2.8134107167600364
group 1 0.8209805520698303 0.8209805520698303
growing 1 2.5257286443082556 2.5257286443082556
gte 1 3.912023005428146 3.912023005428146
guest 1 2.302585092994046 2.302585092994046
guillaume 1 4.605170185988092 4.605170185988092
guy 1 2.407945608651872 2.407945608651872
hall 1 1.3470736479666094 1.3470736479666094
hallprivate 1 4.605170185988092 4.605170185988092
harcourt 1 3.912023005428146 3.912023005428146
headlam 1 4.605170185988092 4.605170185988092
held 1 1.171182981502945 1.171182981502945
help 1 0.0 0.0
henri 1 3.2188758248682006 3.2188758248682006
hertzberger 1 4.605170185988092 4.605170185988092
heures 1 4.605170185988092 4.605170185988092
hidden 1 0.010050335853501506 0.010050335853501506
hide 1 0.0 0.0
high 1 0.9416085398584451 0.9416085398584451
history 1 0.0 0.0
hlist 1 0.127833371509885 0.127833371509885
hlistinline 1 0.127833371509885 0.127833371509885
hold 1 1.3470736479666094 1.3470736479666094
hour 1 1.7719568419318754 1.7719568419318754
hoursof 1 4.605170185988092 4.605170185988092
howe 1 3.506557897319982 3.506557897319982
howeprivate 1 4.605170185988092 4.605170185988092
however 1 0.6931471805599453 0.6931471805599453
hypercar 1 4.605170185988092 4.605170185988092
idlockfree 1 0.0408219945202552 0.0408219945202552
idlockfreeidlockfree 1 0.0408219945202552 0.0408219945202552
idlocklimited 1 0.0408219945202552 0.0408219945202552
idlockregistration 1 0.0408219945202552 0.0408219945202552
idlocksubscription 1 0.0408219945202552 0.0408219945202552
important 1 1.8325814637483102 1.8325814637483102
inc 1 0.0 0.0
incentive 1 3.506557897319982 3.506557897319982
incl 1 4.605170185988092 4.605170185988092
included 1 1.3093333199837622 1.3093333199837622
including 1 0.7133498878774648 0.7133498878774648
index 1 1.9661128563728327 1.9661128563728327
inequality 1 3.912023005428146 3.912023005428146
inflation 1 3.506557897319982 3.506557897319982
infobox 1 0.3011050927839216 0.3011050927839216
infoboxtable 1 0.3147107448397002 0.3147107448397002
information 1 0.0 0.0
international 1 0.5978370007556204 0.5978370007556204
introduced 1 1.5606477482646683 1.5606477482646683
involved 1 1.5606477482646683 1.5606477482646683
isbn 1 0.9942522733438669 0.9942522733438669
issue 1 1.1086626245216111 1.1086626245216111
item 1 0.010050335853501506 0.010050335853501506
itier 1 4.605170185988092 4.605170185988092
itierprivate 1 4.605170185988092 4.605170185988092
jacques 1 2.302585092994046 2.302585092994046
january 1 0.3424903089467759 0.3424903089467759
jean 1 1.7719568419318754 1.7719568419318754
jim 1 1.4696759700589417 1.4696759700589417
joan 1 2.995732273553991 2.995732273553991
job 1 2.302585092994046 2.302585092994046
john 1 0.49429632181478017 0.49429632181478017
july 1 0.43078291609245434 0.43078291609245434
jump 1 0.0 0.0
jun 1 2.5257286443082556 2.5257286443082556
june 1 0.40047756659712536 0.40047756659712536
justmile 1 4.605170185988092 4.605170185988092
kay 1 3.506557897319982 3.506557897319982
keep 1 1.7719568419318754 1.7719568419318754
kept 1 2.407945608651872 2.407945608651872
kippeurt 1 4.605170185988092 4.605170185988092
kippeurtprivate 1 4.605170185988092 4.605170185988092
laban 1 4.605170185988092 4.605170185988092
labric 1 4.605170185988092 4.605170185988092
labricprivate 1 4.605170185988092 4.605170185988092
lago 1 3.912023005428146 3.912023005428146
lagonda 1 4.605170185988092 4.605170185988092
laly 1 4.605170185988092 4.605170185988092
langley 1 3.912023005428146 3.912023005428146
language 1 0.0 0.0
largesized 1 4.605170185988092 4.605170185988092
last 1 0.0 0.0
later 1 0.5621189181535412 0.5621189181535412
learn 1 0.0 0.0
least 1 1.8971199848858813 1.8971199848858813
leftist 1 3.2188758248682006 3.2188758248682006
legend 1 1.8325814637483102 1.8325814637483102
legr 1 4.605170185988092 4.605170185988092
lewis 1 1.8325814637483102 1.8325814637483102
lhr 1 4.605170185988092 4.605170185988092
liaftercontent 1 0.127833371509885 0.127833371509885
license 1 0.0 0.0
licensed 1 2.8134107167600364 2.8134107167600364
limit 1 2.8134107167600364 2.8134107167600364
link 1 0.0 0.0
lippe 1 3.912023005428146 3.912023005428146
list 1 0.6348782724359695 0.6348782724359695
litre 1 4.605170185988092 4.605170185988092
lmdh 1 4.605170185988092 4.605170185988092
lmgt 1 4.605170185988092 4.605170185988092
log 1 0.0 0.0
logged 1 0.0 0.0
lon 1 3.506557897319982 3.506557897319982
london 1 1.5141277326297755 1.5141277326297755
longer 1 2.207274913189721 2.207274913189721
louis 1 1.5141277326297755 1.5141277326297755
ltd 1 2.407945608651872 2.407945608651872
lucy 1 2.995732273553991 2.995732273553991
luigi 1 3.506557897319982 3.506557897319982
maclure 1 4.605170185988092 4.605170185988092
magnette 1 4.605170185988092 4.605170185988092
magyar 1 2.0402208285265546 2.0402208285265546
maillard 1 4.605170185988092 4.605170185988092
main 1 0.0 0.0
mainother 1 1.5141277326297755 1.5141277326297755
major 1 1.1086626245216111 1.1086626245216111
man 1 1.0498221244986776 1.0498221244986776
manufacturer 1 2.995732273553991 2.995732273553991
many 1 0.7550225842780328 0.7550225842780328
marcel 1 2.659260036932778 2.659260036932778
marie 1 2.5257286443082556 2.5257286443082556
marjorie 1 3.912023005428146 3.912023005428146
marsh 1 3.912023005428146 3.912023005428146
marshal 1 2.8134107167600364 2.8134107167600364
marshprivate 1 4.605170185988092 4.605170185988092
martin 1 1.3470736479666094 1.3470736479666094
maserati 1 3.912023005428146 3.912023005428146
mass 1 1.9661128563728327 1.9661128563728327
matching 1 3.506557897319982 3.506557897319982
matter 1 2.0402208285265546 2.0402208285265546
maurice 1 2.407945608651872 2.407945608651872
max 1 2.302585092994046 2.302585092994046
may 1 0.0 0.0
meadow 1 3.912023005428146 3.912023005428146
meant 1 3.2188758248682006 3.2188758248682006
medium 1 0.49429632181478017 0.49429632181478017
mediumsized 1 4.605170185988092 4.605170185988092
men 1 1.2039728043259361 1.2039728043259361
menierprivate 1 4.605170185988092 4.605170185988092
menu 1 0.0 0.0
mercedes 1 3.506557897319982 3.506557897319982
merlin 1 3.506557897319982 3.506557897319982
merlinprivate 1 4.605170185988092 4.605170185988092
michael 1 1.171182981502945 1.171182981502945
michel 1 2.659260036932778 2.659260036932778
mid 1 2.407945608651872 2.407945608651872
middle 1 2.0402208285265546 2.0402208285265546
mids 1 2.995732273553991 2.995732273553991
military 1 1.4696759700589417 1.4696759700589417
million 1 1.6094379124341003 1.6094379124341003
minor 1 2.207274913189721 2.207274913189721
mkh 1 4.605170185988092 4.605170185988092
mme 1 3.506557897319982 3.506557897319982
mobile 1 0.0 0.0
model 1 1.8971199848858813 1.8971199848858813
modifier 1 4.605170185988092 4.605170185988092
molsheim 1 4.605170185988092 4.605170185988092
molyprivate 1 4.605170185988092 4.605170185988092
mon 1 2.995732273553991 2.995732273553991
mongin 1 4.605170185988092 4.605170185988092
month 1 0.8915981192837835 0.8915981192837835
morel 1 4.605170185988092 4.605170185988092
morris 1 2.659260036932778 2.659260036932778
mortimer 1 3.506557897319982 3.506557897319982
motor 1 2.302585092994046 2.302585092994046
motorcycle 1 3.912023005428146 3.912023005428146
motorindustry 1 4.605170185988092 4.605170185988092
motorsport 1 3.2188758248682006 3.2188758248682006
move 1 0.0 0.0
much 1 1.171182981502945 1.171182981502945
mulsanne 1 4.605170185988092 4.605170185988092
nancy 1 2.302585092994046 2.302585092994046
nancyprivate 1 4.605170185988092 4.605170185988092
nash 1 3.506557897319982 3.506557897319982
national 1 0.5108256237659907 0.5108256237659907
navbar 1 0.23572233352106994 0.23572233352106994
navbarfontsizemedia 1 0.3147107448397002 0.3147107448397002
navbarmini 1 0.23572233352106994 0.23572233352106994
navbox 1 0.1392620673335076 0.1392620673335076
navboximage 1 0.1392620673335076 0.1392620673335076
navboxsubgroup 1 0.1392620673335076 0.1392620673335076
navboxtitle 1 0.1392620673335076 0.1392620673335076
navigation 1 0.0 0.0
negotiate 1 3.912023005428146 3.912023005428146
nervous 1 3.506557897319982 3.506557897319982
new 1 0.24846135929849972 0.24846135929849972
next 1 1.1086626245216111 1.1086626245216111
nine 1 1.7719568419318754 1.7719568419318754
nolprivate 1 4.605170185988092 4.605170185988092
nominal 1 3.506557897319982 3.506557897319982
nonprofit 1 0.0 0.0
normally 1 3.912023005428146 3.912023005428146
norman 1 2.302585092994046 2.302585092994046
note 1 0.8209805520698303 0.8209805520698303
nouvelle 1 4.605170185988092 4.605170185988092
number 1 0.7550225842780328 0.7550225842780328
numbering 1 3.506557897319982 3.506557897319982
occupied 1 3.506557897319982 3.506557897319982
occurred 1 2.407945608651872 2.407945608651872
official 1 0.7550225842780328 0.7550225842780328
officially 1 2.8134107167600364 2.8134107167600364
ollibeforecontent 1 0.127833371509885 0.127833371509885
open 1 1.4696759700589417 1.4696759700589417
opentop 1 4.605170185988092 4.605170185988092
opinion 1 2.120263536200091 2.120263536200091
option 1 2.120263536200091 2.120263536200091
oreilly 1 2.995732273553991 2.995732273553991
organiser 1 3.912023005428146 3.912023005428146
organization 1 0.0 0.0
organizationname 1 0.010050335853501506 0.010050335853501506
original 1 0.4155154439616658 0.4155154439616658
originally 1 1.9661128563728327 1.9661128563728327
orssich 1 4.605170185988092 4.605170185988092
otto 1 2.995732273553991 2.995732273553991
ouest 1 3.912023005428146 3.912023005428146
outright 1 3.506557897319982 3.506557897319982
owing 1 3.506557897319982 3.506557897319982
page 1 0.0 0.0
paris 1 2.0402208285265546 2.0402208285265546
part 1 0.6348782724359695 0.6348782724359695
participant 1 3.2188758248682006 3.2188758248682006
party 1 1.2378743560016172 1.2378743560016172
pas 1 2.5257286443082556 2.5257286443082556
pat 1 2.5257286443082556 2.5257286443082556
paul 1 0.8675005677047231 0.8675005677047231
pdfprintable 1 0.0 0.0
pehache 1 4.605170185988092 4.605170185988092
period 1 1.4271163556401458 1.4271163556401458
permanent 1 0.0 0.0
perrot 1 4.605170185988092 4.605170185988092
personal 1 0.0 0.0
peter 1 1.3093333199837622 1.3093333199837622
petre 1 4.605170185988092 4.605170185988092
pfister 1 4.605170185988092 4.605170185988092
pfisterprivate 1 4.605170185988092 4.605170185988092
philippe 1 3.2188758248682006 3.2188758248682006
photo 1 2.120263536200091 2.120263536200091
pierre 1 2.302585092994046 2.302585092994046
placed 1 1.7147984280919266 1.7147984280919266
planned 1 2.5257286443082556 2.5257286443082556
plant 1 2.5257286443082556 2.5257286443082556
polarised 1 4.605170185988092 4.605170185988092
policy 1 0.0 0.0
political 1 1.3470736479666094 1.3470736479666094
popular 1 1.4696759700589417 1.4696759700589417
portal 1 0.0 0.0
porthault 1 4.605170185988092 4.605170185988092
porthaultprivate 1 4.605170185988092 4.605170185988092
position 1 1.1394342831883648 1.1394342831883648
postponed 1 2.8134107167600364 2.8134107167600364
potential 1 2.659260036932778 2.659260036932778
power 1 1.0216512475319812 1.0216512475319812
preeminent 1 4.605170185988092 4.605170185988092
prepare 1 3.506557897319982 3.506557897319982
pressure 1 2.8134107167600364 2.8134107167600364
previous 1 1.6607312068216509 1.6607312068216509
pride 1 2.8134107167600364 2.8134107167600364
printbodyns 1 0.09431067947124142 0.09431067947124142
printexport 1 0.0 0.0
prinz 1 4.605170185988092 4.605170185988092
prior 1 1.8325814637483102 1.8325814637483102
privacy 1 0.0 0.0
private 1 1.8325814637483102 1.8325814637483102
privateer 1 4.605170185988092 4.605170185988092
prix 1 2.995732273553991 2.995732273553991
probably 1 3.2188758248682006 3.2188758248682006
process 1 1.5141277326297755 1.5141277326297755
prohibited 1 2.995732273553991 2.995732273553991
project 1 0.0 0.0
promptly 1 3.506557897319982 3.506557897319982
prospect 1 2.407945608651872 2.407945608651872
prototype 1 3.912023005428146 3.912023005428146
proven 1 4.605170185988092 4.605170185988092
provided 1 1.8971199848858813 1.8971199848858813
provisional 1 3.506557897319982 3.506557897319982
public 1 0.9675840262617057 0.9675840262617057
publishing 1 1.7719568419318754 1.7719568419318754
purchase 1 2.407945608651872 2.407945608651872
quentin 1 3.912023005428146 3.912023005428146
quite 1 2.8134107167600364 2.8134107167600364
rac 1 3.912023005428146 3.912023005428146
race 1 1.7147984280919266 1.7147984280919266
racescrutineering 1 4.605170185988092 4.605170185988092
racing 1 2.5257286443082556 2.5257286443082556
racingfr 1 3.912023005428146 3.912023005428146
radio 1 1.4696759700589417 1.4696759700589417
raised 1 2.8134107167600364 2.8134107167600364
random 1 0.0 0.0
rapide 1 4.605170185988092 4.605170185988092
ratified 1 4.605170185988092 4.605170185988092
rault 1 4.605170185988092 4.605170185988092
raymond 1 2.302585092994046 2.302585092994046
read 1 0.0 0.0
readied 1 4.605170185988092 4.605170185988092
ready 1 2.302585092994046 2.302585092994046
real 1 1.4271163556401458 1.4271163556401458
recent 1 0.0 0.0
record 1 0.7765287894989963 0.7765287894989963
reference 1 0.03045920748470844 0.03045920748470844
reflist 1 0.06187540371808745 0.06187540371808745
reflistcolumns 1 0.06187540371808745 0.06187540371808745
reform 1 2.0402208285265546 2.0402208285265546
reg 1 0.0 0.0
registered 1 0.0 0.0
regular 1 1.5606477482646683 1.5606477482646683
regulation 1 2.407945608651872 2.407945608651872
related 1 0.0 0.0
ren 1 2.995732273553991 2.995732273553991
renaldi 1 4.605170185988092 4.605170185988092
renaldiprivate 1 4.605170185988092 4.605170185988092
renault 1 3.912023005428146 3.912023005428146
rennlimousine 1 4.605170185988092 4.605170185988092
replica 1 3.912023005428146 3.912023005428146
representing 1 2.407945608651872 2.407945608651872
rescheduled 1 3.912023005428146 3.912023005428146
reserve 1 2.207274913189721 2.207274913189721
resolved 1 3.506557897319982 3.506557897319982
response 1 2.120263536200091 2.120263536200091
result 1 0.9942522733438669 0.9942522733438669
retrieved 1 0.0 0.0
return 1 1.07880966137193 1.07880966137193
review 1 1.07880966137193 1.07880966137193
richards 1 2.8134107167600364 2.8134107167600364
richmond 1 2.8134107167600364 2.8134107167600364
riley 1 3.2188758248682006 3.2188758248682006
riot 1 2.659260036932778 2.659260036932778
road 1 1.3862943611198906 1.3862943611198906
robert 1 0.8675005677047231 0.8675005677047231
roger 1 1.9661128563728327 1.9661128563728327
romeo 1 3.506557897319982 3.506557897319982
rose 1 1.8325814637483102 1.8325814637483102
roy 1 2.120263536200091 2.120263536200091
royal 1 1.8325814637483102 1.8325814637483102
rudolf 1 3.912023005428146 3.912023005428146
run 1 1.171182981502945 1.171182981502945
sammy 1 3.912023005428146 3.912023005428146
sarthe 1 3.912023005428146 3.912023005428146
sauerwein 1 4.605170185988092 4.605170185988092
saw 1 2.0402208285265546 2.0402208285265546
sbilleau 1 4.605170185988092 4.605170185988092
schaumburg 1 4.605170185988092 4.605170185988092
scheduled 1 2.407945608651872 2.407945608651872
schell 1 4.605170185988092 4.605170185988092
schellprivate 1 4.605170185988092 4.605170185988092
screen 1 0.010050335853501506 0.010050335853501506
scrutineering 1 4.605170185988092 4.605170185988092
search 1 0.0 0.0
second 1 0.49429632181478017 0.49429632181478017
senegalese 1 4.605170185988092 4.605170185988092
sep 1 2.659260036932778 2.659260036932778
sequence 1 2.302585092994046 2.302585092994046
series 1 0.8675005677047231 0.8675005677047231
settlement 1 2.407945608651872 2.407945608651872
several 1 0.8209805520698303 0.8209805520698303
share 1 0.0 0.0
sherbourne 1 4.605170185988092 4.605170185988092
short 1 0.06187540371808745 0.06187540371808745
shortage 1 3.506557897319982 3.506557897319982
shortdescription 1 0.2613647641344075 0.2613647641344075
shortened 1 0.0 0.0
shut 1 2.995732273553991 2.995732273553991
sidebar 1 0.0 0.0
sidevalve 1 4.605170185988092 4.605170185988092
simca 1 4.605170185988092 4.605170185988092
similar 1 1.9661128563728327 1.9661128563728327
singer 1 2.5257286443082556 2.5257286443082556
site 1 0.0 0.0
sixteen 1 3.2188758248682006 3.2188758248682006
slovenina 1 2.5257286443082556 2.5257286443082556
smallsized 1 4.605170185988092 4.605170185988092
socit 1 4.605170185988092 4.605170185988092
solid 1 0.09431067947124142 0.09431067947124142
sommer 1 4.605170185988092 4.605170185988092
sorted 1 3.912023005428146 3.912023005428146
source 1 0.5798184952529422 0.5798184952529422
spain 1 1.6607312068216509 1.6607312068216509
spciale 1 4.605170185988092 4.605170185988092
special 1 0.0 0.0
spectator 1 3.912023005428146 3.912023005428146
speed 1 2.302585092994046 2.302585092994046
spirit 1 1.7147984280919266 1.7147984280919266
sport 1 1.1394342831883648 1.1394342831883648
sportscar 1 3.912023005428146 3.912023005428146
spread 1 2.302585092994046 2.302585092994046
sprite 1 4.605170185988092 4.605170185988092
spurring 1 4.605170185988092 4.605170185988092
ssupercharged 1 4.605170185988092 4.605170185988092
start 1 1.4271163556401458 1.4271163556401458
statement 1 0.0 0.0
statesponsored 1 3.912023005428146 3.912023005428146
statistic 1 0.0 0.0
straight 1 2.5257286443082556 2.5257286443082556
strike 1 2.207274913189721 2.207274913189721
striker 1 3.506557897319982 3.506557897319982
strongest 1 3.2188758248682006 3.2188758248682006
strongly 1 2.995732273553991 2.995732273553991
submission 1 2.995732273553991 2.995732273553991
success 1 1.8325814637483102 1.8325814637483102
sufficient 1 2.995732273553991 2.995732273553991
sufficiently 1 3.912023005428146 3.912023005428146
suitable 1 3.2188758248682006 3.2188758248682006
super 1 2.302585092994046 2.302585092994046
supercharged 1 4.605170185988092 4.605170185988092
supercharger 1 4.605170185988092 4.605170185988092
supercharging 1 4.605170185988092 4.605170185988092
supported 1 1.8325814637483102 1.8325814637483102
surrey 1 3.912023005428146 3.912023005428146
swayed 1 4.605170185988092 4.605170185988092
sweeping 1 4.605170185988092 4.605170185988092
swept 1 3.912023005428146 3.912023005428146
table 1 0.0 0.0
take 1 0.9675840262617057 0.9675840262617057
taken 1 2.0402208285265546 2.0402208285265546
talbot 1 3.912023005428146 3.912023005428146
talk 1 0.0 0.0
tdhlist 1 0.1392620673335076 0.1392620673335076
team 1 1.0498221244986776 1.0498221244986776
technical 1 2.5257286443082556 2.5257286443082556
template 1 0.0 0.0
tension 1 3.912023005428146 3.912023005428146
term 1 0.0 0.0
test 1 2.207274913189721 2.207274913189721
text 1 0.0 0.0
thbodyskinresponsive 1 0.3147107448397002 0.3147107448397002
therefore 1 2.207274913189721 2.207274913189721
thomasprivate 1 4.605170185988092 4.605170185988092
though 1 1.6607312068216509 1.6607312068216509
three 1 0.5798184952529422 0.5798184952529422
throughout 1 1.171182981502945 1.171182981502945
tim 1 1.6607312068216509 1.6607312068216509
time 1 0.28768207245178085 0.28768207245178085
toggle 1 0.010050335853501506 0.010050335853501506
tommy 1 2.5257286443082556 2.5257286443082556
tool 1 0.0 0.0
top 1 0.010050335853501506 0.010050335853501506
topic 1 0.0 0.0
total 1 0.0 0.0
toulouse 1 3.506557897319982 3.506557897319982
tourist 1 2.995732273553991 2.995732273553991
traction 1 4.605170185988092 4.605170185988092
trademark 1 0.0 0.0
tramer 1 4.605170185988092 4.605170185988092
transport 1 2.5257286443082556 2.5257286443082556
transportation 1 2.659260036932778 2.659260036932778
trevor 1 2.8134107167600364 2.8134107167600364
tried 1 2.5257286443082556 2.5257286443082556
triple 1 2.302585092994046 2.302585092994046
trmoulet 1 4.605170185988092 4.605170185988092
trophy 1 3.506557897319982 3.506557897319982
trumpf 1 4.605170185988092 4.605170185988092
truth 1 2.407945608651872 2.407945608651872
trvoux 1 4.605170185988092 4.605170185988092
trvouxprivate 1 4.605170185988092 4.605170185988092
turismo 1 4.605170185988092 4.605170185988092
turmoil 1 4.605170185988092 4.605170185988092
turn 1 2.0402208285265546 2.0402208285265546
two 1 0.43078291609245434 0.43078291609245434
twoseater 1 3.912023005428146 3.912023005428146
type 1 1.2729656758128876 1.2729656758128876
ulpaddingem 1 0.1392620673335076 0.1392620673335076
ulster 1 3.912023005428146 3.912023005428146
ultimate 1 2.302585092994046 2.302585092994046
unable 1 2.407945608651872 2.407945608651872
undergoing 1 3.912023005428146 3.912023005428146
unemployment 1 3.506557897319982 3.506557897319982
union 1 1.07880966137193 1.07880966137193
unique 1 2.207274913189721 2.207274913189721
unrest 1 3.506557897319982 3.506557897319982
upheaval 1 4.605170185988092 4.605170185988092
upload 1 0.0 0.0
use 1 0.0 0.0
used 1 0.8675005677047231 0.8675005677047231
using 1 0.0 0.0
utc 1 0.0 0.0
vagniez 1 4.605170185988092 4.605170185988092
vaillant 1 4.605170185988092 4.605170185988092
van 1 1.7147984280919266 1.7147984280919266
var 1 0.0 0.0
vernet 1 4.605170185988092 4.605170185988092
vernetprivate 1 4.605170185988092 4.605170185988092
version 1 0.0 0.0
vetoed 1 4.605170185988092 4.605170185988092
victory 1 1.6094379124341003 1.6094379124341003
video 1 1.3862943611198906 1.3862943611198906
view 1 0.0 0.0
villeneuve 1 3.506557897319982 3.506557897319982
villeneuveprivate 1 4.605170185988092 4.605170185988092
violent 1 3.506557897319982 3.506557897319982
virgin 1 3.2188758248682006 3.2188758248682006
virtual 1 3.506557897319982 3.506557897319982
viscomte 1 4.605170185988092 4.605170185988092
von 1 2.120263536200091 2.120263536200091
wait 1 2.995732273553991 2.995732273553991
wake 1 2.407945608651872 2.407945608651872
walked 1 4.605170185988092 4.605170185988092
wanted 1 2.207274913189721 2.207274913189721
war 1 0.7985076962177716 0.7985076962177716
wec 1 4.605170185988092 4.605170185988092
week 1 1.2729656758128876 1.2729656758128876
weekend 1 3.2188758248682006 3.2188758248682006
weight 1 2.120263536200091 2.120263536200091
wikidata 1 0.010050335853501506 0.010050335853501506
wikimedia 1 0.0 0.0
wikipedia 1 0.0 0.0
wilhelm 1 3.506557897319982 3.506557897319982
wimille 1 4.605170185988092 4.605170185988092
winner 1 1.5141277326297755 1.5141277326297755
wisdom 1 3.2188758248682006 3.2188758248682006
without 1 1.3093333199837622 1.3093333199837622
wood 1 1.7147984280919266 1.7147984280919266
work 1 0.7133498878774648 0.7133498878774648
worker 1 2.0402208285265546 2.0402208285265546
workssupported 1 4.605170185988092 4.605170185988092
world 1 0.5108256237659907 0.5108256237659907
would 1 0.7550225842780328 0.7550225842780328
wwwformulanet 1 4.605170185988092 4.605170185988092
wwwlemanshistorycom 1 4.605170185988092 4.605170185988092
wwwradiolemansco 1 4.605170185988092 4.605170185988092
wwwwsrpcz 1 4.605170185988092 4.605170185988092
year 1 0.3424903089467759 0.3424903089467759
