abed 1 4.605170185988092 4.605170185988092
account 1 0.0 0.0
achievement 1 2.5257286443082556 2.5257286443082556
action 1 0.0 0.0
add 1 0.0 0.0
additional 1 0.0 0.0
age 1 0.7985076962177716 0.7985076962177716
agree 1 0.0 0.0
albania 1 3.912023005428146 3.912023005428146
albena 1 4.605170185988092 4.605170185988092
aleksandar 1 4.605170185988092 4.605170185988092
aleksej 1 4.605170185988092 4.605170185988092
alike 1 0.0 0.0
also 1 0.127833371509885 0.127833371509885
american 1 0.5276327420823719 0.5276327420823719
andorra 1 4.605170185988092 4.605170185988092
andrej 1 4.605170185988092 4.605170185988092
anghel 1 4.605170185988092 4.605170185988092
appearance 1 0.0 0.0
apply 1 0.0 0.0
april 1 0.44628710262841953 0.44628710262841953
armenia 1 4.605170185988092 4.605170185988092
arsovi 1 4.605170185988092 4.605170185988092
article 1 0.0 0.0
association 1 1.1394342831883648 1.1394342831883648
atltico 1 3.506557897319982 3.506557897319982
attendance 1 2.659260036932778 2.659260036932778
attribution 1 0.0 0.0
august 1 0.3424903089467759 0.3424903089467759
austria 1 2.302585092994046 2.302585092994046
auto 1 0.1392620673335076 0.1392620673335076
available 1 0.0 0.0
award 1 1.171182981502945 1.171182981502945
azerbaijan 1 3.912023005428146 3.912023005428146
badminton 1 3.912023005428146 3.912023005428146
baseball 1 2.5257286443082556 2.5257286443082556
basketball 1 2.659260036932778 2.659260036932778
bavidge 1 4.605170185988092 4.605170185988092
beach 1 2.407945608651872 2.407945608651872
beat 1 2.120263536200091 2.120263536200091
beating 1 3.506557897319982 3.506557897319982
became 1 0.7133498878774648 0.7133498878774648
belarus 1 2.995732273553991 2.995732273553991
belgium 1 2.207274913189721 2.207274913189721
belgrade 1 4.605170185988092 4.605170185988092
benfica 1 4.605170185988092 4.605170185988092
beograd 1 4.605170185988092 4.605170185988092
best 1 1.0216512475319812 1.0216512475319812
biggest 1 3.2188758248682006 3.2188758248682006
birth 1 1.1394342831883648 1.1394342831883648
birthdateandage 1 4.605170185988092 4.605170185988092
biumla 1 4.605170185988092 4.605170185988092
body 1 1.4271163556401458 1.4271163556401458
bogdan 1 4.605170185988092 4.605170185988092
bor 1 3.506557897319982 3.506557897319982
borak 1 4.605170185988092 4.605170185988092
bosnia 1 3.2188758248682006 3.2188758248682006
branievo 1 4.605170185988092 4.605170185988092
branislav 1 4.605170185988092 4.605170185988092
brankovi 1 4.605170185988092 4.605170185988092
brook 1 2.659260036932778 2.659260036932778
bubanj 1 4.605170185988092 4.605170185988092
bukinac 1 4.605170185988092 4.605170185988092
bulgaria 1 3.506557897319982 3.506557897319982
called 1 0.8209805520698303 0.8209805520698303
callup 1 4.605170185988092 4.605170185988092
callups 1 4.605170185988092 4.605170185988092
canceled 1 4.605170185988092 4.605170185988092
cap 1 2.995732273553991 2.995732273553991
carlo 1 3.506557897319982 3.506557897319982
category 1 0.0 0.0
centar 1 4.605170185988092 4.605170185988092
center 1 1.171182981502945 1.171182981502945
centerpx 1 0.0408219945202552 0.0408219945202552
centre 1 2.0402208285265546 2.0402208285265546
champion 1 1.3862943611198906 1.3862943611198906
championship 1 1.5606477482646683 1.5606477482646683
change 1 0.0 0.0
changed 1 1.6607312068216509 1.6607312068216509
chiajna 1 4.605170185988092 4.605170185988092
chile 1 2.659260036932778 2.659260036932778
chilean 1 2.659260036932778 2.659260036932778
cisse 1 4.605170185988092 4.605170185988092
citation 1 0.0408219945202552 0.0408219945202552
cite 1 0.0 0.0
city 1 0.6348782724359695 0.6348782724359695
club 1 1.4271163556401458 1.4271163556401458
coach 1 1.7719568419318754 1.7719568419318754
code 1 0.0 0.0
colour 1 2.5257286443082556 2.5257286443082556
common 1 0.0 0.0
competition 1 1.8971199848858813 1.8971199848858813
competitive 1 3.2188758248682006 3.2188758248682006
conduct 1 0.0 0.0
confederation 1 3.2188758248682006 3.2188758248682006
considered 1 1.3862943611198906 1.3862943611198906
contact 1 0.0 0.0
containing 1 1.4271163556401458 1.4271163556401458
content 1 0.0 0.0
context 1 0.010050335853501506 0.010050335853501506
contribute 1 0.0 0.0
contribution 1 0.0 0.0
controlled 1 2.8134107167600364 2.8134107167600364
converted 1 3.2188758248682006 3.2188758248682006
cookie 1 0.0 0.0
cookiematch 1 0.0 0.0
correct 1 3.912023005428146 3.912023005428146
correia 1 3.912023005428146 3.912023005428146
counterlistitema 1 0.127833371509885 0.127833371509885
country 1 0.843970070294529 0.843970070294529
cracovia 1 4.605170185988092 4.605170185988092
create 1 0.0 0.0
creative 1 0.0 0.0
cricket 1 3.506557897319982 3.506557897319982
croatia 1 2.8134107167600364 2.8134107167600364
csmaintcolorf 1 0.06187540371808745 0.06187540371808745
csmaintcolorfmedia 1 0.0408219945202552 0.0408219945202552
cswsicon 1 0.0408219945202552 0.0408219945202552
cup 1 1.7719568419318754 1.7719568419318754
current 1 0.0 0.0
cyprus 1 3.506557897319982 3.506557897319982
czech 1 2.207274913189721 2.207274913189721
czechoslovakia 1 3.912023005428146 3.912023005428146
date 1 0.3147107448397002 0.3147107448397002
december 1 0.37106368139083196 0.37106368139083196
decided 1 2.120263536200091 2.120263536200091
deemed 1 3.2188758248682006 3.2188758248682006
defeat 1 1.9661128563728327 1.9661128563728327
defunct 1 2.8134107167600364 2.8134107167600364
dejan 1 4.605170185988092 4.605170185988092
denmark 1 2.659260036932778 2.659260036932778
description 1 0.07257069283483537 0.07257069283483537
deutsch 1 0.9416085398584451 0.9416085398584451
developer 1 0.0 0.0
different 1 0.3424903089467759 0.3424903089467759
direct 1 2.5257286443082556 2.5257286443082556
disclaimer 1 0.0 0.0
dissolved 1 3.506557897319982 3.506557897319982
district 1 1.4271163556401458 1.4271163556401458
dmy 1 1.4271163556401458 1.4271163556401458
dodi 1 4.605170185988092 4.605170185988092
donate 1 0.0 0.0
download 1 0.0 0.0
draw 1 2.302585092994046 2.302585092994046
drulovi 1 4.605170185988092 4.605170185988092
dtaftercontent 1 0.127833371509885 0.127833371509885
eagle 1 1.9661128563728327 1.9661128563728327
east 1 1.0498221244986776 1.0498221244986776
eintracht 1 4.605170185988092 4.605170185988092
eki 1 4.605170185988092 4.605170185988092
eligible 1 2.302585092994046 2.302585092994046
encyclopedia 1 0.0 0.0
england 1 1.6607312068216509 1.6607312068216509
english 1 0.0 0.0
estonia 1 3.506557897319982 3.506557897319982
europe 1 1.5141277326297755 1.5141277326297755
european 1 1.3093333199837622 1.3093333199837622
event 1 0.0 0.0
exp 1 0.0 0.0
external 1 0.44628710262841953 0.44628710262841953
faroe 1 4.605170185988092 4.605170185988092
fbgoalspan 1 3.2188758248682006 3.2188758248682006
february 1 0.27443684570176036 0.27443684570176036
federal 1 1.8971199848858813 1.8971199848858813
fifa 1 2.8134107167600364 2.8134107167600364
file 1 0.0 0.0
final 1 0.9942522733438669 0.9942522733438669
finland 1 3.506557897319982 3.506557897319982
first 1 0.1508228897345837 0.1508228897345837
fixture 1 3.912023005428146 3.912023005428146
flagicon 1 2.659260036932778 2.659260036932778
following 1 0.7133498878774648 0.7133498878774648
follows 1 2.302585092994046 2.302585092994046
football 1 1.8325814637483102 1.8325814637483102
foreigner 1 2.8134107167600364 2.8134107167600364
former 1 0.9675840262617057 0.9675840262617057
foundation 1 0.0 0.0
fourth 1 1.4696759700589417 1.4696759700589417
franais 1 0.8675005677047231 0.8675005677047231
france 1 1.2039728043259361 1.2039728043259361
frankfurt 1 3.912023005428146 3.912023005428146
free 1 0.0 0.0
friendly 1 2.995732273553991 2.995732273553991
fss 1 4.605170185988092 4.605170185988092
futsal 1 4.605170185988092 4.605170185988092
future 1 1.6607312068216509 1.6607312068216509
game 1 1.2378743560016172 1.2378743560016172
garbarnia 1 4.605170185988092 4.605170185988092
general 1 0.0 0.0
generation 1 1.9661128563728327 1.9661128563728327
gent 1 4.605170185988092 4.605170185988092
georgia 1 2.302585092994046 2.302585092994046
germany 1 1.4271163556401458 1.4271163556401458
get 1 0.0 0.0
gibraltar 1 3.912023005428146 3.912023005428146
giulio 1 4.605170185988092 4.605170185988092
goal 1 1.8971199848858813 1.8971199848858813
gorica 1 4.605170185988092 4.605170185988092
gornji 1 4.605170185988092 4.605170185988092
govedarica 1 4.605170185988092 4.605170185988092
governing 1 3.2188758248682006 3.2188758248682006
greece 1 2.302585092994046 2.302585092994046
group 1 0.8209805520698303 0.8209805520698303
gustavo 1 3.506557897319982 3.506557897319982
handball 1 4.605170185988092 4.605170185988092
happened 1 2.5257286443082556 2.5257286443082556
hatnote 1 0.843970070294529 0.843970070294529
head 1 1.1086626245216111 1.1086626245216111
help 1 0.0 0.0
helsinki 1 4.605170185988092 4.605170185988092
herzegovina 1 3.2188758248682006 3.2188758248682006
hidden 1 0.010050335853501506 0.010050335853501506
hide 1 0.0 0.0
history 1 0.0 0.0
hlist 1 0.127833371509885 0.127833371509885
hlistinline 1 0.127833371509885 0.127833371509885
hockey 1 2.995732273553991 2.995732273553991
hungary 1 2.995732273553991 2.995732273553991
husar 1 4.605170185988092 4.605170185988092
ibrahim 1 3.506557897319982 3.506557897319982
ice 1 2.659260036932778 2.659260036932778
iceland 1 3.506557897319982 3.506557897319982
idlockfree 1 0.0408219945202552 0.0408219945202552
idlockfreeidlockfree 1 0.0408219945202552 0.0408219945202552
idlocklimited 1 0.0408219945202552 0.0408219945202552
idlockregistration 1 0.0408219945202552 0.0408219945202552
idlocksubscription 1 0.0408219945202552 0.0408219945202552
ileanci 1 4.605170185988092 4.605170185988092
inc 1 0.0 0.0
include 1 1.3093333199837622 1.3093333199837622
independent 1 1.4271163556401458 1.4271163556401458
infobox 1 0.3011050927839216 0.3011050927839216
infoboxtable 1 0.3147107448397002 0.3147107448397002
information 1 0.0 0.0
inheritor 1 4.605170185988092 4.605170185988092
inter 1 2.659260036932778 2.659260036932778
intercontinental 1 3.912023005428146 3.912023005428146
international 1 0.5978370007556204 0.5978370007556204
ireland 1 2.302585092994046 2.302585092994046
island 1 1.5141277326297755 1.5141277326297755
israel 1 1.7147984280919266 1.7147984280919266
italiano 1 1.07880966137193 1.07880966137193
italy 1 2.120263536200091 2.120263536200091
item 1 0.010050335853501506 0.010050335853501506
ivan 1 2.995732273553991 2.995732273553991
ivkovi 1 4.605170185988092 4.605170185988092
jablanica 1 4.605170185988092 4.605170185988092
jan 1 2.0402208285265546 2.0402208285265546
january 1 0.3424903089467759 0.3424903089467759
jevi 1 4.605170185988092 4.605170185988092
john 1 0.49429632181478017 0.49429632181478017
jovan 1 4.605170185988092 4.605170185988092
jovi 1 4.605170185988092 4.605170185988092
json 1 3.912023005428146 3.912023005428146
july 1 0.43078291609245434 0.43078291609245434
jump 1 0.0 0.0
june 1 0.40047756659712536 0.40047756659712536
kazakhstan 1 3.912023005428146 3.912023005428146
kenzie 1 2.995732273553991 2.995732273553991
knockout 1 3.2188758248682006 3.2188758248682006
kolubara 1 4.605170185988092 4.605170185988092
korfball 1 4.605170185988092 4.605170185988092
kosanovi 1 4.605170185988092 4.605170185988092
kosovo 1 3.912023005428146 3.912023005428146
kosovska 1 4.605170185988092 4.605170185988092
kosta 1 4.605170185988092 4.605170185988092
kovaev 1 4.605170185988092 4.605170185988092
kragujevac 1 4.605170185988092 4.605170185988092
krakw 1 4.605170185988092 4.605170185988092
krivokapi 1 4.605170185988092 4.605170185988092
kula 1 4.605170185988092 4.605170185988092
language 1 0.0 0.0
langx 1 2.659260036932778 2.659260036932778
last 1 0.0 0.0
latest 1 2.8134107167600364 2.8134107167600364
latvia 1 2.995732273553991 2.995732273553991
league 1 1.3470736479666094 1.3470736479666094
learn 1 0.0 0.0
legendtext 1 3.2188758248682006 3.2188758248682006
lekovi 1 4.605170185988092 4.605170185988092
lenjak 1 4.605170185988092 4.605170185988092
leuven 1 3.912023005428146 3.912023005428146
level 1 1.9661128563728327 1.9661128563728327
liaftercontent 1 0.127833371509885 0.127833371509885
license 1 0.0 0.0
liechtenstein 1 3.912023005428146 3.912023005428146
liga 1 2.995732273553991 2.995732273553991
lijeski 1 4.605170185988092 4.605170185988092
limarginbottom 1 0.9675840262617057 0.9675840262617057
link 1 0.0 0.0
lipani 1 4.605170185988092 4.605170185988092
list 1 0.6348782724359695 0.6348782724359695
lithuania 1 4.605170185988092 4.605170185988092
ljivi 1 4.605170185988092 4.605170185988092
ljubinko 1 4.605170185988092 4.605170185988092
log 1 0.0 0.0
logged 1 0.0 0.0
loss 1 1.7147984280919266 1.7147984280919266
luka 1 3.912023005428146 3.912023005428146
luxembourg 1 3.506557897319982 3.506557897319982
mac 1 2.0402208285265546 2.0402208285265546
macedonia 1 3.912023005428146 3.912023005428146
made 1 0.653926467406664 0.653926467406664
madrid 1 3.2188758248682006 3.2188758248682006
main 1 0.0 0.0
malta 1 3.506557897319982 3.506557897319982
march 1 0.3147107448397002 0.3147107448397002
mari 1 3.506557897319982 3.506557897319982
marijampol 1 4.605170185988092 4.605170185988092
marinkovi 1 4.605170185988092 4.605170185988092
marino 1 3.2188758248682006 3.2188758248682006
marko 1 3.506557897319982 3.506557897319982
marta 1 3.912023005428146 3.912023005428146
match 1 0.8675005677047231 0.8675005677047231
mateja 1 4.605170185988092 4.605170185988092
matyjewicz 1 4.605170185988092 4.605170185988092
mava 1 4.605170185988092 4.605170185988092
may 1 0.0 0.0
men 1 1.2039728043259361 1.2039728043259361
menu 1 0.0 0.0
metalac 1 4.605170185988092 4.605170185988092
miguel 1 2.302585092994046 2.302585092994046
mihajlo 1 4.605170185988092 4.605170185988092
mijatovi 1 4.605170185988092 4.605170185988092
miladinovi 1 4.605170185988092 4.605170185988092
milan 1 2.8134107167600364 2.8134107167600364
milanovac 1 4.605170185988092 4.605170185988092
mile 1 1.8971199848858813 1.8971199848858813
milo 1 3.506557897319982 3.506557897319982
miloevi 1 4.605170185988092 4.605170185988092
mimovi 1 4.605170185988092 4.605170185988092
minakovi 1 4.605170185988092 4.605170185988092
miodrag 1 3.912023005428146 3.912023005428146
mireti 1 4.605170185988092 4.605170185988092
mirosavi 1 4.605170185988092 4.605170185988092
misitano 1 4.605170185988092 4.605170185988092
mitrovica 1 4.605170185988092 4.605170185988092
mladenovi 1 4.605170185988092 4.605170185988092
mobile 1 0.0 0.0
moldova 1 4.605170185988092 4.605170185988092
monache 1 4.605170185988092 4.605170185988092
montenegro 1 3.506557897319982 3.506557897319982
month 1 0.8915981192837835 0.8915981192837835
montpellier 1 4.605170185988092 4.605170185988092
morava 1 4.605170185988092 4.605170185988092
moravica 1 4.605170185988092 4.605170185988092
move 1 0.0 0.0
name 1 0.5276327420823719 0.5276327420823719
natfsgplayer 1 4.605170185988092 4.605170185988092
natfsplayer 1 4.605170185988092 4.605170185988092
nation 1 1.2729656758128876 1.2729656758128876
national 1 0.5108256237659907 0.5108256237659907
navbar 1 0.23572233352106994 0.23572233352106994
navbarfontsizemedia 1 0.3147107448397002 0.3147107448397002
navbarmini 1 0.23572233352106994 0.23572233352106994
navbox 1 0.1392620673335076 0.1392620673335076
navboximage 1 0.1392620673335076 0.1392620673335076
navboxsubgroup 1 0.1392620673335076 0.1392620673335076
navboxtitle 1 0.1392620673335076 0.1392620673335076
navigation 1 0.0 0.0
nedeljkovi 1 4.605170185988092 4.605170185988092
nederland 1 1.7147984280919266 1.7147984280919266
nenad 1 4.605170185988092 4.605170185988092
netherlands 1 1.7719568419318754 1.7719568419318754
niava 1 4.605170185988092 4.605170185988092
nice 1 2.995732273553991 2.995732273553991
nicknamed 1 3.506557897319982 3.506557897319982
nikola 1 4.605170185988092 4.605170185988092
nikoli 1 4.605170185988092 4.605170185988092
nogueira 1 3.912023005428146 3.912023005428146
nonprofit 1 0.0 0.0
north 1 0.8209805520698303 0.8209805520698303
northern 1 1.3093333199837622 1.3093333199837622
norway 1 2.120263536200091 2.120263536200091
november 1 0.3011050927839216 0.3011050927839216
novi 1 3.912023005428146 3.912023005428146
obradovi 1 3.912023005428146 3.912023005428146
october 1 0.28768207245178085 0.28768207245178085
ofk 1 4.605170185988092 4.605170185988092
ognjen 1 4.605170185988092 4.605170185988092
ollibeforecontent 1 0.127833371509885 0.127833371509885
olympics 1 2.8134107167600364 2.8134107167600364
omladinska 1 4.605170185988092 4.605170185988092
opposition 1 1.9661128563728327 1.9661128563728327
organization 1 0.0 0.0
organizationname 1 0.010050335853501506 0.010050335853501506
orlii 1 4.605170185988092 4.605170185988092
overview 1 2.0402208285265546 2.0402208285265546
pafundi 1 4.605170185988092 4.605170185988092
page 1 0.0 0.0
panevo 1 4.605170185988092 4.605170185988092
paralympics 1 4.605170185988092 4.605170185988092
partizan 1 3.912023005428146 3.912023005428146
paunovi 1 4.605170185988092 4.605170185988092
pavkovi 1 4.605170185988092 4.605170185988092
pazova 1 4.605170185988092 4.605170185988092
pdfprintable 1 0.0 0.0
pen 1 2.207274913189721 2.207274913189721
penalty 1 2.8134107167600364 2.8134107167600364
permanent 1 0.0 0.0
personal 1 0.0 0.0
petkovi 1 4.605170185988092 4.605170185988092
petrovi 1 3.912023005428146 3.912023005428146
pinja 1 4.605170185988092 4.605170185988092
pirot 1 4.605170185988092 4.605170185988092
place 1 0.653926467406664 0.653926467406664
plainlist 1 0.7339691750802005 0.7339691750802005
played 1 1.3862943611198906 1.3862943611198906
player 1 1.6094379124341003 1.6094379124341003
po 1 2.407945608651872 2.407945608651872
podunavlje 1 4.605170185988092 4.605170185988092
podunavljeumadija 1 4.605170185988092 4.605170185988092
poland 1 2.302585092994046 2.302585092994046
policy 1 0.0 0.0
polo 1 3.506557897319982 3.506557897319982
polski 1 1.3470736479666094 1.3470736479666094
pomoravlje 1 4.605170185988092 4.605170185988092
portal 1 0.0 0.0
portugal 1 2.302585092994046 2.302585092994046
portugalmedia 1 4.605170185988092 4.605170185988092
printbodyns 1 0.09431067947124142 0.09431067947124142
printexport 1 0.0 0.0
privacy 1 0.0 0.0
profile 1 2.0402208285265546 2.0402208285265546
project 1 0.0 0.0
qualification 1 2.995732273553991 2.995732273553991
qualified 1 2.995732273553991 2.995732273553991
qualify 1 2.659260036932778 2.659260036932778
radakovi 1 4.605170185988092 4.605170185988092
radovan 1 4.605170185988092 4.605170185988092
radulovi 1 4.605170185988092 4.605170185988092
raka 1 4.605170185988092 4.605170185988092
random 1 0.0 0.0
rasina 1 4.605170185988092 4.605170185988092
rczna 1 4.605170185988092 4.605170185988092
reached 1 2.302585092994046 2.302585092994046
read 1 0.0 0.0
received 1 1.1394342831883648 1.1394342831883648
recent 1 0.0 0.0
record 1 0.7765287894989963 0.7765287894989963
red 1 1.07880966137193 1.07880966137193
referee 1 2.8134107167600364 2.8134107167600364
reference 1 0.03045920748470844 0.03045920748470844
reflist 1 0.06187540371808745 0.06187540371808745
reflistcolumns 1 0.06187540371808745 0.06187540371808745
reg 1 0.0 0.0
registered 1 0.0 0.0
related 1 0.0 0.0
remain 1 2.207274913189721 2.207274913189721
report 1 1.1086626245216111 1.1086626245216111
represented 1 1.7719568419318754 1.7719568419318754
republic 1 1.5141277326297755 1.5141277326297755
result 1 0.9942522733438669 0.9942522733438669
retrieved 1 0.0 0.0
rks 1 4.605170185988092 4.605170185988092
rogi 1 4.605170185988092 4.605170185988092
romania 1 3.2188758248682006 3.2188758248682006
romanized 1 3.912023005428146 3.912023005428146
rugby 1 2.995732273553991 2.995732273553991
runner 1 2.995732273553991 2.995732273553991
russia 1 2.0402208285265546 2.0402208285265546
sad 1 4.605170185988092 4.605170185988092
saki 1 4.605170185988092 4.605170185988092
san 1 1.2378743560016172 1.2378743560016172
santiago 1 2.995732273553991 2.995732273553991
scg 1 4.605170185988092 4.605170185988092
scotland 1 2.659260036932778 2.659260036932778
screen 1 0.010050335853501506 0.010050335853501506
search 1 0.0 0.0
second 1 0.49429632181478017 0.49429632181478017
see 1 0.40047756659712536 0.40047756659712536
semifinal 1 2.407945608651872 2.407945608651872
separated 1 3.2188758248682006 3.2188758248682006
september 1 0.43078291609245434 0.43078291609245434
serafimovi 1 4.605170185988092 4.605170185988092
serbia 1 3.2188758248682006 3.2188758248682006
serbian 1 3.506557897319982 3.506557897319982
serbianlanguage 1 4.605170185988092 4.605170185988092
sfr 1 4.605170185988092 4.605170185988092
share 1 0.0 0.0
shootout 1 3.506557897319982 3.506557897319982
short 1 0.06187540371808745 0.06187540371808745
shortened 1 0.0 0.0
sidebar 1 0.0 0.0
simi 1 3.912023005428146 3.912023005428146
simin 1 4.605170185988092 4.605170185988092
since 1 0.7985076962177716 0.7985076962177716
site 1 0.0 0.0
sivi 1 4.605170185988092 4.605170185988092
slobodan 1 4.605170185988092 4.605170185988092
slovakia 1 3.2188758248682006 3.2188758248682006
slovenia 1 3.912023005428146 3.912023005428146
soccer 1 2.659260036932778 2.659260036932778
soccerway 1 3.912023005428146 3.912023005428146
socialist 1 2.407945608651872 2.407945608651872
sofia 1 3.912023005428146 3.912023005428146
softball 1 3.912023005428146 3.912023005428146
solid 1 0.09431067947124142 0.09431067947124142
sombor 1 4.605170185988092 4.605170185988092
source 1 0.5798184952529422 0.5798184952529422
south 1 0.9162907318741551 0.9162907318741551
soviet 1 2.407945608651872 2.407945608651872
spain 1 1.6607312068216509 1.6607312068216509
spartak 1 4.605170185988092 4.605170185988092
special 1 0.0 0.0
sport 1 1.1394342831883648 1.1394342831883648
sportski 1 4.605170185988092 4.605170185988092
squad 1 2.659260036932778 2.659260036932778
srb 1 3.912023005428146 3.912023005428146
srbije 1 4.605170185988092 4.605170185988092
sredanovi 1 4.605170185988092 4.605170185988092
sremevi 1 4.605170185988092 4.605170185988092
sremska 1 4.605170185988092 4.605170185988092
srpski 1 3.2188758248682006 3.2188758248682006
stadion 1 3.912023005428146 3.912023005428146
stadium 1 2.0402208285265546 2.0402208285265546
stage 1 1.9661128563728327 1.9661128563728327
stankovi 1 4.605170185988092 4.605170185988092
stanojevi 1 4.605170185988092 4.605170185988092
star 1 0.9675840262617057 0.9675840262617057
stara 1 4.605170185988092 4.605170185988092
statement 1 0.0 0.0
statistic 1 0.0 0.0
stefan 1 3.912023005428146 3.912023005428146
stuttgart 1 4.605170185988092 4.605170185988092
subotica 1 4.605170185988092 4.605170185988092
subsection 1 0.3424903089467759 0.3424903089467759
success 1 1.8325814637483102 1.8325814637483102
successor 1 2.207274913189721 2.207274913189721
super 1 2.302585092994046 2.302585092994046
sweden 1 2.207274913189721 2.207274913189721
switzerland 1 2.407945608651872 2.407945608651872
table 1 0.0 0.0
talk 1 0.0 0.0
tdhlist 1 0.1392620673335076 0.1392620673335076
team 1 1.0498221244986776 1.0498221244986776
template 1 0.0 0.0
tennis 1 3.506557897319982 3.506557897319982
term 1 0.0 0.0
text 1 0.0 0.0
thbodyskinresponsive 1 0.3147107448397002 0.3147107448397002
therefore 1 2.207274913189721 2.207274913189721
third 1 0.9162907318741551 0.9162907318741551
title 1 0.9162907318741551 0.9162907318741551
toggle 1 0.010050335853501506 0.010050335853501506
tomi 1 4.605170185988092 4.605170185988092
tomislav 1 4.605170185988092 4.605170185988092
tool 1 0.0 0.0
top 1 0.010050335853501506 0.010050335853501506
topic 1 0.0 0.0
toplica 1 4.605170185988092 4.605170185988092
total 1 0.0 0.0
tournament 1 2.8134107167600364 2.8134107167600364
trademark 1 0.0 0.0
training 1 1.6094379124341003 1.6094379124341003
trifkovi 1 4.605170185988092 4.605170185988092
trke 1 2.207274913189721 2.207274913189721
turkey 1 2.302585092994046 2.302585092994046
turn 1 2.0402208285265546 2.0402208285265546
twelve 1 2.995732273553991 2.995732273553991
uefa 1 4.605170185988092 4.605170185988092
uefaactive 1 4.605170185988092 4.605170185988092
ukariki 1 4.605170185988092 4.605170185988092
ukraine 1 2.8134107167600364 2.8134107167600364
ulpaddingem 1 0.1392620673335076 0.1392620673335076
umadija 1 4.605170185988092 4.605170185988092
unicknames 1 4.605170185988092 4.605170185988092
union 1 1.07880966137193 1.07880966137193
universiade 1 3.912023005428146 3.912023005428146
university 1 0.616186139423817 0.616186139423817
upload 1 0.0 0.0
urevi 1 4.605170185988092 4.605170185988092
uro 1 4.605170185988092 4.605170185988092
use 1 0.0 0.0
using 1 0.0 0.0
utc 1 0.0 0.0
var 1 0.0 0.0
varna 1 3.912023005428146 3.912023005428146
vasiljevi 1 4.605170185988092 4.605170185988092
velebit 1 4.605170185988092 4.605170185988092
velikovi 1 3.912023005428146 3.912023005428146
veljko 1 4.605170185988092 4.605170185988092
venue 1 2.407945608651872 2.407945608651872
version 1 0.0 0.0
view 1 0.0 0.0
visoko 1 4.605170185988092 4.605170185988092
vojin 1 4.605170185988092 4.605170185988092
vojvodina 1 3.912023005428146 3.912023005428146
volleyball 1 3.2188758248682006 3.2188758248682006
vte 1 0.7550225842780328 0.7550225842780328
vukievi 1 4.605170185988092 4.605170185988092
wale 1 3.506557897319982 3.506557897319982
water 1 1.5606477482646683 1.5606477482646683
west 1 1.171182981502945 1.171182981502945
wikidata 1 0.010050335853501506 0.010050335853501506
wikimedia 1 0.0 0.0
wikipedia 1 0.0 0.0
win 1 1.1086626245216111 1.1086626245216111
windefeat 1 4.605170185988092 4.605170185988092
winner 1 1.5141277326297755 1.5141277326297755
within 1 1.3862943611198906 1.3862943611198906
woman 1 1.171182981502945 1.171182981502945
womens 1 2.0402208285265546 2.0402208285265546
world 1 0.5108256237659907 0.5108256237659907
year 1 0.3424903089467759 0.3424903089467759
young 1 1.2378743560016172 1.2378743560016172
youth 1 2.207274913189721 2.207274913189721
yugoslav 1 3.2188758248682006 3.2188758248682006
yugoslavia 1 3.506557897319982 3.506557897319982
zajear 1 4.605170185988092 4.605170185988092
zlatibor 1 4.605170185988092 4.605170185988092
zone 1 2.407945608651872 2.407945608651872
zoran 1 4.605170185988092 4.605170185988092
zrenjanin 1 4.605170185988092 4.605170185988092
zvonko 1 4.605170185988092 4.605170185988092
