aaa 1 3.2188758248682006 3.2188758248682006
aabpadding 1 3.912023005428146 3.912023005428146
aabpaddingem 1 3.912023005428146 3.912023005428146
aaron 1 2.207274913189721 2.207274913189721
account 1 0.0 0.0
acta 1 4.605170185988092 4.605170185988092
action 1 0.0 0.0
add 1 0.0 0.0
additional 1 0.0 0.0
agent 1 2.207274913189721 2.207274913189721
agree 1 0.0 0.0
alan 1 2.0402208285265546 2.0402208285265546
alex 1 2.120263536200091 2.120263536200091
alike 1 0.0 0.0
alltime 1 3.2188758248682006 3.2188758248682006
alou 1 4.605170185988092 4.605170185988092
also 1 0.127833371509885 0.127833371509885
anaheim 1 3.506557897319982 3.506557897319982
angeles 1 1.6607312068216509 1.6607312068216509
announcer 1 3.506557897319982 3.506557897319982
appalachian 1 3.506557897319982 3.506557897319982
appearance 1 0.0 0.0
apply 1 0.0 0.0
appreciation 1 3.912023005428146 3.912023005428146
april 1 0.44628710262841953 0.44628710262841953
archived 1 0.47803580094299974 0.47803580094299974
arizona 1 2.659260036932778 2.659260036932778
article 1 0.0 0.0
ashby 1 3.912023005428146 3.912023005428146
asheville 1 3.912023005428146 3.912023005428146
ashort 1 3.912023005428146 3.912023005428146
associated 1 1.4696759700589417 1.4696759700589417
astro 1 3.506557897319982 3.506557897319982
astrodome 1 4.605170185988092 4.605170185988092
astros 1 4.605170185988092 4.605170185988092
atl 1 3.912023005428146 3.912023005428146
atlanta 1 2.207274913189721 2.207274913189721
attribution 1 0.0 0.0
auburn 1 3.506557897319982 3.506557897319982
august 1 0.3424903089467759 0.3424903089467759
auto 1 0.1392620673335076 0.1392620673335076
available 1 0.0 0.0
average 1 2.0402208285265546 2.0402208285265546
avg 1 3.506557897319982 3.506557897319982
award 1 1.171182981502945 1.171182981502945
bad 1 2.0402208285265546 2.0402208285265546
bagwell 1 3.912023005428146 3.912023005428146
bako 1 4.605170185988092 4.605170185988092
ball 1 1.8971199848858813 1.8971199848858813
ballpark 1 3.912023005428146 3.912023005428146
baltimore 1 2.302585092994046 2.302585092994046
bamboo 1 3.912023005428146 3.912023005428146
barker 1 3.2188758248682006 3.2188758248682006
base 1 1.4696759700589417 1.4696759700589417
baseball 1 2.5257286443082556 2.5257286443082556
baseballhallorg 1 4.605170185988092 4.605170185988092
based 1 1.07880966137193 1.07880966137193
baseman 1 4.605170185988092 4.605170185988092
bat 1 3.912023005428146 3.912023005428146
batted 1 3.912023005428146 3.912023005428146
batter 1 4.605170185988092 4.605170185988092
batting 1 3.912023005428146 3.912023005428146
battle 1 1.3862943611198906 1.3862943611198906
bay 1 1.6094379124341003 1.6094379124341003
beach 1 2.407945608651872 2.407945608651872
bear 1 2.302585092994046 2.302585092994046
bench 1 2.995732273553991 2.995732273553991
berkman 1 4.605170185988092 4.605170185988092
big 1 1.3862943611198906 1.3862943611198906
biggio 1 4.605170185988092 4.605170185988092
bill 1 1.171182981502945 1.171182981502945
billy 1 2.5257286443082556 2.5257286443082556
blue 1 1.4696759700589417 1.4696759700589417
blum 1 3.506557897319982 3.506557897319982
bnlmg 1 3.506557897319982 3.506557897319982
bogar 1 4.605170185988092 4.605170185988092
book 1 0.6348782724359695 0.6348782724359695
boston 1 1.7719568419318754 1.7719568419318754
boyhood 1 4.605170185988092 4.605170185988092
brad 1 2.407945608651872 2.407945608651872
breaking 1 2.659260036932778 2.659260036932778
brewer 1 3.2188758248682006 3.2188758248682006
brewster 1 3.2188758248682006 3.2188758248682006
brian 1 1.6607312068216509 1.6607312068216509
broke 1 2.8134107167600364 2.8134107167600364
broken 1 2.207274913189721 2.207274913189721
brown 1 1.6607312068216509 1.6607312068216509
buff 1 3.912023005428146 3.912023005428146
bullpen 1 3.912023005428146 3.912023005428146
cabrera 1 4.605170185988092 4.605170185988092
cactus 1 4.605170185988092 4.605170185988092
caminiti 1 4.605170185988092 4.605170185988092
capital 1 2.302585092994046 2.302585092994046
card 1 1.7147984280919266 1.7147984280919266
cardinal 1 2.995732273553991 2.995732273553991
career 1 1.2729656758128876 1.2729656758128876
cat 1 1.5606477482646683 1.5606477482646683
catcher 1 3.506557897319982 3.506557897319982
category 1 0.0 0.0
ccffcc 1 3.912023005428146 3.912023005428146
cedeo 1 4.605170185988092 4.605170185988092
centerpx 1 0.0408219945202552 0.0408219945202552
central 1 1.07880966137193 1.07880966137193
champion 1 1.3862943611198906 1.3862943611198906
championship 1 1.5606477482646683 1.5606477482646683
change 1 0.0 0.0
charles 1 1.171182981502945 1.171182981502945
chc 1 3.912023005428146 3.912023005428146
chicago 1 1.8971199848858813 1.8971199848858813
chris 1 1.6607312068216509 1.6607312068216509
christened 1 3.912023005428146 3.912023005428146
christi 1 3.506557897319982 3.506557897319982
chvez 1 3.912023005428146 3.912023005428146
cin 1 3.912023005428146 3.912023005428146
cincinnati 1 2.8134107167600364 2.8134107167600364
citation 1 0.0408219945202552 0.0408219945202552
cite 1 0.0 0.0
citenews 1 1.5606477482646683 1.5606477482646683
city 1 0.6348782724359695 0.6348782724359695
cleveland 1 2.0402208285265546 2.0402208285265546
cloud 1 3.2188758248682006 3.2188758248682006
club 1 1.4271163556401458 1.4271163556401458
coach 1 1.7719568419318754 1.7719568419318754
coast 1 2.207274913189721 2.207274913189721
cobra 1 3.2188758248682006 3.2188758248682006
cocoa 1 4.605170185988092 4.605170185988092
code 1 0.0 0.0
col 1 2.5257286443082556 2.5257286443082556
college 1 1.1394342831883648 1.1394342831883648
colorado 1 1.8971199848858813 1.8971199848858813
colt 1 3.506557897319982 3.506557897319982
coming 1 1.7719568419318754 1.7719568419318754
common 1 0.0 0.0
conduct 1 0.0 0.0
contact 1 0.0 0.0
content 1 0.0 0.0
context 1 0.010050335853501506 0.010050335853501506
continental 1 2.5257286443082556 2.5257286443082556
contribute 1 0.0 0.0
contribution 1 0.0 0.0
cookie 1 0.0 0.0
cookiematch 1 0.0 0.0
cooperstown 1 4.605170185988092 4.605170185988092
corpus 1 3.506557897319982 3.506557897319982
counterlistitema 1 0.127833371509885 0.127833371509885
county 1 1.6607312068216509 1.6607312068216509
cowboy 1 2.8134107167600364 2.8134107167600364
craig 1 2.5257286443082556 2.5257286443082556
crane 1 2.659260036932778 2.659260036932778
crank 1 4.605170185988092 4.605170185988092
craw 1 4.605170185988092 4.605170185988092
create 1 0.0 0.0
creative 1 0.0 0.0
cromer 1 4.605170185988092 4.605170185988092
cruz 1 2.8134107167600364 2.8134107167600364
csmaintcolorf 1 0.06187540371808745 0.06187540371808745
csmaintcolorfmedia 1 0.0408219945202552 0.0408219945202552
cswsicon 1 0.0408219945202552 0.0408219945202552
cub 1 3.506557897319982 3.506557897319982
cubbage 1 4.605170185988092 4.605170185988092
culture 1 1.6094379124341003 1.6094379124341003
current 1 0.0 0.0
daikin 1 4.605170185988092 4.605170185988092
dana 1 3.2188758248682006 3.2188758248682006
daryle 1 4.605170185988092 4.605170185988092
date 1 0.3147107448397002 0.3147107448397002
david 1 0.9942522733438669 0.9942522733438669
day 1 0.5276327420823719 0.5276327420823719
december 1 0.37106368139083196 0.37106368139083196
deep 1 2.407945608651872 2.407945608651872
description 1 0.07257069283483537 0.07257069283483537
deshaies 1 4.605170185988092 4.605170185988092
despite 1 1.1394342831883648 1.1394342831883648
detroit 1 3.2188758248682006 3.2188758248682006
developer 1 0.0 0.0
devil 1 2.207274913189721 2.207274913189721
diego 1 2.659260036932778 2.659260036932778
dierker 1 4.605170185988092 4.605170185988092
different 1 0.3424903089467759 0.3424903089467759
disclaimer 1 0.0 0.0
division 1 1.2729656758128876 1.2729656758128876
divisional 1 3.912023005428146 3.912023005428146
dodger 1 3.506557897319982 3.506557897319982
donate 1 0.0 0.0
dotel 1 4.605170185988092 4.605170185988092
double 1 2.407945608651872 2.407945608651872
doubledays 1 3.912023005428146 3.912023005428146
doug 1 3.912023005428146 3.912023005428146
download 1 0.0 0.0
draft 1 2.5257286443082556 2.5257286443082556
drafted 1 3.506557897319982 3.506557897319982
drayton 1 4.605170185988092 4.605170185988092
dsl 1 3.912023005428146 3.912023005428146
dtaftercontent 1 0.127833371509885 0.127833371509885
dwight 1 3.912023005428146 3.912023005428146
earned 1 2.207274913189721 2.207274913189721
east 1 1.0498221244986776 1.0498221244986776
eddie 1 2.659260036932778 2.659260036932778
eighthinning 1 4.605170185988092 4.605170185988092
elarton 1 4.605170185988092 4.605170185988092
encyclopedia 1 0.0 0.0
english 1 0.0 0.0
enron 1 4.605170185988092 4.605170185988092
ensberg 1 4.605170185988092 4.605170185988092
episode 1 1.6094379124341003 1.6094379124341003
era 1 2.120263536200091 2.120263536200091
ernesto 1 3.506557897319982 3.506557897319982
espada 1 4.605170185988092 4.605170185988092
established 1 1.1086626245216111 1.1086626245216111
eusebio 1 4.605170185988092 4.605170185988092
event 1 0.0 0.0
executive 1 1.8325814637483102 1.8325814637483102
exp 1 0.0 0.0
expansion 1 2.0402208285265546 2.0402208285265546
expo 1 4.605170185988092 4.605170185988092
express 1 1.9661128563728327 1.9661128563728327
external 1 0.44628710262841953 0.44628710262841953
fact 1 1.5141277326297755 1.5141277326297755
fame 1 2.207274913189721 2.207274913189721
farm 1 2.659260036932778 2.659260036932778
fayetteville 1 3.2188758248682006 3.2188758248682006
fcl 1 4.605170185988092 4.605170185988092
feat 1 3.2188758248682006 3.2188758248682006
february 1 0.27443684570176036 0.27443684570176036
field 1 1.0498221244986776 1.0498221244986776
fifth 1 2.120263536200091 2.120263536200091
figure 1 1.3470736479666094 1.3470736479666094
file 1 0.0 0.0
finishing 1 2.407945608651872 2.407945608651872
first 1 0.1508228897345837 0.1508228897345837
firstround 1 3.506557897319982 3.506557897319982
fla 1 4.605170185988092 4.605170185988092
flatow 1 4.605170185988092 4.605170185988092
florida 1 1.9661128563728327 1.9661128563728327
formerly 1 1.8325814637483102 1.8325814637483102
foundation 1 0.0 0.0
four 1 0.7985076962177716 0.7985076962177716
franchise 1 2.207274913189721 2.207274913189721
francisco 1 1.7719568419318754 1.7719568419318754
frank 1 1.7147984280919266 1.7147984280919266
franklin 1 2.407945608651872 2.407945608651872
free 1 0.0 0.0
full 1 1.1086626245216111 1.1086626245216111
galante 1 4.605170185988092 4.605170185988092
game 1 1.2378743560016172 1.2378743560016172
gehrig 1 4.605170185988092 4.605170185988092
general 1 0.0 0.0
geoff 1 3.2188758248682006 3.2188758248682006
geronimo 1 3.912023005428146 3.912023005428146
gerry 1 2.995732273553991 2.995732273553991
get 1 0.0 0.0
ginter 1 4.605170185988092 4.605170185988092
give 1 1.5141277326297755 1.5141277326297755
glen 1 2.8134107167600364 2.8134107167600364
gooden 1 4.605170185988092 4.605170185988092
great 1 0.9675840262617057 0.9675840262617057
green 1 1.171182981502945 1.171182981502945
gross 1 2.995732273553991 2.995732273553991
group 1 0.8209805520698303 0.8209805520698303
hall 1 1.3470736479666094 1.3470736479666094
hamilton 1 2.120263536200091 2.120263536200091
hank 1 2.659260036932778 2.659260036932778
hatnote 1 0.843970070294529 0.843970070294529
head 1 1.1086626245216111 1.1086626245216111
headto 1 4.605170185988092 4.605170185988092
heart 1 1.4696759700589417 1.4696759700589417
help 1 0.0 0.0
henry 1 1.5606477482646683 1.5606477482646683
hidalgo 1 4.605170185988092 4.605170185988092
hidden 1 0.010050335853501506 0.010050335853501506
hide 1 0.0 0.0
high 1 0.9416085398584451 0.9416085398584451
highest 1 1.7719568419318754 1.7719568419318754
highlighted 1 3.2188758248682006 3.2188758248682006
history 1 0.0 0.0
hit 1 2.407945608651872 2.407945608651872
hitting 1 3.912023005428146 3.912023005428146
hlist 1 0.127833371509885 0.127833371509885
hlistinline 1 0.127833371509885 0.127833371509885
holt 1 3.506557897319982 3.506557897319982
holy 1 1.8971199848858813 1.8971199848858813
home 1 0.7339691750802005 0.7339691750802005
homered 1 4.605170185988092 4.605170185988092
honor 1 1.8325814637483102 1.8325814637483102
hook 1 3.912023005428146 3.912023005428146
hot 1 2.8134107167600364 2.8134107167600364
hou 1 4.605170185988092 4.605170185988092
houston 1 1.9661128563728327 1.9661128563728327
houstonastrosmlbcom 1 4.605170185988092 4.605170185988092
hunsicker 1 4.605170185988092 4.605170185988092
ibbaseballteamseason 1 3.912023005428146 3.912023005428146
idlockfree 1 0.0408219945202552 0.0408219945202552
idlockfreeidlockfree 1 0.0408219945202552 0.0408219945202552
idlocklimited 1 0.0408219945202552 0.0408219945202552
idlockregistration 1 0.0408219945202552 0.0408219945202552
idlocksubscription 1 0.0408219945202552 0.0408219945202552
inc 1 0.0 0.0
incaviglia 1 4.605170185988092 4.605170185988092
infielder 1 3.912023005428146 3.912023005428146
infobox 1 0.3011050927839216 0.3011050927839216
infoboxsubheader 1 3.912023005428146 3.912023005428146
infoboxtable 1 0.3147107448397002 0.3147107448397002
information 1 0.0 0.0
inning 1 3.912023005428146 3.912023005428146
isbn 1 0.9942522733438669 0.9942522733438669
item 1 0.010050335853501506 0.010050335853501506
jackie 1 3.2188758248682006 3.2188758248682006
january 1 0.3424903089467759 0.3424903089467759
jason 1 1.6607312068216509 1.6607312068216509
jay 1 2.5257286443082556 2.5257286443082556
jeff 1 1.8325814637483102 1.8325814637483102
jim 1 1.4696759700589417 1.4696759700589417
joe 1 1.5141277326297755 1.5141277326297755
johan 1 3.2188758248682006 3.2188758248682006
john 1 0.49429632181478017 0.49429632181478017
johnson 1 1.6094379124341003 1.6094379124341003
joined 1 1.6607312068216509 1.6607312068216509
jos 1 2.302585092994046 2.302585092994046
julio 1 3.506557897319982 3.506557897319982
jump 1 0.0 0.0
june 1 0.40047756659712536 0.40047756659712536
kalas 1 4.605170185988092 4.605170185988092
kansa 1 2.207274913189721 2.207274913189721
keith 1 2.407945608651872 2.407945608651872
ken 1 2.407945608651872 2.407945608651872
key 1 1.6094379124341003 1.6094379124341003
kid 1 1.8971199848858813 1.8971199848858813
killer 1 3.2188758248682006 3.2188758248682006
kip 1 4.605170185988092 4.605170185988092
kissimmee 1 4.605170185988092 4.605170185988092
knight 1 2.0402208285265546 2.0402208285265546
known 1 0.7985076962177716 0.7985076962177716
knwstvfsn 1 4.605170185988092 4.605170185988092
ktrhmilo 1 4.605170185988092 4.605170185988092
kxyzfrancisco 1 4.605170185988092 4.605170185988092
lance 1 2.995732273553991 2.995732273553991
land 1 1.5141277326297755 1.5141277326297755
lane 1 2.120263536200091 2.120263536200091
language 1 0.0 0.0
larry 1 2.207274913189721 2.207274913189721
last 1 0.0 0.0
later 1 0.5621189181535412 0.5621189181535412
lead 1 1.6607312068216509 1.6607312068216509
leader 1 1.3862943611198906 1.3862943611198906
league 1 1.3470736479666094 1.3470736479666094
learn 1 0.0 0.0
led 1 1.07880966137193 1.07880966137193
level 1 1.9661128563728327 1.9661128563728327
liaftercontent 1 0.127833371509885 0.127833371509885
license 1 0.0 0.0
lima 1 3.2188758248682006 3.2188758248682006
linebrink 1 4.605170185988092 4.605170185988092
lineup 1 2.8134107167600364 2.8134107167600364
link 1 0.0 0.0
log 1 0.0 0.0
logged 1 0.0 0.0
lore 1 2.659260036932778 2.659260036932778
los 1 1.5141277326297755 1.5141277326297755
loss 1 1.7147984280919266 1.7147984280919266
lou 1 3.2188758248682006 3.2188758248682006
louis 1 1.5141277326297755 1.5141277326297755
lounge 1 3.912023005428146 3.912023005428146
lugo 1 3.912023005428146 3.912023005428146
mack 1 3.506557897319982 3.506557897319982
maddux 1 4.605170185988092 4.605170185988092
maggio 1 4.605170185988092 4.605170185988092
maid 1 4.605170185988092 4.605170185988092
main 1 0.0 0.0
major 1 1.1086626245216111 1.1086626245216111
manager 1 2.120263536200091 2.120263536200091
manny 1 3.912023005428146 3.912023005428146
marc 1 2.659260036932778 2.659260036932778
march 1 0.3147107448397002 0.3147107448397002
marlin 1 3.506557897319982 3.506557897319982
martinsville 1 4.605170185988092 4.605170185988092
massarelli 1 4.605170185988092 4.605170185988092
matt 1 1.8325814637483102 1.8325814637483102
mattress 1 4.605170185988092 4.605170185988092
may 1 0.0 0.0
mdy 1 1.3862943611198906 1.3862943611198906
meacham 1 4.605170185988092 4.605170185988092
medium 1 0.49429632181478017 0.49429632181478017
meluskey 1 4.605170185988092 4.605170185988092
menu 1 0.0 0.0
mergedbottomrow 1 3.912023005428146 3.912023005428146
mergedrow 1 3.912023005428146 3.912023005428146
mergedtoprow 1 3.912023005428146 3.912023005428146
mexico 1 1.5606477482646683 1.5606477482646683
michigan 1 2.207274913189721 2.207274913189721
midwest 1 3.2188758248682006 3.2188758248682006
mieske 1 4.605170185988092 4.605170185988092
mike 1 1.6094379124341003 1.6094379124341003
mil 1 3.506557897319982 3.506557897319982
miller 1 1.6094379124341003 1.6094379124341003
milwaukee 1 3.506557897319982 3.506557897319982
minnesota 1 2.0402208285265546 2.0402208285265546
minor 1 2.207274913189721 2.207274913189721
minute 1 1.6607312068216509 1.6607312068216509
mitch 1 3.506557897319982 3.506557897319982
mlb 1 3.912023005428146 3.912023005428146
mlbstandings 1 3.912023005428146 3.912023005428146
mobile 1 0.0 0.0
moiss 1 4.605170185988092 4.605170185988092
montral 1 4.605170185988092 4.605170185988092
montreal 1 2.659260036932778 2.659260036932778
moore 1 2.120263536200091 2.120263536200091
morgan 1 2.207274913189721 2.207274913189721
mounce 1 4.605170185988092 4.605170185988092
move 1 0.0 0.0
mtl 1 3.912023005428146 3.912023005428146
murder 1 2.995732273553991 2.995732273553991
museum 1 2.302585092994046 2.302585092994046
national 1 0.5108256237659907 0.5108256237659907
navbar 1 0.23572233352106994 0.23572233352106994
navbarfontsizemedia 1 0.3147107448397002 0.3147107448397002
navbarheader 1 3.912023005428146 3.912023005428146
navbarmini 1 0.23572233352106994 0.23572233352106994
navbox 1 0.1392620673335076 0.1392620673335076
navboximage 1 0.1392620673335076 0.1392620673335076
navboxsubgroup 1 0.1392620673335076 0.1392620673335076
navboxtitle 1 0.1392620673335076 0.1392620673335076
navigation 1 0.0 0.0
nemec 1 4.605170185988092 4.605170185988092
network 1 1.3470736479666094 1.3470736479666094
new 1 0.24846135929849972 0.24846135929849972
news 1 0.843970070294529 0.843970070294529
night 1 1.7719568419318754 1.7719568419318754
nlcentralstandings 1 4.605170185988092 4.605170185988092
nohitters 1 3.912023005428146 3.912023005428146
nonprofit 1 0.0 0.0
notable 1 1.7719568419318754 1.7719568419318754
note 1 0.8209805520698303 0.8209805520698303
november 1 0.3011050927839216 0.3011050927839216
number 1 0.7550225842780328 0.7550225842780328
nym 1 3.912023005428146 3.912023005428146
oakland 1 2.995732273553991 2.995732273553991
octavio 1 4.605170185988092 4.605170185988092
october 1 0.28768207245178085 0.28768207245178085
offseason 1 4.605170185988092 4.605170185988092
ollibeforecontent 1 0.127833371509885 0.127833371509885
one 1 0.23572233352106994 0.23572233352106994
opening 1 1.9661128563728327 1.9661128563728327
opponent 1 2.8134107167600364 2.8134107167600364
orange 1 2.5257286443082556 2.5257286443082556
orbit 1 3.506557897319982 3.506557897319982
organization 1 0.0 0.0
organizationname 1 0.010050335853501506 0.010050335853501506
original 1 0.4155154439616658 0.4155154439616658
orleans 1 3.506557897319982 3.506557897319982
osceola 1 4.605170185988092 4.605170185988092
outfielder 1 3.912023005428146 3.912023005428146
owner 1 1.7147984280919266 1.7147984280919266
pacific 1 2.302585092994046 2.302585092994046
page 1 0.0 0.0
palm 1 2.995732273553991 2.995732273553991
park 1 1.3093333199837622 1.3093333199837622
paul 1 0.8675005677047231 0.8675005677047231
pct 1 3.912023005428146 3.912023005428146
pdfprintable 1 0.0 0.0
pea 1 2.8134107167600364 2.8134107167600364
pedrique 1 4.605170185988092 4.605170185988092
penguin 1 3.2188758248682006 3.2188758248682006
penn 1 2.995732273553991 2.995732273553991
pennant 1 4.605170185988092 4.605170185988092
permanent 1 0.0 0.0
personal 1 0.0 0.0
personnel 1 2.207274913189721 2.207274913189721
pete 1 2.8134107167600364 2.8134107167600364
phi 1 3.506557897319982 3.506557897319982
philadelphia 1 2.5257286443082556 2.5257286443082556
pick 1 2.407945608651872 2.407945608651872
pirate 1 2.5257286443082556 2.5257286443082556
pit 1 2.995732273553991 2.995732273553991
pitched 1 3.912023005428146 3.912023005428146
pitcher 1 3.912023005428146 3.912023005428146
pitching 1 3.912023005428146 3.912023005428146
pittsburgh 1 2.8134107167600364 2.8134107167600364
placeth 1 3.912023005428146 3.912023005428146
played 1 1.3862943611198906 1.3862943611198906
player 1 1.6094379124341003 1.6094379124341003
po 1 2.407945608651872 2.407945608651872
policy 1 0.0 0.0
portal 1 0.0 0.0
position 1 1.1394342831883648 1.1394342831883648
powell 1 2.8134107167600364 2.8134107167600364
power 1 1.0216512475319812 1.0216512475319812
press 1 0.7550225842780328 0.7550225842780328
prez 1 3.506557897319982 3.506557897319982
printbodyns 1 0.09431067947124142 0.09431067947124142
printexport 1 0.0 0.0
privacy 1 0.0 0.0
project 1 0.0 0.0
purchased 1 2.120263536200091 2.120263536200091
radio 1 1.4696759700589417 1.4696759700589417
rafael 1 3.2188758248682006 3.2188758248682006
ral 1 3.912023005428146 3.912023005428146
ramrez 1 3.506557897319982 3.506557897319982
random 1 0.0 0.0
ranger 1 3.2188758248682006 3.2188758248682006
ray 1 1.7147984280919266 1.7147984280919266
rbi 1 3.912023005428146 3.912023005428146
read 1 0.0 0.0
recent 1 0.0 0.0
record 1 0.7765287894989963 0.7765287894989963
recordvte 1 4.605170185988092 4.605170185988092
red 1 1.07880966137193 1.07880966137193
reference 1 0.03045920748470844 0.03045920748470844
reflist 1 0.06187540371808745 0.06187540371808745
reflistcolumns 1 0.06187540371808745 0.06187540371808745
reg 1 0.0 0.0
region 1 1.6607312068216509 1.6607312068216509
registered 1 0.0 0.0
regular 1 1.5606477482646683 1.5606477482646683
related 1 0.0 0.0
released 1 1.2729656758128876 1.2729656758128876
relief 1 2.8134107167600364 2.8134107167600364
resurrection 1 2.659260036932778 2.659260036932778
retired 1 1.7719568419318754 1.7719568419318754
retrieved 1 0.0 0.0
reynolds 1 2.5257286443082556 2.5257286443082556
richard 1 1.1394342831883648 1.1394342831883648
rivalry 1 2.659260036932778 2.659260036932778
road 1 1.3862943611198906 1.3862943611198906
robinson 1 2.120263536200091 2.120263536200091
rock 1 1.6094379124341003 1.6094379124341003
roger 1 1.9661128563728327 1.9661128563728327
rookie 1 3.2188758248682006 3.2188758248682006
roster 1 2.8134107167600364 2.8134107167600364
roto 1 4.605170185988092 4.605170185988092
round 1 1.3862943611198906 1.3862943611198906
rowbackground 1 3.912023005428146 3.912023005428146
ruhle 1 4.605170185988092 4.605170185988092
ruiz 1 3.506557897319982 3.506557897319982
rule 1 1.4696759700589417 1.4696759700589417
run 1 1.171182981502945 1.171182981502945
rus 1 3.912023005428146 3.912023005428146
rusty 1 4.605170185988092 4.605170185988092
san 1 1.2378743560016172 1.2378743560016172
santana 1 3.506557897319982 3.506557897319982
saturday 1 2.407945608651872 2.407945608651872
save 1 1.8971199848858813 1.8971199848858813
scandal 1 2.8134107167600364 2.8134107167600364
scored 1 2.302585092994046 2.302585092994046
scott 1 1.2729656758128876 1.2729656758128876
screen 1 0.010050335853501506 0.010050335853501506
search 1 0.0 0.0
season 1 1.1394342831883648 1.1394342831883648
seattle 1 2.5257286443082556 2.5257286443082556
second 1 0.49429632181478017 0.49429632181478017
see 1 0.40047756659712536 0.40047756659712536
seinfeld 1 4.605170185988092 4.605170185988092
series 1 0.8675005677047231 0.8675005677047231
set 1 0.9942522733438669 0.9942522733438669
seven 1 1.6094379124341003 1.6094379124341003
shane 1 2.995732273553991 2.995732273553991
share 1 0.0 0.0
shared 1 2.659260036932778 2.659260036932778
short 1 0.06187540371808745 0.06187540371808745
shortdescription 1 0.2613647641344075 0.2613647641344075
shortened 1 0.0 0.0
shriners 1 4.605170185988092 4.605170185988092
sidebar 1 0.0 0.0
sign 1 1.8971199848858813 1.8971199848858813
signed 1 2.407945608651872 2.407945608651872
signet 1 4.605170185988092 4.605170185988092
since 1 0.7985076962177716 0.7985076962177716
single 1 1.4696759700589417 1.4696759700589417
site 1 0.0 0.0
slusarski 1 4.605170185988092 4.605170185988092
solid 1 0.09431067947124142 0.09431067947124142
source 1 0.5798184952529422 0.5798184952529422
southwest 1 2.407945608651872 2.407945608651872
space 1 1.7719568419318754 1.7719568419318754
special 1 0.0 0.0
spiers 1 4.605170185988092 4.605170185988092
sport 1 1.1394342831883648 1.1394342831883648
spring 1 1.5606477482646683 1.5606477482646683
stadium 1 2.0402208285265546 2.0402208285265546
standing 1 1.8971199848858813 1.8971199848858813
star 1 0.9675840262617057 0.9675840262617057
starter 1 3.506557897319982 3.506557897319982
starting 1 1.8971199848858813 1.8971199848858813
state 1 0.3147107448397002 0.3147107448397002
statement 1 0.0 0.0
station 1 1.8325814637483102 1.8325814637483102
statistic 1 0.0 0.0
stats 1 3.2188758248682006 3.2188758248682006
stealing 1 3.2188758248682006 3.2188758248682006
stl 1 3.506557897319982 3.506557897319982
story 1 1.5606477482646683 1.5606477482646683
strikeout 1 3.912023005428146 3.912023005428146
subsection 1 0.3424903089467759 0.3424903089467759
sugar 1 2.8134107167600364 2.8134107167600364
sunshine 1 4.605170185988092 4.605170185988092
system 1 0.9162907318741551 0.9162907318741551
table 1 0.0 0.0
talk 1 0.0 0.0
tamargo 1 4.605170185988092 4.605170185988092
tampa 1 3.2188758248682006 3.2188758248682006
tdhlist 1 0.1392620673335076 0.1392620673335076
team 1 1.0498221244986776 1.0498221244986776
ted 1 3.506557897319982 3.506557897319982
television 1 1.6607312068216509 1.6607312068216509
template 1 0.0 0.0
ten 1 1.5141277326297755 1.5141277326297755
term 1 0.0 0.0
texas 1 1.8971199848858813 1.8971199848858813
text 1 0.0 0.0
thbodyskinresponsive 1 0.3147107448397002 0.3147107448397002
thbordertoppx 1 3.506557897319982 3.506557897319982
third 1 0.9162907318741551 0.9162907318741551
tie 1 2.659260036932778 2.659260036932778
tiebreaker 1 3.912023005428146 3.912023005428146
tied 1 2.5257286443082556 2.5257286443082556
tim 1 1.6607312068216509 1.6607312068216509
time 1 0.28768207245178085 0.28768207245178085
title 1 0.9162907318741551 0.9162907318741551
todd 1 2.5257286443082556 2.5257286443082556
toggle 1 0.010050335853501506 0.010050335853501506
toledo 1 2.995732273553991 2.995732273553991
tom 1 1.2378743560016172 1.2378743560016172
tony 1 1.8325814637483102 1.8325814637483102
tool 1 0.0 0.0
top 1 0.010050335853501506 0.010050335853501506
topic 1 0.0 0.0
toronto 1 2.0402208285265546 2.0402208285265546
total 1 0.0 0.0
tourist 1 2.995732273553991 2.995732273553991
trademark 1 0.0 0.0
training 1 1.6094379124341003 1.6094379124341003
transaction 1 2.8134107167600364 2.8134107167600364
treasure 1 3.2188758248682006 3.2188758248682006
trevio 1 4.605170185988092 4.605170185988092
tri 1 3.506557897319982 3.506557897319982
triple 1 2.302585092994046 2.302585092994046
tripp 1 3.912023005428146 3.912023005428146
truby 1 4.605170185988092 4.605170185988092
tub 1 4.605170185988092 4.605170185988092
turf 1 4.605170185988092 4.605170185988092
twice 1 2.120263536200091 2.120263536200091
twoseason 1 4.605170185988092 4.605170185988092
ulpaddingem 1 0.1392620673335076 0.1392620673335076
union 1 1.07880966137193 1.07880966137193
upload 1 0.0 0.0
use 1 0.0 0.0
using 1 0.0 0.0
utc 1 0.0 0.0
valdes 1 4.605170185988092 4.605170185988092
valleycats 1 4.605170185988092 4.605170185988092
var 1 0.0 0.0
vern 1 4.605170185988092 4.605170185988092
version 1 0.0 0.0
view 1 0.0 0.0
vte 1 0.7550225842780328 0.7550225842780328
wade 1 2.995732273553991 2.995732273553991
wagner 1 2.8134107167600364 2.8134107167600364
ward 1 2.302585092994046 2.302585092994046
wayne 1 2.302585092994046 2.302585092994046
wellman 1 4.605170185988092 4.605170185988092
west 1 1.171182981502945 1.171182981502945
wikidata 1 0.010050335853501506 0.010050335853501506
wikimedia 1 0.0 0.0
wikipedia 1 0.0 0.0
wild 1 2.302585092994046 2.302585092994046
williams 1 1.8971199848858813 1.8971199848858813
win 1 1.1086626245216111 1.1086626245216111
woodpecker 1 3.912023005428146 3.912023005428146
world 1 0.5108256237659907 0.5108256237659907
worrell 1 3.912023005428146 3.912023005428146
york 1 0.8209805520698303 0.8209805520698303
yorkis 1 4.605170185988092 4.605170185988092
zephyr 1 4.605170185988092 4.605170185988092
zosky 1 4.605170185988092 4.605170185988092
