aamp 1 2.8134107167600364 2.8134107167600364
account 1 0.0 0.0
action 1 0.0 0.0
adam 1 1.5141277326297755 1.5141277326297755
add 1 0.0 0.0
additional 1 0.0 0.0
aganski 1 4.605170185988092 4.605170185988092
aggies 1 3.912023005428146 3.912023005428146
agree 1 0.0 0.0
agricultural 1 3.506557897319982 3.506557897319982
alert 1 2.995732273553991 2.995732273553991
alike 1 0.0 0.0
allconference 1 4.605170185988092 4.605170185988092
alumnus 1 2.207274913189721 2.207274913189721
american 1 0.5276327420823719 0.5276327420823719
amp 1 0.4620354595965586 0.4620354595965586
angeles 1 1.6607312068216509 1.6607312068216509
appearance 1 0.0 0.0
apply 1 0.0 0.0
arizona 1 2.659260036932778 2.659260036932778
article 1 0.0 0.0
associated 1 1.4696759700589417 1.4696759700589417
athletic 1 2.5257286443082556 2.5257286443082556
attendance 1 2.659260036932778 2.659260036932778
attribution 1 0.0 0.0
august 1 0.3424903089467759 0.3424903089467759
auto 1 0.1392620673335076 0.1392620673335076
available 1 0.0 0.0
avenges 1 4.605170185988092 4.605170185988092
azl 1 3.912023005428146 3.912023005428146
baker 1 2.120263536200091 2.120263536200091
ball 1 1.8971199848858813 1.8971199848858813
band 1 2.207274913189721 2.207274913189721
bear 1 2.302585092994046 2.302585092994046
beat 1 2.120263536200091 2.120263536200091
beating 1 3.506557897319982 3.506557897319982
bee 1 3.912023005428146 3.912023005428146
bengal 1 2.995732273553991 2.995732273553991
berg 1 3.912023005428146 3.912023005428146
berta 1 4.605170185988092 4.605170185988092
big 1 1.3862943611198906 1.3862943611198906
billing 1 4.605170185988092 4.605170185988092
black 1 0.8915981192837835 0.8915981192837835
blue 1 1.4696759700589417 1.4696759700589417
bob 1 1.8971199848858813 1.8971199848858813
bobcat 1 4.605170185988092 4.605170185988092
bold 1 2.407945608651872 2.407945608651872
book 1 0.6348782724359695 0.6348782724359695
boston 1 1.7719568419318754 1.7719568419318754
bowl 1 2.8134107167600364 2.8134107167600364
bozeman 1 4.605170185988092 4.605170185988092
branch 1 2.207274913189721 2.207274913189721
brawl 1 3.912023005428146 3.912023005428146
brelsford 1 4.605170185988092 4.605170185988092
brilliant 1 3.912023005428146 3.912023005428146
bring 1 1.8971199848858813 1.8971199848858813
bulldog 1 3.912023005428146 3.912023005428146
bump 1 3.2188758248682006 3.2188758248682006
burke 1 3.912023005428146 3.912023005428146
bury 1 3.912023005428146 3.912023005428146
butte 1 4.605170185988092 4.605170185988092
cal 1 3.2188758248682006 3.2188758248682006
california 1 1.4696759700589417 1.4696759700589417
campbell 1 2.207274913189721 2.207274913189721
captionborderpx 1 3.912023005428146 3.912023005428146
carrying 1 2.8134107167600364 2.8134107167600364
catching 1 3.2188758248682006 3.2188758248682006
category 1 0.0 0.0
center 1 1.171182981502945 1.171182981502945
centerpx 1 0.0408219945202552 0.0408219945202552
cfb 1 4.605170185988092 4.605170185988092
chadron 1 3.506557897319982 3.506557897319982
champ 1 3.506557897319982 3.506557897319982
champion 1 1.3862943611198906 1.3862943611198906
championship 1 1.5606477482646683 1.5606477482646683
change 1 0.0 0.0
citation 1 0.0408219945202552 0.0408219945202552
cite 1 0.0 0.0
citenews 1 1.5606477482646683 1.5606477482646683
clark 1 1.6607312068216509 1.6607312068216509
clear 1 2.207274913189721 2.207274913189721
coach 1 1.7719568419318754 1.7719568419318754
code 1 0.0 0.0
cogatton 1 4.605170185988092 4.605170185988092
col 1 2.5257286443082556 2.5257286443082556
college 1 1.1394342831883648 1.1394342831883648
colorado 1 1.8971199848858813 1.8971199848858813
coloradoans 1 4.605170185988092 4.605170185988092
coming 1 1.7719568419318754 1.7719568419318754
common 1 0.0 0.0
compiled 1 3.2188758248682006 3.2188758248682006
conduct 1 0.0 0.0
conf 1 3.912023005428146 3.912023005428146
conference 1 1.3862943611198906 1.3862943611198906
contact 1 0.0 0.0
content 1 0.0 0.0
context 1 0.010050335853501506 0.010050335853501506
contribute 1 0.0 0.0
contribution 1 0.0 0.0
cookie 1 0.0 0.0
cookiematch 1 0.0 0.0
cot 1 4.605170185988092 4.605170185988092
counterlistitema 1 0.127833371509885 0.127833371509885
cow 1 4.605170185988092 4.605170185988092
cowboy 1 2.8134107167600364 2.8134107167600364
create 1 0.0 0.0
creative 1 0.0 0.0
creighton 1 3.912023005428146 3.912023005428146
crew 1 2.207274913189721 2.207274913189721
crown 1 1.9661128563728327 1.9661128563728327
csmaintcolorf 1 0.06187540371808745 0.06187540371808745
csmaintcolorfmedia 1 0.0408219945202552 0.0408219945202552
csu 1 3.506557897319982 3.506557897319982
cswsicon 1 0.0408219945202552 0.0408219945202552
culture 1 1.6094379124341003 1.6094379124341003
current 1 0.0 0.0
daily 1 1.4271163556401458 1.4271163556401458
dakota 1 2.8134107167600364 2.8134107167600364
date 1 0.3147107448397002 0.3147107448397002
de 1 2.407945608651872 2.407945608651872
deadlock 1 4.605170185988092 4.605170185988092
deal 1 1.8325814637483102 1.8325814637483102
december 1 0.37106368139083196 0.37106368139083196
decided 1 2.120263536200091 2.120263536200091
decision 1 1.8971199848858813 1.8971199848858813
defeat 1 1.9661128563728327 1.9661128563728327
defensive 1 3.2188758248682006 3.2188758248682006
denver 1 2.8134107167600364 2.8134107167600364
description 1 0.07257069283483537 0.07257069283483537
despite 1 1.1394342831883648 1.1394342831883648
developer 1 0.0 0.0
dick 1 2.120263536200091 2.120263536200091
difference 1 2.302585092994046 2.302585092994046
different 1 0.3424903089467759 0.3424903089467759
disclaimer 1 0.0 0.0
division 1 1.2729656758128876 1.2729656758128876
donate 1 0.0 0.0
download 1 0.0 0.0
draftee 1 4.605170185988092 4.605170185988092
drake 1 2.659260036932778 2.659260036932778
driving 1 2.302585092994046 2.302585092994046
dtaftercontent 1 0.127833371509885 0.127833371509885
due 1 0.9416085398584451 0.9416085398584451
dyche 1 4.605170185988092 4.605170185988092
eagle 1 1.9661128563728327 1.9661128563728327
earned 1 2.207274913189721 2.207274913189721
egerton 1 3.506557897319982 3.506557897319982
eleven 1 2.207274913189721 2.207274913189721
enables 1 4.605170185988092 4.605170185988092
encyclopedia 1 0.0 0.0
end 1 0.7985076962177716 0.7985076962177716
english 1 0.0 0.0
era 1 2.120263536200091 2.120263536200091
event 1 0.0 0.0
exp 1 0.0 0.0
fall 1 1.07880966137193 1.07880966137193
february 1 0.27443684570176036 0.27443684570176036
field 1 1.0498221244986776 1.0498221244986776
fifth 1 2.120263536200091 2.120263536200091
fight 1 1.8325814637483102 1.8325814637483102
file 1 0.0 0.0
final 1 0.9942522733438669 0.9942522733438669
finished 1 2.0402208285265546 2.0402208285265546
first 1 0.1508228897345837 0.1508228897345837
firstteam 1 3.912023005428146 3.912023005428146
five 1 1.0216512475319812 1.0216512475319812
flays 1 4.605170185988092 4.605170185988092
flieger 1 4.605170185988092 4.605170185988092
foe 1 2.995732273553991 2.995732273553991
following 1 0.7133498878774648 0.7133498878774648
foot 1 2.407945608651872 2.407945608651872
football 1 1.8325814637483102 1.8325814637483102
fort 1 2.120263536200091 2.120263536200091
foundation 1 0.0 0.0
four 1 0.7985076962177716 0.7985076962177716
fourth 1 1.4696759700589417 1.4696759700589417
free 1 0.0 0.0
fresno 1 3.506557897319982 3.506557897319982
fullback 1 4.605170185988092 4.605170185988092
game 1 1.2378743560016172 1.2378743560016172
gatton 1 4.605170185988092 4.605170185988092
gazette 1 3.2188758248682006 3.2188758248682006
general 1 0.0 0.0
get 1 0.0 0.0
glen 1 2.8134107167600364 2.8134107167600364
globe 1 2.995732273553991 2.995732273553991
glory 1 2.995732273553991 2.995732273553991
go 1 2.120263536200091 2.120263536200091
golden 1 1.9661128563728327 1.9661128563728327
goodwin 1 3.506557897319982 3.506557897319982
great 1 0.9675840262617057 0.9675840262617057
greeley 1 3.506557897319982 3.506557897319982
grid 1 2.8134107167600364 2.8134107167600364
grinnell 1 3.506557897319982 3.506557897319982
grizzly 1 3.506557897319982 3.506557897319982
groot 1 3.2188758248682006 3.2188758248682006
guard 1 2.0402208285265546 2.0402208285265546
gunnison 1 4.605170185988092 4.605170185988092
halfback 1 4.605170185988092 4.605170185988092
hancock 1 3.912023005428146 3.912023005428146
hardrockers 1 4.605170185988092 4.605170185988092
harsh 1 3.2188758248682006 3.2188758248682006
hay 1 2.995732273553991 2.995732273553991
head 1 1.1086626245216111 1.1086626245216111
heizer 1 4.605170185988092 4.605170185988092
help 1 0.0 0.0
herald 1 1.8971199848858813 1.8971199848858813
hidden 1 0.010050335853501506 0.010050335853501506
hide 1 0.0 0.0
high 1 0.9416085398584451 0.9416085398584451
highland 1 2.995732273553991 2.995732273553991
highly 1 2.120263536200091 2.120263536200091
hill 1 1.2039728043259361 1.2039728043259361
history 1 0.0 0.0
hlist 1 0.127833371509885 0.127833371509885
hlistinline 1 0.127833371509885 0.127833371509885
hold 1 1.3470736479666094 1.3470736479666094
home 1 0.7339691750802005 0.7339691750802005
homecoming 1 3.912023005428146 3.912023005428146
homestadium 1 4.605170185988092 4.605170185988092
honor 1 1.8325814637483102 1.8325814637483102
honoree 1 4.605170185988092 4.605170185988092
horace 1 3.506557897319982 3.506557897319982
hutchinson 1 3.506557897319982 3.506557897319982
ial 1 4.605170185988092 4.605170185988092
idaho 1 2.8134107167600364 2.8134107167600364
idl 1 4.605170185988092 4.605170185988092
idlockfree 1 0.0408219945202552 0.0408219945202552
idlockfreeidlockfree 1 0.0408219945202552 0.0408219945202552
idlocklimited 1 0.0408219945202552 0.0408219945202552
idlockregistration 1 0.0408219945202552 0.0408219945202552
idlocksubscription 1 0.0408219945202552 0.0408219945202552
idw 1 4.605170185988092 4.605170185988092
inc 1 0.0 0.0
inch 1 2.5257286443082556 2.5257286443082556
including 1 0.7133498878774648 0.7133498878774648
infobox 1 0.3011050927839216 0.3011050927839216
infoboxsportsseason 1 4.605170185988092 4.605170185988092
infoboxtable 1 0.3147107448397002 0.3147107448397002
information 1 0.0 0.0
inter 1 2.659260036932778 2.659260036932778
item 1 0.010050335853501506 0.010050335853501506
jack 1 1.4696759700589417 1.4696759700589417
jacket 1 2.995732273553991 2.995732273553991
jackson 1 1.9661128563728327 1.9661128563728327
jcgunnison 1 4.605170185988092 4.605170185988092
joe 1 1.5141277326297755 1.5141277326297755
john 1 0.49429632181478017 0.49429632181478017
jose 1 2.120263536200091 2.120263536200091
jump 1 0.0 0.0
junior 1 2.0402208285265546 2.0402208285265546
kearney 1 3.912023005428146 3.912023005428146
klawz 1 4.605170185988092 4.605170185988092
known 1 0.7985076962177716 0.7985076962177716
lake 1 1.8325814637483102 1.8325814637483102
language 1 0.0 0.0
last 1 0.0 0.0
later 1 0.5621189181535412 0.5621189181535412
leading 1 1.3093333199837622 1.3093333199837622
league 1 1.3470736479666094 1.3470736479666094
learn 1 0.0 0.0
led 1 1.07880966137193 1.07880966137193
lewis 1 1.8325814637483102 1.8325814637483102
liaftercontent 1 0.127833371509885 0.127833371509885
license 1 0.0 0.0
licking 1 4.605170185988092 4.605170185988092
limarginbottom 1 0.9675840262617057 0.9675840262617057
link 1 0.0 0.0
litkenhous 1 4.605170185988092 4.605170185988092
location 1 1.171182981502945 1.171182981502945
log 1 0.0 0.0
logged 1 0.0 0.0
lore 1 2.659260036932778 2.659260036932778
los 1 1.5141277326297755 1.5141277326297755
lose 1 2.995732273553991 2.995732273553991
loses 1 2.659260036932778 2.659260036932778
lost 1 1.171182981502945 1.171182981502945
louis 1 1.5141277326297755 1.5141277326297755
main 1 0.0 0.0
march 1 0.3147107448397002 0.3147107448397002
marching 1 3.912023005428146 3.912023005428146
mason 1 2.207274913189721 2.207274913189721
match 1 0.8675005677047231 0.8675005677047231
maverick 1 3.912023005428146 3.912023005428146
may 1 0.0 0.0
mdenver 1 4.605170185988092 4.605170185988092
mdy 1 1.3862943611198906 1.3862943611198906
medium 1 0.49429632181478017 0.49429632181478017
member 1 0.6733445532637655 0.6733445532637655
menu 1 0.0 0.0
mesa 1 3.506557897319982 3.506557897319982
mexico 1 1.5606477482646683 1.5606477482646683
mine 1 2.407945608651872 2.407945608651872
miner 1 4.605170185988092 4.605170185988092
mobile 1 0.0 0.0
moe 1 3.912023005428146 3.912023005428146
moines 1 3.506557897319982 3.506557897319982
montana 1 2.8134107167600364 2.8134107167600364
mountain 1 1.8971199848858813 1.8971199848858813
mountaineer 1 3.912023005428146 3.912023005428146
move 1 0.0 0.0
mtl 1 3.912023005428146 3.912023005428146
mtw 1 4.605170185988092 4.605170185988092
naia 1 3.506557897319982 3.506557897319982
national 1 0.5108256237659907 0.5108256237659907
navbar 1 0.23572233352106994 0.23572233352106994
navbarfontsizemedia 1 0.3147107448397002 0.3147107448397002
navbarmini 1 0.23572233352106994 0.23572233352106994
navbox 1 0.1392620673335076 0.1392620673335076
navboximage 1 0.1392620673335076 0.1392620673335076
navboxsubgroup 1 0.1392620673335076 0.1392620673335076
navboxtitle 1 0.1392620673335076 0.1392620673335076
navigation 1 0.0 0.0
ncaa 1 2.5257286443082556 2.5257286443082556
nebraska 1 2.5257286443082556 2.5257286443082556
nel 1 4.605170185988092 4.605170185988092
new 1 0.24846135929849972 0.24846135929849972
newell 1 3.506557897319982 3.506557897319982
news 1 0.843970070294529 0.843970070294529
newspaperscom 1 3.506557897319982 3.506557897319982
nfl 1 2.995732273553991 2.995732273553991
nonconference 1 4.605170185988092 4.605170185988092
nonprofit 1 0.0 0.0
normal 1 2.995732273553991 2.995732273553991
north 1 0.8209805520698303 0.8209805520698303
northern 1 1.3093333199837622 1.3093333199837622
nottingham 1 4.605170185988092 4.605170185988092
november 1 0.3011050927839216 0.3011050927839216
number 1 0.7550225842780328 0.7550225842780328
occidental 1 3.912023005428146 3.912023005428146
october 1 0.28768207245178085 0.28768207245178085
ollibeforecontent 1 0.127833371509885 0.127833371509885
omaha 1 3.912023005428146 3.912023005428146
open 1 1.4696759700589417 1.4696759700589417
opponent 1 2.8134107167600364 2.8134107167600364
opposing 1 3.2188758248682006 3.2188758248682006
orediggers 1 4.605170185988092 4.605170185988092
organization 1 0.0 0.0
organizationname 1 0.010050335853501506 0.010050335853501506
orgy 1 4.605170185988092 4.605170185988092
orman 1 4.605170185988092 4.605170185988092
overall 1 1.8325814637483102 1.8325814637483102
overview 1 2.0402208285265546 2.0402208285265546
oxy 1 3.912023005428146 3.912023005428146
page 1 0.0 0.0
parameter 1 2.120263536200091 2.120263536200091
part 1 0.6348782724359695 0.6348782724359695
pas 1 2.5257286443082556 2.5257286443082556
pass 1 2.407945608651872 2.407945608651872
paul 1 0.8675005677047231 0.8675005677047231
pdf 1 1.0498221244986776 1.0498221244986776
pdfprintable 1 0.0 0.0
pelican 1 3.912023005428146 3.912023005428146
people 1 0.49429632181478017 0.49429632181478017
permanent 1 0.0 0.0
personal 1 0.0 0.0
pittsburg 1 3.912023005428146 3.912023005428146
place 1 0.653926467406664 0.653926467406664
plainlist 1 0.7339691750802005 0.7339691750802005
play 1 1.2039728043259361 1.2039728043259361
played 1 1.3862943611198906 1.3862943611198906
player 1 1.6094379124341003 1.6094379124341003
pocatello 1 3.912023005428146 3.912023005428146
point 1 1.2729656758128876 1.2729656758128876
policy 1 0.0 0.0
portal 1 0.0 0.0
pound 1 3.2188758248682006 3.2188758248682006
predivisional 1 3.506557897319982 3.506557897319982
present 1 0.9675840262617057 0.9675840262617057
press 1 0.7550225842780328 0.7550225842780328
printbodyns 1 0.09431067947124142 0.09431067947124142
printexport 1 0.0 0.0
privacy 1 0.0 0.0
project 1 0.0 0.0
pueblo 1 3.2188758248682006 3.2188758248682006
quarterback 1 3.506557897319982 3.506557897319982
race 1 1.7147984280919266 1.7147984280919266
rally 1 2.659260036932778 2.659260036932778
random 1 0.0 0.0
ranger 1 3.2188758248682006 3.2188758248682006
rank 1 2.5257286443082556 2.5257286443082556
ranked 1 3.506557897319982 3.506557897319982
ranking 1 2.207274913189721 2.207274913189721
rated 1 3.2188758248682006 3.2188758248682006
rating 1 2.0402208285265546 2.0402208285265546
read 1 0.0 0.0
ready 1 2.302585092994046 2.302585092994046
received 1 1.1394342831883648 1.1394342831883648
recent 1 0.0 0.0
record 1 0.7765287894989963 0.7765287894989963
reference 1 0.03045920748470844 0.03045920748470844
reflist 1 0.06187540371808745 0.06187540371808745
reflistcolumns 1 0.06187540371808745 0.06187540371808745
reg 1 0.0 0.0
regis 1 3.912023005428146 3.912023005428146
register 1 2.995732273553991 2.995732273553991
registered 1 0.0 0.0
related 1 0.0 0.0
renamed 1 2.5257286443082556 2.5257286443082556
represented 1 1.7719568419318754 1.7719568419318754
republic 1 1.5141277326297755 1.5141277326297755
rest 1 2.0402208285265546 2.0402208285265546
result 1 0.9942522733438669 0.9942522733438669
retrieved 1 0.0 0.0
rip 1 3.506557897319982 3.506557897319982
rivalry 1 2.659260036932778 2.659260036932778
rmc 1 4.605170185988092 4.605170185988092
rmcheadcoach 1 4.605170185988092 4.605170185988092
rocky 1 2.659260036932778 2.659260036932778
roll 1 3.2188758248682006 3.2188758248682006
rudy 1 3.506557897319982 3.506557897319982
running 1 1.6607312068216509 1.6607312068216509
salvage 1 3.506557897319982 3.506557897319982
sam 1 2.8134107167600364 2.8134107167600364
san 1 1.2378743560016172 1.2378743560016172
saturday 1 2.407945608651872 2.407945608651872
schedule 1 2.302585092994046 2.302585092994046
school 1 0.7765287894989963 0.7765287894989963
schubert 1 4.605170185988092 4.605170185988092
score 1 1.6607312068216509 1.6607312068216509
scored 1 2.302585092994046 2.302585092994046
scoreless 1 3.912023005428146 3.912023005428146
screen 1 0.010050335853501506 0.010050335853501506
search 1 0.0 0.0
sears 1 3.912023005428146 3.912023005428146
season 1 1.1394342831883648 1.1394342831883648
seat 1 2.302585092994046 2.302585092994046
second 1 0.49429632181478017 0.49429632181478017
selected 1 2.207274913189721 2.207274913189721
sentinel 1 2.8134107167600364 2.8134107167600364
september 1 0.43078291609245434 0.43078291609245434
share 1 0.0 0.0
short 1 0.06187540371808745 0.06187540371808745
shortened 1 0.0 0.0
sidebar 1 0.0 0.0
site 1 0.0 0.0
six 1 1.3470736479666094 1.3470736479666094
sixth 1 1.9661128563728327 1.9661128563728327
size 1 2.659260036932778 2.659260036932778
skyhawks 1 4.605170185988092 4.605170185988092
slashing 1 4.605170185988092 4.605170185988092
solid 1 0.09431067947124142 0.09431067947124142
song 1 1.3470736479666094 1.3470736479666094
source 1 0.5798184952529422 0.5798184952529422
south 1 0.9162907318741551 0.9162907318741551
southern 1 1.6607312068216509 1.6607312068216509
spartan 1 3.2188758248682006 3.2188758248682006
special 1 0.0 0.0
spill 1 4.605170185988092 4.605170185988092
spirit 1 1.7147984280919266 1.7147984280919266
spoil 1 3.912023005428146 3.912023005428146
sport 1 1.1394342831883648 1.1394342831883648
spring 1 1.5606477482646683 1.5606477482646683
spud 1 4.605170185988092 4.605170185988092
stadium 1 2.0402208285265546 2.0402208285265546
standard 1 1.6607312068216509 1.6607312068216509
standing 1 1.8971199848858813 1.8971199848858813
standingsbox 1 3.912023005428146 3.912023005428146
standingsboxborderpx 1 3.912023005428146 3.912023005428146
standingsboxmarginem 1 3.912023005428146 3.912023005428146
star 1 0.9675840262617057 0.9675840262617057
state 1 0.3147107448397002 0.3147107448397002
statement 1 0.0 0.0
statistic 1 0.0 0.0
stay 1 2.0402208285265546 2.0402208285265546
still 1 0.9416085398584451 0.9416085398584451
subsection 1 0.3424903089467759 0.3424903089467759
sunday 1 1.9661128563728327 1.9661128563728327
system 1 0.9162907318741551 0.9162907318741551
table 1 0.0 0.0
tablenotnotheme 1 2.302585092994046 2.302585092994046
tackle 1 3.2188758248682006 3.2188758248682006
take 1 0.9675840262617057 0.9675840262617057
talk 1 0.0 0.0
tdhlist 1 0.1392620673335076 0.1392620673335076
teacher 1 1.9661128563728327 1.9661128563728327
team 1 1.0498221244986776 1.0498221244986776
telegram 1 3.912023005428146 3.912023005428146
tempe 1 3.912023005428146 3.912023005428146
template 1 0.0 0.0
term 1 0.0 0.0
texas 1 1.8971199848858813 1.8971199848858813
text 1 0.0 0.0
thbodyskinresponsive 1 0.3147107448397002 0.3147107448397002
thumping 1 4.605170185988092 4.605170185988092
thunder 1 3.506557897319982 3.506557897319982
tie 1 2.659260036932778 2.659260036932778
tiger 1 3.2188758248682006 3.2188758248682006
time 1 0.28768207245178085 0.28768207245178085
title 1 0.9162907318741551 0.9162907318741551
toggle 1 0.010050335853501506 0.010050335853501506
tom 1 1.2378743560016172 1.2378743560016172
tomorrow 1 2.995732273553991 2.995732273553991
tool 1 0.0 0.0
top 1 0.010050335853501506 0.010050335853501506
topic 1 0.0 0.0
total 1 0.0 0.0
trademark 1 0.0 0.0
tribune 1 1.9661128563728327 1.9661128563728327
trim 1 3.506557897319982 3.506557897319982
trounces 1 4.605170185988092 4.605170185988092
twin 1 2.407945608651872 2.407945608651872
ulpaddingem 1 0.1392620673335076 0.1392620673335076
unc 1 3.506557897319982 3.506557897319982
university 1 0.616186139423817 0.616186139423817
unnamed 1 4.605170185988092 4.605170185988092
upload 1 0.0 0.0
use 1 0.0 0.0
using 1 0.0 0.0
utah 1 2.302585092994046 2.302585092994046
utc 1 0.0 0.0
van 1 1.7147984280919266 1.7147984280919266
var 1 0.0 0.0
venue 1 2.407945608651872 2.407945608651872
version 1 0.0 0.0
via 1 1.4271163556401458 1.4271163556401458
victory 1 1.6094379124341003 1.6094379124341003
view 1 0.0 0.0
vte 1 0.7550225842780328 0.7550225842780328
walla 1 4.605170185988092 4.605170185988092
war 1 0.7985076962177716 0.7985076962177716
washburn 1 3.912023005428146 3.912023005428146
waw 1 4.605170185988092 4.605170185988092
weber 1 2.8134107167600364 2.8134107167600364
well 1 0.7765287894989963 0.7765287894989963
west 1 1.171182981502945 1.171182981502945
western 1 1.2039728043259361 1.2039728043259361
whip 1 3.2188758248682006 3.2188758248682006
whipping 1 4.605170185988092 4.605170185988092
whitman 1 3.912023005428146 3.912023005428146
wikidata 1 0.010050335853501506 0.010050335853501506
wikimedia 1 0.0 0.0
wikipedia 1 0.0 0.0
win 1 1.1086626245216111 1.1086626245216111
winkle 1 4.605170185988092 4.605170185988092
wolf 1 2.207274913189721 2.207274913189721
world 1 0.5108256237659907 0.5108256237659907
worth 1 2.5257286443082556 2.5257286443082556
wright 1 2.302585092994046 2.302585092994046
year 1 0.3424903089467759 0.3424903089467759
yellow 1 1.9661128563728327 1.9661128563728327
