aaa 1 3.2188758248682006 3.2188758248682006
aabpadding 1 3.912023005428146 3.912023005428146
aabpaddingem 1 3.912023005428146 3.912023005428146
abreu 1 3.912023005428146 3.912023005428146
account 1 0.0 0.0
acl 1 4.605170185988092 4.605170185988092
action 1 0.0 0.0
adam 1 1.5141277326297755 1.5141277326297755
add 1 0.0 0.0
added 1 1.8325814637483102 1.8325814637483102
additional 1 0.0 0.0
adranza 1 4.605170185988092 4.605170185988092
advanced 1 2.407945608651872 2.407945608651872
affeldt 1 4.605170185988092 4.605170185988092
affiliate 1 3.2188758248682006 3.2188758248682006
agency 1 2.120263536200091 2.120263536200091
agent 1 2.207274913189721 2.207274913189721
agree 1 0.0 0.0
agreed 1 2.659260036932778 2.659260036932778
agreeing 1 3.506557897319982 3.506557897319982
agrees 1 3.2188758248682006 3.2188758248682006
alex 1 2.120263536200091 2.120263536200091
alfredo 1 3.506557897319982 3.506557897319982
alike 1 0.0 0.0
allow 1 2.207274913189721 2.207274913189721
allowed 1 1.7719568419318754 1.7719568419318754
almanac 1 3.506557897319982 3.506557897319982
also 1 0.127833371509885 0.127833371509885
america 1 0.8675005677047231 0.8675005677047231
american 1 0.5276327420823719 0.5276327420823719
amjon 1 4.605170185988092 4.605170185988092
andrew 1 1.5141277326297755 1.5141277326297755
andrs 1 3.506557897319982 3.506557897319982
andy 1 2.5257286443082556 2.5257286443082556
angeles 1 1.6607312068216509 1.6607312068216509
antonio 1 2.659260036932778 2.659260036932778
appearance 1 0.0 0.0
apply 1 0.0 0.0
approximately 1 2.407945608651872 2.407945608651872
april 1 0.44628710262841953 0.44628710262841953
arbitration 1 4.605170185988092 4.605170185988092
arbitrationeligible 1 4.605170185988092 4.605170185988092
archer 1 3.2188758248682006 3.2188758248682006
archived 1 0.47803580094299974 0.47803580094299974
area 1 1.2729656758128876 1.2729656758128876
arizona 1 2.659260036932778 2.659260036932778
arroyo 1 3.912023005428146 3.912023005428146
article 1 0.0 0.0
ashort 1 3.912023005428146 3.912023005428146
assistant 1 1.7147984280919266 1.7147984280919266
atamp 1 4.605170185988092 4.605170185988092
athletics 1 2.8134107167600364 2.8134107167600364
atl 1 3.912023005428146 3.912023005428146
atlanta 1 2.207274913189721 2.207274913189721
atlantic 1 2.207274913189721 2.207274913189721
attendance 1 2.659260036932778 2.659260036932778
attribution 1 0.0 0.0
aubrey 1 4.605170185988092 4.605170185988092
august 1 0.3424903089467759 0.3424903089467759
augusta 1 3.506557897319982 3.506557897319982
auto 1 0.1392620673335076 0.1392620673335076
available 1 0.0 0.0
average 1 2.0402208285265546 2.0402208285265546
avg 1 3.506557897319982 3.506557897319982
avoid 1 3.506557897319982 3.506557897319982
avoiding 1 4.605170185988092 4.605170185988092
award 1 1.171182981502945 1.171182981502945
away 1 1.5606477482646683 1.5606477482646683
axford 1 4.605170185988092 4.605170185988092
azl 1 3.912023005428146 3.912023005428146
baer 1 3.506557897319982 3.506557897319982
bailey 1 2.5257286443082556 2.5257286443082556
balfour 1 4.605170185988092 4.605170185988092
ball 1 1.8971199848858813 1.8971199848858813
ballpark 1 3.912023005428146 3.912023005428146
baltimore 1 2.302585092994046 2.302585092994046
barry 1 2.8134107167600364 2.8134107167600364
base 1 1.4696759700589417 1.4696759700589417
baseball 1 2.5257286443082556 2.5257286443082556
based 1 1.07880966137193 1.07880966137193
bastardo 1 4.605170185988092 4.605170185988092
bat 1 3.912023005428146 3.912023005428146
batted 1 3.912023005428146 3.912023005428146
batting 1 3.912023005428146 3.912023005428146
battle 1 1.3862943611198906 1.3862943611198906
bay 1 1.6094379124341003 1.6094379124341003
beat 1 2.120263536200091 2.120263536200091
beckett 1 4.605170185988092 4.605170185988092
become 1 1.2378743560016172 1.2378743560016172
becomes 1 2.0402208285265546 2.0402208285265546
becoming 1 1.8971199848858813 1.8971199848858813
believin 1 4.605170185988092 4.605170185988092
belisario 1 4.605170185988092 4.605170185988092
belisle 1 4.605170185988092 4.605170185988092
bell 1 2.0402208285265546 2.0402208285265546
belt 1 3.2188758248682006 3.2188758248682006
bench 1 2.995732273553991 2.995732273553991
bennett 1 2.659260036932778 2.659260036932778
betancourt 1 3.912023005428146 3.912023005428146
bettis 1 3.912023005428146 3.912023005428146
big 1 1.3862943611198906 1.3862943611198906
bill 1 1.171182981502945 1.171182981502945
black 1 0.8915981192837835 0.8915981192837835
blanco 1 3.2188758248682006 3.2188758248682006
blue 1 1.4696759700589417 1.4696759700589417
bluff 1 3.506557897319982 3.506557897319982
bnlmg 1 3.506557897319982 3.506557897319982
bob 1 1.8971199848858813 1.8971199848858813
bobby 1 2.659260036932778 2.659260036932778
bochy 1 4.605170185988092 4.605170185988092
boggs 1 4.605170185988092 4.605170185988092
bold 1 2.407945608651872 2.407945608651872
bolton 1 2.995732273553991 2.995732273553991
boner 1 4.605170185988092 4.605170185988092
boston 1 1.7719568419318754 1.7719568419318754
bottom 1 2.302585092994046 2.302585092994046
brad 1 2.407945608651872 2.407945608651872
brandon 1 2.5257286443082556 2.5257286443082556
brave 1 3.2188758248682006 3.2188758248682006
brett 1 3.912023005428146 3.912023005428146
brewer 1 3.2188758248682006 3.2188758248682006
brian 1 1.6607312068216509 1.6607312068216509
brickley 1 4.605170185988092 4.605170185988092
broadcaster 1 2.659260036932778 2.659260036932778
bronson 1 4.605170185988092 4.605170185988092
brother 1 1.6607312068216509 1.6607312068216509
bruce 1 2.120263536200091 2.120263536200091
bullpen 1 3.912023005428146 3.912023005428146
bumgarner 1 4.605170185988092 4.605170185988092
burch 1 4.605170185988092 4.605170185988092
burnett 1 3.2188758248682006 3.2188758248682006
buster 1 3.912023005428146 3.912023005428146
cahill 1 3.2188758248682006 3.2188758248682006
cain 1 3.506557897319982 3.506557897319982
california 1 1.4696759700589417 1.4696759700589417
camp 1 2.120263536200091 2.120263536200091
candlestick 1 3.912023005428146 3.912023005428146
card 1 1.7147984280919266 1.7147984280919266
cardinal 1 2.995732273553991 2.995732273553991
career 1 1.2729656758128876 1.2729656758128876
carolina 1 1.7147984280919266 1.7147984280919266
carthy 1 3.506557897319982 3.506557897319982
casey 1 2.659260036932778 2.659260036932778
cashner 1 4.605170185988092 4.605170185988092
casilla 1 4.605170185988092 4.605170185988092
cat 1 1.5606477482646683 1.5606477482646683
catch 1 3.2188758248682006 3.2188758248682006
catcher 1 3.506557897319982 3.506557897319982
category 1 0.0 0.0
ccffcc 1 3.912023005428146 3.912023005428146
centerpx 1 0.0408219945202552 0.0408219945202552
central 1 1.07880966137193 1.07880966137193
chacn 1 4.605170185988092 4.605170185988092
chad 1 2.659260036932778 2.659260036932778
champion 1 1.3862943611198906 1.3862943611198906
championship 1 1.5606477482646683 1.5606477482646683
change 1 0.0 0.0
charlie 1 2.5257286443082556 2.5257286443082556
chatwood 1 4.605170185988092 4.605170185988092
chavez 1 4.605170185988092 4.605170185988092
chc 1 3.912023005428146 3.912023005428146
chen 1 3.912023005428146 3.912023005428146
chicago 1 1.8971199848858813 1.8971199848858813
chris 1 1.6607312068216509 1.6607312068216509
cin 1 3.912023005428146 3.912023005428146
cincinnati 1 2.8134107167600364 2.8134107167600364
cingrani 1 4.605170185988092 4.605170185988092
cishek 1 4.605170185988092 4.605170185988092
citation 1 0.0408219945202552 0.0408219945202552
cite 1 0.0 0.0
citeweb 1 0.5447271754416719 0.5447271754416719
city 1 0.6348782724359695 0.6348782724359695
claim 1 2.0402208285265546 2.0402208285265546
clayton 1 2.659260036932778 2.659260036932778
cleveland 1 2.0402208285265546 2.0402208285265546
cliff 1 2.995732273553991 2.995732273553991
clippard 1 4.605170185988092 4.605170185988092
club 1 1.4271163556401458 1.4271163556401458
coach 1 1.7719568419318754 1.7719568419318754
coast 1 2.207274913189721 2.207274913189721
code 1 0.0 0.0
col 1 2.5257286443082556 2.5257286443082556
cole 1 2.659260036932778 2.659260036932778
colorado 1 1.8971199848858813 1.8971199848858813
come 1 1.3470736479666094 1.3470736479666094
common 1 0.0 0.0
complete 1 1.8325814637483102 1.8325814637483102
concludes 1 2.995732273553991 2.995732273553991
conduct 1 0.0 0.0
consecutive 1 2.8134107167600364 2.8134107167600364
contact 1 0.0 0.0
content 1 0.0 0.0
contention 1 3.506557897319982 3.506557897319982
context 1 0.010050335853501506 0.010050335853501506
contract 1 2.207274913189721 2.207274913189721
contribute 1 0.0 0.0
contribution 1 0.0 0.0
coogans 1 4.605170185988092 4.605170185988092
cookie 1 0.0 0.0
cookiematch 1 0.0 0.0
corbin 1 4.605170185988092 4.605170185988092
cornered 1 3.912023005428146 3.912023005428146
counted 1 3.506557897319982 3.506557897319982
counterlistitema 1 0.127833371509885 0.127833371509885
cove 1 4.605170185988092 4.605170185988092
covey 1 4.605170185988092 4.605170185988092
craig 1 2.5257286443082556 2.5257286443082556
crawford 1 2.995732273553991 2.995732273553991
create 1 0.0 0.0
creative 1 0.0 0.0
csmaintcolorf 1 0.06187540371808745 0.06187540371808745
csmaintcolorfmedia 1 0.0408219945202552 0.0408219945202552
csn 1 4.605170185988092 4.605170185988092
cswsicon 1 0.0408219945202552 0.0408219945202552
cub 1 3.506557897319982 3.506557897319982
culture 1 1.6094379124341003 1.6094379124341003
cup 1 1.7719568419318754 1.7719568419318754
current 1 0.0 0.0
curse 1 3.2188758248682006 3.2188758248682006
dale 1 3.912023005428146 3.912023005428146
dan 1 1.7719568419318754 1.7719568419318754
date 1 0.3147107448397002 0.3147107448397002
dave 1 2.302585092994046 2.302585092994046
davenport 1 4.605170185988092 4.605170185988092
david 1 0.9942522733438669 0.9942522733438669
day 1 0.5276327420823719 0.5276327420823719
dead 1 1.5606477482646683 1.5606477482646683
deal 1 1.8325814637483102 1.8325814637483102
debut 1 1.8325814637483102 1.8325814637483102
december 1 0.37106368139083196 0.37106368139083196
decline 1 2.5257286443082556 2.5257286443082556
defeated 1 2.407945608651872 2.407945608651872
defend 1 2.995732273553991 2.995732273553991
defending 1 3.506557897319982 3.506557897319982
delgado 1 4.605170185988092 4.605170185988092
denison 1 3.912023005428146 3.912023005428146
derin 1 4.605170185988092 4.605170185988092
description 1 0.07257069283483537 0.07257069283483537
detroit 1 3.2188758248682006 3.2188758248682006
developer 1 0.0 0.0
diamondback 1 3.912023005428146 3.912023005428146
dickey 1 4.605170185988092 4.605170185988092
diego 1 2.659260036932778 2.659260036932778
different 1 0.3424903089467759 0.3424903089467759
disabled 1 3.912023005428146 3.912023005428146
disclaimer 1 0.0 0.0
dislocates 1 4.605170185988092 4.605170185988092
division 1 1.2729656758128876 1.2729656758128876
divisional 1 3.912023005428146 3.912023005428146
dodger 1 3.506557897319982 3.506557897319982
donate 1 0.0 0.0
donovan 1 3.2188758248682006 3.2188758248682006
dont 1 1.9661128563728327 1.9661128563728327
double 1 2.407945608651872 2.407945608651872
doubleheader 1 4.605170185988092 4.605170185988092
doubront 1 4.605170185988092 4.605170185988092
download 1 0.0 0.0
draft 1 2.5257286443082556 2.5257286443082556
drew 1 2.659260036932778 2.659260036932778
dsl 1 3.912023005428146 3.912023005428146
dtaftercontent 1 0.127833371509885 0.127833371509885
duane 1 3.912023005428146 3.912023005428146
duke 1 2.120263536200091 2.120263536200091
dunn 1 2.659260036932778 2.659260036932778
dunning 1 3.912023005428146 3.912023005428146
durham 1 2.995732273553991 2.995732273553991
earned 1 2.207274913189721 2.207274913189721
earthquake 1 3.506557897319982 3.506557897319982
east 1 1.0498221244986776 1.0498221244986776
eastern 1 1.5606477482646683 1.5606477482646683
echoing 1 4.605170185988092 4.605170185988092
edgin 1 4.605170185988092 4.605170185988092
edinson 1 4.605170185988092 4.605170185988092
ehr 1 4.605170185988092 4.605170185988092
eliminated 1 2.8134107167600364 2.8134107167600364
emerald 1 4.605170185988092 4.605170185988092
encyclopedia 1 0.0 0.0
english 1 0.0 0.0
entered 1 1.9661128563728327 1.9661128563728327
eovaldi 1 4.605170185988092 4.605170185988092
era 1 2.120263536200091 2.120263536200091
eric 1 1.8971199848858813 1.8971199848858813
erwin 1 3.912023005428146 3.912023005428146
espncom 1 3.506557897319982 3.506557897319982
established 1 1.1086626245216111 1.1086626245216111
eugene 1 2.659260036932778 2.659260036932778
event 1 0.0 0.0
executive 1 1.8325814637483102 1.8325814637483102
exercise 1 2.995732273553991 2.995732273553991
exp 1 0.0 0.0
extension 1 2.207274913189721 2.207274913189721
external 1 0.44628710262841953 0.44628710262841953
fail 1 3.2188758248682006 3.2188758248682006
fan 1 1.7147984280919266 1.7147984280919266
farm 1 2.659260036932778 2.659260036932778
feat 1 3.2188758248682006 3.2188758248682006
february 1 0.27443684570176036 0.27443684570176036
feldman 1 4.605170185988092 4.605170185988092
fernando 1 3.912023005428146 3.912023005428146
fgaro 1 4.605170185988092 4.605170185988092
field 1 1.0498221244986776 1.0498221244986776
fife 1 4.605170185988092 4.605170185988092
file 1 0.0 0.0
first 1 0.1508228897345837 0.1508228897345837
firstround 1 3.506557897319982 3.506557897319982
flag 1 1.7147984280919266 1.7147984280919266
flamingo 1 4.605170185988092 4.605170185988092
flannery 1 4.605170185988092 4.605170185988092
flemming 1 3.912023005428146 3.912023005428146
flix 1 3.506557897319982 3.506557897319982
flying 1 3.2188758248682006 3.2188758248682006
following 1 0.7133498878774648 0.7133498878774648
former 1 0.9675840262617057 0.9675840262617057
formerly 1 1.8325814637483102 1.8325814637483102
foundation 1 0.0 0.0
four 1 0.7985076962177716 0.7985076962177716
fouryear 1 3.912023005428146 3.912023005428146
fracture 1 3.912023005428146 3.912023005428146
franais 1 0.8675005677047231 0.8675005677047231
franchise 1 2.207274913189721 2.207274913189721
francis 1 1.6607312068216509 1.6607312068216509
francisco 1 1.7719568419318754 1.7719568419318754
francoeur 1 3.912023005428146 3.912023005428146
franklin 1 2.407945608651872 2.407945608651872
free 1 0.0 0.0
fresno 1 3.506557897319982 3.506557897319982
fuentes 1 3.912023005428146 3.912023005428146
fujikawa 1 4.605170185988092 4.605170185988092
gallardo 1 4.605170185988092 4.605170185988092
game 1 1.2378743560016172 1.2378743560016172
gardner 1 3.2188758248682006 3.2188758248682006
garland 1 3.506557897319982 3.506557897319982
gary 1 2.120263536200091 2.120263536200091
gaudin 1 4.605170185988092 4.605170185988092
general 1 0.0 0.0
george 1 1.07880966137193 1.07880966137193
gerrit 1 4.605170185988092 4.605170185988092
get 1 0.0 0.0
giant 1 2.302585092994046 2.302585092994046
gillespie 1 4.605170185988092 4.605170185988092
gmez 1 3.912023005428146 3.912023005428146
goff 1 3.506557897319982 3.506557897319982
gothams 1 4.605170185988092 4.605170185988092
grant 1 2.5257286443082556 2.5257286443082556
great 1 0.9675840262617057 0.9675840262617057
green 1 1.171182981502945 1.171182981502945
greg 1 2.302585092994046 2.302585092994046
gregerson 1 4.605170185988092 4.605170185988092
gregg 1 3.506557897319982 3.506557897319982
gregor 1 3.2188758248682006 3.2188758248682006
grid 1 2.8134107167600364 2.8134107167600364
griffin 1 3.2188758248682006 3.2188758248682006
grizzly 1 3.506557897319982 3.506557897319982
ground 1 1.8325814637483102 1.8325814637483102
guerrier 1 4.605170185988092 4.605170185988092
guillermo 1 2.995732273553991 2.995732273553991
hamstring 1 4.605170185988092 4.605170185988092
hand 1 1.3862943611198906 1.3862943611198906
hatnote 1 0.843970070294529 0.843970070294529
hayes 1 2.5257286443082556 2.5257286443082556
hctor 1 3.912023005428146 3.912023005428146
heard 1 2.659260036932778 2.659260036932778
heart 1 1.4696759700589417 1.4696759700589417
heath 1 3.2188758248682006 3.2188758248682006
help 1 0.0 0.0
hembree 1 4.605170185988092 4.605170185988092
henderson 1 2.5257286443082556 2.5257286443082556
henn 1 3.912023005428146 3.912023005428146
hensley 1 4.605170185988092 4.605170185988092
hernandez 1 3.912023005428146 3.912023005428146
hidden 1 0.010050335853501506 0.010050335853501506
hide 1 0.0 0.0
high 1 0.9416085398584451 0.9416085398584451
highest 1 1.7719568419318754 1.7719568419318754
highlighted 1 3.2188758248682006 3.2188758248682006
highly 1 2.120263536200091 2.120263536200091
higueros 1 4.605170185988092 4.605170185988092
hilltop 1 4.605170185988092 4.605170185988092
historically 1 3.2188758248682006 3.2188758248682006
history 1 0.0 0.0
hit 1 2.407945608651872 2.407945608651872
hitting 1 3.912023005428146 3.912023005428146
hlist 1 0.127833371509885 0.127833371509885
hlistinline 1 0.127833371509885 0.127833371509885
home 1 0.7339691750802005 0.7339691750802005
homer 1 3.506557897319982 3.506557897319982
hoover 1 2.995732273553991 2.995732273553991
houston 1 1.9661128563728327 1.9661128563728327
however 1 0.6931471805599453 0.6931471805599453
hudson 1 2.207274913189721 2.207274913189721
huff 1 3.912023005428146 3.912023005428146
hunter 1 2.0402208285265546 2.0402208285265546
huston 1 3.912023005428146 3.912023005428146
hyun 1 4.605170185988092 4.605170185988092
ian 1 2.5257286443082556 2.5257286443082556
ibbaseballteamseason 1 3.912023005428146 3.912023005428146
idlockfree 1 0.0408219945202552 0.0408219945202552
idlockfreeidlockfree 1 0.0408219945202552 0.0408219945202552
idlocklimited 1 0.0408219945202552 0.0408219945202552
idlockregistration 1 0.0408219945202552 0.0408219945202552
idlocksubscription 1 0.0408219945202552 0.0408219945202552
imgsrc 1 1.3862943611198906 1.3862943611198906
inc 1 0.0 0.0
included 1 1.3093333199837622 1.3093333199837622
individual 1 1.5606477482646683 1.5606477482646683
inf 1 4.605170185988092 4.605170185988092
infielder 1 3.912023005428146 3.912023005428146
infobox 1 0.3011050927839216 0.3011050927839216
infoboxsubheader 1 3.912023005428146 3.912023005428146
infoboxtable 1 0.3147107448397002 0.3147107448397002
information 1 0.0 0.0
injured 1 2.407945608651872 2.407945608651872
inning 1 3.912023005428146 3.912023005428146
insidethepark 1 4.605170185988092 4.605170185988092
isbn 1 0.9942522733438669 0.9942522733438669
item 1 0.010050335853501506 0.010050335853501506
ivn 1 3.912023005428146 3.912023005428146
jacket 1 2.995732273553991 2.995732273553991
jake 1 3.912023005428146 3.912023005428146
jansen 1 4.605170185988092 4.605170185988092
janssen 1 4.605170185988092 4.605170185988092
january 1 0.3424903089467759 0.3424903089467759
jarrod 1 3.506557897319982 3.506557897319982
jason 1 1.6607312068216509 1.6607312068216509
javier 1 3.2188758248682006 3.2188758248682006
jay 1 2.5257286443082556 2.5257286443082556
jean 1 1.7719568419318754 1.7719568419318754
jeanmar 1 4.605170185988092 4.605170185988092
jeff 1 1.8325814637483102 1.8325814637483102
jeremy 1 2.407945608651872 2.407945608651872
jhoulys 1 4.605170185988092 4.605170185988092
jim 1 1.4696759700589417 1.4696759700589417
jin 1 3.506557897319982 3.506557897319982
joaqun 1 3.2188758248682006 3.2188758248682006
joe 1 1.5141277326297755 1.5141277326297755
john 1 0.49429632181478017 0.49429632181478017
johnny 1 1.9661128563728327 1.9661128563728327
johnson 1 1.6094379124341003 1.6094379124341003
jon 1 2.5257286443082556 2.5257286443082556
jonathan 1 2.302585092994046 2.302585092994046
jordan 1 1.7147984280919266 1.7147984280919266
jorge 1 2.995732273553991 2.995732273553991
jos 1 2.302585092994046 2.302585092994046
jose 1 2.120263536200091 2.120263536200091
josh 1 2.120263536200091 2.120263536200091
journey 1 2.995732273553991 2.995732273553991
juan 1 2.302585092994046 2.302585092994046
julio 1 3.506557897319982 3.506557897319982
july 1 0.43078291609245434 0.43078291609245434
jump 1 0.0 0.0
june 1 0.40047756659712536 0.40047756659712536
kansa 1 2.207274913189721 2.207274913189721
keizer 1 4.605170185988092 4.605170185988092
kelly 1 2.407945608651872 2.407945608651872
kendrick 1 4.605170185988092 4.605170185988092
kenley 1 4.605170185988092 4.605170185988092
kennedy 1 2.407945608651872 2.407945608651872
kensuke 1 4.605170185988092 4.605170185988092
kershaw 1 3.912023005428146 3.912023005428146
kevin 1 1.5606477482646683 1.5606477482646683
kickham 1 4.605170185988092 4.605170185988092
kieschnick 1 4.605170185988092 4.605170185988092
kimbrel 1 4.605170185988092 4.605170185988092
kintzler 1 4.605170185988092 4.605170185988092
knbr 1 4.605170185988092 4.605170185988092
kntv 1 4.605170185988092 4.605170185988092
koehler 1 4.605170185988092 4.605170185988092
kontos 1 4.605170185988092 4.605170185988092
kris 1 3.912023005428146 3.912023005428146
krukow 1 4.605170185988092 4.605170185988092
ktrb 1 4.605170185988092 4.605170185988092
kuiper 1 4.605170185988092 4.605170185988092
kyle 1 2.120263536200091 2.120263536200091
kyuji 1 4.605170185988092 4.605170185988092
lad 1 3.2188758248682006 3.2188758248682006
lang 1 1.9661128563728327 1.9661128563728327
language 1 0.0 0.0
lannan 1 4.605170185988092 4.605170185988092
larry 1 2.207274913189721 2.207274913189721
last 1 0.0 0.0
later 1 0.5621189181535412 0.5621189181535412
leader 1 1.3862943611198906 1.3862943611198906
league 1 1.3470736479666094 1.3470736479666094
leaguer 1 4.605170185988092 4.605170185988092
leake 1 4.605170185988092 4.605170185988092
learn 1 0.0 0.0
lee 1 1.6607312068216509 1.6607312068216509
lefebvre 1 3.506557897319982 3.506557897319982
left 1 1.171182981502945 1.171182981502945
legend 1 1.8325814637483102 1.8325814637483102
lester 1 3.912023005428146 3.912023005428146
level 1 1.9661128563728327 1.9661128563728327
leventhal 1 4.605170185988092 4.605170185988092
lhp 1 4.605170185988092 4.605170185988092
liaftercontent 1 0.127833371509885 0.127833371509885
license 1 0.0 0.0
light 1 1.3862943611198906 1.3862943611198906
limarginbottom 1 0.9675840262617057 0.9675840262617057
lincecum 1 4.605170185988092 4.605170185988092
link 1 0.0 0.0
liriano 1 4.605170185988092 4.605170185988092
list 1 0.6348782724359695 0.6348782724359695
log 1 0.0 0.0
logged 1 0.0 0.0
loma 1 4.605170185988092 4.605170185988092
lore 1 2.659260036932778 2.659260036932778
los 1 1.5141277326297755 1.5141277326297755
loss 1 1.7147984280919266 1.7147984280919266
louis 1 1.5141277326297755 1.5141277326297755
lpez 1 3.2188758248682006 3.2188758248682006
lsu 1 3.912023005428146 3.912023005428146
luke 1 2.8134107167600364 2.8134107167600364
lvarez 1 3.912023005428146 3.912023005428146
lyon 1 2.8134107167600364 2.8134107167600364
mac 1 2.0402208285265546 2.0402208285265546
machemer 1 4.605170185988092 4.605170185988092
machi 1 4.605170185988092 4.605170185988092
made 1 0.653926467406664 0.653926467406664
madison 1 2.659260036932778 2.659260036932778
maholm 1 4.605170185988092 4.605170185988092
main 1 0.0 0.0
major 1 1.1086626245216111 1.1086626245216111
make 1 1.0498221244986776 1.0498221244986776
man 1 1.0498221244986776 1.0498221244986776
manager 1 2.120263536200091 2.120263536200091
managing 1 3.2188758248682006 3.2188758248682006
march 1 0.3147107448397002 0.3147107448397002
marco 1 2.5257286443082556 2.5257286443082556
mariano 1 3.912023005428146 3.912023005428146
mark 1 1.1394342831883648 1.1394342831883648
marlin 1 3.506557897319982 3.506557897319982
marquis 1 2.995732273553991 2.995732273553991
mathematically 1 4.605170185988092 4.605170185988092
matt 1 1.8325814637483102 1.8325814637483102
may 1 0.0 0.0
maya 1 3.912023005428146 3.912023005428146
mdy 1 1.3862943611198906 1.3862943611198906
medium 1 0.49429632181478017 0.49429632181478017
medlen 1 4.605170185988092 4.605170185988092
melancon 1 4.605170185988092 4.605170185988092
member 1 0.6733445532637655 0.6733445532637655
menu 1 0.0 0.0
mercury 1 2.995732273553991 2.995732273553991
mergedbottomrow 1 3.912023005428146 3.912023005428146
mergedrow 1 3.912023005428146 3.912023005428146
mergedtoprow 1 3.912023005428146 3.912023005428146
merkles 1 4.605170185988092 4.605170185988092
mets 1 4.605170185988092 4.605170185988092
meulens 1 4.605170185988092 4.605170185988092
mexico 1 1.5606477482646683 1.5606477482646683
mia 1 4.605170185988092 4.605170185988092
miami 1 2.5257286443082556 2.5257286443082556
michael 1 1.171182981502945 1.171182981502945
mijares 1 4.605170185988092 4.605170185988092
mike 1 1.6094379124341003 1.6094379124341003
mil 1 3.506557897319982 3.506557897319982
miley 1 4.605170185988092 4.605170185988092
miller 1 1.6094379124341003 1.6094379124341003
milone 1 4.605170185988092 4.605170185988092
milwaukee 1 3.506557897319982 3.506557897319982
minnesota 1 2.0402208285265546 2.0402208285265546
minor 1 2.207274913189721 2.207274913189721
minorleague 1 4.605170185988092 4.605170185988092
mitchell 1 2.302585092994046 2.302585092994046
mlb 1 3.912023005428146 3.912023005428146
mlbcom 1 4.605170185988092 4.605170185988092
mlbstandings 1 3.912023005428146 3.912023005428146
mobile 1 0.0 0.0
monell 1 4.605170185988092 4.605170185988092
morale 1 3.912023005428146 3.912023005428146
morton 1 2.659260036932778 2.659260036932778
moscoso 1 4.605170185988092 4.605170185988092
move 1 0.0 0.0
municipal 1 3.2188758248682006 3.2188758248682006
nate 1 3.2188758248682006 3.2188758248682006
national 1 0.5108256237659907 0.5108256237659907
navbar 1 0.23572233352106994 0.23572233352106994
navbarfontsizemedia 1 0.3147107448397002 0.3147107448397002
navbarheader 1 3.912023005428146 3.912023005428146
navbarmini 1 0.23572233352106994 0.23572233352106994
navbox 1 0.1392620673335076 0.1392620673335076
navboximage 1 0.1392620673335076 0.1392620673335076
navboxsubgroup 1 0.1392620673335076 0.1392620673335076
navboxtitle 1 0.1392620673335076 0.1392620673335076
navigation 1 0.0 0.0
nbc 1 3.2188758248682006 3.2188758248682006
nestor 1 3.912023005428146 3.912023005428146
new 1 0.24846135929849972 0.24846135929849972
newcomer 1 3.912023005428146 3.912023005428146
news 1 0.843970070294529 0.843970070294529
ngel 1 3.506557897319982 3.506557897319982
nicasio 1 4.605170185988092 4.605170185988092
nick 1 2.120263536200091 2.120263536200091
niese 1 4.605170185988092 4.605170185988092
nlweststandings 1 4.605170185988092 4.605170185988092
nohit 1 4.605170185988092 4.605170185988092
nohitter 1 4.605170185988092 4.605170185988092
nohitters 1 3.912023005428146 3.912023005428146
nolasco 1 4.605170185988092 4.605170185988092
nonprofit 1 0.0 0.0
nontendered 1 4.605170185988092 4.605170185988092
noonan 1 4.605170185988092 4.605170185988092
north 1 0.8209805520698303 0.8209805520698303
northwest 1 2.8134107167600364 2.8134107167600364
note 1 0.8209805520698303 0.8209805520698303
nova 1 3.2188758248682006 3.2188758248682006
november 1 0.3011050927839216 0.3011050927839216
number 1 0.7550225842780328 0.7550225842780328
nym 1 3.912023005428146 3.912023005428146
oakland 1 2.995732273553991 2.995732273553991
obp 1 4.605170185988092 4.605170185988092
october 1 0.28768207245178085 0.28768207245178085
ollibeforecontent 1 0.127833371509885 0.127833371509885
onbase 1 4.605170185988092 4.605170185988092
one 1 0.23572233352106994 0.23572233352106994
onehit 1 4.605170185988092 4.605170185988092
oneyear 1 3.912023005428146 3.912023005428146
opening 1 1.9661128563728327 1.9661128563728327
opponent 1 2.8134107167600364 2.8134107167600364
ops 1 4.605170185988092 4.605170185988092
option 1 2.120263536200091 2.120263536200091
oracle 1 3.912023005428146 3.912023005428146
orange 1 2.5257286443082556 2.5257286443082556
organization 1 0.0 0.0
organizationname 1 0.010050335853501506 0.010050335853501506
original 1 0.4155154439616658 0.4155154439616658
oriole 1 3.912023005428146 3.912023005428146
ortiz 1 3.912023005428146 3.912023005428146
osullivan 1 3.912023005428146 3.912023005428146
ottavino 1 4.605170185988092 4.605170185988092
outfielder 1 3.912023005428146 3.912023005428146
owner 1 1.7147984280919266 1.7147984280919266
pablo 1 2.995732273553991 2.995732273553991
pacific 1 2.302585092994046 2.302585092994046
paco 1 4.605170185988092 4.605170185988092
padre 1 3.912023005428146 3.912023005428146
pagan 1 3.912023005428146 3.912023005428146
page 1 0.0 0.0
pagn 1 4.605170185988092 4.605170185988092
papelbon 1 4.605170185988092 4.605170185988092
park 1 1.3093333199837622 1.3093333199837622
parker 1 2.659260036932778 2.659260036932778
parnell 1 4.605170185988092 4.605170185988092
partner 1 2.995732273553991 2.995732273553991
patrick 1 1.8971199848858813 1.8971199848858813
patton 1 3.506557897319982 3.506557897319982
paul 1 0.8675005677047231 0.8675005677047231
payne 1 2.995732273553991 2.995732273553991
pct 1 3.912023005428146 3.912023005428146
pdfprintable 1 0.0 0.0
pedro 1 2.995732273553991 2.995732273553991
peguero 1 4.605170185988092 4.605170185988092
penny 1 3.2188758248682006 3.2188758248682006
peralta 1 3.912023005428146 3.912023005428146
percentage 1 2.8134107167600364 2.8134107167600364
perfect 1 2.207274913189721 2.207274913189721
permanent 1 0.0 0.0
personal 1 0.0 0.0
petco 1 4.605170185988092 4.605170185988092
petit 1 3.912023005428146 3.912023005428146
pettitte 1 4.605170185988092 4.605170185988092
phi 1 3.506557897319982 3.506557897319982
philadelphia 1 2.5257286443082556 2.5257286443082556
phillies 1 4.605170185988092 4.605170185988092
phoenix 1 2.8134107167600364 2.8134107167600364
pick 1 2.407945608651872 2.407945608651872
pill 1 3.912023005428146 3.912023005428146
pinchhitter 1 4.605170185988092 4.605170185988092
pinky 1 3.912023005428146 3.912023005428146
pirate 1 2.5257286443082556 2.5257286443082556
pit 1 2.995732273553991 2.995732273553991
pitch 1 3.912023005428146 3.912023005428146
pitched 1 3.912023005428146 3.912023005428146
pitcher 1 3.912023005428146 3.912023005428146
pitching 1 3.912023005428146 3.912023005428146
pittsburgh 1 2.8134107167600364 2.8134107167600364
place 1 0.653926467406664 0.653926467406664
placed 1 1.7147984280919266 1.7147984280919266
placeth 1 3.912023005428146 3.912023005428146
plainlist 1 0.7339691750802005 0.7339691750802005
played 1 1.3862943611198906 1.3862943611198906
player 1 1.6094379124341003 1.6094379124341003
policy 1 0.0 0.0
polo 1 3.506557897319982 3.506557897319982
pomeranz 1 4.605170185988092 4.605170185988092
portal 1 0.0 0.0
portalborderborderpx 1 2.407945608651872 2.407945608651872
portalleftmarginem 1 2.407945608651872 2.407945608651872
posey 1 4.605170185988092 4.605170185988092
postponed 1 2.8134107167600364 2.8134107167600364
postponement 1 4.605170185988092 4.605170185988092
postseason 1 3.2188758248682006 3.2188758248682006
ppd 1 4.605170185988092 4.605170185988092
pre 1 2.5257286443082556 2.5257286443082556
prez 1 3.506557897319982 3.506557897319982
prieta 1 4.605170185988092 4.605170185988092
printbodyns 1 0.09431067947124142 0.09431067947124142
printexport 1 0.0 0.0
privacy 1 0.0 0.0
project 1 0.0 0.0
prospect 1 2.407945608651872 2.407945608651872
purchased 1 2.120263536200091 2.120263536200091
purpose 1 3.2188758248682006 3.2188758248682006
putz 1 4.605170185988092 4.605170185988092
qualify 1 2.659260036932778 2.659260036932778
qualls 1 4.605170185988092 4.605170185988092
quirz 1 4.605170185988092 4.605170185988092
radio 1 1.4696759700589417 1.4696759700589417
rafael 1 3.2188758248682006 3.2188758248682006
rain 1 2.995732273553991 2.995732273553991
rainedout 1 4.605170185988092 4.605170185988092
ramn 1 3.506557897319982 3.506557897319982
ramos 1 4.605170185988092 4.605170185988092
ramrez 1 3.506557897319982 3.506557897319982
randall 1 2.659260036932778 2.659260036932778
random 1 0.0 0.0
ray 1 1.7147984280919266 1.7147984280919266
rbi 1 3.912023005428146 3.912023005428146
read 1 0.0 0.0
recent 1 0.0 0.0
record 1 0.7765287894989963 0.7765287894989963
red 1 1.07880966137193 1.07880966137193
reference 1 0.03045920748470844 0.03045920748470844
reflist 1 0.06187540371808745 0.06187540371808745
reflistcolumns 1 0.06187540371808745 0.06187540371808745
reg 1 0.0 0.0
regarded 1 2.995732273553991 2.995732273553991
registered 1 0.0 0.0
regular 1 1.5606477482646683 1.5606477482646683
related 1 0.0 0.0
reported 1 1.8325814637483102 1.8325814637483102
rescheduled 1 3.912023005428146 3.912023005428146
resign 1 3.2188758248682006 3.2188758248682006
resulting 1 2.407945608651872 2.407945608651872
retired 1 1.7719568419318754 1.7719568419318754
retrieved 1 0.0 0.0
rex 1 2.995732273553991 2.995732273553991
rey 1 3.506557897319982 3.506557897319982
reynolds 1 2.5257286443082556 2.5257286443082556
rhp 1 4.605170185988092 4.605170185988092
rias 1 4.605170185988092 4.605170185988092
rice 1 2.995732273553991 2.995732273553991
richmond 1 2.8134107167600364 2.8134107167600364
rickwood 1 4.605170185988092 4.605170185988092
ricky 1 2.8134107167600364 2.8134107167600364
righetti 1 4.605170185988092 4.605170185988092
right 1 0.9675840262617057 0.9675840262617057
rivalry 1 2.659260036932778 2.659260036932778
river 1 1.4271163556401458 1.4271163556401458
road 1 1.3862943611198906 1.3862943611198906
roark 1 3.912023005428146 3.912023005428146
roberto 1 2.8134107167600364 2.8134107167600364
rockies 1 3.2188758248682006 3.2188758248682006
rodney 1 3.506557897319982 3.506557897319982
rodriguez 1 2.995732273553991 2.995732273553991
roger 1 1.9661128563728327 1.9661128563728327
rojas 1 3.506557897319982 3.506557897319982
role 1 1.3470736479666094 1.3470736479666094
romo 1 4.605170185988092 4.605170185988092
ron 1 2.5257286443082556 2.5257286443082556
ronald 1 2.659260036932778 2.659260036932778
rookie 1 3.2188758248682006 3.2188758248682006
rosa 1 3.2188758248682006 3.2188758248682006
rosario 1 3.2188758248682006 3.2188758248682006
roster 1 2.8134107167600364 2.8134107167600364
round 1 1.3862943611198906 1.3862943611198906
rowbackground 1 3.912023005428146 3.912023005428146
royal 1 1.8325814637483102 1.8325814637483102
run 1 1.171182981502945 1.171182981502945
ryan 1 1.8325814637483102 1.8325814637483102
ryu 1 3.912023005428146 3.912023005428146
sabathia 1 4.605170185988092 4.605170185988092
sabean 1 4.605170185988092 4.605170185988092
sacramento 1 3.506557897319982 3.506557897319982
salem 1 3.2188758248682006 3.2188758248682006
samardzija 1 4.605170185988092 4.605170185988092
san 1 1.2378743560016172 1.2378743560016172
sanchez 1 3.912023005428146 3.912023005428146
sandoval 1 4.605170185988092 4.605170185988092
sandy 1 3.912023005428146 3.912023005428146
santiago 1 2.995732273553991 2.995732273553991
save 1 1.8971199848858813 1.8971199848858813
schedule 1 2.302585092994046 2.302585092994046
score 1 1.6607312068216509 1.6607312068216509
scored 1 2.302585092994046 2.302585092994046
scott 1 1.2729656758128876 1.2729656758128876
scottsdale 1 4.605170185988092 4.605170185988092
screen 1 0.010050335853501506 0.010050335853501506
scutaro 1 4.605170185988092 4.605170185988092
seal 1 2.8134107167600364 2.8134107167600364
sean 1 2.302585092994046 2.302585092994046
search 1 0.0 0.0
season 1 1.1394342831883648 1.1394342831883648
seattle 1 2.5257286443082556 2.5257286443082556
second 1 0.49429632181478017 0.49429632181478017
see 1 0.40047756659712536 0.40047756659712536
selected 1 2.207274913189721 2.207274913189721
september 1 0.43078291609245434 0.43078291609245434
sergio 1 3.2188758248682006 3.2188758248682006
series 1 0.8675005677047231 0.8675005677047231
share 1 0.0 0.0
shawn 1 2.659260036932778 2.659260036932778
shelby 1 3.506557897319982 3.506557897319982
short 1 0.06187540371808745 0.06187540371808745
shortdescription 1 0.2613647641344075 0.2613647641344075
shortened 1 0.0 0.0
shot 1 2.207274913189721 2.207274913189721
showtime 1 3.912023005428146 3.912023005428146
shutout 1 3.912023005428146 3.912023005428146
sidebar 1 0.0 0.0
sideboxmarginpx 1 1.3862943611198906 1.3862943611198906
sideboxtextpaddingem 1 1.3862943611198906 1.3862943611198906
sidelining 1 4.605170185988092 4.605170185988092
sign 1 1.8971199848858813 1.8971199848858813
signing 1 3.912023005428146 3.912023005428146
since 1 0.7985076962177716 0.7985076962177716
single 1 1.4696759700589417 1.4696759700589417
singled 1 4.605170185988092 4.605170185988092
sipp 1 4.605170185988092 4.605170185988092
sistersitebox 1 1.3862943611198906 1.3862943611198906
site 1 0.0 0.0
skaggs 1 4.605170185988092 4.605170185988092
skeels 1 4.605170185988092 4.605170185988092
slg 1 4.605170185988092 4.605170185988092
slugging 1 4.605170185988092 4.605170185988092
smith 1 1.2039728043259361 1.2039728043259361
snchez 1 3.912023005428146 3.912023005428146
solid 1 0.09431067947124142 0.09431067947124142
song 1 1.3470736479666094 1.3470736479666094
soriano 1 3.912023005428146 3.912023005428146
source 1 0.5798184952529422 0.5798184952529422
south 1 0.9162907318741551 0.9162907318741551
sox 1 4.605170185988092 4.605170185988092
spanish 1 1.7719568419318754 1.7719568419318754
special 1 0.0 0.0
sport 1 1.1394342831883648 1.1394342831883648
spring 1 1.5606477482646683 1.5606477482646683
squirrel 1 3.912023005428146 3.912023005428146
stadium 1 2.0402208285265546 2.0402208285265546
standing 1 1.8971199848858813 1.8971199848858813
star 1 0.9675840262617057 0.9675840262617057
start 1 1.4271163556401458 1.4271163556401458
started 1 1.6094379124341003 1.6094379124341003
starting 1 1.8971199848858813 1.8971199848858813
statement 1 0.0 0.0
statistic 1 0.0 0.0
statistical 1 3.912023005428146 3.912023005428146
stats 1 3.2188758248682006 3.2188758248682006
stauffer 1 4.605170185988092 4.605170185988092
stephen 1 1.8971199848858813 1.8971199848858813
steve 1 1.8971199848858813 1.8971199848858813
stl 1 3.506557897319982 3.506557897319982
stolen 1 3.2188758248682006 3.2188758248682006
stop 1 2.120263536200091 2.120263536200091
straily 1 4.605170185988092 4.605170185988092
street 1 1.4271163556401458 1.4271163556401458
strike 1 2.207274913189721 2.207274913189721
strikeout 1 3.912023005428146 3.912023005428146
striking 1 3.506557897319982 3.506557897319982
strop 1 4.605170185988092 4.605170185988092
struck 1 3.2188758248682006 3.2188758248682006
stults 1 4.605170185988092 4.605170185988092
subsection 1 0.3424903089467759 0.3424903089467759
subway 1 3.912023005428146 3.912023005428146
surgery 1 2.8134107167600364 2.8134107167600364
surkamp 1 4.605170185988092 4.605170185988092
swap 1 3.912023005428146 3.912023005428146
system 1 0.9162907318741551 0.9162907318741551
table 1 0.0 0.0
take 1 0.9675840262617057 0.9675840262617057
taken 1 2.0402208285265546 2.0402208285265546
talk 1 0.0 0.0
tampa 1 3.2188758248682006 3.2188758248682006
tanaka 1 3.2188758248682006 3.2188758248682006
tanner 1 3.506557897319982 3.506557897319982
tdhlist 1 0.1392620673335076 0.1392620673335076
team 1 1.0498221244986776 1.0498221244986776
tehern 1 4.605170185988092 4.605170185988092
television 1 1.6607312068216509 1.6607312068216509
template 1 0.0 0.0
temple 1 2.5257286443082556 2.5257286443082556
tender 1 3.912023005428146 3.912023005428146
tendon 1 3.912023005428146 3.912023005428146
term 1 0.0 0.0
terry 1 2.407945608651872 2.407945608651872
texas 1 1.8971199848858813 1.8971199848858813
text 1 0.0 0.0
thatcher 1 3.912023005428146 3.912023005428146
thayer 1 4.605170185988092 4.605170185988092
thbodyskinresponsive 1 0.3147107448397002 0.3147107448397002
thbordertoppx 1 3.506557897319982 3.506557897319982
thinning 1 4.605170185988092 4.605170185988092
third 1 0.9162907318741551 0.9162907318741551
threeyear 1 3.912023005428146 3.912023005428146
thus 1 1.7147984280919266 1.7147984280919266
tiebreaker 1 3.912023005428146 3.912023005428146
tim 1 1.6607312068216509 1.6607312068216509
time 1 0.28768207245178085 0.28768207245178085
title 1 0.9162907318741551 0.9162907318741551
tito 1 3.506557897319982 3.506557897319982
toggle 1 0.010050335853501506 0.010050335853501506
tom 1 1.2378743560016172 1.2378743560016172
tommy 1 2.5257286443082556 2.5257286443082556
tony 1 1.8325814637483102 1.8325814637483102
tool 1 0.0 0.0
top 1 0.010050335853501506 0.010050335853501506
topic 1 0.0 0.0
torn 1 3.506557897319982 3.506557897319982
toronto 1 2.0402208285265546 2.0402208285265546
torres 1 3.2188758248682006 3.2188758248682006
total 1 0.0 0.0
trade 1 1.7147984280919266 1.7147984280919266
trademark 1 0.0 0.0
training 1 1.6094379124341003 1.6094379124341003
travis 1 2.659260036932778 2.659260036932778
trevor 1 2.8134107167600364 2.8134107167600364
tri 1 3.506557897319982 3.506557897319982
triple 1 2.302585092994046 2.302585092994046
troy 1 3.912023005428146 3.912023005428146
twoyear 1 4.605170185988092 4.605170185988092
tyler 1 2.8134107167600364 2.8134107167600364
ulpaddingem 1 0.1392620673335076 0.1392620673335076
undergoes 1 4.605170185988092 4.605170185988092
uniform 1 2.302585092994046 2.302585092994046
unusual 1 3.506557897319982 3.506557897319982
upload 1 0.0 0.0
use 1 0.0 0.0
using 1 0.0 0.0
utc 1 0.0 0.0
var 1 0.0 0.0
varsity 1 4.605170185988092 4.605170185988092
version 1 0.0 0.0
vic 1 3.2188758248682006 3.2188758248682006
victory 1 1.6094379124341003 1.6094379124341003
view 1 0.0 0.0
vincent 1 2.659260036932778 2.659260036932778
vision 1 2.120263536200091 2.120263536200091
vlquez 1 4.605170185988092 4.605170185988092
vogelsong 1 4.605170185988092 4.605170185988092
volcano 1 3.2188758248682006 3.2188758248682006
vte 1 0.7550225842780328 0.7550225842780328
wade 1 2.995732273553991 2.995732273553991
wainwright 1 3.912023005428146 3.912023005428146
waiver 1 3.912023005428146 3.912023005428146
walk 1 3.2188758248682006 3.2188758248682006
walkoff 1 4.605170185988092 4.605170185988092
washington 1 1.2378743560016172 1.2378743560016172
week 1 1.2729656758128876 1.2729656758128876
wei 1 3.506557897319982 3.506557897319982
west 1 1.171182981502945 1.171182981502945
westbrook 1 4.605170185988092 4.605170185988092
wheeler 1 2.995732273553991 2.995732273553991
white 1 1.171182981502945 1.171182981502945
wikidata 1 0.010050335853501506 0.010050335853501506
wikimedia 1 0.0 0.0
wikipedia 1 0.0 0.0
wild 1 2.302585092994046 2.302585092994046
willie 1 3.2188758248682006 3.2188758248682006
wilson 1 1.7719568419318754 1.7719568419318754
wilton 1 4.605170185988092 4.605170185988092
wily 1 4.605170185988092 4.605170185988092
win 1 1.1086626245216111 1.1086626245216111
winner 1 1.5141277326297755 1.5141277326297755
wood 1 1.7147984280919266 1.7147984280919266
wore 1 3.912023005428146 3.912023005428146
world 1 0.5108256237659907 0.5108256237659907
wotus 1 4.605170185988092 4.605170185988092
wsh 1 4.605170185988092 4.605170185988092
yankee 1 4.605170185988092 4.605170185988092
year 1 0.3424903089467759 0.3424903089467759
yin 1 4.605170185988092 4.605170185988092
york 1 0.8209805520698303 0.8209805520698303
yovani 1 4.605170185988092 4.605170185988092
yunesky 1 4.605170185988092 4.605170185988092
yusmeiro 1 4.605170185988092 4.605170185988092
zach 1 3.2188758248682006 3.2188758248682006
zack 1 4.605170185988092 4.605170185988092
ziegler 1 3.912023005428146 3.912023005428146
zimmermann 1 4.605170185988092 4.605170185988092
zito 1 4.605170185988092 4.605170185988092
