abducted 1 4.605170185988092 4.605170185988092
abduction 1 4.605170185988092 4.605170185988092
abuse 1 2.5257286443082556 2.5257286443082556
access 1 2.5257286443082556 2.5257286443082556
according 1 1.3093333199837622 1.3093333199837622
account 1 0.0 0.0
accountability 1 4.605170185988092 4.605170185988092
accounting 1 2.995732273553991 2.995732273553991
act 1 1.3470736479666094 1.3470736479666094
action 1 0.0 0.0
activeduty 1 4.605170185988092 4.605170185988092
activist 1 2.407945608651872 2.407945608651872
activity 1 1.8325814637483102 1.8325814637483102
add 1 0.0 0.0
added 1 1.8325814637483102 1.8325814637483102
additional 1 0.0 0.0
address 1 2.8134107167600364 2.8134107167600364
administration 1 2.120263536200091 2.120263536200091
adviser 1 3.2188758248682006 3.2188758248682006
affair 1 1.6094379124341003 1.6094379124341003
afghanistan 1 2.995732273553991 2.995732273553991
africa 1 2.5257286443082556 2.5257286443082556
agency 1 2.120263536200091 2.120263536200091
agent 1 2.207274913189721 2.207274913189721
ago 1 1.9661128563728327 1.9661128563728327
agree 1 0.0 0.0
aide 1 3.2188758248682006 3.2188758248682006
ajax 1 4.605170185988092 4.605170185988092
alike 1 0.0 0.0
alleged 1 2.8134107167600364 2.8134107167600364
allen 1 2.207274913189721 2.207274913189721
almost 1 1.7147984280919266 1.7147984280919266
also 1 0.127833371509885 0.127833371509885
although 1 1.4696759700589417 1.4696759700589417
ambiguity 1 4.605170185988092 4.605170185988092
ambiguous 1 3.912023005428146 3.912023005428146
america 1 0.8675005677047231 0.8675005677047231
american 1 0.5276327420823719 0.5276327420823719
amid 1 2.995732273553991 2.995732273553991
amnesty 1 3.2188758248682006 3.2188758248682006
amp 1 0.4620354595965586 0.4620354595965586
analysis 1 2.120263536200091 2.120263536200091
angola 1 4.605170185988092 4.605170185988092
announcement 1 2.302585092994046 2.302585092994046
another 1 0.9675840262617057 0.9675840262617057
apparently 1 3.2188758248682006 3.2188758248682006
appearance 1 0.0 0.0
apply 1 0.0 0.0
archive 1 1.6094379124341003 1.6094379124341003
argentine 1 2.659260036932778 2.659260036932778
arm 1 2.0402208285265546 2.0402208285265546
armed 1 2.5257286443082556 2.5257286443082556
army 1 1.6094379124341003 1.6094379124341003
article 1 0.0 0.0
arturo 1 3.506557897319982 3.506557897319982
ash 1 2.995732273553991 2.995732273553991
asia 1 2.407945608651872 2.407945608651872
asked 1 2.120263536200091 2.120263536200091
assassination 1 3.506557897319982 3.506557897319982
attempted 1 2.407945608651872 2.407945608651872
attribution 1 0.0 0.0
august 1 0.3424903089467759 0.3424903089467759
australia 1 1.4696759700589417 1.4696759700589417
author 1 1.8971199848858813 1.8971199848858813
authorized 1 4.605170185988092 4.605170185988092
auto 1 0.1392620673335076 0.1392620673335076
available 1 0.0 0.0
aware 1 2.995732273553991 2.995732273553991
balamore 1 4.605170185988092 4.605170185988092
baltimore 1 2.302585092994046 2.302585092994046
battalion 1 3.506557897319982 3.506557897319982
bay 1 1.6094379124341003 1.6094379124341003
became 1 0.7133498878774648 0.7133498878774648
bedell 1 4.605170185988092 4.605170185988092
began 1 0.8675005677047231 0.8675005677047231
begin 1 1.7147984280919266 1.7147984280919266
bez 1 3.912023005428146 3.912023005428146
black 1 0.8915981192837835 0.8915981192837835
blas 1 4.605170185988092 4.605170185988092
branch 1 2.207274913189721 2.207274913189721
brazil 1 2.120263536200091 2.120263536200091
breadth 1 4.605170185988092 4.605170185988092
brennan 1 3.2188758248682006 3.2188758248682006
brought 1 1.5606477482646683 1.5606477482646683
burn 1 2.302585092994046 2.302585092994046
bush 1 2.5257286443082556 2.5257286443082556
caballero 1 3.506557897319982 3.506557897319982
cable 1 2.995732273553991 2.995732273553991
cadaverous 1 4.605170185988092 4.605170185988092
cambodia 1 3.912023005428146 3.912023005428146
came 1 1.6094379124341003 1.6094379124341003
canada 1 1.4696759700589417 1.4696759700589417
captivity 1 3.506557897319982 3.506557897319982
captured 1 2.407945608651872 2.407945608651872
carney 1 4.605170185988092 4.605170185988092
case 1 1.3862943611198906 1.3862943611198906
casey 1 2.659260036932778 2.659260036932778
category 1 0.0 0.0
cause 1 2.0402208285265546 2.0402208285265546
censoring 1 4.605170185988092 4.605170185988092
censorship 1 3.2188758248682006 3.2188758248682006
center 1 1.171182981502945 1.171182981502945
centerpx 1 0.0408219945202552 0.0408219945202552
central 1 1.07880966137193 1.07880966137193
chad 1 2.659260036932778 2.659260036932778
change 1 0.0 0.0
characterized 1 2.659260036932778 2.659260036932778
charge 1 2.0402208285265546 2.0402208285265546
chile 1 2.659260036932778 2.659260036932778
chilean 1 2.659260036932778 2.659260036932778
china 1 2.0402208285265546 2.0402208285265546
cia 1 3.912023005428146 3.912023005428146
ciaactivitiesinthe 1 4.605170185988092 4.605170185988092
circumstance 1 3.2188758248682006 3.2188758248682006
citation 1 0.0408219945202552 0.0408219945202552
cite 1 0.0 0.0
citejournal 1 1.9661128563728327 1.9661128563728327
citenews 1 1.5606477482646683 1.5606477482646683
citeweb 1 0.5447271754416719 0.5447271754416719
citizen 1 1.9661128563728327 1.9661128563728327
citizenship 1 2.995732273553991 2.995732273553991
civilian 1 2.407945608651872 2.407945608651872
claimed 1 2.207274913189721 2.207274913189721
clandestine 1 4.605170185988092 4.605170185988092
clear 1 2.207274913189721 2.207274913189721
clinton 1 3.506557897319982 3.506557897319982
close 1 1.9661128563728327 1.9661128563728327
cocaine 1 4.605170185988092 4.605170185988092
code 1 0.0 0.0
cohn 1 4.605170185988092 4.605170185988092
colby 1 3.506557897319982 3.506557897319982
cold 1 2.207274913189721 2.207274913189721
colombia 1 3.506557897319982 3.506557897319982
colonel 1 2.995732273553991 2.995732273553991
commissioner 1 2.659260036932778 2.659260036932778
committed 1 2.995732273553991 2.995732273553991
committee 1 1.6607312068216509 1.6607312068216509
common 1 0.0 0.0
community 1 1.6094379124341003 1.6094379124341003
complex 1 2.302585092994046 2.302585092994046
complicity 1 4.605170185988092 4.605170185988092
conceal 1 4.605170185988092 4.605170185988092
concerned 1 2.995732273553991 2.995732273553991
concluded 1 3.2188758248682006 3.2188758248682006
conclusive 1 4.605170185988092 4.605170185988092
conduct 1 0.0 0.0
cone 1 2.995732273553991 2.995732273553991
confirmed 1 2.207274913189721 2.207274913189721
congo 1 4.605170185988092 4.605170185988092
congressional 1 2.8134107167600364 2.8134107167600364
connected 1 3.912023005428146 3.912023005428146
consequence 1 2.8134107167600364 2.8134107167600364
considered 1 1.3862943611198906 1.3862943611198906
conspiracy 1 2.8134107167600364 2.8134107167600364
contact 1 0.0 0.0
content 1 0.0 0.0
context 1 0.010050335853501506 0.010050335853501506
continue 1 2.207274913189721 2.207274913189721
continuing 1 2.207274913189721 2.207274913189721
contra 1 4.605170185988092 4.605170185988092
contribute 1 0.0 0.0
contribution 1 0.0 0.0
control 1 0.7765287894989963 0.7765287894989963
controversy 1 2.407945608651872 2.407945608651872
cookie 1 0.0 0.0
cookiematch 1 0.0 0.0
cooperation 1 2.5257286443082556 2.5257286443082556
correspondent 1 2.995732273553991 2.995732273553991
council 1 1.4696759700589417 1.4696759700589417
counterintelligence 1 4.605170185988092 4.605170185988092
counterlistitema 1 0.127833371509885 0.127833371509885
counterterrorism 1 4.605170185988092 4.605170185988092
country 1 0.843970070294529 0.843970070294529
coup 1 2.8134107167600364 2.8134107167600364
course 1 2.0402208285265546 2.0402208285265546
court 1 1.5141277326297755 1.5141277326297755
create 1 0.0 0.0
creative 1 0.0 0.0
crime 1 1.9661128563728327 1.9661128563728327
crisis 1 2.302585092994046 2.302585092994046
csm 1 4.605170185988092 4.605170185988092
csmaintcolorf 1 0.06187540371808745 0.06187540371808745
csmaintcolorfmedia 1 0.0408219945202552 0.0408219945202552
cswsicon 1 0.0408219945202552 0.0408219945202552
cuba 1 3.2188758248682006 3.2188758248682006
current 1 0.0 0.0
cyclone 1 3.912023005428146 3.912023005428146
daughter 1 1.5141277326297755 1.5141277326297755
david 1 0.9942522733438669 0.9942522733438669
death 1 1.171182981502945 1.171182981502945
december 1 0.37106368139083196 0.37106368139083196
decided 1 2.120263536200091 2.120263536200091
decision 1 1.8971199848858813 1.8971199848858813
deep 1 2.407945608651872 2.407945608651872
defected 1 3.912023005428146 3.912023005428146
defense 1 1.7719568419318754 1.7719568419318754
definitely 1 3.506557897319982 3.506557897319982
delay 1 3.506557897319982 3.506557897319982
delta 1 3.2188758248682006 3.2188758248682006
demanded 1 2.995732273553991 2.995732273553991
denial 1 3.506557897319982 3.506557897319982
denied 1 2.8134107167600364 2.8134107167600364
department 1 1.7719568419318754 1.7719568419318754
depth 1 2.8134107167600364 2.8134107167600364
described 1 1.5141277326297755 1.5141277326297755
despite 1 1.1394342831883648 1.1394342831883648
destruction 1 2.659260036932778 2.659260036932778
detail 1 1.6094379124341003 1.6094379124341003
detailing 1 3.912023005428146 3.912023005428146
determined 1 2.407945608651872 2.407945608651872
deutch 1 4.605170185988092 4.605170185988092
deutchs 1 4.605170185988092 4.605170185988092
developer 1 0.0 0.0
development 1 1.3093333199837622 1.3093333199837622
dictator 1 3.912023005428146 3.912023005428146
dictatorship 1 3.912023005428146 3.912023005428146
died 1 1.3093333199837622 1.3093333199837622
director 1 1.4271163556401458 1.4271163556401458
directorate 1 4.605170185988092 4.605170185988092
disappearance 1 3.2188758248682006 3.2188758248682006
disclaimer 1 0.0 0.0
discussed 1 3.2188758248682006 3.2188758248682006
dissolve 1 3.2188758248682006 3.2188758248682006
division 1 1.2729656758128876 1.2729656758128876
doctor 1 1.6607312068216509 1.6607312068216509
document 1 2.120263536200091 2.120263536200091
documentation 1 3.506557897319982 3.506557897319982
doi 1 2.0402208285265546 2.0402208285265546
donate 1 0.0 0.0
donovan 1 3.2188758248682006 3.2188758248682006
download 1 0.0 0.0
drc 1 4.605170185988092 4.605170185988092
drone 1 4.605170185988092 4.605170185988092
drug 1 2.8134107167600364 2.8134107167600364
dtaftercontent 1 0.127833371509885 0.127833371509885
dtat 1 3.506557897319982 3.506557897319982
due 1 0.9416085398584451 0.9416085398584451
dulles 1 4.605170185988092 4.605170185988092
early 1 0.6348782724359695 0.6348782724359695
economy 1 2.8134107167600364 2.8134107167600364
effort 1 1.5141277326297755 1.5141277326297755
eight 1 1.8971199848858813 1.8971199848858813
either 1 1.9661128563728327 1.9661128563728327
eligible 1 2.302585092994046 2.302585092994046
elimination 1 3.506557897319982 3.506557897319982
emerged 1 2.659260036932778 2.659260036932778
emphasized 1 2.995732273553991 2.995732273553991
employee 1 2.0402208285265546 2.0402208285265546
encyclopedia 1 0.0 0.0
end 1 0.7985076962177716 0.7985076962177716
english 1 0.0 0.0
entirely 1 2.407945608651872 2.407945608651872
eric 1 1.8971199848858813 1.8971199848858813
establishment 1 1.9661128563728327 1.9661128563728327
europe 1 1.5141277326297755 1.5141277326297755
event 1 0.0 0.0
evidence 1 2.302585092994046 2.302585092994046
examine 1 4.605170185988092 4.605170185988092
example 1 1.8325814637483102 1.8325814637483102
exception 1 2.8134107167600364 2.8134107167600364
executed 1 3.506557897319982 3.506557897319982
execution 1 2.995732273553991 2.995732273553991
exp 1 0.0 0.0
explains 1 2.302585092994046 2.302585092994046
explicitly 1 3.912023005428146 3.912023005428146
expressed 1 2.659260036932778 2.659260036932778
extend 1 3.506557897319982 3.506557897319982
external 1 0.44628710262841953 0.44628710262841953
far 1 1.6607312068216509 1.6607312068216509
father 1 1.3093333199837622 1.3093333199837622
file 1 0.0 0.0
finding 1 1.9661128563728327 1.9661128563728327
first 1 0.1508228897345837 0.1508228897345837
florencio 1 3.506557897319982 3.506557897319982
followed 1 1.3093333199837622 1.3093333199837622
forbade 1 4.605170185988092 4.605170185988092
forbidden 1 2.8134107167600364 2.8134107167600364
force 1 1.2378743560016172 1.2378743560016172
former 1 0.9675840262617057 0.9675840262617057
formerly 1 1.8325814637483102 1.8325814637483102
foundation 1 0.0 0.0
fourpart 1 3.912023005428146 3.912023005428146
france 1 1.2039728043259361 1.2039728043259361
free 1 0.0 0.0
freed 1 3.2188758248682006 3.2188758248682006
frustration 1 3.912023005428146 3.912023005428146
fullest 1 4.605170185988092 4.605170185988092
future 1 1.6607312068216509 1.6607312068216509
gary 1 2.120263536200091 2.120263536200091
gate 1 2.5257286443082556 2.5257286443082556
gave 1 1.5606477482646683 1.5606477482646683
gen 1 3.2188758248682006 3.2188758248682006
general 1 0.0 0.0
generated 1 3.2188758248682006 3.2188758248682006
geographic 1 3.506557897319982 3.506557897319982
george 1 1.07880966137193 1.07880966137193
germany 1 1.4271163556401458 1.4271163556401458
get 1 0.0 0.0
ghost 1 2.302585092994046 2.302585092994046
gina 1 3.2188758248682006 3.2188758248682006
ginger 1 4.605170185988092 4.605170185988092
given 1 1.2378743560016172 1.2378743560016172
going 1 1.8325814637483102 1.8325814637483102
gone 1 2.659260036932778 2.659260036932778
goss 1 4.605170185988092 4.605170185988092
government 1 1.1086626245216111 1.1086626245216111
group 1 0.8209805520698303 0.8209805520698303
guatemala 1 3.912023005428146 3.912023005428146
guatemalan 1 4.605170185988092 4.605170185988092
guerrilla 1 3.912023005428146 3.912023005428146
gustavo 1 3.506557897319982 3.506557897319982
handed 1 3.2188758248682006 3.2188758248682006
haney 1 4.605170185988092 4.605170185988092
happening 1 3.2188758248682006 3.2188758248682006
haspel 1 4.605170185988092 4.605170185988092
hayden 1 4.605170185988092 4.605170185988092
hdl 1 3.912023005428146 3.912023005428146
head 1 1.1086626245216111 1.1086626245216111
headquarters 1 2.207274913189721 2.207274913189721
health 1 1.6607312068216509 1.6607312068216509
heavily 1 2.8134107167600364 2.8134107167600364
helm 1 3.506557897319982 3.506557897319982
help 1 0.0 0.0
helped 1 2.207274913189721 2.207274913189721
hemisphere 1 3.2188758248682006 3.2188758248682006
hid 1 3.912023005428146 3.912023005428146
hidden 1 0.010050335853501506 0.010050335853501506
hide 1 0.0 0.0
hillenkoetter 1 4.605170185988092 4.605170185988092
history 1 0.0 0.0
hlist 1 0.127833371509885 0.127833371509885
hlistinline 1 0.127833371509885 0.127833371509885
honduran 1 3.912023005428146 3.912023005428146
honduras 1 3.506557897319982 3.506557897319982
hope 1 1.6607312068216509 1.6607312068216509
hostage 1 3.912023005428146 3.912023005428146
hostile 1 3.506557897319982 3.506557897319982
house 1 1.0216512475319812 1.0216512475319812
houston 1 1.9661128563728327 1.9661128563728327
hoyt 1 3.506557897319982 3.506557897319982
hrf 1 4.605170185988092 4.605170185988092
human 1 1.3862943611198906 1.3862943611198906
hundred 1 2.302585092994046 2.302585092994046
hungary 1 2.995732273553991 2.995732273553991
identified 1 2.659260036932778 2.659260036932778
idlockfree 1 0.0408219945202552 0.0408219945202552
idlockfreeidlockfree 1 0.0408219945202552 0.0408219945202552
idlocklimited 1 0.0408219945202552 0.0408219945202552
idlockregistration 1 0.0408219945202552 0.0408219945202552
idlocksubscription 1 0.0408219945202552 0.0408219945202552
illicit 1 3.912023005428146 3.912023005428146
implicated 1 4.605170185988092 4.605170185988092
important 1 1.8325814637483102 1.8325814637483102
inadequate 1 4.605170185988092 4.605170185988092
inc 1 0.0 0.0
incident 1 2.8134107167600364 2.8134107167600364
included 1 1.3093333199837622 1.3093333199837622
including 1 0.7133498878774648 0.7133498878774648
indeed 1 3.2188758248682006 3.2188758248682006
independent 1 1.4271163556401458 1.4271163556401458
india 1 1.7147984280919266 1.7147984280919266
individual 1 1.5606477482646683 1.5606477482646683
indonesia 1 1.7719568419318754 1.7719568419318754
inexplicable 1 4.605170185988092 4.605170185988092
infamous 1 3.912023005428146 3.912023005428146
influence 1 2.0402208285265546 2.0402208285265546
information 1 0.0 0.0
inquiry 1 3.912023005428146 3.912023005428146
inspector 1 3.2188758248682006 3.2188758248682006
institute 1 1.5141277326297755 1.5141277326297755
instructed 1 3.912023005428146 3.912023005428146
instructor 1 2.8134107167600364 2.8134107167600364
insurgency 1 3.912023005428146 3.912023005428146
intact 1 4.605170185988092 4.605170185988092
intelligence 1 2.407945608651872 2.407945608651872
internal 1 2.995732273553991 2.995732273553991
international 1 0.5978370007556204 0.5978370007556204
interrogated 1 4.605170185988092 4.605170185988092
interrogation 1 4.605170185988092 4.605170185988092
interrogator 1 4.605170185988092 4.605170185988092
intervention 1 3.2188758248682006 3.2188758248682006
interviewed 1 3.506557897319982 3.506557897319982
invasion 1 2.407945608651872 2.407945608651872
investigation 1 2.120263536200091 2.120263536200091
investigative 1 3.912023005428146 3.912023005428146
investigator 1 3.912023005428146 3.912023005428146
invisible 1 3.912023005428146 3.912023005428146
involved 1 1.5606477482646683 1.5606477482646683
involvement 1 2.995732273553991 2.995732273553991
iran 1 3.506557897319982 3.506557897319982
iraq 1 2.8134107167600364 2.8134107167600364
issn 1 1.8971199848858813 1.8971199848858813
issue 1 1.1086626245216111 1.1086626245216111
italy 1 2.120263536200091 2.120263536200091
item 1 0.010050335853501506 0.010050335853501506
jail 1 3.2188758248682006 3.2188758248682006
james 1 1.0498221244986776 1.0498221244986776
january 1 0.3424903089467759 0.3424903089467759
japan 1 1.7719568419318754 1.7719568419318754
john 1 0.49429632181478017 0.49429632181478017
joint 1 2.302585092994046 2.302585092994046
journal 1 1.3093333199837622 1.3093333199837622
jstor 1 1.5141277326297755 1.5141277326297755
juan 1 2.302585092994046 2.302585092994046
july 1 0.43078291609245434 0.43078291609245434
jump 1 0.0 0.0
june 1 0.40047756659712536 0.40047756659712536
justice 1 1.9661128563728327 1.9661128563728327
keep 1 1.7719568419318754 1.7719568419318754
kidnapping 1 3.506557897319982 3.506557897319982
kill 1 1.7719568419318754 1.7719568419318754
killed 1 1.9661128563728327 1.9661128563728327
killing 1 2.5257286443082556 2.5257286443082556
kingdom 1 1.5141277326297755 1.5141277326297755
knew 1 2.8134107167600364 2.8134107167600364
known 1 0.7985076962177716 0.7985076962177716
korea 1 2.5257286443082556 2.5257286443082556
kubark 1 4.605170185988092 4.605170185988092
langley 1 3.912023005428146 3.912023005428146
language 1 0.0 0.0
lanza 1 3.912023005428146 3.912023005428146
lao 1 3.912023005428146 3.912023005428146
last 1 0.0 0.0
later 1 0.5621189181535412 0.5621189181535412
latin 1 2.5257286443082556 2.5257286443082556
laura 1 2.207274913189721 2.207274913189721
leadership 1 2.207274913189721 2.207274913189721
learn 1 0.0 0.0
leftist 1 3.2188758248682006 3.2188758248682006
legacy 1 2.0402208285265546 2.0402208285265546
legal 1 1.9661128563728327 1.9661128563728327
legislation 1 2.659260036932778 2.659260036932778
lemoyne 1 4.605170185988092 4.605170185988092
leo 1 2.8134107167600364 2.8134107167600364
leon 1 2.659260036932778 2.659260036932778
lesson 1 3.912023005428146 3.912023005428146
liaftercontent 1 0.127833371509885 0.127833371509885
libya 1 3.506557897319982 3.506557897319982
license 1 0.0 0.0
lied 1 3.912023005428146 3.912023005428146
lieutenant 1 2.659260036932778 2.659260036932778
likely 1 2.5257286443082556 2.5257286443082556
link 1 0.0 0.0
linked 1 3.2188758248682006 3.2188758248682006
list 1 0.6348782724359695 0.6348782724359695
log 1 0.0 0.0
logged 1 0.0 0.0
lower 1 1.8325814637483102 1.8325814637483102
lvarez 1 3.912023005428146 3.912023005428146
main 1 0.0 0.0
mainother 1 1.5141277326297755 1.5141277326297755
maint 1 1.6607312068216509 1.6607312068216509
major 1 1.1086626245216111 1.1086626245216111
management 1 1.7719568419318754 1.7719568419318754
manual 1 2.5257286443082556 2.5257286443082556
many 1 0.7550225842780328 0.7550225842780328
march 1 0.3147107448397002 0.3147107448397002
mark 1 1.1394342831883648 1.1394342831883648
martnez 1 3.2188758248682006 3.2188758248682006
matthew 1 1.8325814637483102 1.8325814637483102
may 1 0.0 0.0
member 1 0.6733445532637655 0.6733445532637655
men 1 1.2039728043259361 1.2039728043259361
menu 1 0.0 0.0
mesa 1 3.506557897319982 3.506557897319982
method 1 1.8971199848858813 1.8971199848858813
michael 1 1.171182981502945 1.171182981502945
mid 1 2.407945608651872 2.407945608651872
mike 1 1.6094379124341003 1.6094379124341003
military 1 1.4696759700589417 1.4696759700589417
mistreatment 1 4.605170185988092 4.605170185988092
mkultra 1 4.605170185988092 4.605170185988092
mobile 1 0.0 0.0
mongoose 1 3.912023005428146 3.912023005428146
month 1 0.8915981192837835 0.8915981192837835
move 1 0.0 0.0
moyne 1 4.605170185988092 4.605170185988092
much 1 1.171182981502945 1.171182981502945
multiple 1 1.6607312068216509 1.6607312068216509
murder 1 2.995732273553991 2.995732273553991
myanmar 1 3.2188758248682006 3.2188758248682006
name 1 0.5276327420823719 0.5276327420823719
national 1 0.5108256237659907 0.5108256237659907
navbar 1 0.23572233352106994 0.23572233352106994
navbarmini 1 0.23572233352106994 0.23572233352106994
navbox 1 0.1392620673335076 0.1392620673335076
navboximage 1 0.1392620673335076 0.1392620673335076
navboxsubgroup 1 0.1392620673335076 0.1392620673335076
navboxtitle 1 0.1392620673335076 0.1392620673335076
navigation 1 0.0 0.0
near 1 1.8325814637483102 1.8325814637483102
neptune 1 3.506557897319982 3.506557897319982
new 1 0.24846135929849972 0.24846135929849972
news 1 0.843970070294529 0.843970070294529
nicaragua 1 3.912023005428146 3.912023005428146
nonprofit 1 0.0 0.0
north 1 0.8209805520698303 0.8209805520698303
notable 1 1.7719568419318754 1.7719568419318754
notorious 1 4.605170185988092 4.605170185988092
nsa 1 4.605170185988092 4.605170185988092
nsaebb 1 4.605170185988092 4.605170185988092
obtained 1 2.8134107167600364 2.8134107167600364
occur 1 3.506557897319982 3.506557897319982
occurred 1 2.407945608651872 2.407945608651872
officer 1 1.7719568419318754 1.7719568419318754
official 1 0.7550225842780328 0.7550225842780328
ollibeforecontent 1 0.127833371509885 0.127833371509885
one 1 0.23572233352106994 0.23572233352106994
ongoing 1 2.995732273553991 2.995732273553991
operation 1 1.7147984280919266 1.7147984280919266
operative 1 3.506557897319982 3.506557897319982
opinion 1 2.120263536200091 2.120263536200091
ordered 1 2.302585092994046 2.302585092994046
organization 1 0.0 0.0
organizationname 1 0.010050335853501506 0.010050335853501506
organize 1 3.2188758248682006 3.2188758248682006
origin 1 2.407945608651872 2.407945608651872
os 1 3.912023005428146 3.912023005428146
oversight 1 3.506557897319982 3.506557897319982
overthrow 1 3.506557897319982 3.506557897319982
pace 1 2.5257286443082556 2.5257286443082556
page 1 0.0 0.0
pakistan 1 2.995732273553991 2.995732273553991
panetta 1 4.605170185988092 4.605170185988092
paper 1 1.6607312068216509 1.6607312068216509
participation 1 2.407945608651872 2.407945608651872
particularly 1 2.120263536200091 2.120263536200091
passed 1 2.5257286443082556 2.5257286443082556
pbsuccess 1 4.605170185988092 4.605170185988092
pdf 1 1.0498221244986776 1.0498221244986776
pdfprintable 1 0.0 0.0
permanent 1 0.0 0.0
persist 1 4.605170185988092 4.605170185988092
personal 1 0.0 0.0
personnel 1 2.207274913189721 2.207274913189721
peru 1 3.2188758248682006 3.2188758248682006
petraeus 1 4.605170185988092 4.605170185988092
philip 1 1.7147984280919266 1.7147984280919266
philippine 1 2.302585092994046 2.302585092994046
phoenix 1 2.8134107167600364 2.8134107167600364
physical 1 2.5257286443082556 2.5257286443082556
pig 1 3.912023005428146 3.912023005428146
point 1 1.2729656758128876 1.2729656758128876
police 1 1.7719568419318754 1.7719568419318754
policy 1 0.0 0.0
politics 1 1.9661128563728327 1.9661128563728327
pompeo 1 4.605170185988092 4.605170185988092
portal 1 0.0 0.0
porter 1 2.659260036932778 2.659260036932778
post 1 1.07880966137193 1.07880966137193
prepared 1 2.8134107167600364 2.8134107167600364
present 1 0.9675840262617057 0.9675840262617057
pressed 1 3.912023005428146 3.912023005428146
priest 1 2.207274913189721 2.207274913189721
printbodyns 1 0.09431067947124142 0.09431067947124142
printexport 1 0.0 0.0
prior 1 1.8325814637483102 1.8325814637483102
prison 1 2.302585092994046 2.302585092994046
prisoner 1 2.407945608651872 2.407945608651872
privacy 1 0.0 0.0
process 1 1.5141277326297755 1.5141277326297755
program 1 1.7719568419318754 1.7719568419318754
project 1 0.0 0.0
proliferation 1 3.912023005428146 3.912023005428146
prosecutor 1 3.2188758248682006 3.2188758248682006
provided 1 1.8971199848858813 1.8971199848858813
psychological 1 3.2188758248682006 3.2188758248682006
public 1 0.9675840262617057 0.9675840262617057
published 1 1.3862943611198906 1.3862943611198906
pursued 1 3.506557897319982 3.506557897319982
question 1 1.7719568419318754 1.7719568419318754
questionable 1 3.912023005428146 3.912023005428146
questioned 1 2.995732273553991 2.995732273553991
raborn 1 4.605170185988092 4.605170185988092
random 1 0.0 0.0
read 1 0.0 0.0
recalled 1 3.2188758248682006 3.2188758248682006
recent 1 0.0 0.0
record 1 0.7765287894989963 0.7765287894989963
redacted 1 4.605170185988092 4.605170185988092
reference 1 0.03045920748470844 0.03045920748470844
reflist 1 0.06187540371808745 0.06187540371808745
reflistcolumns 1 0.06187540371808745 0.06187540371808745
reform 1 2.0402208285265546 2.0402208285265546
refuted 1 4.605170185988092 4.605170185988092
reg 1 0.0 0.0
regarding 1 2.659260036932778 2.659260036932778
registered 1 0.0 0.0
regular 1 1.5606477482646683 1.5606477482646683
rejoined 1 3.912023005428146 3.912023005428146
related 1 0.0 0.0
relating 1 2.995732273553991 2.995732273553991
relation 1 1.7719568419318754 1.7719568419318754
relationship 1 1.8971199848858813 1.8971199848858813
relative 1 2.5257286443082556 2.5257286443082556
release 1 1.3093333199837622 1.3093333199837622
relied 1 3.912023005428146 3.912023005428146
removed 1 1.6094379124341003 1.6094379124341003
renamed 1 2.5257286443082556 2.5257286443082556
renounced 1 3.912023005428146 3.912023005428146
replace 1 2.995732273553991 2.995732273553991
report 1 1.1086626245216111 1.1086626245216111
reported 1 1.8325814637483102 1.8325814637483102
request 1 2.0402208285265546 2.0402208285265546
rescue 1 2.659260036932778 2.659260036932778
resource 1 1.7147984280919266 1.7147984280919266
respond 1 3.506557897319982 3.506557897319982
response 1 2.120263536200091 2.120263536200091
responsible 1 2.302585092994046 2.302585092994046
retired 1 1.7719568419318754 1.7719568419318754
retrieved 1 0.0 0.0
revelation 1 3.912023005428146 3.912023005428146
review 1 1.07880966137193 1.07880966137193
richard 1 1.1394342831883648 1.1394342831883648
right 1 0.9675840262617057 0.9675840262617057
robert 1 0.8675005677047231 0.8675005677047231
role 1 1.3470736479666094 1.3470736479666094
roscoe 1 4.605170185988092 4.605170185988092
rubicon 1 4.605170185988092 4.605170185988092
russia 1 2.0402208285265546 2.0402208285265546
said 1 1.5606477482646683 1.5606477482646683
salazar 1 4.605170185988092 4.605170185988092
scant 1 4.605170185988092 4.605170185988092
schlesinger 1 4.605170185988092 4.605170185988092
school 1 0.7765287894989963 0.7765287894989963
science 1 1.171182981502945 1.171182981502945
screen 1 0.010050335853501506 0.010050335853501506
search 1 0.0 0.0
secret 1 2.0402208285265546 2.0402208285265546
security 1 1.6607312068216509 1.6607312068216509
seems 1 2.5257286443082556 2.5257286443082556
seen 1 1.8971199848858813 1.8971199848858813
seized 1 3.506557897319982 3.506557897319982
selected 1 2.207274913189721 2.207274913189721
senior 1 2.0402208285265546 2.0402208285265546
sent 1 1.8971199848858813 1.8971199848858813
sergeant 1 3.912023005428146 3.912023005428146
series 1 0.8675005677047231 0.8675005677047231
serious 1 2.659260036932778 2.659260036932778
several 1 0.8209805520698303 0.8209805520698303
sgpfasorg 1 4.605170185988092 4.605170185988092
shah 1 2.8134107167600364 2.8134107167600364
share 1 0.0 0.0
shepherd 1 2.995732273553991 2.995732273553991
shortened 1 0.0 0.0
shot 1 2.207274913189721 2.207274913189721
sidebar 1 0.0 0.0
sidney 1 2.995732273553991 2.995732273553991
similar 1 1.9661128563728327 1.9661128563728327
simon 1 2.0402208285265546 2.0402208285265546
since 1 0.7985076962177716 0.7985076962177716
site 1 0.0 0.0
six 1 1.3470736479666094 1.3470736479666094
slow 1 3.506557897319982 3.506557897319982
smith 1 1.2039728043259361 1.2039728043259361
soldier 1 2.302585092994046 2.302585092994046
solid 1 0.09431067947124142 0.09431067947124142
somalia 1 3.912023005428146 3.912023005428146
someone 1 3.506557897319982 3.506557897319982
souers 1 4.605170185988092 4.605170185988092
soviet 1 2.407945608651872 2.407945608651872
spear 1 3.2188758248682006 3.2188758248682006
special 1 0.0 0.0
spy 1 2.8134107167600364 2.8134107167600364
squad 1 2.659260036932778 2.659260036932778
staff 1 1.6607312068216509 1.6607312068216509
stansfield 1 4.605170185988092 4.605170185988092
starvation 1 4.605170185988092 4.605170185988092
starved 1 4.605170185988092 4.605170185988092
state 1 0.3147107448397002 0.3147107448397002
stated 1 2.120263536200091 2.120263536200091
stategov 1 4.605170185988092 4.605170185988092
statement 1 0.0 0.0
stating 1 2.120263536200091 2.120263536200091
statistic 1 0.0 0.0
step 1 2.120263536200091 2.120263536200091
still 1 0.9416085398584451 0.9416085398584451
stop 1 2.120263536200091 2.120263536200091
strike 1 2.207274913189721 2.207274913189721
student 1 1.3862943611198906 1.3862943611198906
sudan 1 3.506557897319982 3.506557897319982
summarizing 1 4.605170185988092 4.605170185988092
sun 1 1.6607312068216509 1.6607312068216509
superior 1 2.8134107167600364 2.8134107167600364
support 1 1.2729656758128876 1.2729656758128876
supreme 1 2.120263536200091 2.120263536200091
surprising 1 3.2188758248682006 3.2188758248682006
survived 1 2.8134107167600364 2.8134107167600364
suspect 1 3.912023005428146 3.912023005428146
suspected 1 3.912023005428146 3.912023005428146
sycamore 1 3.912023005428146 3.912023005428146
syria 1 3.2188758248682006 3.2188758248682006
table 1 0.0 0.0
take 1 0.9675840262617057 0.9675840262617057
talk 1 0.0 0.0
taught 1 2.659260036932778 2.659260036932778
tdhlist 1 0.1392620673335076 0.1392620673335076
technique 1 2.5257286443082556 2.5257286443082556
technology 1 1.7719568419318754 1.7719568419318754
template 1 0.0 0.0
tenet 1 3.2188758248682006 3.2188758248682006
term 1 0.0 0.0
testifying 1 3.912023005428146 3.912023005428146
testimony 1 3.2188758248682006 3.2188758248682006
text 1 0.0 0.0
thanked 1 3.506557897319982 3.506557897319982
theory 1 2.302585092994046 2.302585092994046
thing 1 1.5606477482646683 1.5606477482646683
thompson 1 2.0402208285265546 2.0402208285265546
thousand 1 1.9661128563728327 1.9661128563728327
three 1 0.5798184952529422 0.5798184952529422
thus 1 1.7147984280919266 1.7147984280919266
timber 1 3.912023005428146 3.912023005428146
time 1 0.28768207245178085 0.28768207245178085
timeline 1 2.207274913189721 2.207274913189721
toggle 1 0.010050335853501506 0.010050335853501506
tool 1 0.0 0.0
top 1 0.010050335853501506 0.010050335853501506
topic 1 0.0 0.0
torture 1 3.912023005428146 3.912023005428146
total 1 0.0 0.0
trade 1 1.7147984280919266 1.7147984280919266
trademark 1 0.0 0.0
trafficking 1 3.506557897319982 3.506557897319982
tragic 1 2.8134107167600364 2.8134107167600364
train 1 2.8134107167600364 2.8134107167600364
trained 1 3.912023005428146 3.912023005428146
trainer 1 4.605170185988092 4.605170185988092
training 1 1.6094379124341003 1.6094379124341003
transnational 1 3.506557897319982 3.506557897319982
turkey 1 2.302585092994046 2.302585092994046
turner 1 2.207274913189721 2.207274913189721
two 1 0.43078291609245434 0.43078291609245434
ulpaddingem 1 0.1392620673335076 0.1392620673335076
unclear 1 3.2188758248682006 3.2188758248682006
unexpected 1 3.506557897319982 3.506557897319982
union 1 1.07880966137193 1.07880966137193
unit 1 2.207274913189721 2.207274913189721
united 1 0.4155154439616658 0.4155154439616658
university 1 0.616186139423817 0.616186139423817
unknown 1 2.207274913189721 2.207274913189721
unsure 1 3.912023005428146 3.912023005428146
upheld 1 3.506557897319982 3.506557897319982
upload 1 0.0 0.0
us 1 1.6094379124341003 1.6094379124341003
usa 1 1.9661128563728327 1.9661128563728327
usbased 1 4.605170185988092 4.605170185988092
use 1 0.0 0.0
used 1 0.8675005677047231 0.8675005677047231
using 1 0.0 0.0
utc 1 0.0 0.0
valadares 1 4.605170185988092 4.605170185988092
valladares 1 4.605170185988092 4.605170185988092
valladaress 1 4.605170185988092 4.605170185988092
vandenberg 1 4.605170185988092 4.605170185988092
var 1 0.0 0.0
verify 1 3.2188758248682006 3.2188758248682006
version 1 0.0 0.0
via 1 1.4271163556401458 1.4271163556401458
vietnam 1 2.659260036932778 2.659260036932778
view 1 0.0 0.0
violation 1 2.995732273553991 2.995732273553991
virginia 1 1.8971199848858813 1.8971199848858813
visited 1 2.302585092994046 2.302585092994046
vte 1 0.7550225842780328 0.7550225842780328
walter 1 1.7147984280919266 1.7147984280919266
war 1 0.7985076962177716 0.7985076962177716
washington 1 1.2378743560016172 1.2378743560016172
watch 1 1.8971199848858813 1.8971199848858813
way 1 1.1086626245216111 1.1086626245216111
webster 1 2.302585092994046 2.302585092994046
werent 1 3.912023005428146 3.912023005428146
western 1 1.2039728043259361 1.2039728043259361
whether 1 2.302585092994046 2.302585092994046
whinsec 1 4.605170185988092 4.605170185988092
whose 1 1.7147984280919266 1.7147984280919266
wikidata 1 0.010050335853501506 0.010050335853501506
wikimedia 1 0.0 0.0
wikipedia 1 0.0 0.0
william 1 1.171182981502945 1.171182981502945
willingness 1 3.912023005428146 3.912023005428146
willmetts 1 4.605170185988092 4.605170185988092
wmd 1 4.605170185988092 4.605170185988092
woolsey 1 4.605170185988092 4.605170185988092
work 1 0.7133498878774648 0.7133498878774648
worked 1 1.6607312068216509 1.6607312068216509
world 1 0.5108256237659907 0.5108256237659907
would 1 0.7550225842780328 0.7550225842780328
written 1 0.9416085398584451 0.9416085398584451
wrote 1 1.3470736479666094 1.3470736479666094
year 1 0.3424903089467759 0.3424903089467759
yemen 1 3.912023005428146 3.912023005428146
yet 1 1.8971199848858813 1.8971199848858813
yield 1 3.506557897319982 3.506557897319982
york 1 0.8209805520698303 0.8209805520698303
