ability 1 2.302585092994046 2.302585092994046
able 1 1.7719568419318754 1.7719568419318754
abraham 1 3.506557897319982 3.506557897319982
accept 1 3.2188758248682006 3.2188758248682006
accepted 1 2.207274913189721 2.207274913189721
account 1 0.0 0.0
achilles 1 3.506557897319982 3.506557897319982
act 1 1.3470736479666094 1.3470736479666094
acting 1 1.8971199848858813 1.8971199848858813
action 1 0.0 0.0
activation 1 4.605170185988092 4.605170185988092
adapt 1 4.605170185988092 4.605170185988092
add 1 0.0 0.0
addie 1 3.912023005428146 3.912023005428146
addies 1 4.605170185988092 4.605170185988092
additional 1 0.0 0.0
adversely 1 4.605170185988092 4.605170185988092
affected 1 3.2188758248682006 3.2188758248682006
agea 1 4.605170185988092 4.605170185988092
agent 1 2.207274913189721 2.207274913189721
aggression 1 3.912023005428146 3.912023005428146
agility 1 3.912023005428146 3.912023005428146
agree 1 0.0 0.0
aicn 1 4.605170185988092 4.605170185988092
aint 1 3.912023005428146 3.912023005428146
aintitcoolcom 1 4.605170185988092 4.605170185988092
alien 1 2.8134107167600364 2.8134107167600364
alike 1 0.0 0.0
allied 1 3.506557897319982 3.506557897319982
allowing 1 2.8134107167600364 2.8134107167600364
allows 1 2.5257286443082556 2.5257286443082556
also 1 0.127833371509885 0.127833371509885
alternate 1 2.995732273553991 2.995732273553991
american 1 0.5276327420823719 0.5276327420823719
amp 1 0.4620354595965586 0.4620354595965586
ancient 1 2.302585092994046 2.302585092994046
angel 1 2.407945608651872 2.407945608651872
angeles 1 1.6607312068216509 1.6607312068216509
annoyed 1 3.912023005428146 3.912023005428146
apollo 1 3.912023005428146 3.912023005428146
appear 1 2.407945608651872 2.407945608651872
appearance 1 0.0 0.0
apply 1 0.0 0.0
appreciated 1 3.912023005428146 3.912023005428146
april 1 0.44628710262841953 0.44628710262841953
arc 1 2.995732273553991 2.995732273553991
armageddon 1 4.605170185988092 4.605170185988092
arrived 1 2.5257286443082556 2.5257286443082556
arrives 1 3.506557897319982 3.506557897319982
arrow 1 2.659260036932778 2.659260036932778
art 1 1.2039728043259361 1.2039728043259361
article 1 0.0 0.0
artist 1 1.7147984280919266 1.7147984280919266
assignment 1 2.995732273553991 2.995732273553991
assume 1 3.912023005428146 3.912023005428146
attack 1 1.7147984280919266 1.7147984280919266
attempt 1 1.6607312068216509 1.6607312068216509
attribution 1 0.0 0.0
august 1 0.3424903089467759 0.3424903089467759
authority 1 0.8915981192837835 0.8915981192837835
authorityvolno 1 4.605170185988092 4.605170185988092
auto 1 0.1392620673335076 0.1392620673335076
available 1 0.0 0.0
aviation 1 3.2188758248682006 3.2188758248682006
awakens 1 3.506557897319982 3.506557897319982
away 1 1.5606477482646683 1.5606477482646683
baby 1 2.407945608651872 2.407945608651872
babylon 1 3.912023005428146 3.912023005428146
babylong 1 4.605170185988092 4.605170185988092
backlash 1 3.912023005428146 3.912023005428146
backup 1 4.605170185988092 4.605170185988092
band 1 2.207274913189721 2.207274913189721
base 1 1.4696759700589417 1.4696759700589417
battalion 1 3.506557897319982 3.506557897319982
became 1 0.7133498878774648 0.7133498878774648
becomes 1 2.0402208285265546 2.0402208285265546
becoming 1 1.8971199848858813 1.8971199848858813
bellerophon 1 3.912023005428146 3.912023005428146
bendix 1 4.605170185988092 4.605170185988092
best 1 1.0216512475319812 1.0216512475319812
binding 1 3.2188758248682006 3.2188758248682006
black 1 0.8915981192837835 0.8915981192837835
bleed 1 4.605170185988092 4.605170185988092
body 1 1.4271163556401458 1.4271163556401458
bond 1 2.659260036932778 2.659260036932778
book 1 0.6348782724359695 0.6348782724359695
born 1 1.1394342831883648 1.1394342831883648
boy 1 1.8325814637483102 1.8325814637483102
bram 1 4.605170185988092 4.605170185988092
brandon 1 2.5257286443082556 2.5257286443082556
brief 1 2.407945608651872 2.407945608651872
brooding 1 4.605170185988092 4.605170185988092
brother 1 1.6607312068216509 1.6607312068216509
bryan 1 3.2188758248682006 3.2188758248682006
building 1 1.6607312068216509 1.6607312068216509
bullet 1 4.605170185988092 4.605170185988092
calculator 1 4.605170185988092 4.605170185988092
caleb 1 3.506557897319982 3.506557897319982
called 1 0.8209805520698303 0.8209805520698303
calm 1 3.2188758248682006 3.2188758248682006
calming 1 3.912023005428146 3.912023005428146
capable 1 2.995732273553991 2.995732273553991
career 1 1.2729656758128876 1.2729656758128876
carrier 1 3.2188758248682006 3.2188758248682006
cat 1 1.5606477482646683 1.5606477482646683
category 1 0.0 0.0
center 1 1.171182981502945 1.171182981502945
centerpx 1 0.0408219945202552 0.0408219945202552
century 1 1.3470736479666094 1.3470736479666094
chad 1 2.659260036932778 2.659260036932778
chance 1 2.659260036932778 2.659260036932778
change 1 0.0 0.0
changed 1 1.6607312068216509 1.6607312068216509
changing 1 2.659260036932778 2.659260036932778
chaos 1 2.995732273553991 2.995732273553991
chaosartist 1 4.605170185988092 4.605170185988092
character 1 1.7147984280919266 1.7147984280919266
characteristic 1 2.5257286443082556 2.5257286443082556
chest 1 3.506557897319982 3.506557897319982
chichinika 1 4.605170185988092 4.605170185988092
chimaera 1 3.912023005428146 3.912023005428146
choi 1 4.605170185988092 4.605170185988092
christine 1 2.8134107167600364 2.8134107167600364
citation 1 0.0408219945202552 0.0408219945202552
cite 1 0.0 0.0
citeweb 1 0.5447271754416719 0.5447271754416719
clark 1 1.6607312068216509 1.6607312068216509
code 1 0.0 0.0
collected 1 2.5257286443082556 2.5257286443082556
coma 1 3.912023005428146 3.912023005428146
combat 1 2.120263536200091 2.120263536200091
combine 1 3.2188758248682006 3.2188758248682006
comic 1 2.407945608651872 2.407945608651872
command 1 2.5257286443082556 2.5257286443082556
commander 1 2.120263536200091 2.120263536200091
committed 1 2.995732273553991 2.995732273553991
common 1 0.0 0.0
compared 1 2.120263536200091 2.120263536200091
completely 1 2.5257286443082556 2.5257286443082556
condition 1 2.0402208285265546 2.0402208285265546
conduct 1 0.0 0.0
conquer 1 3.912023005428146 3.912023005428146
constantly 1 3.912023005428146 3.912023005428146
contact 1 0.0 0.0
content 1 0.0 0.0
context 1 0.010050335853501506 0.010050335853501506
continuing 1 2.207274913189721 2.207274913189721
contribute 1 0.0 0.0
contribution 1 0.0 0.0
control 1 0.7765287894989963 0.7765287894989963
conventional 1 3.2188758248682006 3.2188758248682006
convince 1 4.605170185988092 4.605170185988092
cookie 1 0.0 0.0
cookiematch 1 0.0 0.0
cool 1 3.506557897319982 3.506557897319982
corrupted 1 3.912023005428146 3.912023005428146
counterlistitema 1 0.127833371509885 0.127833371509885
counterpart 1 2.995732273553991 2.995732273553991
coup 1 2.8134107167600364 2.8134107167600364
crea 1 4.605170185988092 4.605170185988092
creap 1 4.605170185988092 4.605170185988092
create 1 0.0 0.0
created 1 1.5606477482646683 1.5606477482646683
creating 1 2.0402208285265546 2.0402208285265546
creation 1 2.659260036932778 2.659260036932778
creative 1 0.0 0.0
creator 1 3.2188758248682006 3.2188758248682006
creature 1 2.659260036932778 2.659260036932778
crossover 1 3.506557897319982 3.506557897319982
csmaintcolorf 1 0.06187540371808745 0.06187540371808745
csmaintcolorfmedia 1 0.0408219945202552 0.0408219945202552
cswsicon 1 0.0408219945202552 0.0408219945202552
culture 1 1.6094379124341003 1.6094379124341003
curing 1 4.605170185988092 4.605170185988092
current 1 0.0 0.0
cybernary 1 4.605170185988092 4.605170185988092
dark 1 2.207274913189721 2.207274913189721
database 1 0.9675840262617057 0.9675840262617057
date 1 0.3147107448397002 0.3147107448397002
daughter 1 1.5141277326297755 1.5141277326297755
dc 1 3.912023005428146 3.912023005428146
dead 1 1.5606477482646683 1.5606477482646683
dealing 1 2.995732273553991 2.995732273553991
dean 1 2.659260036932778 2.659260036932778
deathblow 1 4.605170185988092 4.605170185988092
debut 1 1.8325814637483102 1.8325814637483102
december 1 0.37106368139083196 0.37106368139083196
decides 1 2.995732273553991 2.995732273553991
defeat 1 1.9661128563728327 1.9661128563728327
delay 1 3.506557897319982 3.506557897319982
description 1 0.07257069283483537 0.07257069283483537
design 1 1.8971199848858813 1.8971199848858813
destroyed 1 2.302585092994046 2.302585092994046
destruction 1 2.659260036932778 2.659260036932778
detat 1 3.912023005428146 3.912023005428146
detonating 1 4.605170185988092 4.605170185988092
developer 1 0.0 0.0
develops 1 3.912023005428146 3.912023005428146
device 1 2.8134107167600364 2.8134107167600364
different 1 0.3424903089467759 0.3424903089467759
dimensional 1 4.605170185988092 4.605170185988092
disappear 1 3.506557897319982 3.506557897319982
disappearance 1 3.2188758248682006 3.2188758248682006
disbanded 1 3.506557897319982 3.506557897319982
disclaimer 1 0.0 0.0
displeased 1 4.605170185988092 4.605170185988092
division 1 1.2729656758128876 1.2729656758128876
doctor 1 1.6607312068216509 1.6607312068216509
doesnt 1 2.995732273553991 2.995732273553991
donate 1 0.0 0.0
dont 1 1.9661128563728327 1.9661128563728327
doselle 1 4.605170185988092 4.605170185988092
download 1 0.0 0.0
dream 1 2.0402208285265546 2.0402208285265546
dtaftercontent 1 0.127833371509885 0.127833371509885
dub 1 4.605170185988092 4.605170185988092
due 1 0.9416085398584451 0.9416085398584451
durability 1 4.605170185988092 4.605170185988092
dusk 1 4.605170185988092 4.605170185988092
dvd 1 2.407945608651872 2.407945608651872
early 1 0.6348782724359695 0.6348782724359695
earth 1 2.407945608651872 2.407945608651872
eclipso 1 4.605170185988092 4.605170185988092
effect 1 2.0402208285265546 2.0402208285265546
electromagnetic 1 4.605170185988092 4.605170185988092
elite 1 3.506557897319982 3.506557897319982
elli 1 2.659260036932778 2.659260036932778
elsewhere 1 3.506557897319982 3.506557897319982
empire 1 1.9661128563728327 1.9661128563728327
enabling 1 3.506557897319982 3.506557897319982
enchantress 1 3.912023005428146 3.912023005428146
encyclopedia 1 0.0 0.0
end 1 0.7985076962177716 0.7985076962177716
ending 1 2.407945608651872 2.407945608651872
enemy 1 2.8134107167600364 2.8134107167600364
energy 1 1.6607312068216509 1.6607312068216509
engine 1 2.0402208285265546 2.0402208285265546
engineer 1 2.302585092994046 2.302585092994046
english 1 0.0 0.0
enjoy 1 4.605170185988092 4.605170185988092
enlist 1 3.912023005428146 3.912023005428146
enormous 1 3.506557897319982 3.506557897319982
entity 1 2.5257286443082556 2.5257286443082556
escape 1 2.5257286443082556 2.5257286443082556
essence 1 3.912023005428146 3.912023005428146
essential 1 2.5257286443082556 2.5257286443082556
even 1 1.1394342831883648 1.1394342831883648
event 1 0.0 0.0
eventually 1 1.9661128563728327 1.9661128563728327
everexpanding 1 4.605170185988092 4.605170185988092
everyone 1 2.8134107167600364 2.8134107167600364
evett 1 4.605170185988092 4.605170185988092
evil 1 2.5257286443082556 2.5257286443082556
exactly 1 3.912023005428146 3.912023005428146
exchange 1 1.9661128563728327 1.9661128563728327
exp 1 0.0 0.0
explosion 1 3.506557897319982 3.506557897319982
expressed 1 2.659260036932778 2.659260036932778
extended 1 2.207274913189721 2.207274913189721
external 1 0.44628710262841953 0.44628710262841953
extradimensional 1 4.605170185988092 4.605170185988092
failed 1 2.302585092994046 2.302585092994046
failure 1 2.659260036932778 2.659260036932778
fan 1 1.7147984280919266 1.7147984280919266
farmer 1 2.659260036932778 2.659260036932778
fbi 1 3.912023005428146 3.912023005428146
february 1 0.27443684570176036 0.27443684570176036
felt 1 2.302585092994046 2.302585092994046
fenris 1 3.912023005428146 3.912023005428146
fever 1 3.506557897319982 3.506557897319982
fighting 1 2.207274913189721 2.207274913189721
file 1 0.0 0.0
find 1 1.3093333199837622 1.3093333199837622
finding 1 1.9661128563728327 1.9661128563728327
fire 1 1.7147984280919266 1.7147984280919266
first 1 0.1508228897345837 0.1508228897345837
flight 1 3.2188758248682006 3.2188758248682006
focused 1 2.995732273553991 2.995732273553991
following 1 0.7133498878774648 0.7133498878774648
follows 1 2.302585092994046 2.302585092994046
format 1 2.5257286443082556 2.5257286443082556
former 1 0.9675840262617057 0.9675840262617057
formerly 1 1.8325814637483102 1.8325814637483102
forming 1 2.8134107167600364 2.8134107167600364
fortune 1 2.302585092994046 2.302585092994046
foundation 1 0.0 0.0
founding 1 2.302585092994046 2.302585092994046
frank 1 1.7147984280919266 1.7147984280919266
free 1 0.0 0.0
freed 1 3.2188758248682006 3.2188758248682006
frequent 1 3.506557897319982 3.506557897319982
frequented 1 4.605170185988092 4.605170185988092
game 1 1.2378743560016172 1.2378743560016172
garry 1 4.605170185988092 4.605170185988092
gather 1 4.605170185988092 4.605170185988092
gathering 1 2.8134107167600364 2.8134107167600364
general 1 0.0 0.0
generate 1 3.912023005428146 3.912023005428146
generator 1 2.5257286443082556 2.5257286443082556
genius 1 3.2188758248682006 3.2188758248682006
genre 1 2.207274913189721 2.207274913189721
get 1 0.0 0.0
gifted 1 4.605170185988092 4.605170185988092
give 1 1.5141277326297755 1.5141277326297755
glibly 1 4.605170185988092 4.605170185988092
god 1 2.207274913189721 2.207274913189721
goddess 1 4.605170185988092 4.605170185988092
grand 1 1.7719568419318754 1.7719568419318754
greets 1 4.605170185988092 4.605170185988092
grew 1 2.302585092994046 2.302585092994046
group 1 0.8209805520698303 0.8209805520698303
grown 1 2.995732273553991 2.995732273553991
guide 1 1.8971199848858813 1.8971199848858813
guilty 1 2.8134107167600364 2.8134107167600364
hank 1 2.659260036932778 2.659260036932778
happy 1 2.659260036932778 2.659260036932778
hawksmoor 1 4.605170185988092 4.605170185988092
he 1 2.995732273553991 2.995732273553991
head 1 1.1086626245216111 1.1086626245216111
headquarters 1 2.207274913189721 2.207274913189721
heaven 1 2.659260036932778 2.659260036932778
hellstrike 1 4.605170185988092 4.605170185988092
help 1 0.0 0.0
henry 1 1.5606477482646683 1.5606477482646683
hero 1 2.207274913189721 2.207274913189721
hidden 1 0.010050335853501506 0.010050335853501506
hide 1 0.0 0.0
higher 1 2.0402208285265546 2.0402208285265546
history 1 0.0 0.0
hit 1 2.407945608651872 2.407945608651872
hitch 1 3.912023005428146 3.912023005428146
hitler 1 3.2188758248682006 3.2188758248682006
hlist 1 0.127833371509885 0.127833371509885
hlistinline 1 0.127833371509885 0.127833371509885
home 1 0.7339691750802005 0.7339691750802005
hope 1 1.6607312068216509 1.6607312068216509
however 1 0.6931471805599453 0.6931471805599453
human 1 1.3862943611198906 1.3862943611198906
humanspider 1 4.605170185988092 4.605170185988092
hybrid 1 3.912023005428146 3.912023005428146
ibcomics 1 3.912023005428146 3.912023005428146
idlockfree 1 0.0408219945202552 0.0408219945202552
idlockfreeidlockfree 1 0.0408219945202552 0.0408219945202552
idlocklimited 1 0.0408219945202552 0.0408219945202552
idlockregistration 1 0.0408219945202552 0.0408219945202552
idlocksubscription 1 0.0408219945202552 0.0408219945202552
imaginary 1 3.506557897319982 3.506557897319982
implanted 1 4.605170185988092 4.605170185988092
imprint 1 4.605170185988092 4.605170185988092
imprinted 1 4.605170185988092 4.605170185988092
imprisoned 1 2.5257286443082556 2.5257286443082556
imprisonment 1 3.506557897319982 3.506557897319982
inc 1 0.0 0.0
increasingly 1 2.659260036932778 2.659260036932778
individual 1 1.5606477482646683 1.5606477482646683
infobox 1 0.3011050927839216 0.3011050927839216
infoboxlabelwidth 1 3.912023005428146 3.912023005428146
infoboxtable 1 0.3147107448397002 0.3147107448397002
inform 1 3.506557897319982 3.506557897319982
information 1 0.0 0.0
innocent 1 3.912023005428146 3.912023005428146
insane 1 4.605170185988092 4.605170185988092
inside 1 2.0402208285265546 2.0402208285265546
instruction 1 2.5257286443082556 2.5257286443082556
intelligence 1 2.407945608651872 2.407945608651872
intelligent 1 4.605170185988092 4.605170185988092
interacting 1 3.912023005428146 3.912023005428146
interest 1 1.6607312068216509 1.6607312068216509
invent 1 4.605170185988092 4.605170185988092
investigate 1 2.8134107167600364 2.8134107167600364
investigates 1 3.912023005428146 3.912023005428146
isbn 1 0.9942522733438669 0.9942522733438669
issue 1 1.1086626245216111 1.1086626245216111
item 1 0.010050335853501506 0.010050335853501506
jack 1 1.4696759700589417 1.4696759700589417
jackson 1 1.9661128563728327 1.9661128563728327
jenny 1 3.506557897319982 3.506557897319982
jettisoned 1 4.605170185988092 4.605170185988092
jim 1 1.4696759700589417 1.4696759700589417
job 1 2.302585092994046 2.302585092994046
john 1 0.49429632181478017 0.49429632181478017
join 1 1.6607312068216509 1.6607312068216509
joined 1 1.6607312068216509 1.6607312068216509
jon 1 2.5257286443082556 2.5257286443082556
july 1 0.43078291609245434 0.43078291609245434
jump 1 0.0 0.0
june 1 0.40047756659712536 0.40047756659712536
justice 1 1.9661128563728327 1.9661128563728327
kenzie 1 2.995732273553991 2.995732273553991
kheran 1 4.605170185988092 4.605170185988092
kill 1 1.7719568419318754 1.7719568419318754
killed 1 1.9661128563728327 1.9661128563728327
king 1 1.3093333199837622 1.3093333199837622
know 1 1.7147984280919266 1.7147984280919266
known 1 0.7985076962177716 0.7985076962177716
language 1 0.0 0.0
large 1 1.4696759700589417 1.4696759700589417
larger 1 2.407945608651872 2.407945608651872
last 1 0.0 0.0
later 1 0.5621189181535412 0.5621189181535412
leachi 1 4.605170185988092 4.605170185988092
lead 1 1.6607312068216509 1.6607312068216509
leader 1 1.3862943611198906 1.3862943611198906
learn 1 0.0 0.0
leaving 1 1.7147984280919266 1.7147984280919266
led 1 1.07880966137193 1.07880966137193
lee 1 1.6607312068216509 1.6607312068216509
left 1 1.171182981502945 1.171182981502945
let 1 1.8325814637483102 1.8325814637483102
letdown 1 3.912023005428146 3.912023005428146
liaftercontent 1 0.127833371509885 0.127833371509885
liaison 1 4.605170185988092 4.605170185988092
license 1 0.0 0.0
life 1 0.5447271754416719 0.5447271754416719
light 1 1.3862943611198906 1.3862943611198906
lightning 1 3.2188758248682006 3.2188758248682006
lightray 1 4.605170185988092 4.605170185988092
like 1 1.2039728043259361 1.2039728043259361
limarginbottom 1 0.9675840262617057 0.9675840262617057
line 1 1.4696759700589417 1.4696759700589417
link 1 0.0 0.0
list 1 0.6348782724359695 0.6348782724359695
little 1 1.4696759700589417 1.4696759700589417
living 1 1.07880966137193 1.07880966137193
locked 1 3.912023005428146 3.912023005428146
log 1 0.0 0.0
logged 1 0.0 0.0
long 1 1.1086626245216111 1.1086626245216111
looking 1 2.8134107167600364 2.8134107167600364
los 1 1.5141277326297755 1.5141277326297755
low 1 1.9661128563728327 1.9661128563728327
machinery 1 3.2188758248682006 3.2188758248682006
made 1 0.653926467406664 0.653926467406664
main 1 0.0 0.0
make 1 1.0498221244986776 1.0498221244986776
malcolm 1 2.659260036932778 2.659260036932778
man 1 1.0498221244986776 1.0498221244986776
manages 1 3.912023005428146 3.912023005428146
manchester 1 2.8134107167600364 2.8134107167600364
manipulate 1 4.605170185988092 4.605170185988092
many 1 0.7550225842780328 0.7550225842780328
married 1 1.5141277326297755 1.5141277326297755
mass 1 1.9661128563728327 1.9661128563728327
matt 1 1.8325814637483102 1.8325814637483102
may 1 0.0 0.0
member 1 0.6733445532637655 0.6733445532637655
men 1 1.2039728043259361 1.2039728043259361
menu 1 0.0 0.0
merciless 1 4.605170185988092 4.605170185988092
merged 1 2.995732273553991 2.995732273553991
messageboard 1 4.605170185988092 4.605170185988092
method 1 1.8971199848858813 1.8971199848858813
metropolitan 1 3.2188758248682006 3.2188758248682006
micah 1 4.605170185988092 4.605170185988092
midnighter 1 4.605170185988092 4.605170185988092
mind 1 2.302585092994046 2.302585092994046
minor 1 2.207274913189721 2.207274913189721
mobile 1 0.0 0.0
monarchy 1 3.912023005428146 3.912023005428146
monarchyvolno 1 4.605170185988092 4.605170185988092
mongul 1 4.605170185988092 4.605170185988092
month 1 0.8915981192837835 0.8915981192837835
monthly 1 2.8134107167600364 2.8134107167600364
morro 1 4.605170185988092 4.605170185988092
morros 1 4.605170185988092 4.605170185988092
move 1 0.0 0.0
movie 1 1.7719568419318754 1.7719568419318754
much 1 1.171182981502945 1.171182981502945
multiverse 1 4.605170185988092 4.605170185988092
mysterious 1 2.5257286443082556 2.5257286443082556
myth 1 2.995732273553991 2.995732273553991
mythological 1 3.912023005428146 3.912023005428146
named 1 1.2039728043259361 1.2039728043259361
nation 1 1.2729656758128876 1.2729656758128876
native 1 2.407945608651872 2.407945608651872
navbar 1 0.23572233352106994 0.23572233352106994
navbarfontsizemedia 1 0.3147107448397002 0.3147107448397002
navbarmini 1 0.23572233352106994 0.23572233352106994
navbox 1 0.1392620673335076 0.1392620673335076
navboximage 1 0.1392620673335076 0.1392620673335076
navboxsubgroup 1 0.1392620673335076 0.1392620673335076
navboxtitle 1 0.1392620673335076 0.1392620673335076
navigation 1 0.0 0.0
new 1 0.24846135929849972 0.24846135929849972
news 1 0.843970070294529 0.843970070294529
next 1 1.1086626245216111 1.1086626245216111
nicknamed 1 3.506557897319982 3.506557897319982
nonprofit 1 0.0 0.0
norse 1 4.605170185988092 4.605170185988092
notice 1 2.8134107167600364 2.8134107167600364
obeys 1 4.605170185988092 4.605170185988092
object 1 2.659260036932778 2.659260036932778
obtain 1 2.5257286443082556 2.5257286443082556
october 1 0.28768207245178085 0.28768207245178085
official 1 0.7550225842780328 0.7550225842780328
often 1 1.6607312068216509 1.6607312068216509
ohmen 1 4.605170185988092 4.605170185988092
old 1 1.07880966137193 1.07880966137193
ollibeforecontent 1 0.127833371509885 0.127833371509885
omac 1 4.605170185988092 4.605170185988092
one 1 0.23572233352106994 0.23572233352106994
onetime 1 4.605170185988092 4.605170185988092
ongoing 1 2.995732273553991 2.995732273553991
open 1 1.4696759700589417 1.4696759700589417
order 1 1.171182981502945 1.171182981502945
ordinary 1 3.2188758248682006 3.2188758248682006
organisation 1 2.302585092994046 2.302585092994046
organization 1 0.0 0.0
organizationname 1 0.010050335853501506 0.010050335853501506
ormstona 1 4.605170185988092 4.605170185988092
osiris 1 4.605170185988092 4.605170185988092
others 1 1.1394342831883648 1.1394342831883648
page 1 0.0 0.0
pagetype 1 1.2729656758128876 1.2729656758128876
paperback 1 3.2188758248682006 3.2188758248682006
part 1 0.6348782724359695 0.6348782724359695
party 1 1.2378743560016172 1.2378743560016172
pdfprintable 1 0.0 0.0
people 1 0.49429632181478017 0.49429632181478017
permanent 1 0.0 0.0
person 1 1.5606477482646683 1.5606477482646683
personal 1 0.0 0.0
physicality 1 4.605170185988092 4.605170185988092
picosecond 1 4.605170185988092 4.605170185988092
plainlist 1 0.7339691750802005 0.7339691750802005
plan 1 1.4696759700589417 1.4696759700589417
planet 1 2.659260036932778 2.659260036932778
planted 1 4.605170185988092 4.605170185988092
playing 1 2.120263536200091 2.120263536200091
pleece 1 4.605170185988092 4.605170185988092
pleecep 1 4.605170185988092 4.605170185988092
plot 1 2.5257286443082556 2.5257286443082556
plowright 1 4.605170185988092 4.605170185988092
policy 1 0.0 0.0
politician 1 1.8971199848858813 1.8971199848858813
pop 1 2.302585092994046 2.302585092994046
popular 1 1.4696759700589417 1.4696759700589417
populi 1 4.605170185988092 4.605170185988092
portal 1 0.0 0.0
porting 1 4.605170185988092 4.605170185988092
possessed 1 3.912023005428146 3.912023005428146
possesses 1 3.506557897319982 3.506557897319982
possessing 1 3.912023005428146 3.912023005428146
post 1 1.07880966137193 1.07880966137193
power 1 1.0216512475319812 1.0216512475319812
powerful 1 2.5257286443082556 2.5257286443082556
praised 1 2.5257286443082556 2.5257286443082556
preceded 1 2.302585092994046 2.302585092994046
previous 1 1.6607312068216509 1.6607312068216509
priest 1 2.207274913189721 2.207274913189721
printbodyns 1 0.09431067947124142 0.09431067947124142
printexport 1 0.0 0.0
privacy 1 0.0 0.0
private 1 1.8325814637483102 1.8325814637483102
professor 1 2.207274913189721 2.207274913189721
program 1 1.7719568419318754 1.7719568419318754
project 1 0.0 0.0
projection 1 3.506557897319982 3.506557897319982
publication 1 1.3862943611198906 1.3862943611198906
published 1 1.3862943611198906 1.3862943611198906
publisher 1 1.8325814637483102 1.8325814637483102
publishing 1 1.7719568419318754 1.7719568419318754
punishing 1 3.912023005428146 3.912023005428146
pure 1 2.5257286443082556 2.5257286443082556
put 1 1.8971199848858813 1.8971199848858813
qthe 1 4.605170185988092 4.605170185988092
questioning 1 3.506557897319982 3.506557897319982
quickly 1 2.407945608651872 2.407945608651872
ragnarok 1 4.605170185988092 4.605170185988092
rainbowcolored 1 4.605170185988092 4.605170185988092
ran 1 2.0402208285265546 2.0402208285265546
random 1 0.0 0.0
ranging 1 3.506557897319982 3.506557897319982
rare 1 2.8134107167600364 2.8134107167600364
read 1 0.0 0.0
reality 1 2.5257286443082556 2.5257286443082556
received 1 1.1394342831883648 1.1394342831883648
receives 1 2.8134107167600364 2.8134107167600364
recent 1 0.0 0.0
reception 1 1.8971199848858813 1.8971199848858813
recruit 1 3.2188758248682006 3.2188758248682006
red 1 1.07880966137193 1.07880966137193
reference 1 0.03045920748470844 0.03045920748470844
reflist 1 0.06187540371808745 0.06187540371808745
reflistcolumns 1 0.06187540371808745 0.06187540371808745
reg 1 0.0 0.0
registered 1 0.0 0.0
regroups 1 4.605170185988092 4.605170185988092
regular 1 1.5606477482646683 1.5606477482646683
rejuvenated 1 4.605170185988092 4.605170185988092
rejuvenates 1 4.605170185988092 4.605170185988092
related 1 0.0 0.0
release 1 1.3093333199837622 1.3093333199837622
remain 1 2.207274913189721 2.207274913189721
remember 1 2.8134107167600364 2.8134107167600364
removing 1 3.2188758248682006 3.2188758248682006
reorganization 1 4.605170185988092 4.605170185988092
replaced 1 1.8971199848858813 1.8971199848858813
repressed 1 4.605170185988092 4.605170185988092
reptilian 1 4.605170185988092 4.605170185988092
reread 1 4.605170185988092 4.605170185988092
reserve 1 2.207274913189721 2.207274913189721
resource 1 1.7147984280919266 1.7147984280919266
result 1 0.9942522733438669 0.9942522733438669
resulting 1 2.407945608651872 2.407945608651872
resurrect 1 3.912023005428146 3.912023005428146
resurrected 1 3.912023005428146 3.912023005428146
resurrects 1 3.912023005428146 3.912023005428146
retrieved 1 0.0 0.0
return 1 1.07880966137193 1.07880966137193
reveals 1 2.659260036932778 2.659260036932778
review 1 1.07880966137193 1.07880966137193
reviewing 1 3.912023005428146 3.912023005428146
rising 1 3.506557897319982 3.506557897319982
role 1 1.3470736479666094 1.3470736479666094
romantic 1 2.8134107167600364 2.8134107167600364
rose 1 1.8325814637483102 1.8325814637483102
sacrifice 1 3.506557897319982 3.506557897319982
safeguarding 1 4.605170185988092 4.605170185988092
saga 1 2.995732273553991 2.995732273553991
sale 1 1.8971199848858813 1.8971199848858813
sanatorium 1 4.605170185988092 4.605170185988092
saved 1 3.506557897319982 3.506557897319982
saving 1 2.407945608651872 2.407945608651872
schedule 1 2.302585092994046 2.302585092994046
scott 1 1.2729656758128876 1.2729656758128876
screen 1 0.010050335853501506 0.010050335853501506
search 1 0.0 0.0
secret 1 2.0402208285265546 2.0402208285265546
secretly 1 3.2188758248682006 3.2188758248682006
see 1 0.40047756659712536 0.40047756659712536
seem 1 3.506557897319982 3.506557897319982
seems 1 2.5257286443082556 2.5257286443082556
september 1 0.43078291609245434 0.43078291609245434
series 1 0.8675005677047231 0.8675005677047231
served 1 1.4696759700589417 1.4696759700589417
several 1 0.8209805520698303 0.8209805520698303
shape 1 3.2188758248682006 3.2188758248682006
share 1 0.0 0.0
short 1 0.06187540371808745 0.06187540371808745
shortdescription 1 0.2613647641344075 0.2613647641344075
shortened 1 0.0 0.0
shortly 1 2.207274913189721 2.207274913189721
sidebar 1 0.0 0.0
singularity 1 4.605170185988092 4.605170185988092
site 1 0.0 0.0
size 1 2.659260036932778 2.659260036932778
skill 1 2.8134107167600364 2.8134107167600364
sleeping 1 3.912023005428146 3.912023005428146
sling 1 3.912023005428146 3.912023005428146
smoke 1 3.912023005428146 3.912023005428146
snake 1 3.2188758248682006 3.2188758248682006
sole 1 2.659260036932778 2.659260036932778
solid 1 0.09431067947124142 0.09431067947124142
solo 1 3.912023005428146 3.912023005428146
something 1 2.302585092994046 2.302585092994046
song 1 1.3470736479666094 1.3470736479666094
soul 1 2.8134107167600364 2.8134107167600364
spark 1 2.995732273553991 2.995732273553991
special 1 0.0 0.0
spectrum 1 3.506557897319982 3.506557897319982
speed 1 2.302585092994046 2.302585092994046
spider 1 3.2188758248682006 3.2188758248682006
spinoff 1 3.506557897319982 3.506557897319982
spirit 1 1.7147984280919266 1.7147984280919266
staff 1 1.6607312068216509 1.6607312068216509
start 1 1.4271163556401458 1.4271163556401458
statement 1 0.0 0.0
statistic 1 0.0 0.0
staying 1 3.506557897319982 3.506557897319982
steel 1 2.207274913189721 2.207274913189721
stone 1 1.8971199848858813 1.8971199848858813
storm 1 2.302585092994046 2.302585092994046
stormwatch 1 4.605170185988092 4.605170185988092
stormwatchcomics 1 4.605170185988092 4.605170185988092
story 1 1.5606477482646683 1.5606477482646683
storyline 1 2.8134107167600364 2.8134107167600364
strafe 1 4.605170185988092 4.605170185988092
strength 1 2.407945608651872 2.407945608651872
subsection 1 0.3424903089467759 0.3424903089467759
successful 1 2.0402208285265546 2.0402208285265546
suddenly 1 3.2188758248682006 3.2188758248682006
suicide 1 2.995732273553991 2.995732273553991
sun 1 1.6607312068216509 1.6607312068216509
superhero 1 3.506557897319982 3.506557897319982
superheroes 1 3.912023005428146 3.912023005428146
superhuman 1 3.912023005428146 3.912023005428146
superhumans 1 3.912023005428146 3.912023005428146
superluminal 1 4.605170185988092 4.605170185988092
superman 1 3.912023005428146 3.912023005428146
superpower 1 3.912023005428146 3.912023005428146
supporting 1 2.407945608651872 2.407945608651872
survivor 1 2.8134107167600364 2.8134107167600364
swallow 1 3.2188758248682006 3.2188758248682006
swift 1 2.8134107167600364 2.8134107167600364
sword 1 2.302585092994046 2.302585092994046
synergy 1 4.605170185988092 4.605170185988092
table 1 0.0 0.0
take 1 0.9675840262617057 0.9675840262617057
talk 1 0.0 0.0
task 1 2.5257286443082556 2.5257286443082556
tasked 1 3.506557897319982 3.506557897319982
tdhlist 1 0.1392620673335076 0.1392620673335076
team 1 1.0498221244986776 1.0498221244986776
teammate 1 3.506557897319982 3.506557897319982
telekinetic 1 4.605170185988092 4.605170185988092
telepath 1 4.605170185988092 4.605170185988092
telepathically 1 4.605170185988092 4.605170185988092
telepathy 1 4.605170185988092 4.605170185988092
teleport 1 4.605170185988092 4.605170185988092
template 1 0.0 0.0
term 1 0.0 0.0
text 1 0.0 0.0
thanks 1 2.8134107167600364 2.8134107167600364
thbodyskinresponsive 1 0.3147107448397002 0.3147107448397002
thought 1 1.8971199848858813 1.8971199848858813
threat 1 2.407945608651872 2.407945608651872
threatened 1 2.8134107167600364 2.8134107167600364
threw 1 3.506557897319982 3.506557897319982
throne 1 2.995732273553991 2.995732273553991
thrown 1 2.8134107167600364 2.8134107167600364
title 1 0.9162907318741551 0.9162907318741551
together 1 1.5141277326297755 1.5141277326297755
toggle 1 0.010050335853501506 0.010050335853501506
took 1 1.171182981502945 1.171182981502945
tool 1 0.0 0.0
top 1 0.010050335853501506 0.010050335853501506
topic 1 0.0 0.0
tortured 1 4.605170185988092 4.605170185988092
total 1 0.0 0.0
towards 1 2.120263536200091 2.120263536200091
trade 1 1.7147984280919266 1.7147984280919266
traded 1 3.506557897319982 3.506557897319982
trademark 1 0.0 0.0
travel 1 1.9661128563728327 1.9661128563728327
trelane 1 4.605170185988092 4.605170185988092
trickster 1 4.605170185988092 4.605170185988092
troop 1 2.5257286443082556 2.5257286443082556
try 1 2.5257286443082556 2.5257286443082556
tune 1 2.8134107167600364 2.8134107167600364
turn 1 2.0402208285265546 2.0402208285265546
tying 1 3.912023005428146 3.912023005428146
ulpaddingem 1 0.1392620673335076 0.1392620673335076
union 1 1.07880966137193 1.07880966137193
unique 1 2.207274913189721 2.207274913189721
united 1 0.4155154439616658 0.4155154439616658
universe 1 2.8134107167600364 2.8134107167600364
unpredictable 1 4.605170185988092 4.605170185988092
unrevealed 1 4.605170185988092 4.605170185988092
upload 1 0.0 0.0
us 1 1.6094379124341003 1.6094379124341003
use 1 0.0 0.0
using 1 0.0 0.0
utc 1 0.0 0.0
valuable 1 3.2188758248682006 3.2188758248682006
var 1 0.0 0.0
various 1 1.5141277326297755 1.5141277326297755
vast 1 3.2188758248682006 3.2188758248682006
version 1 0.0 0.0
veteran 1 2.5257286443082556 2.5257286443082556
vial 1 4.605170185988092 4.605170185988092
view 1 0.0 0.0
vigilante 1 3.506557897319982 3.506557897319982
vision 1 2.120263536200091 2.120263536200091
visit 1 2.0402208285265546 2.0402208285265546
vital 1 2.995732273553991 2.995732273553991
vochs 1 4.605170185988092 4.605170185988092
voice 1 2.120263536200091 2.120263536200091
vox 1 3.912023005428146 3.912023005428146
vte 1 0.7550225842780328 0.7550225842780328
warping 1 4.605170185988092 4.605170185988092
warren 1 3.506557897319982 3.506557897319982
warworld 1 4.605170185988092 4.605170185988092
way 1 1.1086626245216111 1.1086626245216111
weapon 1 2.8134107167600364 2.8134107167600364
weaponry 1 3.912023005428146 3.912023005428146
weatherman 1 4.605170185988092 4.605170185988092
weaver 1 3.912023005428146 3.912023005428146
well 1 0.7765287894989963 0.7765287894989963
whatever 1 3.912023005428146 3.912023005428146
whose 1 1.7147984280919266 1.7147984280919266
wikidata 1 0.010050335853501506 0.010050335853501506
wikimedia 1 0.0 0.0
wikipedia 1 0.0 0.0
wild 1 2.302585092994046 2.302585092994046
wildstorm 1 4.605170185988092 4.605170185988092
willpower 1 4.605170185988092 4.605170185988092
wolf 1 2.207274913189721 2.207274913189721
woman 1 1.171182981502945 1.171182981502945
work 1 0.7133498878774648 0.7133498878774648
world 1 0.5108256237659907 0.5108256237659907
wright 1 2.302585092994046 2.302585092994046
written 1 0.9416085398584451 0.9416085398584451
year 1 0.3424903089467759 0.3424903089467759
young 1 1.2378743560016172 1.2378743560016172
younger 1 2.120263536200091 2.120263536200091
youngest 1 2.8134107167600364 2.8134107167600364
youngw 1 4.605170185988092 4.605170185988092
