abandoning 1 4.605170185988092 4.605170185988092
abc 1 2.5257286443082556 2.5257286443082556
ability 1 2.302585092994046 2.302585092994046
abramal 1 4.605170185988092 4.605170185988092
absolute 1 2.5257286443082556 2.5257286443082556
accompanied 1 2.8134107167600364 2.8134107167600364
account 1 0.0 0.0
achieved 1 2.5257286443082556 2.5257286443082556
across 1 1.8325814637483102 1.8325814637483102
act 1 1.3470736479666094 1.3470736479666094
action 1 0.0 0.0
actor 1 2.207274913189721 2.207274913189721
add 1 0.0 0.0
added 1 1.8325814637483102 1.8325814637483102
additional 1 0.0 0.0
additionally 1 2.8134107167600364 2.8134107167600364
address 1 2.8134107167600364 2.8134107167600364
adventure 1 2.407945608651872 2.407945608651872
aftermath 1 2.659260036932778 2.659260036932778
age 1 0.7985076962177716 0.7985076962177716
aged 1 2.120263536200091 2.120263536200091
aggregate 1 2.995732273553991 2.995732273553991
aggressor 1 4.605170185988092 4.605170185988092
agree 1 0.0 0.0
aidan 1 3.2188758248682006 3.2188758248682006
air 1 1.8971199848858813 1.8971199848858813
airdate 1 4.605170185988092 4.605170185988092
aired 1 2.8134107167600364 2.8134107167600364
akhaten 1 4.605170185988092 4.605170185988092
alasdair 1 4.605170185988092 4.605170185988092
albero 1 4.605170185988092 4.605170185988092
alien 1 2.8134107167600364 2.8134107167600364
alike 1 0.0 0.0
allout 1 4.605170185988092 4.605170185988092
allowed 1 1.7719568419318754 1.7719568419318754
almost 1 1.7147984280919266 1.7147984280919266
alone 1 2.5257286443082556 2.5257286443082556
alongside 1 1.9661128563728327 1.9661128563728327
also 1 0.127833371509885 0.127833371509885
alternately 1 3.912023005428146 3.912023005428146
although 1 1.4696759700589417 1.4696759700589417
amazoncouk 1 4.605170185988092 4.605170185988092
america 1 0.8675005677047231 0.8675005677047231
among 1 1.2378743560016172 1.2378743560016172
amp 1 0.4620354595965586 0.4620354595965586
amy 1 2.659260036932778 2.659260036932778
amys 1 4.605170185988092 4.605170185988092
anderson 1 2.302585092994046 2.302585092994046
androzani 1 4.605170185988092 4.605170185988092
angel 1 2.407945608651872 2.407945608651872
angeles 1 1.6607312068216509 1.6607312068216509
anniversary 1 2.659260036932778 2.659260036932778
announce 1 2.659260036932778 2.659260036932778
announced 1 1.2039728043259361 1.2039728043259361
announcement 1 2.302585092994046 2.302585092994046
another 1 0.9675840262617057 0.9675840262617057
answered 1 4.605170185988092 4.605170185988092
apocalypse 1 4.605170185988092 4.605170185988092
appear 1 2.407945608651872 2.407945608651872
appearance 1 0.0 0.0
appeared 1 1.8971199848858813 1.8971199848858813
appears 1 2.120263536200091 2.120263536200091
apply 1 0.0 0.0
appreciate 1 4.605170185988092 4.605170185988092
appreciation 1 3.912023005428146 3.912023005428146
apprentice 1 3.912023005428146 3.912023005428146
approval 1 3.506557897319982 3.506557897319982
arc 1 2.995732273553991 2.995732273553991
arcane 1 3.912023005428146 3.912023005428146
archived 1 0.47803580094299974 0.47803580094299974
area 1 1.2729656758128876 1.2729656758128876
army 1 1.6094379124341003 1.6094379124341003
around 1 1.0216512475319812 1.0216512475319812
arriving 1 3.506557897319982 3.506557897319982
art 1 1.2039728043259361 1.2039728043259361
article 1 0.0 0.0
artist 1 1.7147984280919266 1.7147984280919266
ascension 1 3.912023005428146 3.912023005428146
asking 1 3.2188758248682006 3.2188758248682006
asks 1 2.659260036932778 2.659260036932778
aspect 1 2.302585092994046 2.302585092994046
assassin 1 3.912023005428146 3.912023005428146
astronaut 1 3.506557897319982 3.506557897319982
asylum 1 3.2188758248682006 3.2188758248682006
athe 1 4.605170185988092 4.605170185988092
atmos 1 3.912023005428146 3.912023005428146
attack 1 1.7147984280919266 1.7147984280919266
attribution 1 0.0 0.0
audience 1 2.659260036932778 2.659260036932778
audio 1 2.207274913189721 2.207274913189721
august 1 0.3424903089467759 0.3424903089467759
australia 1 1.4696759700589417 1.4696759700589417
australian 1 1.9661128563728327 1.9661128563728327
auto 1 0.1392620673335076 0.1392620673335076
available 1 0.0 0.0
average 1 2.0402208285265546 2.0402208285265546
awarded 1 2.207274913189721 2.207274913189721
away 1 1.5606477482646683 1.5606477482646683
awfully 1 4.605170185988092 4.605170185988092
awkward 1 3.912023005428146 3.912023005428146
back 1 1.0216512475319812 1.0216512475319812
bad 1 2.0402208285265546 2.0402208285265546
baggage 1 4.605170185988092 4.605170185988092
bane 1 4.605170185988092 4.605170185988092
bang 1 3.2188758248682006 3.2188758248682006
barnable 1 4.605170185988092 4.605170185988092
barnaby 1 4.605170185988092 4.605170185988092
based 1 1.07880966137193 1.07880966137193
batman 1 3.506557897319982 3.506557897319982
bbc 1 2.5257286443082556 2.5257286443082556
bbcdoctorwho 1 4.605170185988092 4.605170185988092
bbcs 1 3.912023005428146 3.912023005428146
bbcshopcom 1 4.605170185988092 4.605170185988092
beast 1 2.995732273553991 2.995732273553991
beating 1 3.506557897319982 3.506557897319982
beautiful 1 2.120263536200091 2.120263536200091
beauty 1 2.207274913189721 2.207274913189721
beforehand 1 4.605170185988092 4.605170185988092
began 1 0.8675005677047231 0.8675005677047231
begging 1 4.605170185988092 4.605170185988092
begin 1 1.7147984280919266 1.7147984280919266
beginning 1 1.6607312068216509 1.6607312068216509
behind 1 1.8971199848858813 1.8971199848858813
behindthescenes 1 3.912023005428146 3.912023005428146
believe 1 2.302585092994046 2.302585092994046
bell 1 2.0402208285265546 2.0402208285265546
belongs 1 3.912023005428146 3.912023005428146
benjamin 1 2.0402208285265546 2.0402208285265546
bent 1 3.506557897319982 3.506557897319982
best 1 1.0216512475319812 1.0216512475319812
bestfriend 1 4.605170185988092 4.605170185988092
better 1 1.8971199848858813 1.8971199848858813
big 1 1.3862943611198906 1.3862943611198906
bit 1 2.995732273553991 2.995732273553991
black 1 0.8915981192837835 0.8915981192837835
blink 1 3.912023005428146 3.912023005428146
blood 1 2.302585092994046 2.302585092994046
bloodbath 1 4.605170185988092 4.605170185988092
bluray 1 4.605170185988092 4.605170185988092
body 1 1.4271163556401458 1.4271163556401458
bone 1 2.995732273553991 2.995732273553991
book 1 0.6348782724359695 0.6348782724359695
boom 1 3.2188758248682006 3.2188758248682006
bow 1 3.506557897319982 3.506557897319982
bowing 1 4.605170185988092 4.605170185988092
boxing 1 3.506557897319982 3.506557897319982
boxset 1 4.605170185988092 4.605170185988092
brady 1 2.8134107167600364 2.8134107167600364
brainwiping 1 4.605170185988092 4.605170185988092
break 1 2.407945608651872 2.407945608651872
breaking 1 2.659260036932778 2.659260036932778
breath 1 4.605170185988092 4.605170185988092
breathless 1 4.605170185988092 4.605170185988092
brian 1 1.6607312068216509 1.6607312068216509
bride 1 2.8134107167600364 2.8134107167600364
brief 1 2.407945608651872 2.407945608651872
briggs 1 3.912023005428146 3.912023005428146
brighton 1 3.506557897319982 3.506557897319982
brings 1 3.2188758248682006 3.2188758248682006
british 1 1.5606477482646683 1.5606477482646683
broadcast 1 2.8134107167600364 2.8134107167600364
broadcasting 1 2.659260036932778 2.659260036932778
broke 1 2.8134107167600364 2.8134107167600364
broken 1 2.207274913189721 2.207274913189721
brotherhood 1 2.8134107167600364 2.8134107167600364
brought 1 1.5606477482646683 1.5606477482646683
buller 1 4.605170185988092 4.605170185988092
bumped 1 4.605170185988092 4.605170185988092
burn 1 2.302585092994046 2.302585092994046
buzz 1 3.912023005428146 3.912023005428146
cage 1 3.912023005428146 3.912023005428146
calendar 1 2.5257286443082556 2.5257286443082556
callback 1 4.605170185988092 4.605170185988092
called 1 0.8209805520698303 0.8209805520698303
calling 1 2.407945608651872 2.407945608651872
cameo 1 3.506557897319982 3.506557897319982
canada 1 1.4696759700589417 1.4696759700589417
cant 1 2.8134107167600364 2.8134107167600364
capaldi 1 4.605170185988092 4.605170185988092
capaldis 1 4.605170185988092 4.605170185988092
captain 1 2.120263536200091 2.120263536200091
cardiff 1 4.605170185988092 4.605170185988092
care 1 2.120263536200091 2.120263536200091
caretaker 1 4.605170185988092 4.605170185988092
carissa 1 4.605170185988092 4.605170185988092
carnival 1 3.506557897319982 3.506557897319982
carol 1 3.2188758248682006 3.2188758248682006
case 1 1.3862943611198906 1.3862943611198906
cast 1 1.8971199848858813 1.8971199848858813
casting 1 2.8134107167600364 2.8134107167600364
castrovalva 1 4.605170185988092 4.605170185988092
catal 1 3.2188758248682006 3.2188758248682006
category 1 0.0 0.0
cave 1 2.8134107167600364 2.8134107167600364
celebrating 1 3.2188758248682006 3.2188758248682006
cell 1 2.995732273553991 2.995732273553991
centerpx 1 0.0408219945202552 0.0408219945202552
central 1 1.07880966137193 1.07880966137193
centre 1 2.0402208285265546 2.0402208285265546
century 1 1.3470736479666094 1.3470736479666094
certain 1 2.302585092994046 2.302585092994046
change 1 0.0 0.0
changing 1 2.659260036932778 2.659260036932778
channel 1 2.302585092994046 2.302585092994046
chapter 1 1.9661128563728327 1.9661128563728327
character 1 1.7147984280919266 1.7147984280919266
characterised 1 4.605170185988092 4.605170185988092
charlton 1 4.605170185988092 4.605170185988092
chase 1 2.995732273553991 2.995732273553991
check 1 2.302585092994046 2.302585092994046
chelsea 1 3.2188758248682006 3.2188758248682006
child 1 1.07880966137193 1.07880966137193
childlike 1 4.605170185988092 4.605170185988092
choice 1 2.659260036932778 2.659260036932778
christmas 1 2.302585092994046 2.302585092994046
christmassy 1 4.605170185988092 4.605170185988092
chronology 1 2.407945608651872 2.407945608651872
church 1 1.6607312068216509 1.6607312068216509
citation 1 0.0408219945202552 0.0408219945202552
cite 1 0.0 0.0
citeweb 1 0.5447271754416719 0.5447271754416719
city 1 0.6348782724359695 0.6348782724359695
clara 1 3.912023005428146 3.912023005428146
clip 1 2.659260036932778 2.659260036932778
clock 1 2.8134107167600364 2.8134107167600364
close 1 1.9661128563728327 1.9661128563728327
closing 1 2.995732273553991 2.995732273553991
club 1 1.4271163556401458 1.4271163556401458
code 1 0.0 0.0
cold 1 2.207274913189721 2.207274913189721
coleman 1 2.995732273553991 2.995732273553991
colemans 1 4.605170185988092 4.605170185988092
collection 1 1.8971199848858813 1.8971199848858813
collector 1 2.8134107167600364 2.8134107167600364
colonel 1 2.995732273553991 2.995732273553991
come 1 1.3470736479666094 1.3470736479666094
comic 1 2.407945608651872 2.407945608651872
coming 1 1.7719568419318754 1.7719568419318754
commander 1 2.120263536200091 2.120263536200091
commence 1 3.912023005428146 3.912023005428146
common 1 0.0 0.0
companion 1 2.407945608651872 2.407945608651872
company 1 1.2729656758128876 1.2729656758128876
compared 1 2.120263536200091 2.120263536200091
compelled 1 3.2188758248682006 3.2188758248682006
complete 1 1.8325814637483102 1.8325814637483102
complex 1 2.302585092994046 2.302585092994046
complexity 1 3.912023005428146 3.912023005428146
complicated 1 2.659260036932778 2.659260036932778
composed 1 1.8971199848858813 1.8971199848858813
concluded 1 3.2188758248682006 3.2188758248682006
conclusion 1 2.8134107167600364 2.8134107167600364
conduct 1 0.0 0.0
confirmed 1 2.207274913189721 2.207274913189721
confirming 1 4.605170185988092 4.605170185988092
confused 1 2.8134107167600364 2.8134107167600364
confusion 1 2.995732273553991 2.995732273553991
connection 1 2.120263536200091 2.120263536200091
consensus 1 3.912023005428146 3.912023005428146
consolidated 1 3.912023005428146 3.912023005428146
construct 1 2.8134107167600364 2.8134107167600364
contact 1 0.0 0.0
content 1 0.0 0.0
context 1 0.010050335853501506 0.010050335853501506
continually 1 4.605170185988092 4.605170185988092
contribute 1 0.0 0.0
contribution 1 0.0 0.0
convincing 1 3.506557897319982 3.506557897319982
convincingbut 1 4.605170185988092 4.605170185988092
convincingthough 1 4.605170185988092 4.605170185988092
cook 1 2.8134107167600364 2.8134107167600364
cookie 1 0.0 0.0
cookiematch 1 0.0 0.0
cooper 1 2.120263536200091 2.120263536200091
coronation 1 3.2188758248682006 3.2188758248682006
corporation 1 1.8971199848858813 1.8971199848858813
cost 1 2.0402208285265546 2.0402208285265546
costume 1 4.605170185988092 4.605170185988092
could 1 1.2378743560016172 1.2378743560016172
counterlistitema 1 0.127833371509885 0.127833371509885
course 1 2.0402208285265546 2.0402208285265546
cover 1 1.6094379124341003 1.6094379124341003
crack 1 3.506557897319982 3.506557897319982
cracking 1 4.605170185988092 4.605170185988092
crash 1 2.5257286443082556 2.5257286443082556
crashing 1 3.912023005428146 3.912023005428146
create 1 0.0 0.0
creating 1 2.0402208285265546 2.0402208285265546
creative 1 0.0 0.0
creature 1 2.659260036932778 2.659260036932778
creepy 1 4.605170185988092 4.605170185988092
crimson 1 3.912023005428146 3.912023005428146
critic 1 1.9661128563728327 1.9661128563728327
critical 1 2.207274913189721 2.207274913189721
criticised 1 2.659260036932778 2.659260036932778
criticising 1 4.605170185988092 4.605170185988092
crowdpleasing 1 4.605170185988092 4.605170185988092
csmaintcolorf 1 0.06187540371808745 0.06187540371808745
csmaintcolorfmedia 1 0.0408219945202552 0.0408219945202552
cswsicon 1 0.0408219945202552 0.0408219945202552
current 1 0.0 0.0
curse 1 3.2188758248682006 3.2188758248682006
cut 1 1.9661128563728327 1.9661128563728327
cyberman 1 4.605170185988092 4.605170185988092
cybermen 1 4.605170185988092 4.605170185988092
cyberwoman 1 4.605170185988092 4.605170185988092
cycle 1 2.5257286443082556 2.5257286443082556
dad 1 2.995732273553991 2.995732273553991
dalek 1 4.605170185988092 4.605170185988092
daleks 1 4.605170185988092 4.605170185988092
daly 1 3.2188758248682006 3.2188758248682006
damned 1 4.605170185988092 4.605170185988092
dan 1 1.7719568419318754 1.7719568419318754
dance 1 2.407945608651872 2.407945608651872
dark 1 2.207274913189721 2.207274913189721
darrelle 1 4.605170185988092 4.605170185988092
date 1 0.3147107448397002 0.3147107448397002
david 1 0.9942522733438669 0.9942522733438669
davros 1 4.605170185988092 4.605170185988092
day 1 0.5276327420823719 0.5276327420823719
daz 1 3.506557897319982 3.506557897319982
dead 1 1.5606477482646683 1.5606477482646683
deadly 1 2.8134107167600364 2.8134107167600364
deal 1 1.8325814637483102 1.8325814637483102
dealing 1 2.995732273553991 2.995732273553991
dealt 1 3.506557897319982 3.506557897319982
death 1 1.171182981502945 1.171182981502945
debnath 1 4.605170185988092 4.605170185988092
debut 1 1.8325814637483102 1.8325814637483102
december 1 0.37106368139083196 0.37106368139083196
deduces 1 4.605170185988092 4.605170185988092
deebnath 1 4.605170185988092 4.605170185988092
deen 1 3.912023005428146 3.912023005428146
deep 1 2.407945608651872 2.407945608651872
defending 1 3.506557897319982 3.506557897319982
den 1 3.506557897319982 3.506557897319982
departing 1 3.912023005428146 3.912023005428146
departure 1 2.995732273553991 2.995732273553991
dependably 1 4.605170185988092 4.605170185988092
description 1 0.07257069283483537 0.07257069283483537
despite 1 1.1394342831883648 1.1394342831883648
destination 1 3.2188758248682006 3.2188758248682006
destiny 1 2.995732273553991 2.995732273553991
destroy 1 3.2188758248682006 3.2188758248682006
destroyed 1 2.302585092994046 2.302585092994046
developed 1 1.7147984280919266 1.7147984280919266
developer 1 0.0 0.0
die 1 2.407945608651872 2.407945608651872
died 1 1.3093333199837622 1.3093333199837622
different 1 0.3424903089467759 0.3424903089467759
digital 1 1.9661128563728327 1.9661128563728327
dignity 1 3.2188758248682006 3.2188758248682006
dilemma 1 4.605170185988092 4.605170185988092
dimension 1 3.2188758248682006 3.2188758248682006
dinosaur 1 3.912023005428146 3.912023005428146
diodati 1 4.605170185988092 4.605170185988092
directed 1 2.120263536200091 2.120263536200091
direction 1 2.8134107167600364 2.8134107167600364
director 1 1.4271163556401458 1.4271163556401458
disappointed 1 4.605170185988092 4.605170185988092
disc 1 2.407945608651872 2.407945608651872
disclaimer 1 0.0 0.0
discogs 1 4.605170185988092 4.605170185988092
discover 1 3.2188758248682006 3.2188758248682006
dmy 1 1.4271163556401458 1.4271163556401458
doctor 1 1.6607312068216509 1.6607312068216509
documentary 1 2.302585092994046 2.302585092994046
doesnt 1 2.995732273553991 2.995732273553991
donate 1 0.0 0.0
done 1 2.302585092994046 2.302585092994046
donned 1 4.605170185988092 4.605170185988092
doomsday 1 3.912023005428146 3.912023005428146
double 1 2.407945608651872 2.407945608651872
download 1 0.0 0.0
drawing 1 2.659260036932778 2.659260036932778
dreamwish 1 4.605170185988092 4.605170185988092
dressed 1 3.912023005428146 3.912023005428146
dryeyed 1 4.605170185988092 4.605170185988092
dtaftercontent 1 0.127833371509885 0.127833371509885
dvd 1 2.407945608651872 2.407945608651872
dwindling 1 4.605170185988092 4.605170185988092
dying 1 3.912023005428146 3.912023005428146
earth 1 2.407945608651872 2.407945608651872
earthshock 1 4.605170185988092 4.605170185988092
easily 1 2.995732273553991 2.995732273553991
eater 1 3.912023005428146 3.912023005428146
echo 1 3.506557897319982 3.506557897319982
edward 1 1.5606477482646683 1.5606477482646683
effective 1 2.995732273553991 2.995732273553991
effort 1 1.5141277326297755 1.5141277326297755
eight 1 1.8971199848858813 1.8971199848858813
eighth 1 2.8134107167600364 2.8134107167600364
element 1 1.9661128563728327 1.9661128563728327
eleventh 1 3.506557897319982 3.506557897319982
elizabeth 1 1.9661128563728327 1.9661128563728327
ellen 1 3.2188758248682006 3.2188758248682006
embodied 1 4.605170185988092 4.605170185988092
embodies 1 4.605170185988092 4.605170185988092
emerge 1 3.912023005428146 3.912023005428146
emma 1 2.8134107167600364 2.8134107167600364
emotional 1 3.506557897319982 3.506557897319982
empathetic 1 4.605170185988092 4.605170185988092
empire 1 1.9661128563728327 1.9661128563728327
empress 1 3.2188758248682006 3.2188758248682006
empty 1 2.407945608651872 2.407945608651872
encyclopedia 1 0.0 0.0
end 1 0.7985076962177716 0.7985076962177716
ending 1 2.407945608651872 2.407945608651872
enemy 1 2.8134107167600364 2.8134107167600364
energy 1 1.6607312068216509 1.6607312068216509
engine 1 2.0402208285265546 2.0402208285265546
english 1 0.0 0.0
enough 1 2.207274913189721 2.207274913189721
entire 1 2.0402208285265546 2.0402208285265546
entirely 1 2.407945608651872 2.407945608651872
entrance 1 3.912023005428146 3.912023005428146
entry 1 1.5606477482646683 1.5606477482646683
episode 1 1.6094379124341003 1.6094379124341003
era 1 2.120263536200091 2.120263536200091
escape 1 2.5257286443082556 2.5257286443082556
espaol 1 1.1394342831883648 1.1394342831883648
especially 1 2.207274913189721 2.207274913189721
essential 1 2.5257286443082556 2.5257286443082556
established 1 1.1086626245216111 1.1086626245216111
estate 1 2.120263536200091 2.120263536200091
eternity 1 3.2188758248682006 3.2188758248682006
evacuation 1 3.912023005428146 3.912023005428146
eve 1 2.659260036932778 2.659260036932778
even 1 1.1394342831883648 1.1394342831883648
evening 1 2.659260036932778 2.659260036932778
event 1 0.0 0.0
eventually 1 1.9661128563728327 1.9661128563728327
ever 1 1.7147984280919266 1.7147984280919266
every 1 1.4271163556401458 1.4271163556401458
evil 1 2.5257286443082556 2.5257286443082556
evolution 1 2.5257286443082556 2.5257286443082556
excellent 1 4.605170185988092 4.605170185988092
excess 1 3.912023005428146 3.912023005428146
exciting 1 3.506557897319982 3.506557897319982
executive 1 1.8325814637483102 1.8325814637483102
exemplary 1 3.912023005428146 3.912023005428146
exercise 1 2.995732273553991 2.995732273553991
exit 1 2.995732273553991 2.995732273553991
exited 1 4.605170185988092 4.605170185988092
exp 1 0.0 0.0
expected 1 2.659260036932778 2.659260036932778
experience 1 1.8325814637483102 1.8325814637483102
experiment 1 2.5257286443082556 2.5257286443082556
explore 1 3.506557897319982 3.506557897319982
express 1 1.9661128563728327 1.9661128563728327
extended 1 2.207274913189721 2.207274913189721
external 1 0.44628710262841953 0.44628710262841953
extra 1 2.8134107167600364 2.8134107167600364
extraterrestrially 1 4.605170185988092 4.605170185988092
extremis 1 4.605170185988092 4.605170185988092
eye 1 1.6607312068216509 1.6607312068216509
ezydvdcom 1 4.605170185988092 4.605170185988092
face 1 1.9661128563728327 1.9661128563728327
fact 1 1.5141277326297755 1.5141277326297755
faction 1 2.995732273553991 2.995732273553991
factor 1 2.5257286443082556 2.5257286443082556
factored 1 3.912023005428146 3.912023005428146
fake 1 3.2188758248682006 3.2188758248682006
fall 1 1.07880966137193 1.07880966137193
fallen 1 2.659260036932778 2.659260036932778
familiar 1 2.995732273553991 2.995732273553991
fan 1 1.7147984280919266 1.7147984280919266
fanatic 1 4.605170185988092 4.605170185988092
fandom 1 4.605170185988092 4.605170185988092
far 1 1.6607312068216509 1.6607312068216509
farewell 1 2.8134107167600364 2.8134107167600364
fatal 1 3.2188758248682006 3.2188758248682006
fear 1 2.659260036932778 2.659260036932778
feast 1 3.2188758248682006 3.2188758248682006
feature 1 1.4696759700589417 1.4696759700589417
featured 1 2.120263536200091 2.120263536200091
featuring 1 2.659260036932778 2.659260036932778
february 1 0.27443684570176036 0.27443684570176036
feeling 1 2.5257286443082556 2.5257286443082556
fell 1 2.5257286443082556 2.5257286443082556
felt 1 2.302585092994046 2.302585092994046
fiction 1 2.5257286443082556 2.5257286443082556
field 1 1.0498221244986776 1.0498221244986776
fifteenth 1 4.605170185988092 4.605170185988092
fifth 1 2.120263536200091 2.120263536200091
figure 1 1.3470736479666094 1.3470736479666094
file 1 0.0 0.0
film 1 1.4696759700589417 1.4696759700589417
filmed 1 2.659260036932778 2.659260036932778
filming 1 2.8134107167600364 2.8134107167600364
final 1 0.9942522733438669 0.9942522733438669
finale 1 2.8134107167600364 2.8134107167600364
finally 1 1.8971199848858813 1.8971199848858813
find 1 1.3093333199837622 1.3093333199837622
finest 1 3.506557897319982 3.506557897319982
finish 1 2.407945608651872 2.407945608651872
finished 1 2.0402208285265546 2.0402208285265546
fire 1 1.7147984280919266 1.7147984280919266
fireplace 1 4.605170185988092 4.605170185988092
first 1 0.1508228897345837 0.1508228897345837
five 1 1.0216512475319812 1.0216512475319812
fiveish 1 4.605170185988092 4.605170185988092
fix 1 2.5257286443082556 2.5257286443082556
flat 1 2.995732273553991 2.995732273553991
flatline 1 4.605170185988092 4.605170185988092
fleeting 1 4.605170185988092 4.605170185988092
flesh 1 2.995732273553991 2.995732273553991
flirty 1 4.605170185988092 4.605170185988092
flood 1 3.506557897319982 3.506557897319982
flow 1 2.659260036932778 2.659260036932778
flux 1 4.605170185988092 4.605170185988092
fly 1 2.659260036932778 2.659260036932778
followed 1 1.3093333199837622 1.3093333199837622
following 1 0.7133498878774648 0.7133498878774648
footage 1 2.8134107167600364 2.8134107167600364
footnote 1 2.5257286443082556 2.5257286443082556
force 1 1.2378743560016172 1.2378743560016172
forest 1 2.302585092994046 2.302585092994046
forgotten 1 3.506557897319982 3.506557897319982
forward 1 2.207274913189721 2.207274913189721
found 1 1.2039728043259361 1.2039728043259361
foundation 1 0.0 0.0
four 1 0.7985076962177716 0.7985076962177716
fourth 1 1.4696759700589417 1.4696759700589417
franais 1 0.8675005677047231 0.8675005677047231
free 1 0.0 0.0
friend 1 1.3470736479666094 1.3470736479666094
frontier 1 3.2188758248682006 3.2188758248682006
froufrou 1 4.605170185988092 4.605170185988092
full 1 1.1086626245216111 1.1086626245216111
funny 1 4.605170185988092 4.605170185988092
gain 1 2.207274913189721 2.207274913189721
galaxy 1 2.995732273553991 2.995732273553991
game 1 1.2378743560016172 1.2378743560016172
gang 1 2.5257286443082556 2.5257286443082556
gaunt 1 4.605170185988092 4.605170185988092
gave 1 1.5606477482646683 1.5606477482646683
geek 1 3.912023005428146 3.912023005428146
general 1 0.0 0.0
generation 1 1.9661128563728327 1.9661128563728327
genesis 1 4.605170185988092 4.605170185988092
genocide 1 3.506557897319982 3.506557897319982
get 1 0.0 0.0
ghost 1 2.302585092994046 2.302585092994046
gibbon 1 2.8134107167600364 2.8134107167600364
giddy 1 4.605170185988092 4.605170185988092
giggle 1 4.605170185988092 4.605170185988092
gillan 1 4.605170185988092 4.605170185988092
gillans 1 4.605170185988092 4.605170185988092
girl 1 1.7719568419318754 1.7719568419318754
give 1 1.5141277326297755 1.5141277326297755
glamour 1 4.605170185988092 4.605170185988092
glimpse 1 4.605170185988092 4.605170185988092
go 1 2.120263536200091 2.120263536200091
god 1 2.207274913189721 2.207274913189721
gold 1 1.6094379124341003 1.6094379124341003
good 1 1.3093333199837622 1.3093333199837622
goodbye 1 3.2188758248682006 3.2188758248682006
goodnight 1 4.605170185988092 4.605170185988092
gordian 1 4.605170185988092 4.605170185988092
got 1 2.302585092994046 2.302585092994046
grace 1 2.407945608651872 2.407945608651872
graceful 1 4.605170185988092 4.605170185988092
gran 1 2.8134107167600364 2.8134107167600364
granting 1 4.605170185988092 4.605170185988092
great 1 0.9675840262617057 0.9675840262617057
greater 1 2.302585092994046 2.302585092994046
grumpy 1 4.605170185988092 4.605170185988092
guardian 1 2.302585092994046 2.302585092994046
guessed 1 3.912023005428146 3.912023005428146
gunpowder 1 4.605170185988092 4.605170185988092
hair 1 2.5257286443082556 2.5257286443082556
hairstyle 1 4.605170185988092 4.605170185988092
halloween 1 3.912023005428146 3.912023005428146
handle 1 3.2188758248682006 3.2188758248682006
harkness 1 3.912023005428146 3.912023005428146
hatnote 1 0.843970070294529 0.843970070294529
haunting 1 3.2188758248682006 3.2188758248682006
he 1 2.995732273553991 2.995732273553991
head 1 1.1086626245216111 1.1086626245216111
heart 1 1.4696759700589417 1.4696759700589417
heartbroken 1 4.605170185988092 4.605170185988092
heartfelt 1 4.605170185988092 4.605170185988092
heaven 1 2.659260036932778 2.659260036932778
heist 1 3.912023005428146 3.912023005428146
hell 1 2.659260036932778 2.659260036932778
help 1 0.0 0.0
henry 1 1.5606477482646683 1.5606477482646683
hero 1 2.207274913189721 2.207274913189721
hidden 1 0.010050335853501506 0.010050335853501506
hide 1 0.0 0.0
highest 1 1.7719568419318754 1.7719568419318754
highlight 1 2.407945608651872 2.407945608651872
history 1 0.0 0.0
hitler 1 3.2188758248682006 3.2188758248682006
hlist 1 0.127833371509885 0.127833371509885
hlistinline 1 0.127833371509885 0.127833371509885
hole 1 3.912023005428146 3.912023005428146
hollington 1 4.605170185988092 4.605170185988092
home 1 0.7339691750802005 0.7339691750802005
homepage 1 3.912023005428146 3.912023005428146
honestly 1 4.605170185988092 4.605170185988092
hoping 1 3.912023005428146 3.912023005428146
horror 1 2.659260036932778 2.659260036932778
hour 1 1.7719568419318754 1.7719568419318754
human 1 1.3862943611198906 1.3862943611198906
hundred 1 2.302585092994046 2.302585092994046
hungry 1 3.506557897319982 3.506557897319982
hunter 1 2.0402208285265546 2.0402208285265546
hurt 1 2.5257286443082556 2.5257286443082556
husband 1 1.9661128563728327 1.9661128563728327
ice 1 2.659260036932778 2.659260036932778
iceberg 1 4.605170185988092 4.605170185988092
identity 1 2.207274913189721 2.207274913189721
idlockfree 1 0.0408219945202552 0.0408219945202552
idlockfreeidlockfree 1 0.0408219945202552 0.0408219945202552
idlocklimited 1 0.0408219945202552 0.0408219945202552
idlockregistration 1 0.0408219945202552 0.0408219945202552
idlocksubscription 1 0.0408219945202552 0.0408219945202552
ign 1 3.506557897319982 3.506557897319982
ignthe 1 4.605170185988092 4.605170185988092
image 1 2.120263536200091 2.120263536200091
imdb 1 2.302585092994046 2.302585092994046
imgsrc 1 1.3862943611198906 1.3862943611198906
impossible 1 2.995732273553991 2.995732273553991
inc 1 0.0 0.0
incarnation 1 3.912023005428146 3.912023005428146
include 1 1.3093333199837622 1.3093333199837622
includes 1 1.9661128563728327 1.9661128563728327
including 1 0.7133498878774648 0.7133498878774648
inclusion 1 3.2188758248682006 3.2188758248682006
inclusive 1 4.605170185988092 4.605170185988092
incorporated 1 2.120263536200091 2.120263536200091
increasingly 1 2.659260036932778 2.659260036932778
independent 1 1.4271163556401458 1.4271163556401458
index 1 1.9661128563728327 1.9661128563728327
infinity 1 3.912023005428146 3.912023005428146
infobox 1 0.3011050927839216 0.3011050927839216
infoboxtable 1 0.3147107448397002 0.3147107448397002
information 1 0.0 0.0
initial 1 2.120263536200091 2.120263536200091
innocence 1 3.912023005428146 3.912023005428146
inquisitive 1 4.605170185988092 4.605170185988092
intended 1 2.120263536200091 2.120263536200091
intense 1 3.506557897319982 3.506557897319982
interfere 1 3.506557897319982 3.506557897319982
intergalactic 1 4.605170185988092 4.605170185988092
interspecies 1 4.605170185988092 4.605170185988092
intervening 1 4.605170185988092 4.605170185988092
interview 1 1.8325814637483102 1.8325814637483102
introduced 1 1.5606477482646683 1.5606477482646683
introductory 1 3.2188758248682006 3.2188758248682006
invasion 1 2.407945608651872 2.407945608651872
inversion 1 4.605170185988092 4.605170185988092
isnt 1 4.605170185988092 4.605170185988092
italiano 1 1.07880966137193 1.07880966137193
item 1 0.010050335853501506 0.010050335853501506
itv 1 3.912023005428146 3.912023005428146
jack 1 1.4696759700589417 1.4696759700589417
jackiecitation 1 4.605170185988092 4.605170185988092
james 1 1.0498221244986776 1.0498221244986776
jamie 1 2.5257286443082556 2.5257286443082556
jane 1 2.5257286443082556 2.5257286443082556
january 1 0.3424903089467759 0.3424903089467759
jarvis 1 3.912023005428146 3.912023005428146
jeffery 1 3.506557897319982 3.506557897319982
jeffrey 1 2.995732273553991 2.995732273553991
jenna 1 3.506557897319982 3.506557897319982
john 1 0.49429632181478017 0.49429632181478017
jon 1 2.5257286443082556 2.5257286443082556
jones 1 1.5141277326297755 1.5141277326297755
journey 1 2.995732273553991 2.995732273553991
joy 1 2.659260036932778 2.659260036932778
jubilee 1 3.912023005428146 3.912023005428146
juggernaut 1 3.912023005428146 3.912023005428146
july 1 0.43078291609245434 0.43078291609245434
jump 1 0.0 0.0
june 1 0.40047756659712536 0.40047756659712536
karen 1 2.8134107167600364 2.8134107167600364
kayvan 1 4.605170185988092 4.605170185988092
keep 1 1.7719568419318754 1.7719568419318754
ken 1 2.407945608651872 2.407945608651872
key 1 1.6094379124341003 1.6094379124341003
kidney 1 3.2188758248682006 3.2188758248682006
kill 1 1.7719568419318754 1.7719568419318754
kingdom 1 1.5141277326297755 1.5141277326297755
kiss 1 3.2188758248682006 3.2188758248682006
knock 1 3.2188758248682006 3.2188758248682006
know 1 1.7147984280919266 1.7147984280919266
knowledge 1 2.302585092994046 2.302585092994046
known 1 0.7985076962177716 0.7985076962177716
knox 1 3.2188758248682006 3.2188758248682006
kyle 1 2.120263536200091 2.120263536200091
lady 1 2.302585092994046 2.302585092994046
lake 1 1.8325814637483102 1.8325814637483102
land 1 1.5141277326297755 1.5141277326297755
language 1 0.0 0.0
largest 1 2.407945608651872 2.407945608651872
last 1 0.0 0.0
later 1 0.5621189181535412 0.5621189181535412
lauded 1 4.605170185988092 4.605170185988092
lauding 1 4.605170185988092 4.605170185988092
lead 1 1.6607312068216509 1.6607312068216509
learn 1 0.0 0.0
leave 1 2.407945608651872 2.407945608651872
leaving 1 1.7147984280919266 1.7147984280919266
left 1 1.171182981502945 1.171182981502945
legacy 1 2.0402208285265546 2.0402208285265546
legend 1 1.8325814637483102 1.8325814637483102
lego 1 3.912023005428146 3.912023005428146
lem 1 4.605170185988092 4.605170185988092
lens 1 3.2188758248682006 3.2188758248682006
let 1 1.8325814637483102 1.8325814637483102
letting 1 3.506557897319982 3.506557897319982
li 1 3.912023005428146 3.912023005428146
liaftercontent 1 0.127833371509885 0.127833371509885
library 1 1.6094379124341003 1.6094379124341003
license 1 0.0 0.0
lie 1 2.302585092994046 2.302585092994046
life 1 0.5447271754416719 0.5447271754416719
light 1 1.3862943611198906 1.3862943611198906
like 1 1.2039728043259361 1.2039728043259361
likely 1 2.5257286443082556 2.5257286443082556
limarginbottom 1 0.9675840262617057 0.9675840262617057
limit 1 2.8134107167600364 2.8134107167600364
linda 1 3.2188758248682006 3.2188758248682006
line 1 1.4696759700589417 1.4696759700589417
link 1 0.0 0.0
list 1 0.6348782724359695 0.6348782724359695
listen 1 2.995732273553991 2.995732273553991
little 1 1.4696759700589417 1.4696759700589417
live 1 1.2378743560016172 1.2378743560016172
lived 1 2.207274913189721 2.207274913189721
living 1 1.07880966137193 1.07880966137193
lizardlike 1 4.605170185988092 4.605170185988092
lloyd 1 2.8134107167600364 2.8134107167600364
location 1 1.171182981502945 1.171182981502945
lodger 1 4.605170185988092 4.605170185988092
log 1 0.0 0.0
logged 1 0.0 0.0
logopolis 1 4.605170185988092 4.605170185988092
longrunning 1 3.506557897319982 3.506557897319982
look 1 2.0402208285265546 2.0402208285265546
looked 1 3.2188758248682006 3.2188758248682006
loose 1 3.2188758248682006 3.2188758248682006
lord 1 2.0402208285265546 2.0402208285265546
lore 1 2.659260036932778 2.659260036932778
los 1 1.5141277326297755 1.5141277326297755
lost 1 1.171182981502945 1.171182981502945
lot 1 2.659260036932778 2.659260036932778
loved 1 3.2188758248682006 3.2188758248682006
lydstep 1 4.605170185988092 4.605170185988092
machine 1 1.4696759700589417 1.4696759700589417
made 1 0.653926467406664 0.653926467406664
madison 1 2.659260036932778 2.659260036932778
magazine 1 1.8971199848858813 1.8971199848858813
magician 1 3.912023005428146 3.912023005428146
main 1 0.0 0.0
mainframe 1 4.605170185988092 4.605170185988092
mainly 1 2.995732273553991 2.995732273553991
major 1 1.1086626245216111 1.1086626245216111
makeup 1 3.2188758248682006 3.2188758248682006
malone 1 2.995732273553991 2.995732273553991
man 1 1.0498221244986776 1.0498221244986776
managed 1 2.995732273553991 2.995732273553991
manhattan 1 3.506557897319982 3.506557897319982
many 1 0.7550225842780328 0.7550225842780328
mar 1 2.0402208285265546 2.0402208285265546
march 1 0.3147107448397002 0.3147107448397002
marcus 1 3.2188758248682006 3.2188758248682006
mark 1 1.1394342831883648 1.1394342831883648
marketing 1 2.8134107167600364 2.8134107167600364
marta 1 3.912023005428146 3.912023005428146
martin 1 1.3470736479666094 1.3470736479666094
master 1 1.3093333199837622 1.3093333199837622
material 1 1.3093333199837622 1.3093333199837622
matt 1 1.8325814637483102 1.8325814637483102
mawdryn 1 4.605170185988092 4.605170185988092
may 1 0.0 0.0
maze 1 4.605170185988092 4.605170185988092
medium 1 0.49429632181478017 0.49429632181478017
melancholic 1 4.605170185988092 4.605170185988092
melody 1 2.659260036932778 2.659260036932778
meme 1 4.605170185988092 4.605170185988092
memory 1 2.207274913189721 2.207274913189721
menu 1 0.0 0.0
mercy 1 2.5257286443082556 2.5257286443082556
merry 1 3.912023005428146 3.912023005428146
message 1 1.5606477482646683 1.5606477482646683
metro 1 2.995732273553991 2.995732273553991
might 1 2.995732273553991 2.995732273553991
million 1 1.6094379124341003 1.6094379124341003
mimic 1 3.2188758248682006 3.2188758248682006
minchin 1 4.605170185988092 4.605170185988092
mind 1 2.302585092994046 2.302585092994046
mindgame 1 4.605170185988092 4.605170185988092
mini 1 3.2188758248682006 3.2188758248682006
minor 1 2.207274913189721 2.207274913189721
minute 1 1.6607312068216509 1.6607312068216509
mirror 1 2.995732273553991 2.995732273553991
missing 1 1.8971199848858813 1.8971199848858813
mission 1 2.302585092994046 2.302585092994046
mobile 1 0.0 0.0
modulates 1 4.605170185988092 4.605170185988092
moffat 1 3.506557897319982 3.506557897319982
moment 1 2.302585092994046 2.302585092994046
monologue 1 4.605170185988092 4.605170185988092
monster 1 2.8134107167600364 2.8134107167600364
month 1 0.8915981192837835 0.8915981192837835
monthly 1 2.8134107167600364 2.8134107167600364
moon 1 2.407945608651872 2.407945608651872
moonbase 1 4.605170185988092 4.605170185988092
morgan 1 2.207274913189721 2.207274913189721
mostwatched 1 4.605170185988092 4.605170185988092
mother 1 1.5141277326297755 1.5141277326297755
motion 1 2.8134107167600364 2.8134107167600364
move 1 0.0 0.0
movie 1 1.7719568419318754 1.7719568419318754
mulkern 1 4.605170185988092 4.605170185988092
mullan 1 3.2188758248682006 3.2188758248682006
multi 1 3.912023005428146 3.912023005428146
multiimageinner 1 3.912023005428146 3.912023005428146
mummy 1 3.506557897319982 3.506557897319982
murray 1 2.302585092994046 2.302585092994046
museum 1 2.302585092994046 2.302585092994046
music 1 1.3862943611198906 1.3862943611198906
mustve 1 4.605170185988092 4.605170185988092
mutant 1 3.912023005428146 3.912023005428146
mutation 1 4.605170185988092 4.605170185988092
mysterio 1 3.912023005428146 3.912023005428146
mystery 1 2.407945608651872 2.407945608651872
mythology 1 2.8134107167600364 2.8134107167600364
name 1 0.5276327420823719 0.5276327420823719
navbar 1 0.23572233352106994 0.23572233352106994
navbarfontsizemedia 1 0.3147107448397002 0.3147107448397002
navbarmini 1 0.23572233352106994 0.23572233352106994
navbox 1 0.1392620673335076 0.1392620673335076
navboxes 1 3.912023005428146 3.912023005428146
navboximage 1 0.1392620673335076 0.1392620673335076
navboxsubgroup 1 0.1392620673335076 0.1392620673335076
navboxtitle 1 0.1392620673335076 0.1392620673335076
navigation 1 0.0 0.0
need 1 1.2039728043259361 1.2039728043259361
needed 1 1.3862943611198906 1.3862943611198906
neela 1 4.605170185988092 4.605170185988092
nemesis 1 4.605170185988092 4.605170185988092
nerdist 1 4.605170185988092 4.605170185988092
new 1 0.24846135929849972 0.24846135929849972
news 1 0.843970070294529 0.843970070294529
newspaper 1 1.5141277326297755 1.5141277326297755
next 1 1.1086626245216111 1.1086626245216111
nicely 1 4.605170185988092 4.605170185988092
nicholas 1 2.302585092994046 2.302585092994046
night 1 1.7719568419318754 1.7719568419318754
nightmare 1 3.2188758248682006 3.2188758248682006
ninth 1 2.659260036932778 2.659260036932778
nonprofit 1 0.0 0.0
noticed 1 4.605170185988092 4.605170185988092
noting 1 3.2188758248682006 3.2188758248682006
novak 1 4.605170185988092 4.605170185988092
novelisation 1 4.605170185988092 4.605170185988092
november 1 0.3011050927839216 0.3011050927839216
nuclear 1 3.2188758248682006 3.2188758248682006
numerous 1 1.9661128563728327 1.9661128563728327
obtained 1 2.8134107167600364 2.8134107167600364
october 1 0.28768207245178085 0.28768207245178085
offer 1 2.302585092994046 2.302585092994046
offered 1 2.659260036932778 2.659260036932778
official 1 0.7550225842780328 0.7550225842780328
old 1 1.07880966137193 1.07880966137193
oldage 1 4.605170185988092 4.605170185988092
older 1 2.302585092994046 2.302585092994046
ollibeforecontent 1 0.127833371509885 0.127833371509885
one 1 0.23572233352106994 0.23572233352106994
online 1 1.4696759700589417 1.4696759700589417
onto 1 3.506557897319982 3.506557897319982
open 1 1.4696759700589417 1.4696759700589417
opera 1 2.407945608651872 2.407945608651872
opportunity 1 2.5257286443082556 2.5257286443082556
orbit 1 3.506557897319982 3.506557897319982
ordeal 1 4.605170185988092 4.605170185988092
organization 1 0.0 0.0
organizationname 1 0.010050335853501506 0.010050335853501506
orient 1 3.2188758248682006 3.2188758248682006
original 1 0.4155154439616658 0.4155154439616658
originates 1 4.605170185988092 4.605170185988092
orla 1 4.605170185988092 4.605170185988092
oswald 1 3.2188758248682006 3.2188758248682006
others 1 1.1394342831883648 1.1394342831883648
overnight 1 3.912023005428146 3.912023005428146
overwhelmingly 1 4.605170185988092 4.605170185988092
owing 1 3.506557897319982 3.506557897319982
oxygen 1 3.506557897319982 3.506557897319982
pace 1 2.5257286443082556 2.5257286443082556
pacing 1 4.605170185988092 4.605170185988092
page 1 0.0 0.0
pall 1 3.506557897319982 3.506557897319982
pandorica 1 4.605170185988092 4.605170185988092
papal 1 2.995732273553991 2.995732273553991
paradox 1 3.506557897319982 3.506557897319982
parker 1 2.659260036932778 2.659260036932778
part 1 0.6348782724359695 0.6348782724359695
particularly 1 2.120263536200091 2.120263536200091
parting 1 3.912023005428146 3.912023005428146
pas 1 2.5257286443082556 2.5257286443082556
paternoster 1 4.605170185988092 4.605170185988092
patrick 1 1.8971199848858813 1.8971199848858813
paul 1 0.8675005677047231 0.8675005677047231
pavlica 1 4.605170185988092 4.605170185988092
payne 1 2.995732273553991 2.995732273553991
pdfprintable 1 0.0 0.0
peak 1 2.8134107167600364 2.8134107167600364
peake 1 4.605170185988092 4.605170185988092
peepshow 1 4.605170185988092 4.605170185988092
pegg 1 4.605170185988092 4.605170185988092
people 1 0.49429632181478017 0.49429632181478017
percentage 1 2.8134107167600364 2.8134107167600364
perfect 1 2.207274913189721 2.207274913189721
perfectly 1 3.2188758248682006 3.2188758248682006
performance 1 1.7719568419318754 1.7719568419318754
performed 1 2.120263536200091 2.120263536200091
perhaps 1 3.2188758248682006 3.2188758248682006
perky 1 4.605170185988092 4.605170185988092
permanent 1 0.0 0.0
personal 1 0.0 0.0
peter 1 1.3093333199837622 1.3093333199837622
phase 1 2.302585092994046 2.302585092994046
pic 1 4.605170185988092 4.605170185988092
piece 1 2.5257286443082556 2.5257286443082556
pilot 1 2.659260036932778 2.659260036932778
place 1 0.653926467406664 0.653926467406664
plague 1 3.912023005428146 3.912023005428146
plainlist 1 0.7339691750802005 0.7339691750802005
plan 1 1.4696759700589417 1.4696759700589417
planet 1 2.659260036932778 2.659260036932778
played 1 1.3862943611198906 1.3862943611198906
player 1 1.6094379124341003 1.6094379124341003
playfulness 1 4.605170185988092 4.605170185988092
playing 1 2.120263536200091 2.120263536200091
plot 1 2.5257286443082556 2.5257286443082556
plotknot 1 4.605170185988092 4.605170185988092
plunkett 1 4.605170185988092 4.605170185988092
plus 1 2.8134107167600364 2.8134107167600364
pocket 1 3.506557897319982 3.506557897319982
poetry 1 3.2188758248682006 3.2188758248682006
pointless 1 3.912023005428146 3.912023005428146
poison 1 3.506557897319982 3.506557897319982
policy 1 0.0 0.0
pompeii 1 4.605170185988092 4.605170185988092
pond 1 3.912023005428146 3.912023005428146
popular 1 1.4696759700589417 1.4696759700589417
portal 1 0.0 0.0
portugus 1 1.171182981502945 1.171182981502945
positive 1 2.659260036932778 2.659260036932778
poster 1 2.407945608651872 2.407945608651872
postregeneration 1 4.605170185988092 4.605170185988092
powell 1 2.8134107167600364 2.8134107167600364
power 1 1.0216512475319812 1.0216512475319812
praised 1 2.5257286443082556 2.5257286443082556
praising 1 3.506557897319982 3.506557897319982
preceded 1 2.302585092994046 2.302585092994046
prepared 1 2.8134107167600364 2.8134107167600364
present 1 0.9675840262617057 0.9675840262617057
pretty 1 3.506557897319982 3.506557897319982
preview 1 2.995732273553991 2.995732273553991
previous 1 1.6607312068216509 1.6607312068216509
previously 1 1.8971199848858813 1.8971199848858813
prime 1 2.0402208285265546 2.0402208285265546
printbodyns 1 0.09431067947124142 0.09431067947124142
printexport 1 0.0 0.0
prior 1 1.8325814637483102 1.8325814637483102
prisoner 1 2.407945608651872 2.407945608651872
privacy 1 0.0 0.0
probably 1 3.2188758248682006 3.2188758248682006
produced 1 1.7719568419318754 1.7719568419318754
producer 1 2.0402208285265546 2.0402208285265546
production 1 1.6607312068216509 1.6607312068216509
professional 1 1.6607312068216509 1.6607312068216509
programme 1 2.5257286443082556 2.5257286443082556
project 1 0.0 0.0
prom 1 3.912023005428146 3.912023005428146
promotional 1 3.912023005428146 3.912023005428146
pronounce 1 4.605170185988092 4.605170185988092
prosthetics 1 3.912023005428146 3.912023005428146
protection 1 2.407945608651872 2.407945608651872
put 1 1.8971199848858813 1.8971199848858813
puzzlewood 1 4.605170185988092 4.605170185988092
pyramid 1 3.506557897319982 3.506557897319982
quotation 1 2.995732273553991 2.995732273553991
radio 1 1.4696759700589417 1.4696759700589417
raggedy 1 4.605170185988092 4.605170185988092
random 1 0.0 0.0
rani 1 3.912023005428146 3.912023005428146
rapid 1 2.8134107167600364 2.8134107167600364
rather 1 2.120263536200091 2.120263536200091
rating 1 2.0402208285265546 2.0402208285265546
raven 1 3.2188758248682006 3.2188758248682006
read 1 0.0 0.0
readthrough 1 4.605170185988092 4.605170185988092
real 1 1.4271163556401458 1.4271163556401458
reality 1 2.5257286443082556 2.5257286443082556
really 1 2.5257286443082556 2.5257286443082556
reappears 1 3.912023005428146 3.912023005428146
rebel 1 2.8134107167600364 2.8134107167600364
reboot 1 4.605170185988092 4.605170185988092
rebooting 1 4.605170185988092 4.605170185988092
recap 1 3.506557897319982 3.506557897319982
received 1 1.1394342831883648 1.1394342831883648
receiving 1 1.8971199848858813 1.8971199848858813
recent 1 0.0 0.0
reception 1 1.8971199848858813 1.8971199848858813
record 1 0.7765287894989963 0.7765287894989963
reference 1 0.03045920748470844 0.03045920748470844
reflist 1 0.06187540371808745 0.06187540371808745
reflistcolumns 1 0.06187540371808745 0.06187540371808745
reg 1 0.0 0.0
regenerating 1 4.605170185988092 4.605170185988092
regeneration 1 4.605170185988092 4.605170185988092
registered 1 0.0 0.0
regular 1 1.5606477482646683 1.5606477482646683
reid 1 2.659260036932778 2.659260036932778
related 1 0.0 0.0
release 1 1.3093333199837622 1.3093333199837622
released 1 1.2729656758128876 1.2729656758128876
remain 1 2.207274913189721 2.207274913189721
remaining 1 2.302585092994046 2.302585092994046
remembrance 1 3.506557897319982 3.506557897319982
remix 1 3.2188758248682006 3.2188758248682006
remnant 1 3.506557897319982 3.506557897319982
removing 1 3.2188758248682006 3.2188758248682006
renaissance 1 2.995732273553991 2.995732273553991
renamed 1 2.5257286443082556 2.5257286443082556
renewed 1 2.8134107167600364 2.8134107167600364
repeat 1 2.995732273553991 2.995732273553991
repetitive 1 4.605170185988092 4.605170185988092
reported 1 1.8325814637483102 1.8325814637483102
request 1 2.0402208285265546 2.0402208285265546
required 1 2.407945608651872 2.407945608651872
requires 1 3.2188758248682006 3.2188758248682006
rereleased 1 3.912023005428146 3.912023005428146
rescuing 1 4.605170185988092 4.605170185988092
resolution 1 2.407945608651872 2.407945608651872
resonance 1 4.605170185988092 4.605170185988092
resourceful 1 4.605170185988092 4.605170185988092
resurrection 1 2.659260036932778 2.659260036932778
retrieved 1 0.0 0.0
return 1 1.07880966137193 1.07880966137193
returned 1 1.4271163556401458 1.4271163556401458
reveal 1 3.912023005428146 3.912023005428146
revealed 1 2.302585092994046 2.302585092994046
revealing 1 4.605170185988092 4.605170185988092
reveals 1 2.659260036932778 2.659260036932778
revelation 1 3.912023005428146 3.912023005428146
revenge 1 2.659260036932778 2.659260036932778
review 1 1.07880966137193 1.07880966137193
revived 1 3.506557897319982 3.506557897319982
revolution 1 1.9661128563728327 1.9661128563728327
rider 1 2.8134107167600364 2.8134107167600364
right 1 0.9675840262617057 0.9675840262617057
ring 1 1.8971199848858813 1.8971199848858813
rise 1 1.8325814637483102 1.8325814637483102
risk 1 2.5257286443082556 2.5257286443082556
ritchie 1 3.506557897319982 3.506557897319982
river 1 1.4271163556401458 1.4271163556401458
road 1 1.3862943611198906 1.3862943611198906
rob 1 2.8134107167600364 2.8134107167600364
robbing 1 4.605170185988092 4.605170185988092
robert 1 0.8675005677047231 0.8675005677047231
robot 1 3.912023005428146 3.912023005428146
role 1 1.3470736479666094 1.3470736479666094
rose 1 1.8325814637483102 1.8325814637483102
ross 1 2.0402208285265546 2.0402208285265546
rotten 1 3.912023005428146 3.912023005428146
row 1 2.302585092994046 2.302585092994046
rowan 1 3.506557897319982 3.506557897319982
ruby 1 3.2188758248682006 3.2188758248682006
run 1 1.171182981502945 1.171182981502945
runaway 1 3.506557897319982 3.506557897319982
running 1 1.6607312068216509 1.6607312068216509
rushed 1 3.2188758248682006 3.2188758248682006
rutan 1 4.605170185988092 4.605170185988092
sadness 1 3.912023005428146 3.912023005428146
safe 1 2.995732273553991 2.995732273553991
said 1 1.5606477482646683 1.5606477482646683
saint 1 1.6607312068216509 1.6607312068216509
sarah 1 2.302585092994046 2.302585092994046
satnav 1 4.605170185988092 4.605170185988092
save 1 1.8971199848858813 1.8971199848858813
say 1 1.7719568419318754 1.7719568419318754
saying 1 1.8325814637483102 1.8325814637483102
scattered 1 4.605170185988092 4.605170185988092
scene 1 2.0402208285265546 2.0402208285265546
scheduled 1 2.407945608651872 2.407945608651872
science 1 1.171182981502945 1.171182981502945
scifi 1 4.605170185988092 4.605170185988092
score 1 1.6607312068216509 1.6607312068216509
screen 1 0.010050335853501506 0.010050335853501506
screened 1 4.605170185988092 4.605170185988092
screenrantcom 1 4.605170185988092 4.605170185988092
script 1 2.5257286443082556 2.5257286443082556
search 1 0.0 0.0
season 1 1.1394342831883648 1.1394342831883648
second 1 0.49429632181478017 0.49429632181478017
secures 1 3.506557897319982 3.506557897319982
see 1 0.40047756659712536 0.40047756659712536
seeing 1 3.2188758248682006 3.2188758248682006
seems 1 2.5257286443082556 2.5257286443082556
seen 1 1.8971199848858813 1.8971199848858813
selected 1 2.207274913189721 2.207274913189721
send 1 2.995732273553991 2.995732273553991
sense 1 2.995732273553991 2.995732273553991
sent 1 1.8971199848858813 1.8971199848858813
september 1 0.43078291609245434 0.43078291609245434
sequence 1 2.302585092994046 2.302585092994046
serial 1 2.5257286443082556 2.5257286443082556
series 1 0.8675005677047231 0.8675005677047231
set 1 0.9942522733438669 0.9942522733438669
settlement 1 2.407945608651872 2.407945608651872
seventh 1 2.5257286443082556 2.5257286443082556
several 1 0.8209805520698303 0.8209805520698303
shada 1 4.605170185988092 4.605170185988092
shakedown 1 4.605170185988092 4.605170185988092
share 1 0.0 0.0
shaving 1 3.912023005428146 3.912023005428146
sheila 1 3.2188758248682006 3.2188758248682006
sherlock 1 4.605170185988092 4.605170185988092
sherwood 1 3.506557897319982 3.506557897319982
shes 1 3.2188758248682006 3.2188758248682006
ship 1 2.0402208285265546 2.0402208285265546
shooting 1 2.5257286443082556 2.5257286443082556
short 1 0.06187540371808745 0.06187540371808745
shortdescription 1 0.2613647641344075 0.2613647641344075
shortened 1 0.0 0.0
show 1 1.0498221244986776 1.0498221244986776
showing 1 2.659260036932778 2.659260036932778
shown 1 2.302585092994046 2.302585092994046
showreel 1 4.605170185988092 4.605170185988092
side 1 1.4271163556401458 1.4271163556401458
sidebar 1 0.0 0.0
sideboxmarginpx 1 1.3862943611198906 1.3862943611198906
sideboxtextpaddingem 1 1.3862943611198906 1.3862943611198906
siege 1 3.506557897319982 3.506557897319982
sign 1 1.8971199848858813 1.8971199848858813
signature 1 2.8134107167600364 2.8134107167600364
silence 1 4.605170185988092 4.605170185988092
silenced 1 4.605170185988092 4.605170185988092
silent 1 2.659260036932778 2.659260036932778
silva 1 3.2188758248682006 3.2188758248682006
silver 1 1.8971199848858813 1.8971199848858813
similarity 1 3.506557897319982 3.506557897319982
simply 1 2.5257286443082556 2.5257286443082556
simulcast 1 3.912023005428146 3.912023005428146
since 1 0.7985076962177716 0.7985076962177716
single 1 1.4696759700589417 1.4696759700589417
sistersitebox 1 1.3862943611198906 1.3862943611198906
site 1 0.0 0.0
sixth 1 1.9661128563728327 1.9661128563728327
skaro 1 4.605170185988092 4.605170185988092
skipped 1 4.605170185988092 4.605170185988092
sky 1 2.5257286443082556 2.5257286443082556
sladens 1 4.605170185988092 4.605170185988092
sleep 1 3.2188758248682006 3.2188758248682006
smile 1 4.605170185988092 4.605170185988092
smith 1 1.2039728043259361 1.2039728043259361
sneak 1 3.506557897319982 3.506557897319982
snow 1 3.506557897319982 3.506557897319982
snowman 1 4.605170185988092 4.605170185988092
soap 1 2.995732273553991 2.995732273553991
solid 1 0.09431067947124142 0.09431067947124142
somehow 1 3.912023005428146 3.912023005428146
song 1 1.3470736479666094 1.3470736479666094
sonicscrewdrivered 1 4.605170185988092 4.605170185988092
sonita 1 4.605170185988092 4.605170185988092
sontar 1 4.605170185988092 4.605170185988092
sontaran 1 4.605170185988092 4.605170185988092
sontarans 1 4.605170185988092 4.605170185988092
soundtrack 1 2.659260036932778 2.659260036932778
source 1 0.5798184952529422 0.5798184952529422
space 1 1.7719568419318754 1.7719568419318754
spaceship 1 4.605170185988092 4.605170185988092
spare 1 3.506557897319982 3.506557897319982
sparked 1 3.506557897319982 3.506557897319982
speaks 1 3.2188758248682006 3.2188758248682006
spearhead 1 4.605170185988092 4.605170185988092
special 1 0.0 0.0
spectacular 1 4.605170185988092 4.605170185988092
speculation 1 3.506557897319982 3.506557897319982
spell 1 3.912023005428146 3.912023005428146
spider 1 3.2188758248682006 3.2188758248682006
spinoffs 1 3.912023005428146 3.912023005428146
spoiler 1 4.605170185988092 4.605170185988092
spot 1 2.659260036932778 2.659260036932778
spotlight 1 3.2188758248682006 3.2188758248682006
spy 1 2.8134107167600364 2.8134107167600364
spyfall 1 4.605170185988092 4.605170185988092
stage 1 1.9661128563728327 1.9661128563728327
stalemate 1 4.605170185988092 4.605170185988092
standalone 1 3.912023005428146 3.912023005428146
standout 1 3.912023005428146 3.912023005428146
star 1 0.9675840262617057 0.9675840262617057
starkey 1 4.605170185988092 4.605170185988092
start 1 1.4271163556401458 1.4271163556401458
state 1 0.3147107448397002 0.3147107448397002
stated 1 2.120263536200091 2.120263536200091
statement 1 0.0 0.0
stating 1 2.120263536200091 2.120263536200091
statistic 1 0.0 0.0
stay 1 2.0402208285265546 2.0402208285265546
steal 1 2.8134107167600364 2.8134107167600364
steel 1 2.207274913189721 2.207274913189721
step 1 2.120263536200091 2.120263536200091
steven 1 2.207274913189721 2.207274913189721
still 1 0.9416085398584451 0.9416085398584451
stolen 1 3.2188758248682006 3.2188758248682006
stone 1 1.8971199848858813 1.8971199848858813
stop 1 2.120263536200091 2.120263536200091
storm 1 2.302585092994046 2.302585092994046
story 1 1.5606477482646683 1.5606477482646683
straight 1 2.5257286443082556 2.5257286443082556
strand 1 3.912023005428146 3.912023005428146
strange 1 2.659260036932778 2.659260036932778
stratagem 1 4.605170185988092 4.605170185988092
strax 1 4.605170185988092 4.605170185988092
street 1 1.4271163556401458 1.4271163556401458
strike 1 2.207274913189721 2.207274913189721
structure 1 1.8325814637483102 1.8325814637483102
stunt 1 3.2188758248682006 3.2188758248682006
stunting 1 4.605170185988092 4.605170185988092
style 1 1.8325814637483102 1.8325814637483102
submission 1 2.995732273553991 2.995732273553991
subsection 1 0.3424903089467759 0.3424903089467759
subtle 1 4.605170185988092 4.605170185988092
sufficed 1 4.605170185988092 4.605170185988092
suggested 1 2.659260036932778 2.659260036932778
suit 1 2.995732273553991 2.995732273553991
sunday 1 1.9661128563728327 1.9661128563728327
superb 1 3.912023005428146 3.912023005428146
supplementary 1 3.912023005428146 3.912023005428146
sure 1 2.659260036932778 2.659260036932778
surrounded 1 2.995732273553991 2.995732273553991
survivor 1 2.8134107167600364 2.8134107167600364
suunto 1 4.605170185988092 4.605170185988092
swan 1 3.912023005428146 3.912023005428146
swansong 1 4.605170185988092 4.605170185988092
sweney 1 4.605170185988092 4.605170185988092
system 1 0.9162907318741551 0.9162907318741551
table 1 0.0 0.0
take 1 0.9675840262617057 0.9675840262617057
taken 1 2.0402208285265546 2.0402208285265546
taking 1 1.6607312068216509 1.6607312068216509
talk 1 0.0 0.0
tangible 1 3.912023005428146 3.912023005428146
tap 1 3.912023005428146 3.912023005428146
tardis 1 4.605170185988092 4.605170185988092
tardisode 1 4.605170185988092 4.605170185988092
tasha 1 3.912023005428146 3.912023005428146
tdhlist 1 0.1392620673335076 0.1392620673335076
tearinducing 1 4.605170185988092 4.605170185988092
teaser 1 4.605170185988092 4.605170185988092
telegraph 1 2.8134107167600364 2.8134107167600364
television 1 1.6607312068216509 1.6607312068216509
telly 1 3.912023005428146 3.912023005428146
template 1 0.0 0.0
ten 1 1.5141277326297755 1.5141277326297755
tennant 1 4.605170185988092 4.605170185988092
tennants 1 4.605170185988092 4.605170185988092
tenth 1 2.995732273553991 2.995732273553991
tenure 1 2.5257286443082556 2.5257286443082556
term 1 0.0 0.0
terraphiles 1 4.605170185988092 4.605170185988092
terror 1 3.2188758248682006 3.2188758248682006
tessa 1 3.912023005428146 3.912023005428146
text 1 0.0 0.0
thank 1 3.912023005428146 3.912023005428146
thats 1 2.5257286443082556 2.5257286443082556
thbodyskinresponsive 1 0.3147107448397002 0.3147107448397002
thin 1 3.912023005428146 3.912023005428146
thing 1 1.5606477482646683 1.5606477482646683
think 1 2.207274913189721 2.207274913189721
third 1 0.9162907318741551 0.9162907318741551
thirteenth 1 4.605170185988092 4.605170185988092
though 1 1.6607312068216509 1.6607312068216509
thousand 1 1.9661128563728327 1.9661128563728327
thread 1 4.605170185988092 4.605170185988092
three 1 0.5798184952529422 0.5798184952529422
throng 1 4.605170185988092 4.605170185988092
tie 1 2.659260036932778 2.659260036932778
tied 1 2.5257286443082556 2.5257286443082556
tim 1 1.6607312068216509 1.6607312068216509
time 1 0.28768207245178085 0.28768207245178085
timeless 1 4.605170185988092 4.605170185988092
timetwisting 1 4.605170185988092 4.605170185988092
title 1 0.9162907318741551 0.9162907318741551
titled 1 2.5257286443082556 2.5257286443082556
tmulti 1 3.912023005428146 3.912023005428146
together 1 1.5141277326297755 1.5141277326297755
toggle 1 0.010050335853501506 0.010050335853501506
tom 1 1.2378743560016172 1.2378743560016172
tomato 1 3.2188758248682006 3.2188758248682006
tomatometer 1 4.605170185988092 4.605170185988092
tomb 1 3.912023005428146 3.912023005428146
tonight 1 3.2188758248682006 3.2188758248682006
took 1 1.171182981502945 1.171182981502945
tool 1 0.0 0.0
top 1 0.010050335853501506 0.010050335853501506
topic 1 0.0 0.0
total 1 0.0 0.0
touched 1 3.912023005428146 3.912023005428146
towards 1 2.120263536200091 2.120263536200091
tower 1 2.5257286443082556 2.5257286443082556
town 1 2.302585092994046 2.302585092994046
trademark 1 0.0 0.0
traditional 1 2.302585092994046 2.302585092994046
trailer 1 3.506557897319982 3.506557897319982
transition 1 2.407945608651872 2.407945608651872
trenzalore 1 4.605170185988092 4.605170185988092
trick 1 3.2188758248682006 3.2188758248682006
trke 1 2.207274913189721 2.207274913189721
trump 1 3.2188758248682006 3.2188758248682006
try 1 2.5257286443082556 2.5257286443082556
trying 1 2.659260036932778 2.659260036932778
tsingle 1 3.912023005428146 3.912023005428146
tube 1 1.8971199848858813 1.8971199848858813
turkey 1 2.302585092994046 2.302585092994046
turn 1 2.0402208285265546 2.0402208285265546
tvshowsondvdcom 1 4.605170185988092 4.605170185988092
tweeted 1 4.605170185988092 4.605170185988092
twelfth 1 3.912023005428146 3.912023005428146
twelve 1 2.995732273553991 2.995732273553991
twice 1 2.120263536200091 2.120263536200091
twin 1 2.407945608651872 2.407945608651872
twitter 1 2.5257286443082556 2.5257286443082556
two 1 0.43078291609245434 0.43078291609245434
tying 1 3.912023005428146 3.912023005428146
tyler 1 2.8134107167600364 2.8134107167600364
ulpaddingem 1 0.1392620673335076 0.1392620673335076
ultimately 1 2.5257286443082556 2.5257286443082556
unbound 1 4.605170185988092 4.605170185988092
undead 1 3.912023005428146 3.912023005428146
underneath 1 3.506557897319982 3.506557897319982
united 1 0.4155154439616658 0.4155154439616658
universe 1 2.8134107167600364 2.8134107167600364
unknown 1 2.207274913189721 2.207274913189721
unsourced 1 1.3862943611198906 1.3862943611198906
unwittingly 1 4.605170185988092 4.605170185988092
upload 1 0.0 0.0
upon 1 1.2729656758128876 1.2729656758128876
us 1 1.6094379124341003 1.6094379124341003
use 1 0.0 0.0
used 1 0.8675005677047231 0.8675005677047231
using 1 0.0 0.0
utc 1 0.0 0.0
utopia 1 4.605170185988092 4.605170185988092
vampire 1 3.912023005428146 3.912023005428146
vanquisher 1 4.605170185988092 4.605170185988092
var 1 0.0 0.0
varos 1 4.605170185988092 4.605170185988092
vengeance 1 3.912023005428146 3.912023005428146
venice 1 3.506557897319982 3.506557897319982
verdict 1 2.995732273553991 2.995732273553991
version 1 0.0 0.0
via 1 1.4271163556401458 1.4271163556401458
victory 1 1.6094379124341003 1.6094379124341003
video 1 1.3862943611198906 1.3862943611198906
view 1 0.0 0.0
viewer 1 2.8134107167600364 2.8134107167600364
viewing 1 3.506557897319982 3.506557897319982
villa 1 2.995732273553991 2.995732273553991
village 1 2.659260036932778 2.659260036932778
vincent 1 2.659260036932778 2.659260036932778
voice 1 2.120263536200091 2.120263536200091
voiced 1 2.995732273553991 2.995732273553991
voyage 1 3.2188758248682006 3.2188758248682006
vte 1 0.7550225842780328 0.7550225842780328
waited 1 3.912023005428146 3.912023005428146
wake 1 2.407945608651872 2.407945608651872
wall 1 1.9661128563728327 1.9661128563728327
want 1 1.9661128563728327 1.9661128563728327
wanted 1 2.207274913189721 2.207274913189721
war 1 0.7985076962177716 0.7985076962177716
wardrobe 1 3.506557897319982 3.506557897319982
warfare 1 3.506557897319982 3.506557897319982
warming 1 4.605170185988092 4.605170185988092
warrior 1 2.407945608651872 2.407945608651872
wasnt 1 2.995732273553991 2.995732273553991
watch 1 1.8971199848858813 1.8971199848858813
watched 1 3.912023005428146 3.912023005428146
water 1 1.5606477482646683 1.5606477482646683
way 1 1.1086626245216111 1.1086626245216111
wear 1 2.302585092994046 2.302585092994046
website 1 1.6094379124341003 1.6094379124341003
wedding 1 3.2188758248682006 3.2188758248682006
week 1 1.2729656758128876 1.2729656758128876
weeping 1 4.605170185988092 4.605170185988092
well 1 0.7765287894989963 0.7765287894989963
wellintentioned 1 4.605170185988092 4.605170185988092
whats 1 2.8134107167600364 2.8134107167600364
wheel 1 2.8134107167600364 2.8134107167600364
who 1 2.659260036932778 2.659260036932778
whoepisode 1 4.605170185988092 4.605170185988092
whoepisodes 1 4.605170185988092 4.605170185988092
whole 1 2.120263536200091 2.120263536200091
whovian 1 4.605170185988092 4.605170185988092
widow 1 2.407945608651872 2.407945608651872
wife 1 1.7719568419318754 1.7719568419318754
wig 1 3.912023005428146 3.912023005428146
wiki 1 2.120263536200091 2.120263536200091
wikidata 1 0.010050335853501506 0.010050335853501506
wikimedia 1 0.0 0.0
wikipedia 1 0.0 0.0
wikiquote 1 2.8134107167600364 2.8134107167600364
wilkins 1 3.912023005428146 3.912023005428146
wilson 1 1.7719568419318754 1.7719568419318754
wink 1 4.605170185988092 4.605170185988092
wistful 1 4.605170185988092 4.605170185988092
witch 1 2.995732273553991 2.995732273553991
without 1 1.3093333199837622 1.3093333199837622
wizened 1 4.605170185988092 4.605170185988092
wolf 1 2.207274913189721 2.207274913189721
woman 1 1.171182981502945 1.171182981502945
wonder 1 2.8134107167600364 2.8134107167600364
wood 1 1.7147984280919266 1.7147984280919266
wooden 1 3.912023005428146 3.912023005428146
work 1 0.7133498878774648 0.7133498878774648
working 1 1.8971199848858813 1.8971199848858813
world 1 0.5108256237659907 0.5108256237659907
would 1 0.7550225842780328 0.7550225842780328
wrap 1 3.912023005428146 3.912023005428146
writer 1 1.5141277326297755 1.5141277326297755
writing 1 1.8325814637483102 1.8325814637483102
written 1 0.9416085398584451 0.9416085398584451
wrote 1 1.3470736479666094 1.3470736479666094
year 1 0.3424903089467759 0.3424903089467759
yearhistory 1 4.605170185988092 4.605170185988092
yet 1 1.8971199848858813 1.8971199848858813
young 1 1.2378743560016172 1.2378743560016172
youre 1 3.506557897319982 3.506557897319982
zealand 1 2.120263536200091 2.120263536200091
zygon 1 4.605170185988092 4.605170185988092
