aaaborderbottompx 1 2.302585092994046 2.302585092994046
aabborderleftpx 1 1.6607312068216509 1.6607312068216509
abbey 1 2.995732273553991 2.995732273553991
abbot 1 3.506557897319982 3.506557897319982
abcclio 1 3.912023005428146 3.912023005428146
abhinc 1 4.605170185988092 4.605170185988092
ablution 1 3.912023005428146 3.912023005428146
abolished 1 3.912023005428146 3.912023005428146
absence 1 3.506557897319982 3.506557897319982
absolution 1 4.605170185988092 4.605170185988092
accentus 1 4.605170185988092 4.605170185988092
access 1 2.5257286443082556 2.5257286443082556
according 1 1.3093333199837622 1.3093333199837622
account 1 0.0 0.0
achille 1 3.912023005428146 3.912023005428146
acolyte 1 4.605170185988092 4.605170185988092
act 1 1.3470736479666094 1.3470736479666094
action 1 0.0 0.0
adapted 1 2.995732273553991 2.995732273553991
add 1 0.0 0.0
added 1 1.8325814637483102 1.8325814637483102
adding 1 2.0402208285265546 2.0402208285265546
addition 1 1.3862943611198906 1.3862943611198906
additional 1 0.0 0.0
address 1 2.8134107167600364 2.8134107167600364
adopted 1 2.207274913189721 2.207274913189721
adopting 1 3.912023005428146 3.912023005428146
adoration 1 4.605170185988092 4.605170185988092
adore 1 4.605170185988092 4.605170185988092
adoro 1 4.605170185988092 4.605170185988092
advent 1 4.605170185988092 4.605170185988092
advincula 1 3.912023005428146 3.912023005428146
aelliott 1 4.605170185988092 4.605170185988092
affirmed 1 3.912023005428146 3.912023005428146
aforementioned 1 4.605170185988092 4.605170185988092
afrikaans 1 2.995732273553991 2.995732273553991
afterward 1 3.506557897319982 3.506557897319982
agape 1 4.605170185988092 4.605170185988092
age 1 0.7985076962177716 0.7985076962177716
agency 1 2.120263536200091 2.120263536200091
agnes 1 3.506557897319982 3.506557897319982
agnus 1 4.605170185988092 4.605170185988092
agony 1 3.912023005428146 3.912023005428146
agree 1 0.0 0.0
agreement 1 2.5257286443082556 2.5257286443082556
alb 1 4.605170185988092 4.605170185988092
albniz 1 4.605170185988092 4.605170185988092
alcohol 1 3.2188758248682006 3.2188758248682006
alemannisch 1 4.605170185988092 4.605170185988092
alexander 1 1.5141277326297755 1.5141277326297755
alike 1 0.0 0.0
alleluia 1 4.605170185988092 4.605170185988092
almost 1 1.7147984280919266 1.7147984280919266
aloft 1 4.605170185988092 4.605170185988092
along 1 1.4696759700589417 1.4696759700589417
already 1 2.0402208285265546 2.0402208285265546
also 1 0.127833371509885 0.127833371509885
altair 1 3.912023005428146 3.912023005428146
altar 1 3.506557897319982 3.506557897319982
alternatim 1 4.605170185988092 4.605170185988092
always 1 2.207274913189721 2.207274913189721
ambo 1 4.605170185988092 4.605170185988092
ambox 1 1.6607312068216509 1.6607312068216509
amboxborderpx 1 1.6607312068216509 1.6607312068216509
amboxmargin 1 1.6607312068216509 1.6607312068216509
amice 1 4.605170185988092 4.605170185988092
among 1 1.2378743560016172 1.2378743560016172
amp 1 0.4620354595965586 0.4620354595965586
ample 1 4.605170185988092 4.605170185988092
anamnesis 1 4.605170185988092 4.605170185988092
anaphora 1 4.605170185988092 4.605170185988092
andalucia 1 4.605170185988092 4.605170185988092
anglican 1 3.506557897319982 3.506557897319982
anglicanism 1 4.605170185988092 4.605170185988092
anglo 1 3.2188758248682006 3.2188758248682006
anima 1 4.605170185988092 4.605170185988092
animarum 1 4.605170185988092 4.605170185988092
anne 1 2.5257286443082556 2.5257286443082556
annos 1 4.605170185988092 4.605170185988092
annual 1 1.6607312068216509 1.6607312068216509
annunciation 1 3.912023005428146 3.912023005428146
another 1 0.9675840262617057 0.9675840262617057
ansbach 1 3.912023005428146 3.912023005428146
ansgar 1 4.605170185988092 4.605170185988092
antependium 1 4.605170185988092 4.605170185988092
anthony 1 1.5141277326297755 1.5141277326297755
antiochian 1 4.605170185988092 4.605170185988092
antiphon 1 4.605170185988092 4.605170185988092
antiphonary 1 4.605170185988092 4.605170185988092
antoinette 1 4.605170185988092 4.605170185988092
anton 1 3.506557897319982 3.506557897319982
appearance 1 0.0 0.0
appleton 1 3.912023005428146 3.912023005428146
apply 1 0.0 0.0
appropriate 1 3.506557897319982 3.506557897319982
appropriated 1 4.605170185988092 4.605170185988092
approximately 1 2.407945608651872 2.407945608651872
april 1 0.44628710262841953 0.44628710262841953
aquam 1 4.605170185988092 4.605170185988092
aquinas 1 3.912023005428146 3.912023005428146
aquinasunreliable 1 4.605170185988092 4.605170185988092
arch 1 3.912023005428146 3.912023005428146
archbasilica 1 4.605170185988092 4.605170185988092
archbishop 1 3.506557897319982 3.506557897319982
archdeacon 1 4.605170185988092 4.605170185988092
archdiocese 1 3.506557897319982 3.506557897319982
archive 1 1.6094379124341003 1.6094379124341003
archived 1 0.47803580094299974 0.47803580094299974
ardiaca 1 4.605170185988092 4.605170185988092
area 1 1.2729656758128876 1.2729656758128876
argentina 1 2.659260036932778 2.659260036932778
armas 1 4.605170185988092 4.605170185988092
around 1 1.0216512475319812 1.0216512475319812
arpetan 1 3.912023005428146 3.912023005428146
arrange 1 3.2188758248682006 3.2188758248682006
article 1 0.0 0.0
artist 1 1.7147984280919266 1.7147984280919266
ascension 1 3.912023005428146 3.912023005428146
ascensiontide 1 4.605170185988092 4.605170185988092
ash 1 2.995732273553991 2.995732273553991
asperges 1 4.605170185988092 4.605170185988092
aspergillum 1 4.605170185988092 4.605170185988092
aspersion 1 4.605170185988092 4.605170185988092
assigned 1 2.659260036932778 2.659260036932778
associated 1 1.4696759700589417 1.4696759700589417
assumption 1 3.2188758248682006 3.2188758248682006
asturianu 1 3.912023005428146 3.912023005428146
atmosphere 1 3.506557897319982 3.506557897319982
attached 1 3.506557897319982 3.506557897319982
attended 1 2.120263536200091 2.120263536200091
attribution 1 0.0 0.0
audience 1 2.659260036932778 2.659260036932778
augsburg 1 4.605170185988092 4.605170185988092
august 1 0.3424903089467759 0.3424903089467759
augustinian 1 4.605170185988092 4.605170185988092
augustus 1 2.995732273553991 2.995732273553991
auslegung 1 4.605170185988092 4.605170185988092
austria 1 2.302585092994046 2.302585092994046
authenticity 1 3.912023005428146 3.912023005428146
author 1 1.8971199848858813 1.8971199848858813
authority 1 0.8915981192837835 0.8915981192837835
auto 1 0.1392620673335076 0.1392620673335076
autumn 1 2.995732273553991 2.995732273553991
available 1 0.0 0.0
away 1 1.5606477482646683 1.5606477482646683
baby 1 2.407945608651872 2.407945608651872
background 1 1.7147984280919266 1.7147984280919266
bahasa 1 1.8325814637483102 1.8325814637483102
ball 1 1.8971199848858813 1.8971199848858813
balla 1 4.605170185988092 4.605170185988092
banner 1 3.2188758248682006 3.2188758248682006
baptism 1 3.2188758248682006 3.2188758248682006
baptist 1 2.995732273553991 2.995732273553991
baranja 1 4.605170185988092 4.605170185988092
baranji 1 4.605170185988092 4.605170185988092
barbara 1 2.302585092994046 2.302585092994046
barcelona 1 3.2188758248682006 3.2188758248682006
baroque 1 3.912023005428146 3.912023005428146
based 1 1.07880966137193 1.07880966137193
basilica 1 3.912023005428146 3.912023005428146
basket 1 3.912023005428146 3.912023005428146
batini 1 4.605170185988092 4.605170185988092
bbc 1 2.5257286443082556 2.5257286443082556
bbccouk 1 3.912023005428146 3.912023005428146
beadle 1 3.912023005428146 3.912023005428146
became 1 0.7133498878774648 0.7133498878774648
become 1 1.2378743560016172 1.2378743560016172
becomes 1 2.0402208285265546 2.0402208285265546
bedford 1 3.912023005428146 3.912023005428146
begin 1 1.7147984280919266 1.7147984280919266
beginning 1 1.6607312068216509 1.6607312068216509
behavior 1 2.8134107167600364 2.8134107167600364
belgium 1 2.207274913189721 2.207274913189721
believed 1 2.120263536200091 2.120263536200091
believer 1 3.912023005428146 3.912023005428146
bell 1 2.0402208285265546 2.0402208285265546
benedicamus 1 4.605170185988092 4.605170185988092
benedict 1 3.2188758248682006 3.2188758248682006
benediction 1 4.605170185988092 4.605170185988092
berga 1 4.605170185988092 4.605170185988092
bethlehem 1 3.912023005428146 3.912023005428146
beware 1 4.605170185988092 4.605170185988092
bibleverse 1 4.605170185988092 4.605170185988092
bikol 1 4.605170185988092 4.605170185988092
binterim 1 4.605170185988092 4.605170185988092
birch 1 3.506557897319982 3.506557897319982
bishop 1 2.407945608651872 2.407945608651872
blagdan 1 4.605170185988092 4.605170185988092
blagdani 1 4.605170185988092 4.605170185988092
blagdanima 1 4.605170185988092 4.605170185988092
blagdanom 1 4.605170185988092 4.605170185988092
blaise 1 4.605170185988092 4.605170185988092
blasphemed 1 4.605170185988092 4.605170185988092
bleeding 1 4.605170185988092 4.605170185988092
bless 1 4.605170185988092 4.605170185988092
blessed 1 3.506557897319982 3.506557897319982
blessing 1 3.912023005428146 3.912023005428146
blockquote 1 4.605170185988092 4.605170185988092
blood 1 2.302585092994046 2.302585092994046
bnf 1 4.605170185988092 4.605170185988092
boarisch 1 4.605170185988092 4.605170185988092
boat 1 3.2188758248682006 3.2188758248682006
body 1 1.4271163556401458 1.4271163556401458
bodymediawiki 1 1.6607312068216509 1.6607312068216509
bohemia 1 3.912023005428146 3.912023005428146
boji 1 4.605170185988092 4.605170185988092
bokml 1 2.120263536200091 2.120263536200091
bolivia 1 4.605170185988092 4.605170185988092
bolsena 1 4.605170185988092 4.605170185988092
book 1 0.6348782724359695 0.6348782724359695
born 1 1.1394342831883648 1.1394342831883648
borrow 1 4.605170185988092 4.605170185988092
bosanski 1 3.2188758248682006 3.2188758248682006
bosna 1 4.605170185988092 4.605170185988092
bosnia 1 3.2188758248682006 3.2188758248682006
bottomtotop 1 4.605170185988092 4.605170185988092
bough 1 4.605170185988092 4.605170185988092
bouquet 1 4.605170185988092 4.605170185988092
boy 1 1.8325814637483102 1.8325814637483102
boyd 1 2.407945608651872 2.407945608651872
braance 1 4.605170185988092 4.605170185988092
braanevo 1 4.605170185988092 4.605170185988092
brace 1 3.506557897319982 3.506557897319982
brandenburg 1 3.912023005428146 3.912023005428146
brano 1 4.605170185988092 4.605170185988092
brazil 1 2.120263536200091 2.120263536200091
bread 1 3.2188758248682006 3.2188758248682006
breanevo 1 4.605170185988092 4.605170185988092
brest 1 3.2188758248682006 3.2188758248682006
brezhoneg 1 3.912023005428146 3.912023005428146
briggs 1 3.912023005428146 3.912023005428146
brigham 1 3.912023005428146 3.912023005428146
britannica 1 2.8134107167600364 2.8134107167600364
broanevo 1 4.605170185988092 4.605170185988092
brooklyn 1 3.506557897319982 3.506557897319982
brooklyneaglecom 1 4.605170185988092 4.605170185988092
brown 1 1.6607312068216509 1.6607312068216509
bull 1 2.5257286443082556 2.5257286443082556
burgos 1 3.506557897319982 3.506557897319982
burse 1 4.605170185988092 4.605170185988092
byzantine 1 4.605170185988092 4.605170185988092
calendar 1 2.5257286443082556 2.5257286443082556
calendarium 1 4.605170185988092 4.605170185988092
called 1 0.8209805520698303 0.8209805520698303
calvinist 1 4.605170185988092 4.605170185988092
cambridge 1 2.120263536200091 2.120263536200091
canada 1 1.4696759700589417 1.4696759700589417
candle 1 3.912023005428146 3.912023005428146
candlestick 1 3.912023005428146 3.912023005428146
canon 1 3.506557897319982 3.506557897319982
canoness 1 4.605170185988092 4.605170185988092
canonical 1 4.605170185988092 4.605170185988092
canopy 1 4.605170185988092 4.605170185988092
cantata 1 3.912023005428146 3.912023005428146
cantor 1 4.605170185988092 4.605170185988092
canvas 1 3.912023005428146 3.912023005428146
card 1 1.7147984280919266 1.7147984280919266
cardinal 1 2.995732273553991 2.995732273553991
care 1 2.120263536200091 2.120263536200091
carl 1 2.407945608651872 2.407945608651872
carolina 1 1.7147984280919266 1.7147984280919266
carpet 1 4.605170185988092 4.605170185988092
carriage 1 4.605170185988092 4.605170185988092
carroza 1 4.605170185988092 4.605170185988092
carry 1 2.5257286443082556 2.5257286443082556
carrying 1 2.8134107167600364 2.8134107167600364
carthusian 1 4.605170185988092 4.605170185988092
castile 1 4.605170185988092 4.605170185988092
castilla 1 4.605170185988092 4.605170185988092
castrillo 1 4.605170185988092 4.605170185988092
catalan 1 4.605170185988092 4.605170185988092
catalanlanguage 1 4.605170185988092 4.605170185988092
cataletina 1 2.659260036932778 2.659260036932778
catalonia 1 3.506557897319982 3.506557897319982
catalunya 1 4.605170185988092 4.605170185988092
catechumen 1 4.605170185988092 4.605170185988092
category 1 0.0 0.0
cathedral 1 2.995732273553991 2.995732273553991
catholic 1 2.207274913189721 2.207274913189721
catholicism 1 3.2188758248682006 3.2188758248682006
cause 1 2.0402208285265546 2.0402208285265546
causlands 1 4.605170185988092 4.605170185988092
celebrando 1 4.605170185988092 4.605170185988092
celebrate 1 3.506557897319982 3.506557897319982
celebrated 1 3.506557897319982 3.506557897319982
celebrates 1 3.506557897319982 3.506557897319982
celebrating 1 3.2188758248682006 3.2188758248682006
celebration 1 3.506557897319982 3.506557897319982
center 1 1.171182981502945 1.171182981502945
centerpx 1 0.0408219945202552 0.0408219945202552
central 1 1.07880966137193 1.07880966137193
century 1 1.3470736479666094 1.3470736479666094
ceremony 1 2.302585092994046 2.302585092994046
certain 1 2.302585092994046 2.302585092994046
chalice 1 4.605170185988092 4.605170185988092
challenged 1 2.207274913189721 2.207274913189721
change 1 0.0 0.0
chant 1 3.506557897319982 3.506557897319982
chapter 1 1.9661128563728327 1.9661128563728327
charitable 1 4.605170185988092 4.605170185988092
charles 1 1.171182981502945 1.171182981502945
chasuble 1 4.605170185988092 4.605170185988092
cher 1 4.605170185988092 4.605170185988092
chief 1 1.3862943611198906 1.3862943611198906
child 1 1.07880966137193 1.07880966137193
chiriuchu 1 4.605170185988092 4.605170185988092
chisholm 1 3.912023005428146 3.912023005428146
choir 1 2.995732273553991 2.995732273553991
chrism 1 4.605170185988092 4.605170185988092
christ 1 2.8134107167600364 2.8134107167600364
christendom 1 3.912023005428146 3.912023005428146
christi 1 3.506557897319982 3.506557897319982
christian 1 1.4696759700589417 1.4696759700589417
christianity 1 2.659260036932778 2.659260036932778
christkatholischen 1 4.605170185988092 4.605170185988092
christmas 1 2.302585092994046 2.302585092994046
christmastide 1 4.605170185988092 4.605170185988092
christopher 1 1.9661128563728327 1.9661128563728327
church 1 1.6607312068216509 1.6607312068216509
churchmanship 1 4.605170185988092 4.605170185988092
churchportal 1 4.605170185988092 4.605170185988092
ciborium 1 4.605170185988092 4.605170185988092
cincture 1 4.605170185988092 4.605170185988092
cistercian 1 4.605170185988092 4.605170185988092
citation 1 0.0408219945202552 0.0408219945202552
cite 1 0.0 0.0
citejournal 1 1.9661128563728327 1.9661128563728327
citerefbeadle 1 4.605170185988092 4.605170185988092
citerefbrown 1 4.605170185988092 4.605170185988092
citerefcharles 1 4.605170185988092 4.605170185988092
citerefchisholm 1 3.912023005428146 3.912023005428146
citerefdragi 1 4.605170185988092 4.605170185988092
citerefesmaquel 1 4.605170185988092 4.605170185988092
citerefherl 1 4.605170185988092 4.605170185988092
citerefking 1 4.605170185988092 4.605170185988092
citerefluki 1 4.605170185988092 4.605170185988092
citerefmarkovi 1 4.605170185988092 4.605170185988092
citerefmathiesen 1 4.605170185988092 4.605170185988092
citerefrobert 1 4.605170185988092 4.605170185988092
citerefrogerson 1 4.605170185988092 4.605170185988092
citerefsekere 1 4.605170185988092 4.605170185988092
citereftakala 1 4.605170185988092 4.605170185988092
citereftkalec 1 4.605170185988092 4.605170185988092
citerefvuli 1 4.605170185988092 4.605170185988092
citerefweiser 1 4.605170185988092 4.605170185988092
citerefwright 1 4.605170185988092 4.605170185988092
citeweb 1 0.5447271754416719 0.5447271754416719
city 1 0.6348782724359695 0.6348782724359695
clara 1 3.912023005428146 3.912023005428146
clement 1 3.2188758248682006 3.2188758248682006
clementine 1 4.605170185988092 4.605170185988092
clergy 1 3.506557897319982 3.506557897319982
cleric 1 4.605170185988092 4.605170185988092
closed 1 2.207274913189721 2.207274913189721
closely 1 2.995732273553991 2.995732273553991
cloth 1 3.912023005428146 3.912023005428146
code 1 0.0 0.0
codex 1 3.912023005428146 3.912023005428146
coetus 1 4.605170185988092 4.605170185988092
coffee 1 3.506557897319982 3.506557897319982
col 1 2.5257286443082556 2.5257286443082556
colacho 1 4.605170185988092 4.605170185988092
collapsible 1 4.605170185988092 4.605170185988092
collect 1 3.506557897319982 3.506557897319982
collection 1 1.8971199848858813 1.8971199848858813
colombia 1 3.506557897319982 3.506557897319982
color 1 2.0402208285265546 2.0402208285265546
colour 1 2.5257286443082556 2.5257286443082556
com 1 3.506557897319982 3.506557897319982
come 1 1.3470736479666094 1.3470736479666094
commanded 1 3.912023005428146 3.912023005428146
commemorates 1 4.605170185988092 4.605170185988092
commemoration 1 4.605170185988092 4.605170185988092
commission 1 1.7147984280919266 1.7147984280919266
common 1 0.0 0.0
commonly 1 2.659260036932778 2.659260036932778
communion 1 4.605170185988092 4.605170185988092
community 1 1.6094379124341003 1.6094379124341003
company 1 1.2729656758128876 1.2729656758128876
compiled 1 3.2188758248682006 3.2188758248682006
composed 1 1.8971199848858813 1.8971199848858813
composer 1 2.8134107167600364 2.8134107167600364
composition 1 2.407945608651872 2.407945608651872
comprises 1 4.605170185988092 4.605170185988092
computus 1 4.605170185988092 4.605170185988092
concelebration 1 4.605170185988092 4.605170185988092
concept 1 2.120263536200091 2.120263536200091
conception 1 3.912023005428146 3.912023005428146
concludes 1 2.995732273553991 2.995732273553991
conduct 1 0.0 0.0
confessed 1 3.912023005428146 3.912023005428146
confession 1 3.2188758248682006 3.2188758248682006
confessor 1 3.912023005428146 3.912023005428146
confiteor 1 4.605170185988092 4.605170185988092
conflict 1 2.0402208285265546 2.0402208285265546
congregation 1 3.2188758248682006 3.2188758248682006
congregationalist 1 4.605170185988092 4.605170185988092
consecrated 1 3.912023005428146 3.912023005428146
consecration 1 3.506557897319982 3.506557897319982
conservative 1 2.8134107167600364 2.8134107167600364
considered 1 1.3862943611198906 1.3862943611198906
consists 1 2.407945608651872 2.407945608651872
constantinopolitan 1 4.605170185988092 4.605170185988092
constellation 1 4.605170185988092 4.605170185988092
consubstantiation 1 4.605170185988092 4.605170185988092
consumption 1 3.506557897319982 3.506557897319982
contact 1 0.0 0.0
containing 1 1.4271163556401458 1.4271163556401458
content 1 0.0 0.0
context 1 0.010050335853501506 0.010050335853501506
continental 1 2.5257286443082556 2.5257286443082556
continues 1 2.302585092994046 2.302585092994046
contrast 1 2.995732273553991 2.995732273553991
contribute 1 0.0 0.0
contribution 1 0.0 0.0
control 1 0.7765287894989963 0.7765287894989963
convent 1 3.912023005428146 3.912023005428146
conventual 1 4.605170185988092 4.605170185988092
cookie 1 0.0 0.0
cookiematch 1 0.0 0.0
cope 1 3.2188758248682006 3.2188758248682006
corda 1 4.605170185988092 4.605170185988092
core 1 2.659260036932778 2.659260036932778
corinthian 1 4.605170185988092 4.605170185988092
cornillon 1 4.605170185988092 4.605170185988092
coronation 1 3.2188758248682006 3.2188758248682006
corpo 1 4.605170185988092 4.605170185988092
corporal 1 4.605170185988092 4.605170185988092
corporeal 1 4.605170185988092 4.605170185988092
corporis 1 4.605170185988092 4.605170185988092
corpus 1 3.506557897319982 3.506557897319982
cosmetic 1 3.912023005428146 3.912023005428146
costa 1 2.995732273553991 2.995732273553991
could 1 1.2378743560016172 1.2378743560016172
council 1 1.4696759700589417 1.4696759700589417
counterlistitema 1 0.127833371509885 0.127833371509885
country 1 0.843970070294529 0.843970070294529
county 1 1.6607312068216509 1.6607312068216509
cover 1 1.6094379124341003 1.6094379124341003
create 1 0.0 0.0
creative 1 0.0 0.0
credence 1 4.605170185988092 4.605170185988092
credendi 1 4.605170185988092 4.605170185988092
credo 1 4.605170185988092 4.605170185988092
creed 1 3.506557897319982 3.506557897319982
cremoniale 1 4.605170185988092 4.605170185988092
crkva 1 4.605170185988092 4.605170185988092
croat 1 4.605170185988092 4.605170185988092
croatia 1 2.8134107167600364 2.8134107167600364
croatian 1 3.2188758248682006 3.2188758248682006
croatianlanguage 1 3.912023005428146 3.912023005428146
croatica 1 4.605170185988092 4.605170185988092
crosier 1 4.605170185988092 4.605170185988092
cross 1 1.8325814637483102 1.8325814637483102
crucifer 1 4.605170185988092 4.605170185988092
crucifix 1 3.912023005428146 3.912023005428146
cruet 1 4.605170185988092 4.605170185988092
cruz 1 2.8134107167600364 2.8134107167600364
csmaintcolorf 1 0.06187540371808745 0.06187540371808745
csmaintcolorfmedia 1 0.0408219945202552 0.0408219945202552
cswsicon 1 0.0408219945202552 0.0408219945202552
cuerpo 1 3.912023005428146 3.912023005428146
culminating 1 3.912023005428146 3.912023005428146
culpa 1 4.605170185988092 4.605170185988092
cultural 1 2.5257286443082556 2.5257286443082556
culture 1 1.6094379124341003 1.6094379124341003
current 1 0.0 0.0
currentyear 1 4.605170185988092 4.605170185988092
cusco 1 4.605170185988092 4.605170185988092
custodes 1 4.605170185988092 4.605170185988092
custom 1 2.995732273553991 2.995732273553991
cyberbrethren 1 4.605170185988092 4.605170185988092
cycle 1 2.5257286443082556 2.5257286443082556
czech 1 2.207274913189721 2.207274913189721
dacia 1 4.605170185988092 4.605170185988092
dalmatic 1 4.605170185988092 4.605170185988092
dan 1 1.7719568419318754 1.7719568419318754
dana 1 3.2188758248682006 3.2188758248682006
dance 1 2.407945608651872 2.407945608651872
dancing 1 3.2188758248682006 3.2188758248682006
danima 1 4.605170185988092 4.605170185988092
danish 1 3.2188758248682006 3.2188758248682006
danishlanguage 1 4.605170185988092 4.605170185988092
dark 1 2.207274913189721 2.207274913189721
database 1 0.9675840262617057 0.9675840262617057
date 1 0.3147107448397002 0.3147107448397002
dating 1 3.506557897319982 3.506557897319982
day 1 0.5276327420823719 0.5276327420823719
daycitation 1 4.605170185988092 4.605170185988092
deacon 1 3.506557897319982 3.506557897319982
dead 1 1.5606477482646683 1.5606477482646683
debate 1 2.8134107167600364 2.8134107167600364
december 1 0.37106368139083196 0.37106368139083196
declared 1 2.407945608651872 2.407945608651872
decorated 1 4.605170185988092 4.605170185988092
decree 1 3.506557897319982 3.506557897319982
dedicated 1 2.407945608651872 2.407945608651872
dei 1 3.912023005428146 3.912023005428146
del 1 2.302585092994046 2.302585092994046
delville 1 3.912023005428146 3.912023005428146
denkwrdigkeiten 1 4.605170185988092 4.605170185988092
denomination 1 3.506557897319982 3.506557897319982
denominational 1 4.605170185988092 4.605170185988092
deo 1 3.506557897319982 3.506557897319982
dependent 1 3.2188758248682006 3.2188758248682006
depicted 1 2.995732273553991 2.995732273553991
der 1 2.302585092994046 2.302585092994046
description 1 0.07257069283483537 0.07257069283483537
desecration 1 4.605170185988092 4.605170185988092
desire 1 3.2188758248682006 3.2188758248682006
desired 1 3.2188758248682006 3.2188758248682006
dessau 1 4.605170185988092 4.605170185988092
deutsch 1 0.9416085398584451 0.9416085398584451
deutsche 1 2.5257286443082556 2.5257286443082556
developed 1 1.7147984280919266 1.7147984280919266
developer 1 0.0 0.0
developmentally 1 4.605170185988092 4.605170185988092
devil 1 2.207274913189721 2.207274913189721
devote 1 3.912023005428146 3.912023005428146
devoted 1 3.2188758248682006 3.2188758248682006
devotion 1 4.605170185988092 4.605170185988092
devotional 1 4.605170185988092 4.605170185988092
dialogue 1 2.8134107167600364 2.8134107167600364
dicastery 1 4.605170185988092 4.605170185988092
different 1 0.3424903089467759 0.3424903089467759
digit 1 4.605170185988092 4.605170185988092
dijalektoloki 1 4.605170185988092 4.605170185988092
diocesan 1 3.912023005428146 3.912023005428146
diocese 1 3.912023005428146 3.912023005428146
dios 1 3.912023005428146 3.912023005428146
disabled 1 3.912023005428146 3.912023005428146
disambiguation 1 2.995732273553991 2.995732273553991
disciple 1 3.912023005428146 3.912023005428146
discipline 1 2.8134107167600364 2.8134107167600364
disclaimer 1 0.0 0.0
dish 1 3.506557897319982 3.506557897319982
dismissal 1 3.2188758248682006 3.2188758248682006
display 1 2.659260036932778 2.659260036932778
displayed 1 3.506557897319982 3.506557897319982
dissertation 1 3.506557897319982 3.506557897319982
div 1 3.912023005428146 3.912023005428146
divcol 1 2.302585092994046 2.302585092994046
divine 1 3.2188758248682006 3.2188758248682006
divinity 1 4.605170185988092 4.605170185988092
dmy 1 1.4271163556401458 1.4271163556401458
dnevnik 1 4.605170185988092 4.605170185988092
doctor 1 1.6607312068216509 1.6607312068216509
doctrine 1 2.8134107167600364 2.8134107167600364
doepler 1 4.605170185988092 4.605170185988092
doi 1 2.0402208285265546 2.0402208285265546
doics 1 4.605170185988092 4.605170185988092
domini 1 4.605170185988092 4.605170185988092
dominican 1 3.912023005428146 3.912023005428146
domino 1 3.912023005428146 3.912023005428146
dona 1 4.605170185988092 4.605170185988092
donate 1 0.0 0.0
door 1 2.5257286443082556 2.5257286443082556
dottedcursorhelp 1 2.120263536200091 2.120263536200091
doubt 1 2.995732273553991 2.995732273553991
download 1 0.0 0.0
doxology 1 4.605170185988092 4.605170185988092
dragi 1 4.605170185988092 4.605170185988092
dressed 1 3.912023005428146 3.912023005428146
dtaftercontent 1 0.127833371509885 0.127833371509885
dubrovaki 1 4.605170185988092 4.605170185988092
dubrovnik 1 4.605170185988092 4.605170185988092
dy 1 2.5257286443082556 2.5257286443082556
ealexander 1 4.605170185988092 4.605170185988092
earlier 1 1.8971199848858813 1.8971199848858813
earliest 1 2.995732273553991 2.995732273553991
early 1 0.6348782724359695 0.6348782724359695
east 1 1.0498221244986776 1.0498221244986776
easter 1 3.506557897319982 3.506557897319982
eastern 1 1.5606477482646683 1.5606477482646683
eastertide 1 4.605170185988092 4.605170185988092
ecclesia 1 3.912023005428146 3.912023005428146
ecclesiastical 1 4.605170185988092 4.605170185988092
education 1 1.3470736479666094 1.3470736479666094
educational 1 2.5257286443082556 2.5257286443082556
egg 1 3.912023005428146 3.912023005428146
eight 1 1.8971199848858813 1.8971199848858813
either 1 1.9661128563728327 1.9661128563728327
elasticity 1 4.605170185988092 4.605170185988092
element 1 1.9661128563728327 1.9661128563728327
elevation 1 3.506557897319982 3.506557897319982
eliminated 1 2.8134107167600364 2.8134107167600364
elliott 1 2.8134107167600364 2.8134107167600364
ember 1 4.605170185988092 4.605170185988092
embolism 1 4.605170185988092 4.605170185988092
emil 1 3.912023005428146 3.912023005428146
emphasizing 1 4.605170185988092 4.605170185988092
enciclopedia 1 4.605170185988092 4.605170185988092
encyclopaedia 1 3.506557897319982 3.506557897319982
encyclopdia 1 2.8134107167600364 2.8134107167600364
encyclopedia 1 0.0 0.0
end 1 0.7985076962177716 0.7985076962177716
england 1 1.6607312068216509 1.6607312068216509
english 1 0.0 0.0
enhanced 1 3.912023005428146 3.912023005428146
ensure 1 3.506557897319982 3.506557897319982
entire 1 2.0402208285265546 2.0402208285265546
entirely 1 2.407945608651872 2.407945608651872
entrusted 1 4.605170185988092 4.605170185988092
epiclesis 1 4.605170185988092 4.605170185988092
epiousion 1 4.605170185988092 4.605170185988092
epiphany 1 4.605170185988092 4.605170185988092
epiphanytide 1 4.605170185988092 4.605170185988092
episcopal 1 3.506557897319982 3.506557897319982
episcoporum 1 4.605170185988092 4.605170185988092
epistle 1 3.912023005428146 3.912023005428146
equatorial 1 3.912023005428146 3.912023005428146
erected 1 3.912023005428146 3.912023005428146
ergo 1 4.605170185988092 4.605170185988092
esmaquel 1 4.605170185988092 4.605170185988092
espaol 1 1.1394342831883648 1.1394342831883648
especially 1 2.207274913189721 2.207274913189721
esperanto 1 2.5257286443082556 2.5257286443082556
est 1 3.2188758248682006 3.2188758248682006
established 1 1.1086626245216111 1.1086626245216111
establishment 1 1.9661128563728327 1.9661128563728327
etiquette 1 4.605170185988092 4.605170185988092
eucharist 1 3.912023005428146 3.912023005428146
eucharistic 1 3.912023005428146 3.912023005428146
europe 1 1.5141277326297755 1.5141277326297755
euskara 1 2.659260036932778 2.659260036932778
evangelical 1 3.506557897319982 3.506557897319982
eve 1 2.659260036932778 2.659260036932778
even 1 1.1394342831883648 1.1394342831883648
event 1 0.0 0.0
eventually 1 1.9661128563728327 1.9661128563728327
evidence 1 2.302585092994046 2.302585092994046
evolution 1 2.5257286443082556 2.5257286443082556
exaltation 1 4.605170185988092 4.605170185988092
example 1 1.8325814637483102 1.8325814637483102
excelsis 1 3.912023005428146 3.912023005428146
except 1 2.659260036932778 2.659260036932778
exception 1 2.8134107167600364 2.8134107167600364
excluded 1 3.912023005428146 3.912023005428146
exemplary 1 3.912023005428146 3.912023005428146
existed 1 3.912023005428146 3.912023005428146
exp 1 0.0 0.0
expatincroatiacom 1 4.605170185988092 4.605170185988092
expressed 1 2.659260036932778 2.659260036932778
extant 1 3.912023005428146 3.912023005428146
extended 1 2.207274913189721 2.207274913189721
external 1 0.44628710262841953 0.44628710262841953
fact 1 1.5141277326297755 1.5141277326297755
faithful 1 3.506557897319982 3.506557897319982
falda 1 4.605170185988092 4.605170185988092
fall 1 1.07880966137193 1.07880966137193
familiar 1 2.995732273553991 2.995732273553991
family 1 0.9162907318741551 0.9162907318741551
fanon 1 4.605170185988092 4.605170185988092
far 1 1.6607312068216509 1.6607312068216509
farewell 1 2.8134107167600364 2.8134107167600364
fast 1 2.5257286443082556 2.5257286443082556
father 1 1.3093333199837622 1.3093333199837622
feast 1 3.2188758248682006 3.2188758248682006
feature 1 1.4696759700589417 1.4696759700589417
february 1 0.27443684570176036 0.27443684570176036
fejring 1 4.605170185988092 4.605170185988092
feria 1 4.605170185988092 4.605170185988092
fest 1 4.605170185988092 4.605170185988092
festen 1 4.605170185988092 4.605170185988092
festival 1 2.207274913189721 2.207274913189721
field 1 1.0498221244986776 1.0498221244986776
figure 1 1.3470736479666094 1.3470736479666094
fiis 1 4.605170185988092 4.605170185988092
file 1 0.0 0.0
finding 1 1.9661128563728327 1.9661128563728327
finland 1 3.506557897319982 3.506557897319982
fioravanti 1 4.605170185988092 4.605170185988092
fire 1 1.7147984280919266 1.7147984280919266
first 1 0.1508228897345837 0.1508228897345837
fistula 1 4.605170185988092 4.605170185988092
five 1 1.0216512475319812 1.0216512475319812
flabellum 1 4.605170185988092 4.605170185988092
flag 1 1.7147984280919266 1.7147984280919266
fllesskabet 1 4.605170185988092 4.605170185988092
flour 1 4.605170185988092 4.605170185988092
flower 1 2.5257286443082556 2.5257286443082556
focused 1 2.995732273553991 2.995732273553991
folium 1 4.605170185988092 4.605170185988092
folk 1 2.8134107167600364 2.8134107167600364
followed 1 1.3093333199837622 1.3093333199837622
follower 1 3.2188758248682006 3.2188758248682006
following 1 0.7133498878774648 0.7133498878774648
fondo 1 4.605170185988092 4.605170185988092
font 1 4.605170185988092 4.605170185988092
foot 1 2.407945608651872 2.407945608651872
forcefully 1 3.506557897319982 3.506557897319982
form 1 1.3470736479666094 1.3470736479666094
former 1 0.9675840262617057 0.9675840262617057
fortress 1 3.506557897319982 3.506557897319982
forty 1 4.605170185988092 4.605170185988092
found 1 1.2039728043259361 1.2039728043259361
foundation 1 0.0 0.0
four 1 0.7985076962177716 0.7985076962177716
fourth 1 1.4696759700589417 1.4696759700589417
fraction 1 4.605170185988092 4.605170185988092
franais 1 0.8675005677047231 0.8675005677047231
francis 1 1.6607312068216509 1.6607312068216509
frank 1 1.7147984280919266 1.7147984280919266
fratres 1 4.605170185988092 4.605170185988092
free 1 0.0 0.0
french 1 1.3862943611198906 1.3862943611198906
frequency 1 4.605170185988092 4.605170185988092
friday 1 2.8134107167600364 2.8134107167600364
fronleichnam 1 4.605170185988092 4.605170185988092
front 1 1.7147984280919266 1.7147984280919266
full 1 1.1086626245216111 1.1086626245216111
function 1 2.207274913189721 2.207274913189721
funeral 1 2.5257286443082556 2.5257286443082556
funghellino 1 4.605170185988092 4.605170185988092
future 1 1.6607312068216509 1.6607312068216509
gained 1 2.8134107167600364 2.8134107167600364
galego 1 2.995732273553991 2.995732273553991
garden 1 2.407945608651872 2.407945608651872
gave 1 1.5606477482646683 1.5606477482646683
general 1 0.0 0.0
generalitat 1 4.605170185988092 4.605170185988092
generally 1 2.407945608651872 2.407945608651872
genuflection 1 4.605170185988092 4.605170185988092
geoffrey 1 3.2188758248682006 3.2188758248682006
germany 1 1.4271163556401458 1.4271163556401458
get 1 0.0 0.0
gethsemane 1 4.605170185988092 4.605170185988092
gift 1 2.8134107167600364 2.8134107167600364
glass 1 2.8134107167600364 2.8134107167600364
gloria 1 3.506557897319982 3.506557897319982
gloriosi 1 4.605170185988092 4.605170185988092
glove 1 3.912023005428146 3.912023005428146
gmina 1 4.605170185988092 4.605170185988092
god 1 2.207274913189721 2.207274913189721
gonalo 1 4.605170185988092 4.605170185988092
good 1 1.3093333199837622 1.3093333199837622
gospel 1 3.506557897319982 3.506557897319982
govor 1 4.605170185988092 4.605170185988092
grace 1 2.407945608651872 2.407945608651872
gradual 1 3.912023005428146 3.912023005428146
graduale 1 4.605170185988092 4.605170185988092
gran 1 2.8134107167600364 2.8134107167600364
granted 1 2.8134107167600364 2.8134107167600364
grave 1 2.995732273553991 2.995732273553991
great 1 0.9675840262617057 0.9675840262617057
greater 1 2.302585092994046 2.302585092994046
greek 1 2.407945608651872 2.407945608651872
green 1 1.171182981502945 1.171182981502945
gregorian 1 3.506557897319982 3.506557897319982
grenada 1 3.912023005428146 3.912023005428146
grottaferrata 1 3.912023005428146 3.912023005428146
ground 1 1.8325814637483102 1.8325814637483102
group 1 0.8209805520698303 0.8209805520698303
growing 1 2.5257286443082556 2.5257286443082556
guided 1 3.506557897319982 3.506557897319982
guinea 1 4.605170185988092 4.605170185988092
haiti 1 2.995732273553991 2.995732273553991
half 1 2.207274913189721 2.207274913189721
hallows 1 4.605170185988092 4.605170185988092
harcourt 1 3.912023005428146 3.912023005428146
harvard 1 3.2188758248682006 3.2188758248682006
harvest 1 3.912023005428146 3.912023005428146
hatnote 1 0.843970070294529 0.843970070294529
haw 1 4.605170185988092 4.605170185988092
head 1 1.1086626245216111 1.1086626245216111
headed 1 2.8134107167600364 2.8134107167600364
heart 1 1.4696759700589417 1.4696759700589417
held 1 1.171182981502945 1.171182981502945
help 1 0.0 0.0
helped 1 2.207274913189721 2.207274913189721
hence 1 3.506557897319982 3.506557897319982
hercegovina 1 4.605170185988092 4.605170185988092
heritage 1 2.207274913189721 2.207274913189721
herl 1 4.605170185988092 4.605170185988092
herzegovina 1 3.2188758248682006 3.2188758248682006
hidden 1 0.010050335853501506 0.010050335853501506
hide 1 0.0 0.0
high 1 0.9416085398584451 0.9416085398584451
highland 1 2.995732273553991 2.995732273553991
highly 1 2.120263536200091 2.120263536200091
historical 1 1.8325814637483102 1.8325814637483102
history 1 0.0 0.0
hjtidelig 1 4.605170185988092 4.605170185988092
hlist 1 0.127833371509885 0.127833371509885
hlistinline 1 0.127833371509885 0.127833371509885
hoc 1 3.912023005428146 3.912023005428146
hold 1 1.3470736479666094 1.3470736479666094
holiday 1 2.659260036932778 2.659260036932778
holiness 1 3.506557897319982 3.506557897319982
holy 1 1.8971199848858813 1.8971199848858813
holyday 1 4.605170185988092 4.605170185988092
home 1 0.7339691750802005 0.7339691750802005
homiletic 1 4.605170185988092 4.605170185988092
homily 1 4.605170185988092 4.605170185988092
honor 1 1.8325814637483102 1.8325814637483102
honour 1 2.5257286443082556 2.5257286443082556
hornjoserbsce 1 4.605170185988092 4.605170185988092
hosanna 1 4.605170185988092 4.605170185988092
host 1 2.407945608651872 2.407945608651872
hostia 1 4.605170185988092 4.605170185988092
hostile 1 3.506557897319982 3.506557897319982
hour 1 1.7719568419318754 1.7719568419318754
house 1 1.0216512475319812 1.0216512475319812
however 1 0.6931471805599453 0.6931471805599453
hrvata 1 4.605170185988092 4.605170185988092
hrvatski 1 2.995732273553991 2.995732273553991
hrvatskoj 1 4.605170185988092 4.605170185988092
hugh 1 3.506557897319982 3.506557897319982
humanity 1 2.659260036932778 2.659260036932778
humeral 1 4.605170185988092 4.605170185988092
hung 1 3.912023005428146 3.912023005428146
hymn 1 2.995732273553991 2.995732273553991
hypocorism 1 4.605170185988092 4.605170185988092
iban 1 4.605170185988092 4.605170185988092
iberia 1 4.605170185988092 4.605170185988092
idea 1 1.8325814637483102 1.8325814637483102
idlockfree 1 0.0408219945202552 0.0408219945202552
idlockfreeidlockfree 1 0.0408219945202552 0.0408219945202552
idlocklimited 1 0.0408219945202552 0.0408219945202552
idlockregistration 1 0.0408219945202552 0.0408219945202552
idlocksubscription 1 0.0408219945202552 0.0408219945202552
idolatry 1 4.605170185988092 4.605170185988092
iesu 1 4.605170185988092 4.605170185988092
ignominy 1 4.605170185988092 4.605170185988092
illumination 1 3.912023005428146 3.912023005428146
image 1 2.120263536200091 2.120263536200091
imena 1 4.605170185988092 4.605170185988092
imgsrc 1 1.3862943611198906 1.3862943611198906
immaculate 1 3.506557897319982 3.506557897319982
immediately 1 2.207274913189721 2.207274913189721
impanation 1 4.605170185988092 4.605170185988092
imparted 1 4.605170185988092 4.605170185988092
imposed 1 3.912023005428146 3.912023005428146
improve 1 1.8325814637483102 1.8325814637483102
inc 1 0.0 0.0
incan 1 4.605170185988092 4.605170185988092
incense 1 4.605170185988092 4.605170185988092
include 1 1.3093333199837622 1.3093333199837622
included 1 1.3093333199837622 1.3093333199837622
includes 1 1.9661128563728327 1.9661128563728327
including 1 0.7133498878774648 0.7133498878774648
incorporating 1 2.995732273553991 2.995732273553991
indicated 1 2.5257286443082556 2.5257286443082556
individual 1 1.5606477482646683 1.5606477482646683
indonesia 1 1.7719568419318754 1.7719568419318754
indulgence 1 4.605170185988092 4.605170185988092
indult 1 4.605170185988092 4.605170185988092
infant 1 3.912023005428146 3.912023005428146
infiorate 1 4.605170185988092 4.605170185988092
influence 1 2.0402208285265546 2.0402208285265546
info 1 2.659260036932778 2.659260036932778
infobox 1 0.3011050927839216 0.3011050927839216
infoboxholiday 1 4.605170185988092 4.605170185988092
infoboxtable 1 0.3147107448397002 0.3147107448397002
information 1 0.0 0.0
input 1 3.2188758248682006 3.2188758248682006
inscribed 1 4.605170185988092 4.605170185988092
inspired 1 2.8134107167600364 2.8134107167600364
inspires 1 3.912023005428146 3.912023005428146
institute 1 1.5141277326297755 1.5141277326297755
instituted 1 4.605170185988092 4.605170185988092
institution 1 2.120263536200091 2.120263536200091
instructed 1 3.912023005428146 3.912023005428146
instruction 1 2.5257286443082556 2.5257286443082556
intangible 1 4.605170185988092 4.605170185988092
intercession 1 4.605170185988092 4.605170185988092
interest 1 1.6607312068216509 1.6607312068216509
interlingua 1 3.912023005428146 3.912023005428146
internationalis 1 4.605170185988092 4.605170185988092
intinction 1 4.605170185988092 4.605170185988092
introduced 1 1.5606477482646683 1.5606477482646683
introduction 1 2.207274913189721 2.207274913189721
introit 1 3.912023005428146 3.912023005428146
irae 1 4.605170185988092 4.605170185988092
isbn 1 0.9942522733438669 0.9942522733438669
israel 1 1.7147984280919266 1.7147984280919266
issn 1 1.8971199848858813 1.8971199848858813
italiano 1 1.07880966137193 1.07880966137193
italic 1 3.2188758248682006 3.2188758248682006
italo 1 4.605170185988092 4.605170185988092
italy 1 2.120263536200091 2.120263536200091
ite 1 4.605170185988092 4.605170185988092
item 1 0.010050335853501506 0.010050335853501506
iudica 1 4.605170185988092 4.605170185988092
ivot 1 4.605170185988092 4.605170185988092
jacques 1 2.302585092994046 2.302585092994046
jaku 1 4.605170185988092 4.605170185988092
james 1 1.0498221244986776 1.0498221244986776
january 1 0.3424903089467759 0.3424903089467759
jerome 1 3.506557897319982 3.506557897319982
jerusalem 1 2.995732273553991 2.995732273553991
jestice 1 4.605170185988092 4.605170185988092
jesus 1 2.659260036932778 2.659260036932778
joh 1 4.605170185988092 4.605170185988092
john 1 0.49429632181478017 0.49429632181478017
jose 1 2.120263536200091 2.120263536200091
joseph 1 1.5141277326297755 1.5141277326297755
josip 1 3.912023005428146 3.912023005428146
josipa 1 4.605170185988092 4.605170185988092
journal 1 1.3093333199837622 1.3093333199837622
joy 1 2.659260036932778 2.659260036932778
jstor 1 1.5141277326297755 1.5141277326297755
jubilee 1 3.912023005428146 3.912023005428146
julian 1 3.2188758248682006 3.2188758248682006
juliana 1 4.605170185988092 4.605170185988092
julienne 1 4.605170185988092 4.605170185988092
july 1 0.43078291609245434 0.43078291609245434
jump 1 0.0 0.0
jumping 1 3.506557897319982 3.506557897319982
jun 1 2.5257286443082556 2.5257286443082556
june 1 0.40047756659712536 0.40047756659712536
junoj 1 4.605170185988092 4.605170185988092
jurisdiction 1 2.995732273553991 2.995732273553991
katinas 1 4.605170185988092 4.605170185988092
katolikoj 1 4.605170185988092 4.605170185988092
kbenhavn 1 4.605170185988092 4.605170185988092
kept 1 2.407945608651872 2.407945608651872
kilometre 1 4.605170185988092 4.605170185988092
kind 1 2.5257286443082556 2.5257286443082556
king 1 1.3093333199837622 1.3093333199837622
kingos 1 4.605170185988092 4.605170185988092
kirche 1 4.605170185988092 4.605170185988092
kirchenpostille 1 4.605170185988092 4.605170185988092
kirke 1 4.605170185988092 4.605170185988092
kneel 1 4.605170185988092 4.605170185988092
kneeler 1 4.605170185988092 4.605170185988092
known 1 0.7985076962177716 0.7985076962177716
koinonia 1 4.605170185988092 4.605170185988092
korosante 1 4.605170185988092 4.605170185988092
kristi 1 3.912023005428146 3.912023005428146
kulmbach 1 4.605170185988092 4.605170185988092
kulturnoj 1 4.605170185988092 4.605170185988092
kyriale 1 4.605170185988092 4.605170185988092
kyrie 1 4.605170185988092 4.605170185988092
lace 1 3.912023005428146 3.912023005428146
lacking 1 2.120263536200091 2.120263536200091
ladin 1 4.605170185988092 4.605170185988092
laid 1 2.8134107167600364 2.8134107167600364
laity 1 4.605170185988092 4.605170185988092
lamp 1 3.506557897319982 3.506557897319982
landy 1 4.605170185988092 4.605170185988092
lang 1 1.9661128563728327 1.9661128563728327
language 1 0.0 0.0
langx 1 2.659260036932778 2.659260036932778
last 1 0.0 0.0
lastyear 1 4.605170185988092 4.605170185988092
late 1 1.3093333199837622 1.3093333199837622
later 1 0.5621189181535412 0.5621189181535412
lateran 1 4.605170185988092 4.605170185988092
latest 1 2.8134107167600364 2.8134107167600364
latin 1 2.5257286443082556 2.5257286443082556
latina 1 3.506557897319982 3.506557897319982
latinlanguage 1 3.506557897319982 3.506557897319982
latinminded 1 4.605170185988092 4.605170185988092
latter 1 1.6607312068216509 1.6607312068216509
latterday 1 3.506557897319982 3.506557897319982
latvia 1 2.995732273553991 2.995732273553991
lauda 1 4.605170185988092 4.605170185988092
lauds 1 4.605170185988092 4.605170185988092
lavabo 1 4.605170185988092 4.605170185988092
law 1 1.4271163556401458 1.4271163556401458
leading 1 1.3093333199837622 1.3093333199837622
learn 1 0.0 0.0
learned 1 2.5257286443082556 2.5257286443082556
least 1 1.8971199848858813 1.8971199848858813
lection 1 4.605170185988092 4.605170185988092
lections 1 4.605170185988092 4.605170185988092
lector 1 4.605170185988092 4.605170185988092
led 1 1.07880966137193 1.07880966137193
legate 1 4.605170185988092 4.605170185988092
legem 1 4.605170185988092 4.605170185988092
legems 1 4.605170185988092 4.605170185988092
legend 1 1.8325814637483102 1.8325814637483102
len 1 3.506557897319982 3.506557897319982
lent 1 4.605170185988092 4.605170185988092
leonine 1 4.605170185988092 4.605170185988092
leprosarium 1 4.605170185988092 4.605170185988092
lex 1 3.912023005428146 3.912023005428146
lexus 1 3.912023005428146 3.912023005428146
liaftercontent 1 0.127833371509885 0.127833371509885
liber 1 3.912023005428146 3.912023005428146
libera 1 4.605170185988092 4.605170185988092
liberal 1 2.659260036932778 2.659260036932778
libreria 1 4.605170185988092 4.605170185988092
license 1 0.0 0.0
liechtenstein 1 3.912023005428146 3.912023005428146
lietuvi 1 2.8134107167600364 2.8134107167600364
lige 1 4.605170185988092 4.605170185988092
ligecitation 1 4.605170185988092 4.605170185988092
like 1 1.2039728043259361 1.2039728043259361
lima 1 3.2188758248682006 3.2188758248682006
limarginbottom 1 0.9675840262617057 0.9675840262617057
limburgs 1 4.605170185988092 4.605170185988092
linen 1 4.605170185988092 4.605170185988092
lingua 1 3.912023005428146 3.912023005428146
link 1 0.0 0.0
list 1 0.6348782724359695 0.6348782724359695
lit 1 3.2188758248682006 3.2188758248682006
litany 1 4.605170185988092 4.605170185988092
literally 1 3.912023005428146 3.912023005428146
literature 1 1.9661128563728327 1.9661128563728327
little 1 1.4696759700589417 1.4696759700589417
liturgical 1 3.506557897319982 3.506557897319982
liturgically 1 4.605170185988092 4.605170185988092
liturgicalobjects 1 4.605170185988092 4.605170185988092
liturgy 1 3.506557897319982 3.506557897319982
live 1 1.2378743560016172 1.2378743560016172
lived 1 2.207274913189721 2.207274913189721
living 1 1.07880966137193 1.07880966137193
livio 1 4.605170185988092 4.605170185988092
local 1 1.4696759700589417 1.4696759700589417
location 1 1.171182981502945 1.171182981502945
log 1 0.0 0.0
logged 1 0.0 0.0
long 1 1.1086626245216111 1.1086626245216111
longed 1 4.605170185988092 4.605170185988092
lord 1 2.0402208285265546 2.0402208285265546
lost 1 1.171182981502945 1.171182981502945
lou 1 3.2188758248682006 3.2188758248682006
louvain 1 3.912023005428146 3.912023005428146
lovretia 1 4.605170185988092 4.605170185988092
lovretis 1 4.605170185988092 4.605170185988092
low 1 1.9661128563728327 1.9661128563728327
ltzebuergesch 1 4.605170185988092 4.605170185988092
lucia 1 4.605170185988092 4.605170185988092
luka 1 3.912023005428146 3.912023005428146
luki 1 4.605170185988092 4.605170185988092
luther 1 2.8134107167600364 2.8134107167600364
lutheran 1 3.2188758248682006 3.2188758248682006
lutheranism 1 4.605170185988092 4.605170185988092
made 1 0.653926467406664 0.653926467406664
magyar 1 2.0402208285265546 2.0402208285265546
main 1 0.0 0.0
maint 1 1.6607312068216509 1.6607312068216509
maintained 1 2.995732273553991 2.995732273553991
mainz 1 4.605170185988092 4.605170185988092
major 1 1.1086626245216111 1.1086626245216111
malta 1 3.506557897319982 3.506557897319982
mancha 1 3.912023005428146 3.912023005428146
manila 1 3.912023005428146 3.912023005428146
manlio 1 4.605170185988092 4.605170185988092
manuscript 1 2.8134107167600364 2.8134107167600364
manuterge 1 4.605170185988092 4.605170185988092
many 1 0.7550225842780328 0.7550225842780328
margaret 1 2.302585092994046 2.302585092994046
maria 1 1.9661128563728327 1.9661128563728327
marija 1 4.605170185988092 4.605170185988092
marino 1 3.2188758248682006 3.2188758248682006
mark 1 1.1394342831883648 1.1394342831883648
marked 1 2.207274913189721 2.207274913189721
marko 1 3.506557897319982 3.506557897319982
markovi 1 4.605170185988092 4.605170185988092
martin 1 1.3470736479666094 1.3470736479666094
mary 1 1.7719568419318754 1.7719568419318754
mass 1 1.9661128563728327 1.9661128563728327
master 1 1.3093333199837622 1.3093333199837622
masterpiece 1 4.605170185988092 4.605170185988092
match 1 0.8675005677047231 0.8675005677047231
material 1 1.3093333199837622 1.3093333199837622
maternity 1 4.605170185988092 4.605170185988092
mathiesen 1 4.605170185988092 4.605170185988092
maundy 1 4.605170185988092 4.605170185988092
may 1 0.0 0.0
mea 1 3.912023005428146 3.912023005428146
mean 1 1.7719568419318754 1.7719568419318754
meaning 1 2.5257286443082556 2.5257286443082556
medieval 1 3.506557897319982 3.506557897319982
medium 1 0.49429632181478017 0.49429632181478017
melchizedek 1 4.605170185988092 4.605170185988092
member 1 0.6733445532637655 0.6733445532637655
memorial 1 2.0402208285265546 2.0402208285265546
memorialism 1 4.605170185988092 4.605170185988092
men 1 1.2039728043259361 1.2039728043259361
mentioned 1 2.659260036932778 2.659260036932778
menu 1 0.0 0.0
mercy 1 2.5257286443082556 2.5257286443082556
mershman 1 4.605170185988092 4.605170185988092
message 1 1.5606477482646683 1.5606477482646683
metousiosis 1 4.605170185988092 4.605170185988092
mexico 1 1.5606477482646683 1.5606477482646683
midafternoon 1 3.912023005428146 3.912023005428146
midnight 1 3.506557897319982 3.506557897319982
ministry 1 2.120263536200091 2.120263536200091
minor 1 2.207274913189721 2.207274913189721
miracle 1 2.659260036932778 2.659260036932778
miri 1 4.605170185988092 4.605170185988092
misericord 1 4.605170185988092 4.605170185988092
missa 1 4.605170185988092 4.605170185988092
missal 1 4.605170185988092 4.605170185988092
missale 1 4.605170185988092 4.605170185988092
missing 1 1.8971199848858813 1.8971199848858813
mitre 1 4.605170185988092 4.605170185988092
mobile 1 0.0 0.0
modern 1 1.5606477482646683 1.5606477482646683
molini 1 4.605170185988092 4.605170185988092
monaco 1 3.506557897319982 3.506557897319982
monstrance 1 4.605170185988092 4.605170185988092
mont 1 4.605170185988092 4.605170185988092
montam 1 4.605170185988092 4.605170185988092
month 1 0.8915981192837835 0.8915981192837835
moon 1 2.407945608651872 2.407945608651872
moravia 1 4.605170185988092 4.605170185988092
mother 1 1.5141277326297755 1.5141277326297755
move 1 0.0 0.0
moveable 1 4.605170185988092 4.605170185988092
movement 1 1.6607312068216509 1.6607312068216509
much 1 1.171182981502945 1.171182981502945
multiple 1 1.6607312068216509 1.6607312068216509
multis 1 4.605170185988092 4.605170185988092
mundo 1 4.605170185988092 4.605170185988092
murcia 1 3.912023005428146 3.912023005428146
music 1 1.3862943611198906 1.3862943611198906
musical 1 1.8971199848858813 1.8971199848858813
musicology 1 4.605170185988092 4.605170185988092
must 1 2.0402208285265546 2.0402208285265546
mysterium 1 4.605170185988092 4.605170185988092
mystery 1 2.407945608651872 2.407945608651872
mystical 1 3.912023005428146 3.912023005428146
name 1 0.5276327420823719 0.5276327420823719
narodne 1 4.605170185988092 4.605170185988092
narodni 1 4.605170185988092 4.605170185988092
national 1 0.5108256237659907 0.5108256237659907
nativity 1 3.912023005428146 3.912023005428146
nature 1 2.0402208285265546 2.0402208285265546
navbar 1 0.23572233352106994 0.23572233352106994
navbarfontsizemedia 1 0.3147107448397002 0.3147107448397002
navbarmini 1 0.23572233352106994 0.23572233352106994
navbox 1 0.1392620673335076 0.1392620673335076
navboximage 1 0.1392620673335076 0.1392620673335076
navboxsubgroup 1 0.1392620673335076 0.1392620673335076
navboxtitle 1 0.1392620673335076 0.1392620673335076
navigation 1 0.0 0.0
nazivlje 1 4.605170185988092 4.605170185988092
near 1 1.8325814637483102 1.8325814637483102
nederland 1 1.7147984280919266 1.7147984280919266
need 1 1.2039728043259361 1.2039728043259361
needed 1 1.3862943611198906 1.3862943611198906
needing 1 1.8971199848858813 1.8971199848858813
neighboring 1 3.506557897319982 3.506557897319982
neradnim 1 4.605170185988092 4.605170185988092
never 1 1.4696759700589417 1.4696759700589417
new 1 0.24846135929849972 0.24846135929849972
newadventorg 1 4.605170185988092 4.605170185988092
news 1 0.843970070294529 0.843970070294529
next 1 1.1086626245216111 1.1086626245216111
nextyear 1 4.605170185988092 4.605170185988092
niceno 1 4.605170185988092 4.605170185988092
nnarticlewhitelist 1 2.407945608651872 2.407945608651872
nnciterefpatterns 1 2.407945608651872 2.407945608651872
nntemplatelist 1 2.407945608651872 2.407945608651872
nobis 1 4.605170185988092 4.605170185988092
nobold 1 3.912023005428146 3.912023005428146
nonprofit 1 0.0 0.0
nonworking 1 4.605170185988092 4.605170185988092
norbertine 1 4.605170185988092 4.605170185988092
normally 1 3.912023005428146 3.912023005428146
norsk 1 1.9661128563728327 1.9661128563728327
noster 1 3.912023005428146 3.912023005428146
notable 1 1.7719568419318754 1.7719568419318754
note 1 0.8209805520698303 0.8209805520698303
noun 1 4.605170185988092 4.605170185988092
nov 1 2.0402208285265546 2.0402208285265546
november 1 0.3011050927839216 0.3011050927839216
novine 1 4.605170185988092 4.605170185988092
nrrebro 1 4.605170185988092 4.605170185988092
number 1 0.7550225842780328 0.7550225842780328
nun 1 2.995732273553991 2.995732273553991
nuptial 1 4.605170185988092 4.605170185988092
nynorsk 1 2.8134107167600364 2.8134107167600364
obiaje 1 4.605170185988092 4.605170185988092
obiaji 1 4.605170185988092 4.605170185988092
obiajnik 1 4.605170185988092 4.605170185988092
obiljeavamo 1 4.605170185988092 4.605170185988092
oblation 1 4.605170185988092 4.605170185988092
obligation 1 3.506557897319982 3.506557897319982
observance 1 4.605170185988092 4.605170185988092
observe 1 4.605170185988092 4.605170185988092
observed 1 2.5257286443082556 2.5257286443082556
occasion 1 2.659260036932778 2.659260036932778
occurred 1 2.407945608651872 2.407945608651872
occurs 1 3.506557897319982 3.506557897319982
oclc 1 2.5257286443082556 2.5257286443082556
octave 1 3.912023005428146 3.912023005428146
october 1 0.28768207245178085 0.28768207245178085
odyssey 1 3.506557897319982 3.506557897319982
offertory 1 4.605170185988092 4.605170185988092
office 1 1.1086626245216111 1.1086626245216111
official 1 0.7550225842780328 0.7550225842780328
officially 1 2.8134107167600364 2.8134107167600364
often 1 1.6607312068216509 1.6607312068216509
oftentimes 1 4.605170185988092 4.605170185988092
oil 1 2.5257286443082556 2.5257286443082556
old 1 1.07880966137193 1.07880966137193
older 1 2.302585092994046 2.302585092994046
ollibeforecontent 1 0.127833371509885 0.127833371509885
one 1 0.23572233352106994 0.23572233352106994
onomastica 1 4.605170185988092 4.605170185988092
open 1 1.4696759700589417 1.4696759700589417
operato 1 4.605170185988092 4.605170185988092
opere 1 4.605170185988092 4.605170185988092
opinion 1 2.120263536200091 2.120263536200091
opole 1 4.605170185988092 4.605170185988092
opposed 1 2.407945608651872 2.407945608651872
oral 1 3.506557897319982 3.506557897319982
orandi 1 4.605170185988092 4.605170185988092
orate 1 4.605170185988092 4.605170185988092
orazio 1 4.605170185988092 4.605170185988092
order 1 1.171182981502945 1.171182981502945
ordered 1 2.302585092994046 2.302585092994046
ordinance 1 4.605170185988092 4.605170185988092
ordinary 1 3.2188758248682006 3.2188758248682006
ordo 1 3.912023005428146 3.912023005428146
organ 1 3.506557897319982 3.506557897319982
organization 1 0.0 0.0
organizationname 1 0.010050335853501506 0.010050335853501506
organum 1 4.605170185988092 4.605170185988092
orientem 1 4.605170185988092 4.605170185988092
origin 1 2.407945608651872 2.407945608651872
original 1 0.4155154439616658 0.4155154439616658
originally 1 1.9661128563728327 1.9661128563728327
orphaned 1 3.912023005428146 3.912023005428146
orthodox 1 2.995732273553991 2.995732273553991
orthodoxy 1 3.506557897319982 3.506557897319982
orthos 1 4.605170185988092 4.605170185988092
orvieto 1 4.605170185988092 4.605170185988092
orvito 1 4.605170185988092 4.605170185988092
others 1 1.1394342831883648 1.1394342831883648
otok 1 4.605170185988092 4.605170185988092
ottersweier 1 4.605170185988092 4.605170185988092
outside 1 1.7147984280919266 1.7147984280919266
ovim 1 4.605170185988092 4.605170185988092
oxford 1 2.5257286443082556 2.5257286443082556
pace 1 2.5257286443082556 2.5257286443082556
pacem 1 4.605170185988092 4.605170185988092
padding 1 2.659260036932778 2.659260036932778
page 1 0.0 0.0
pall 1 3.506557897319982 3.506557897319982
pallium 1 4.605170185988092 4.605170185988092
palm 1 2.995732273553991 2.995732273553991
pamela 1 3.912023005428146 3.912023005428146
panama 1 3.2188758248682006 3.2188758248682006
pange 1 4.605170185988092 4.605170185988092
pantalon 1 4.605170185988092 4.605170185988092
papal 1 2.995732273553991 2.995732273553991
papally 1 4.605170185988092 4.605170185988092
paradisum 1 4.605170185988092 4.605170185988092
paraguay 1 3.912023005428146 3.912023005428146
parameter 1 2.120263536200091 2.120263536200091
parish 1 3.506557897319982 3.506557897319982
parishioner 1 4.605170185988092 4.605170185988092
part 1 0.6348782724359695 0.6348782724359695
participant 1 3.2188758248682006 3.2188758248682006
participate 1 3.2188758248682006 3.2188758248682006
particularly 1 2.120263536200091 2.120263536200091
pascha 1 4.605170185988092 4.605170185988092
paschal 1 4.605170185988092 4.605170185988092
pass 1 2.407945608651872 2.407945608651872
passage 1 2.659260036932778 2.659260036932778
passion 1 3.506557897319982 3.506557897319982
passiontide 1 4.605170185988092 4.605170185988092
pasture 1 4.605170185988092 4.605170185988092
paten 1 4.605170185988092 4.605170185988092
pater 1 3.912023005428146 3.912023005428146
paterno 1 4.605170185988092 4.605170185988092
patrum 1 4.605170185988092 4.605170185988092
patum 1 4.605170185988092 4.605170185988092
paul 1 0.8675005677047231 0.8675005677047231
paula 1 2.995732273553991 2.995732273553991
pax 1 3.506557897319982 3.506557897319982
pcite 1 4.605170185988092 4.605170185988092
pdfprintable 1 0.0 0.0
pectoral 1 4.605170185988092 4.605170185988092
peculiar 1 3.912023005428146 3.912023005428146
peljeac 1 4.605170185988092 4.605170185988092
penn 1 2.995732273553991 2.995732273553991
pennsylvania 1 2.302585092994046 2.302585092994046
pentecost 1 3.912023005428146 3.912023005428146
people 1 0.49429632181478017 0.49429632181478017
per 1 1.7147984280919266 1.7147984280919266
performance 1 1.7719568419318754 1.7719568419318754
performed 1 2.120263536200091 2.120263536200091
permanent 1 0.0 0.0
persona 1 3.912023005428146 3.912023005428146
personal 1 0.0 0.0
persuasion 1 4.605170185988092 4.605170185988092
peru 1 3.2188758248682006 3.2188758248682006
petal 1 4.605170185988092 4.605170185988092
peter 1 1.3093333199837622 1.3093333199837622
petitioned 1 3.912023005428146 3.912023005428146
philippine 1 2.302585092994046 2.302585092994046
photo 1 2.120263536200091 2.120263536200091
phrase 1 2.995732273553991 2.995732273553991
phyllis 1 2.995732273553991 2.995732273553991
pie 1 3.2188758248682006 3.2188758248682006
pilgrim 1 3.506557897319982 3.506557897319982
piscina 1 4.605170185988092 4.605170185988092
pius 1 3.912023005428146 3.912023005428146
place 1 0.653926467406664 0.653926467406664
placed 1 1.7147984280919266 1.7147984280919266
plainlist 1 0.7339691750802005 0.7339691750802005
play 1 1.2039728043259361 1.2039728043259361
playacting 1 4.605170185988092 4.605170185988092
plaza 1 3.912023005428146 3.912023005428146
plead 1 3.912023005428146 3.912023005428146
please 1 1.7719568419318754 1.7719568419318754
pleiades 1 4.605170185988092 4.605170185988092
plenary 1 3.912023005428146 3.912023005428146
pneumatic 1 4.605170185988092 4.605170185988092
poega 1 4.605170185988092 4.605170185988092
point 1 1.2729656758128876 1.2729656758128876
poland 1 2.302585092994046 2.302585092994046
policy 1 0.0 0.0
polished 1 3.912023005428146 3.912023005428146
polski 1 1.3470736479666094 1.3470736479666094
polyphony 1 4.605170185988092 4.605170185988092
pontiff 1 4.605170185988092 4.605170185988092
pontifical 1 4.605170185988092 4.605170185988092
pontificale 1 4.605170185988092 4.605170185988092
pontificum 1 4.605170185988092 4.605170185988092
pope 1 2.8134107167600364 2.8134107167600364
popular 1 1.4696759700589417 1.4696759700589417
population 1 2.207274913189721 2.207274913189721
populo 1 4.605170185988092 4.605170185988092
portal 1 0.0 0.0
portalborderborderpx 1 2.407945608651872 2.407945608651872
portalleftmarginem 1 2.407945608651872 2.407945608651872
porter 1 2.659260036932778 2.659260036932778
portugal 1 2.302585092994046 2.302585092994046
portugueselanguage 1 3.2188758248682006 3.2188758248682006
portugus 1 1.171182981502945 1.171182981502945
posebno 1 4.605170185988092 4.605170185988092
poslovice 1 4.605170185988092 4.605170185988092
possible 1 1.8971199848858813 1.8971199848858813
post 1 1.07880966137193 1.07880966137193
postcommunio 1 4.605170185988092 4.605170185988092
postils 1 4.605170185988092 4.605170185988092
practice 1 2.0402208285265546 2.0402208285265546
practiced 1 3.912023005428146 3.912023005428146
prague 1 2.995732273553991 2.995732273553991
prayer 1 2.8134107167600364 2.8134107167600364
pre 1 2.5257286443082556 2.5257286443082556
precedes 1 4.605170185988092 4.605170185988092
preces 1 4.605170185988092 4.605170185988092
precious 1 3.912023005428146 3.912023005428146
predominantly 1 3.912023005428146 3.912023005428146
preexisting 1 4.605170185988092 4.605170185988092
preface 1 4.605170185988092 4.605170185988092
preparation 1 2.8134107167600364 2.8134107167600364
presbyterian 1 3.506557897319982 3.506557897319982
presence 1 2.207274913189721 2.207274913189721
presentation 1 2.995732273553991 2.995732273553991
preservation 1 4.605170185988092 4.605170185988092
preserved 1 3.506557897319982 3.506557897319982
presided 1 3.912023005428146 3.912023005428146
presiding 1 3.912023005428146 3.912023005428146
press 1 0.7550225842780328 0.7550225842780328
priest 1 2.207274913189721 2.207274913189721
priesthood 1 3.506557897319982 3.506557897319982
primarily 1 2.407945608651872 2.407945608651872
primum 1 4.605170185988092 4.605170185988092
princeps 1 4.605170185988092 4.605170185988092
principal 1 2.8134107167600364 2.8134107167600364
printbodyns 1 0.09431067947124142 0.09431067947124142
printexport 1 0.0 0.0
privacy 1 0.0 0.0
pro 1 1.6607312068216509 1.6607312068216509
problem 1 2.120263536200091 2.120263536200091
processing 1 4.605170185988092 4.605170185988092
procession 1 4.605170185988092 4.605170185988092
processional 1 4.605170185988092 4.605170185988092
prodiens 1 4.605170185988092 4.605170185988092
profundis 1 4.605170185988092 4.605170185988092
progressed 1 4.605170185988092 4.605170185988092
project 1 0.0 0.0
prominent 1 2.407945608651872 2.407945608651872
promulgated 1 3.506557897319982 3.506557897319982
proper 1 2.8134107167600364 2.8134107167600364
properly 1 2.995732273553991 2.995732273553991
propers 1 4.605170185988092 4.605170185988092
proposed 1 2.5257286443082556 2.5257286443082556
protection 1 2.407945608651872 2.407945608651872
protestant 1 2.995732273553991 2.995732273553991
protestantism 1 3.506557897319982 3.506557897319982
proverb 1 4.605170185988092 4.605170185988092
provide 1 2.302585092994046 2.302585092994046
provides 1 2.659260036932778 2.659260036932778
province 1 2.120263536200091 2.120263536200091
psalm 1 3.506557897319982 3.506557897319982
psalter 1 3.912023005428146 3.912023005428146
public 1 0.9675840262617057 0.9675840262617057
publication 1 1.3862943611198906 1.3862943611198906
published 1 1.3862943611198906 1.3862943611198906
publisher 1 1.8325814637483102 1.8325814637483102
pucp 1 4.605170185988092 4.605170185988092
puerto 1 3.2188758248682006 3.2188758248682006
puka 1 4.605170185988092 4.605170185988092
pure 1 2.5257286443082556 2.5257286443082556
purification 1 3.506557897319982 3.506557897319982
purificator 1 4.605170185988092 4.605170185988092
purified 1 4.605170185988092 4.605170185988092
put 1 1.8971199848858813 1.8971199848858813
pyrotechnic 1 4.605170185988092 4.605170185988092
pyx 1 4.605170185988092 4.605170185988092
quattuor 1 4.605170185988092 4.605170185988092
quechua 1 4.605170185988092 4.605170185988092
question 1 1.7719568419318754 1.7719568419318754
quick 1 3.912023005428146 3.912023005428146
quinquagesima 1 4.605170185988092 4.605170185988092
qullqa 1 4.605170185988092 4.605170185988092
quo 1 4.605170185988092 4.605170185988092
qurbana 1 4.605170185988092 4.605170185988092
qurobo 1 4.605170185988092 4.605170185988092
quylluriti 1 4.605170185988092 4.605170185988092
rail 1 2.995732273553991 2.995732273553991
random 1 0.0 0.0
ranking 1 2.207274913189721 2.207274913189721
rappler 1 4.605170185988092 4.605170185988092
rather 1 2.120263536200091 2.120263536200091
read 1 0.0 0.0
reading 1 1.5606477482646683 1.5606477482646683
real 1 1.4271163556401458 1.4271163556401458
reason 1 1.9661128563728327 1.9661128563728327
reasonsespecially 1 4.605170185988092 4.605170185988092
recent 1 0.0 0.0
receptionism 1 4.605170185988092 4.605170185988092
recessional 1 4.605170185988092 4.605170185988092
reciting 1 4.605170185988092 4.605170185988092
recognize 1 2.995732273553991 2.995732273553991
recognized 1 2.659260036932778 2.659260036932778
recorded 1 1.6607312068216509 1.6607312068216509
recto 1 4.605170185988092 4.605170185988092
red 1 1.07880966137193 1.07880966137193
redeemer 1 4.605170185988092 4.605170185988092
redirect 1 3.912023005428146 3.912023005428146
redirects 1 3.506557897319982 3.506557897319982
reference 1 0.03045920748470844 0.03045920748470844
reflist 1 0.06187540371808745 0.06187540371808745
reflistcolumns 1 0.06187540371808745 0.06187540371808745
reform 1 2.0402208285265546 2.0402208285265546
reformation 1 3.912023005428146 3.912023005428146
reformed 1 3.912023005428146 3.912023005428146
reg 1 0.0 0.0
regarded 1 2.995732273553991 2.995732273553991
regimen 1 4.605170185988092 4.605170185988092
region 1 1.6607312068216509 1.6607312068216509
regionally 1 4.605170185988092 4.605170185988092
registered 1 0.0 0.0
reinstated 1 3.506557897319982 3.506557897319982
reintroduced 1 3.912023005428146 3.912023005428146
related 1 0.0 0.0
relatedto 1 4.605170185988092 4.605170185988092
relayed 1 4.605170185988092 4.605170185988092
relevance 1 4.605170185988092 4.605170185988092
reliable 1 1.9661128563728327 1.9661128563728327
religious 1 2.0402208285265546 2.0402208285265546
remain 1 2.207274913189721 2.207274913189721
remedy 1 3.506557897319982 3.506557897319982
remembrance 1 3.506557897319982 3.506557897319982
remove 1 1.6607312068216509 1.6607312068216509
removed 1 1.6094379124341003 1.6094379124341003
repeated 1 2.995732273553991 2.995732273553991
report 1 1.1086626245216111 1.1086626245216111
reported 1 1.8325814637483102 1.8325814637483102
repose 1 4.605170185988092 4.605170185988092
representative 1 1.7147984280919266 1.7147984280919266
represents 1 2.5257286443082556 2.5257286443082556
republic 1 1.5141277326297755 1.5141277326297755
republici 1 4.605170185988092 4.605170185988092
requiem 1 3.506557897319982 3.506557897319982
requiescant 1 4.605170185988092 4.605170185988092
reserved 1 4.605170185988092 4.605170185988092
residency 1 3.912023005428146 3.912023005428146
respective 1 3.2188758248682006 3.2188758248682006
resulted 1 2.120263536200091 2.120263536200091
retained 1 2.659260036932778 2.659260036932778
retrieved 1 0.0 0.0
return 1 1.07880966137193 1.07880966137193
review 1 1.07880966137193 1.07880966137193
revised 1 2.407945608651872 2.407945608651872
revision 1 4.605170185988092 4.605170185988092
rica 1 3.506557897319982 3.506557897319982
richard 1 1.1394342831883648 1.1394342831883648
rico 1 3.506557897319982 3.506557897319982
ring 1 1.8971199848858813 1.8971199848858813
ripoarisch 1 4.605170185988092 4.605170185988092
rite 1 2.995732273553991 2.995732273553991
ritual 1 3.2188758248682006 3.2188758248682006
rituale 1 4.605170185988092 4.605170185988092
robert 1 0.8675005677047231 0.8675005677047231
rock 1 1.6094379124341003 1.6094379124341003
rogation 1 4.605170185988092 4.605170185988092
rogerson 1 4.605170185988092 4.605170185988092
roman 1 1.7719568419318754 1.7719568419318754
romanum 1 4.605170185988092 4.605170185988092
rome 1 3.506557897319982 3.506557897319982
romn 1 2.5257286443082556 2.5257286443082556
root 1 2.5257286443082556 2.5257286443082556
rorate 1 4.605170185988092 4.605170185988092
rose 1 1.8325814637483102 1.8325814637483102
roszczenko 1 4.605170185988092 4.605170185988092
route 1 2.8134107167600364 2.8134107167600364
rubin 1 3.912023005428146 3.912023005428146
rubric 1 4.605170185988092 4.605170185988092
runa 1 4.605170185988092 4.605170185988092
rung 1 3.912023005428146 3.912023005428146
ruthenian 1 4.605170185988092 4.605170185988092
sacrament 1 3.506557897319982 3.506557897319982
sacramental 1 4.605170185988092 4.605170185988092
sacramentarians 1 4.605170185988092 4.605170185988092
sacramentary 1 4.605170185988092 4.605170185988092
sacred 1 2.995732273553991 2.995732273553991
sacris 1 4.605170185988092 4.605170185988092
sacristy 1 4.605170185988092 4.605170185988092
said 1 1.5606477482646683 1.5606477482646683
saint 1 1.6607312068216509 1.6607312068216509
sainte 1 3.506557897319982 3.506557897319982
salt 1 2.8134107167600364 2.8134107167600364
salutaris 1 4.605170185988092 4.605170185988092
salvatorem 1 4.605170185988092 4.605170185988092
salvific 1 4.605170185988092 4.605170185988092
san 1 1.2378743560016172 1.2378743560016172
sanctissimi 1 4.605170185988092 4.605170185988092
sancto 1 4.605170185988092 4.605170185988092
sanctuary 1 4.605170185988092 4.605170185988092
sanctus 1 4.605170185988092 4.605170185988092
sand 1 3.2188758248682006 3.2188758248682006
sandal 1 4.605170185988092 4.605170185988092
sanguinis 1 4.605170185988092 4.605170185988092
sanguis 1 4.605170185988092 4.605170185988092
sanja 1 4.605170185988092 4.605170185988092
sankt 1 3.912023005428146 3.912023005428146
santa 1 2.659260036932778 2.659260036932778
saturday 1 2.407945608651872 2.407945608651872
saying 1 1.8325814637483102 1.8325814637483102
schola 1 4.605170185988092 4.605170185988092
scholar 1 1.7147984280919266 1.7147984280919266
scholarly 1 3.506557897319982 3.506557897319982
school 1 0.7765287894989963 0.7765287894989963
scid 1 2.659260036932778 2.659260036932778
screen 1 0.010050335853501506 0.010050335853501506
search 1 0.0 0.0
season 1 1.1394342831883648 1.1394342831883648
sebastian 1 2.5257286443082556 2.5257286443082556
second 1 0.49429632181478017 0.49429632181478017
secret 1 2.0402208285265546 2.0402208285265546
section 1 1.8325814637483102 1.8325814637483102
see 1 0.40047756659712536 0.40047756659712536
sekere 1 4.605170185988092 4.605170185988092
selection 1 2.5257286443082556 2.5257286443082556
selfgiving 1 4.605170185988092 4.605170185988092
senn 1 4.605170185988092 4.605170185988092
separate 1 2.659260036932778 2.659260036932778
september 1 0.43078291609245434 0.43078291609245434
septuagesima 1 4.605170185988092 4.605170185988092
sequence 1 2.302585092994046 2.302585092994046
sequentia 1 4.605170185988092 4.605170185988092
series 1 0.8675005677047231 0.8675005677047231
server 1 3.2188758248682006 3.2188758248682006
service 1 1.2378743560016172 1.2378743560016172
set 1 0.9942522733438669 0.9942522733438669
several 1 0.8209805520698303 0.8209805520698303
seville 1 4.605170185988092 4.605170185988092
sexagesima 1 4.605170185988092 4.605170185988092
seychelles 1 4.605170185988092 4.605170185988092
sfn 1 2.5257286443082556 2.5257286443082556
shameful 1 3.912023005428146 3.912023005428146
share 1 0.0 0.0
short 1 0.06187540371808745 0.06187540371808745
shortened 1 0.0 0.0
show 1 1.0498221244986776 1.0498221244986776
shrine 1 3.2188758248682006 3.2188758248682006
sicca 1 4.605170185988092 4.605170185988092
sidebar 1 0.0 0.0
sidebarcollapse 1 2.302585092994046 2.302585092994046
sidebarnotnotheme 1 2.302585092994046 2.302585092994046
sideboxmarginpx 1 1.3862943611198906 1.3862943611198906
sideboxtextpaddingem 1 1.3862943611198906 1.3862943611198906
sight 1 3.506557897319982 3.506557897319982
sign 1 1.8971199848858813 1.8971199848858813
significance 1 3.506557897319982 3.506557897319982
signified 1 4.605170185988092 4.605170185988092
sikirevci 1 4.605170185988092 4.605170185988092
silvergilt 1 4.605170185988092 4.605170185988092
simi 1 3.912023005428146 3.912023005428146
simple 1 2.407945608651872 2.407945608651872
sin 1 3.2188758248682006 3.2188758248682006
sinaqara 1 4.605170185988092 4.605170185988092
since 1 0.7985076962177716 0.7985076962177716
sine 1 4.605170185988092 4.605170185988092
singing 1 2.5257286443082556 2.5257286443082556
singmesse 1 4.605170185988092 4.605170185988092
sion 1 4.605170185988092 4.605170185988092
sister 1 1.8325814637483102 1.8325814637483102
sistersitebox 1 1.3862943611198906 1.3862943611198906
site 1 0.0 0.0
sixteenth 1 3.506557897319982 3.506557897319982
sixto 1 3.912023005428146 3.912023005428146
sky 1 2.5257286443082556 2.5257286443082556
slovenina 1 2.5257286443082556 2.5257286443082556
sloveninalnski 1 4.605170185988092 4.605170185988092
small 1 1.4271163556401458 1.4271163556401458
sodi 1 4.605170185988092 4.605170185988092
solely 1 3.2188758248682006 3.2188758248682006
solemn 1 3.912023005428146 3.912023005428146
solemniis 1 4.605170185988092 4.605170185988092
solemnity 1 4.605170185988092 4.605170185988092
solid 1 0.09431067947124142 0.09431067947124142
sollecitudini 1 4.605170185988092 4.605170185988092
sombre 1 3.912023005428146 3.912023005428146
sometimes 1 2.302585092994046 2.302585092994046
sophisticated 1 3.912023005428146 3.912023005428146
soul 1 2.8134107167600364 2.8134107167600364
source 1 0.5798184952529422 0.5798184952529422
sourcebook 1 4.605170185988092 4.605170185988092
sourcesin 1 4.605170185988092 4.605170185988092
south 1 0.9162907318741551 0.9162907318741551
southern 1 1.6607312068216509 1.6607312068216509
space 1 1.7719568419318754 1.7719568419318754
spain 1 1.6607312068216509 1.6607312068216509
spaincitation 1 4.605170185988092 4.605170185988092
span 1 3.2188758248682006 3.2188758248682006
spanish 1 1.7719568419318754 1.7719568419318754
spanishlanguage 1 2.5257286443082556 2.5257286443082556
speaking 1 2.8134107167600364 2.8134107167600364
special 1 0.0 0.0
spelling 1 3.912023005428146 3.912023005428146
spellos 1 4.605170185988092 4.605170185988092
spiritual 1 2.120263536200091 2.120263536200091
splendid 1 4.605170185988092 4.605170185988092
spoke 1 3.2188758248682006 3.2188758248682006
spomendani 1 4.605170185988092 4.605170185988092
spomendanima 1 4.605170185988092 4.605170185988092
spoon 1 4.605170185988092 4.605170185988092
spot 1 2.659260036932778 2.659260036932778
spring 1 1.5606477482646683 1.5606477482646683
spycimierz 1 4.605170185988092 4.605170185988092
square 1 2.120263536200091 2.120263536200091
stained 1 4.605170185988092 4.605170185988092
stand 1 2.120263536200091 2.120263536200091
standardization 1 4.605170185988092 4.605170185988092
state 1 0.3147107448397002 0.3147107448397002
statement 1 0.0 0.0
station 1 1.8325814637483102 1.8325814637483102
statistic 1 0.0 0.0
stjepan 1 4.605170185988092 4.605170185988092
stole 1 3.912023005428146 3.912023005428146
stood 1 3.2188758248682006 3.2188758248682006
stop 1 2.120263536200091 2.120263536200091
storehouse 1 4.605170185988092 4.605170185988092
strahov 1 4.605170185988092 4.605170185988092
street 1 1.4271163556401458 1.4271163556401458
strictly 1 4.605170185988092 4.605170185988092
structure 1 1.8325814637483102 1.8325814637483102
study 1 1.2729656758128876 1.2729656758128876
subcinctorium 1 4.605170185988092 4.605170185988092
subdeacon 1 4.605170185988092 4.605170185988092
subsection 1 0.3424903089467759 0.3424903089467759
success 1 1.8325814637483102 1.8325814637483102
successor 1 2.207274913189721 2.207274913189721
summer 1 1.5141277326297755 1.5141277326297755
summorum 1 4.605170185988092 4.605170185988092
sunday 1 1.9661128563728327 1.9661128563728327
sung 1 2.995732273553991 2.995732273553991
suomi 1 1.7719568419318754 1.7719568419318754
superhumerale 1 4.605170185988092 4.605170185988092
supernum 1 4.605170185988092 4.605170185988092
supper 1 4.605170185988092 4.605170185988092
suppressed 1 3.912023005428146 3.912023005428146
suppression 1 3.2188758248682006 3.2188758248682006
surplice 1 4.605170185988092 4.605170185988092
surrounded 1 2.995732273553991 2.995732273553991
sursum 1 4.605170185988092 4.605170185988092
suspended 1 2.995732273553991 2.995732273553991
svenska 1 1.9661128563728327 1.9661128563728327
svijetu 1 4.605170185988092 4.605170185988092
switzerland 1 2.407945608651872 2.407945608651872
symbolical 1 4.605170185988092 4.605170185988092
synaxarion 1 4.605170185988092 4.605170185988092
syncretism 1 4.605170185988092 4.605170185988092
synod 1 3.912023005428146 3.912023005428146
tabernacle 1 4.605170185988092 4.605170185988092
table 1 0.0 0.0
takala 1 4.605170185988092 4.605170185988092
take 1 0.9675840262617057 0.9675840262617057
taken 1 2.0402208285265546 2.0402208285265546
talk 1 0.0 0.0
tantum 1 4.605170185988092 4.605170185988092
tapete 1 4.605170185988092 4.605170185988092
tapetes 1 4.605170185988092 4.605170185988092
tdhlist 1 0.1392620673335076 0.1392620673335076
teaching 1 2.302585092994046 2.302585092994046
template 1 0.0 0.0
temple 1 2.5257286443082556 2.5257286443082556
ten 1 1.5141277326297755 1.5141277326297755
tenebrae 1 4.605170185988092 4.605170185988092
term 1 0.0 0.0
terminology 1 3.2188758248682006 3.2188758248682006
text 1 0.0 0.0
thanksgiving 1 3.912023005428146 3.912023005428146
thbodyskinresponsive 1 0.3147107448397002 0.3147107448397002
thcentury 1 3.506557897319982 3.506557897319982
thed 1 3.506557897319982 3.506557897319982
theological 1 3.506557897319982 3.506557897319982
theology 1 2.995732273553991 2.995732273553991
thereafter 1 3.2188758248682006 3.2188758248682006
therealpresenceorg 1 4.605170185988092 4.605170185988092
therefore 1 2.207274913189721 2.207274913189721
thing 1 1.5606477482646683 1.5606477482646683
thisdate 1 4.605170185988092 4.605170185988092
thomas 1 1.1394342831883648 1.1394342831883648
thorete 1 4.605170185988092 4.605170185988092
though 1 1.6607312068216509 1.6607312068216509
thourotte 1 4.605170185988092 4.605170185988092
thousand 1 1.9661128563728327 1.9661128563728327
three 1 0.5798184952529422 0.5798184952529422
throughout 1 1.171182981502945 1.171182981502945
throw 1 3.2188758248682006 3.2188758248682006
thth 1 4.605170185988092 4.605170185988092
thurible 1 4.605170185988092 4.605170185988092
thursday 1 4.605170185988092 4.605170185988092
tiara 1 4.605170185988092 4.605170185988092
tijelovo 1 4.605170185988092 4.605170185988092
time 1 0.28768207245178085 0.28768207245178085
timor 1 4.605170185988092 4.605170185988092
ting 1 2.407945608651872 2.407945608651872
tischreden 1 4.605170185988092 4.605170185988092
tkalec 1 4.605170185988092 4.605170185988092
tobago 1 3.912023005428146 3.912023005428146
today 1 1.4696759700589417 1.4696759700589417
together 1 1.5141277326297755 1.5141277326297755
toggle 1 0.010050335853501506 0.010050335853501506
toledo 1 2.995732273553991 2.995732273553991
tonary 1 4.605170185988092 4.605170185988092
tone 1 3.912023005428146 3.912023005428146
tongeren 1 3.912023005428146 3.912023005428146
tono 1 4.605170185988092 4.605170185988092
took 1 1.171182981502945 1.171182981502945
tool 1 0.0 0.0
top 1 0.010050335853501506 0.010050335853501506
topic 1 0.0 0.0
total 1 0.0 0.0
town 1 2.302585092994046 2.302585092994046
townspeople 1 4.605170185988092 4.605170185988092
tra 1 4.605170185988092 4.605170185988092
tract 1 3.912023005428146 3.912023005428146
trademark 1 0.0 0.0
tradition 1 2.207274913189721 2.207274913189721
traditional 1 2.302585092994046 2.302585092994046
traditionalist 1 3.506557897319982 3.506557897319982
traditionis 1 4.605170185988092 4.605170185988092
transfiguration 1 4.605170185988092 4.605170185988092
transignification 1 4.605170185988092 4.605170185988092
transiturus 1 4.605170185988092 4.605170185988092
transitus 1 4.605170185988092 4.605170185988092
translates 1 3.912023005428146 3.912023005428146
translation 1 2.302585092994046 2.302585092994046
transubstantiation 1 4.605170185988092 4.605170185988092
travelled 1 4.605170185988092 4.605170185988092
treating 1 3.912023005428146 3.912023005428146
tree 1 2.5257286443082556 2.5257286443082556
trent 1 3.912023005428146 3.912023005428146
triacca 1 4.605170185988092 4.605170185988092
tridentine 1 4.605170185988092 4.605170185988092
triduum 1 4.605170185988092 4.605170185988092
trinidad 1 3.2188758248682006 3.2188758248682006
trinity 1 2.5257286443082556 2.5257286443082556
triple 1 2.302585092994046 2.302585092994046
trke 1 2.207274913189721 2.207274913189721
troyes 1 4.605170185988092 4.605170185988092
truly 1 3.912023005428146 3.912023005428146
tunicle 1 4.605170185988092 4.605170185988092
two 1 0.43078291609245434 0.43078291609245434
type 1 1.2729656758128876 1.2729656758128876
ubl 1 4.605170185988092 4.605170185988092
ugcc 1 4.605170185988092 4.605170185988092
ukrainian 1 3.2188758248682006 3.2188758248682006
ulpaddingem 1 0.1392620673335076 0.1392620673335076
unesco 1 3.912023005428146 3.912023005428146
unescoorg 1 4.605170185988092 4.605170185988092
uniejw 1 4.605170185988092 4.605170185988092
union 1 1.07880966137193 1.07880966137193
united 1 0.4155154439616658 0.4155154439616658
universal 1 2.407945608651872 2.407945608651872
university 1 0.616186139423817 0.616186139423817
unless 1 2.8134107167600364 2.8134107167600364
unreliable 1 4.605170185988092 4.605170185988092
unsourced 1 1.3862943611198906 1.3862943611198906
upcoming 1 3.506557897319982 3.506557897319982
updated 1 2.302585092994046 2.302585092994046
upe 1 4.605170185988092 4.605170185988092
upload 1 0.0 0.0
upon 1 1.2729656758128876 1.2729656758128876
urban 1 2.120263536200091 2.120263536200091
urgent 1 3.912023005428146 3.912023005428146
us 1 1.6094379124341003 1.6094379124341003
use 1 0.0 0.0
used 1 0.8675005677047231 0.8675005677047231
using 1 0.0 0.0
usualis 1 4.605170185988092 4.605170185988092
usually 1 2.995732273553991 2.995732273553991
utc 1 0.0 0.0
uzreice 1 4.605170185988092 4.605170185988092
vain 1 3.912023005428146 3.912023005428146
valentini 1 4.605170185988092 4.605170185988092
valley 1 2.120263536200091 2.120263536200091
value 1 1.9661128563728327 1.9661128563728327
vane 1 4.605170185988092 4.605170185988092
var 1 0.0 0.0
variation 1 3.506557897319982 3.506557897319982
various 1 1.5141277326297755 1.5141277326297755
varo 1 4.605170185988092 4.605170185988092
vaticana 1 4.605170185988092 4.605170185988092
veernji 1 4.605170185988092 4.605170185988092
veil 1 3.912023005428146 3.912023005428146
venerated 1 4.605170185988092 4.605170185988092
veneration 1 4.605170185988092 4.605170185988092
venezuelacitation 1 4.605170185988092 4.605170185988092
venice 1 3.506557897319982 3.506557897319982
verbum 1 4.605170185988092 4.605170185988092
verification 1 2.120263536200091 2.120263536200091
vernacular 1 4.605170185988092 4.605170185988092
verse 1 2.5257286443082556 2.5257286443082556
version 1 0.0 0.0
vesper 1 3.912023005428146 3.912023005428146
vessel 1 2.659260036932778 2.659260036932778
vesting 1 4.605170185988092 4.605170185988092
vestment 1 4.605170185988092 4.605170185988092
via 1 1.4271163556401458 1.4271163556401458
viaticum 1 4.605170185988092 4.605170185988092
vicariate 1 4.605170185988092 4.605170185988092
vidi 1 4.605170185988092 4.605170185988092
vie 1 4.605170185988092 4.605170185988092
view 1 0.0 0.0
viewed 1 3.506557897319982 3.506557897319982
vigil 1 3.912023005428146 3.912023005428146
vila 1 2.995732273553991 2.995732273553991
village 1 2.659260036932778 2.659260036932778
vimpa 1 4.605170185988092 4.605170185988092
virgin 1 3.2188758248682006 3.2188758248682006
vision 1 2.120263536200091 2.120263536200091
visitation 1 3.506557897319982 3.506557897319982
vit 1 2.407945608651872 2.407945608651872
vita 1 3.912023005428146 3.912023005428146
voice 1 2.120263536200091 2.120263536200091
voivodeship 1 3.912023005428146 3.912023005428146
vojvodina 1 3.912023005428146 3.912023005428146
vol 1 1.5606477482646683 1.5606477482646683
volume 1 1.6094379124341003 1.6094379124341003
voluntary 1 3.2188758248682006 3.2188758248682006
von 1 2.120263536200091 2.120263536200091
vorzglichsten 1 4.605170185988092 4.605170185988092
votive 1 4.605170185988092 4.605170185988092
vte 1 0.7550225842780328 0.7550225842780328
vulgate 1 3.912023005428146 3.912023005428146
vuli 1 4.605170185988092 4.605170185988092
wafer 1 4.605170185988092 4.605170185988092
wainwright 1 3.912023005428146 3.912023005428146
wall 1 1.9661128563728327 1.9661128563728327
walter 1 1.7147984280919266 1.7147984280919266
war 1 0.7985076962177716 0.7985076962177716
washing 1 4.605170185988092 4.605170185988092
water 1 1.5606477482646683 1.5606477482646683
way 1 1.1086626245216111 1.1086626245216111
web 1 1.4696759700589417 1.4696759700589417
wednesday 1 3.506557897319982 3.506557897319982
week 1 1.2729656758128876 1.2729656758128876
weekday 1 3.912023005428146 3.912023005428146
weiser 1 4.605170185988092 4.605170185988092
well 1 0.7765287894989963 0.7765287894989963
western 1 1.2039728043259361 1.2039728043259361
wherever 1 4.605170185988092 4.605170185988092
white 1 1.171182981502945 1.171182981502945
whole 1 2.120263536200091 2.120263536200091
whose 1 1.7147984280919266 1.7147984280919266
wide 1 2.5257286443082556 2.5257286443082556
widely 1 2.995732273553991 2.995732273553991
wikidata 1 0.010050335853501506 0.010050335853501506
wikimedia 1 0.0 0.0
wikipedia 1 0.0 0.0
wikisource 1 2.8134107167600364 2.8134107167600364
window 1 2.995732273553991 2.995732273553991
wine 1 3.912023005428146 3.912023005428146
winter 1 1.8325814637483102 1.8325814637483102
within 1 1.3862943611198906 1.3862943611198906
witnessed 1 3.506557897319982 3.506557897319982
woman 1 1.171182981502945 1.171182981502945
word 1 1.6094379124341003 1.6094379124341003
work 1 0.7133498878774648 0.7133498878774648
world 1 0.5108256237659907 0.5108256237659907
worship 1 2.995732273553991 2.995732273553991
wreath 1 3.912023005428146 3.912023005428146
wright 1 2.302585092994046 2.302585092994046
writing 1 1.8325814637483102 1.8325814637483102
written 1 0.9416085398584451 0.9416085398584451
wrote 1 1.3470736479666094 1.3470736479666094
wwwhaverfordedu 1 4.605170185988092 4.605170185988092
wwwkalenderat 1 4.605170185988092 4.605170185988092
xii 1 4.605170185988092 4.605170185988092
xvi 1 3.912023005428146 3.912023005428146
xxii 1 4.605170185988092 4.605170185988092
xxv 1 3.912023005428146 3.912023005428146
year 1 0.3424903089467759 0.3424903089467759
york 1 0.8209805520698303 0.8209805520698303
youcat 1 4.605170185988092 4.605170185988092
young 1 1.2378743560016172 1.2378743560016172
zagreb 1 4.605170185988092 4.605170185988092
zakon 1 4.605170185988092 4.605170185988092
zamoisk 1 4.605170185988092 4.605170185988092
zapisima 1 4.605170185988092 4.605170185988092
zapravo 1 4.605170185988092 4.605170185988092
zato 1 4.605170185988092 4.605170185988092
zbornik 1 4.605170185988092 4.605170185988092
zenitorg 1 4.605170185988092 4.605170185988092
znate 1 4.605170185988092 4.605170185988092
