absolute 1 2.5257286443082556 2.5257286443082556
absolutepunknet 1 4.605170185988092 4.605170185988092
accepted 1 2.207274913189721 2.207274913189721
acclaimed 1 3.2188758248682006 3.2188758248682006
accompanied 1 2.8134107167600364 2.8134107167600364
according 1 1.3093333199837622 1.3093333199837622
account 1 0.0 0.0
ace 1 2.995732273553991 2.995732273553991
acoustic 1 3.912023005428146 3.912023005428146
action 1 0.0 0.0
add 1 0.0 0.0
addition 1 1.3862943611198906 1.3862943611198906
additional 1 0.0 0.0
agree 1 0.0 0.0
album 1 2.407945608651872 2.407945608651872
albumby 1 2.995732273553991 2.995732273553991
albumss 1 4.605170185988092 4.605170185988092
alike 1 0.0 0.0
allmusic 1 4.605170185988092 4.605170185988092
alongside 1 1.9661128563728327 1.9661128563728327
also 1 0.127833371509885 0.127833371509885
alt 1 2.995732273553991 2.995732273553991
america 1 0.8675005677047231 0.8675005677047231
amp 1 0.4620354595965586 0.4620354595965586
anberlin 1 4.605170185988092 4.605170185988092
andrea 1 2.8134107167600364 2.8134107167600364
anello 1 4.605170185988092 4.605170185988092
angela 1 2.659260036932778 2.659260036932778
announce 1 2.659260036932778 2.659260036932778
announced 1 1.2039728043259361 1.2039728043259361
another 1 0.9675840262617057 0.9675840262617057
anything 1 2.995732273553991 2.995732273553991
appearance 1 0.0 0.0
appeared 1 1.8971199848858813 1.8971199848858813
apply 1 0.0 0.0
approving 1 3.912023005428146 3.912023005428146
april 1 0.44628710262841953 0.44628710262841953
archived 1 0.47803580094299974 0.47803580094299974
arrangement 1 2.8134107167600364 2.8134107167600364
art 1 1.2039728043259361 1.2039728043259361
arthur 1 1.7147984280919266 1.7147984280919266
article 1 0.0 0.0
artistically 1 4.605170185988092 4.605170185988092
artwork 1 2.995732273553991 2.995732273553991
asked 1 2.120263536200091 2.120263536200091
assistant 1 1.7147984280919266 1.7147984280919266
assisted 1 2.995732273553991 2.995732273553991
attribution 1 0.0 0.0
aubin 1 3.912023005428146 3.912023005428146
audio 1 2.207274913189721 2.207274913189721
august 1 0.3424903089467759 0.3424903089467759
authority 1 0.8915981192837835 0.8915981192837835
auto 1 0.1392620673335076 0.1392620673335076
available 1 0.0 0.0
avalanche 1 3.2188758248682006 3.2188758248682006
avmedianotes 1 3.912023005428146 3.912023005428146
ax 1 4.605170185988092 4.605170185988092
back 1 1.0216512475319812 1.0216512475319812
background 1 1.7147984280919266 1.7147984280919266
badami 1 4.605170185988092 4.605170185988092
bamboozle 1 4.605170185988092 4.605170185988092
band 1 2.207274913189721 2.207274913189721
banjo 1 4.605170185988092 4.605170185988092
bass 1 2.659260036932778 2.659260036932778
became 1 0.7133498878774648 0.7133498878774648
began 1 0.8675005677047231 0.8675005677047231
best 1 1.0216512475319812 1.0216512475319812
bet 1 3.2188758248682006 3.2188758248682006
bigger 1 2.8134107167600364 2.8134107167600364
bill 1 1.171182981502945 1.171182981502945
black 1 0.8915981192837835 0.8915981192837835
blue 1 1.4696759700589417 1.4696759700589417
bonus 1 2.8134107167600364 2.8134107167600364
booklet 1 3.506557897319982 3.506557897319982
boy 1 1.8325814637483102 1.8325814637483102
brainz 1 2.995732273553991 2.995732273553991
breakdown 1 2.659260036932778 2.659260036932778
brian 1 1.6607312068216509 1.6607312068216509
broken 1 2.207274913189721 2.207274913189721
business 1 1.6094379124341003 1.6094379124341003
buy 1 2.5257286443082556 2.5257286443082556
calbi 1 4.605170185988092 4.605170185988092
call 1 1.7719568419318754 1.7719568419318754
car 1 1.7147984280919266 1.7147984280919266
category 1 0.0 0.0
cello 1 3.912023005428146 3.912023005428146
centerpx 1 0.0408219945202552 0.0408219945202552
chance 1 2.659260036932778 2.659260036932778
change 1 0.0 0.0
changing 1 2.659260036932778 2.659260036932778
chapter 1 1.9661128563728327 1.9661128563728327
character 1 1.7147984280919266 1.7147984280919266
chris 1 1.6607312068216509 1.6607312068216509
chronology 1 2.407945608651872 2.407945608651872
citation 1 0.0408219945202552 0.0408219945202552
cite 1 0.0 0.0
citeweb 1 0.5447271754416719 0.5447271754416719
city 1 0.6348782724359695 0.6348782724359695
code 1 0.0 0.0
coheadlining 1 3.912023005428146 3.912023005428146
cold 1 2.207274913189721 2.207274913189721
coming 1 1.7719568419318754 1.7719568419318754
common 1 0.0 0.0
compilation 1 2.8134107167600364 2.8134107167600364
completion 1 3.2188758248682006 3.2188758248682006
concept 1 2.120263536200091 2.120263536200091
conduct 1 0.0 0.0
considered 1 1.3862943611198906 1.3862943611198906
contact 1 0.0 0.0
containing 1 1.4271163556401458 1.4271163556401458
content 1 0.0 0.0
context 1 0.010050335853501506 0.010050335853501506
contribute 1 0.0 0.0
contributed 1 2.5257286443082556 2.5257286443082556
contribution 1 0.0 0.0
control 1 0.7765287894989963 0.7765287894989963
conveyed 1 4.605170185988092 4.605170185988092
cookie 1 0.0 0.0
cookiematch 1 0.0 0.0
coproduced 1 3.506557897319982 3.506557897319982
copy 1 1.9661128563728327 1.9661128563728327
cordell 1 4.605170185988092 4.605170185988092
counterlistitema 1 0.127833371509885 0.127833371509885
country 1 0.843970070294529 0.843970070294529
cover 1 1.6094379124341003 1.6094379124341003
create 1 0.0 0.0
creative 1 0.0 0.0
crespo 1 4.605170185988092 4.605170185988092
csmaintcolorf 1 0.06187540371808745 0.06187540371808745
csmaintcolorfmedia 1 0.0408219945202552 0.0408219945202552
cswsicon 1 0.0408219945202552 0.0408219945202552
current 1 0.0 0.0
customer 1 3.2188758248682006 3.2188758248682006
database 1 0.9675840262617057 0.9675840262617057
date 1 0.3147107448397002 0.3147107448397002
dated 1 2.995732273553991 2.995732273553991
david 1 0.9942522733438669 0.9942522733438669
day 1 0.5276327420823719 0.5276327420823719
dean 1 2.659260036932778 2.659260036932778
december 1 0.37106368139083196 0.37106368139083196
decision 1 1.8971199848858813 1.8971199848858813
decoration 1 3.912023005428146 3.912023005428146
demo 1 3.912023005428146 3.912023005428146
description 1 0.07257069283483537 0.07257069283483537
design 1 1.8971199848858813 1.8971199848858813
despite 1 1.1394342831883648 1.1394342831883648
detail 1 1.6094379124341003 1.6094379124341003
developer 1 0.0 0.0
dialogue 1 2.8134107167600364 2.8134107167600364
different 1 0.3424903089467759 0.3424903089467759
direction 1 2.8134107167600364 2.8134107167600364
disc 1 2.407945608651872 2.407945608651872
disclaimer 1 0.0 0.0
dispenziere 1 4.605170185988092 4.605170185988092
documentary 1 2.302585092994046 2.302585092994046
donate 1 0.0 0.0
done 1 2.302585092994046 2.302585092994046
dont 1 1.9661128563728327 1.9661128563728327
download 1 0.0 0.0
downloadpunkcom 1 4.605170185988092 4.605170185988092
drawing 1 2.659260036932778 2.659260036932778
drive 1 2.0402208285265546 2.0402208285265546
driving 1 2.302585092994046 2.302585092994046
drum 1 2.995732273553991 2.995732273553991
dtaftercontent 1 0.127833371509885 0.127833371509885
dtrcite 1 4.605170185988092 4.605170185988092
dubbed 1 3.2188758248682006 3.2188758248682006
dubitsky 1 4.605170185988092 4.605170185988092
due 1 0.9416085398584451 0.9416085398584451
dustn 1 4.605170185988092 4.605170185988092
dvd 1 2.407945608651872 2.407945608651872
early 1 0.6348782724359695 0.6348782724359695
ease 1 3.912023005428146 3.912023005428146
effect 1 2.0402208285265546 2.0402208285265546
effort 1 1.5141277326297755 1.5141277326297755
elizabeth 1 1.9661128563728327 1.9661128563728327
emo 1 4.605170185988092 4.605170185988092
encyclopedia 1 0.0 0.0
end 1 0.7985076962177716 0.7985076962177716
enders 1 3.912023005428146 3.912023005428146
engagement 1 3.506557897319982 3.506557897319982
engineer 1 2.302585092994046 2.302585092994046
engineered 1 3.912023005428146 3.912023005428146
english 1 0.0 0.0
episode 1 1.6094379124341003 1.6094379124341003
eps 1 3.506557897319982 3.506557897319982
event 1 0.0 0.0
ever 1 1.7147984280919266 1.7147984280919266
exclusive 1 2.302585092994046 2.302585092994046
exp 1 0.0 0.0
external 1 0.44628710262841953 0.44628710262841953
facet 1 4.605170185988092 4.605170185988092
fail 1 3.2188758248682006 3.2188758248682006
fall 1 1.07880966137193 1.07880966137193
father 1 1.3093333199837622 1.3093333199837622
fault 1 3.506557897319982 3.506557897319982
featured 1 2.120263536200091 2.120263536200091
featuring 1 2.659260036932778 2.659260036932778
february 1 0.27443684570176036 0.27443684570176036
festival 1 2.207274913189721 2.207274913189721
fiacco 1 4.605170185988092 4.605170185988092
fifteen 1 3.506557897319982 3.506557897319982
figure 1 1.3470736479666094 1.3470736479666094
file 1 0.0 0.0
filter 1 3.912023005428146 3.912023005428146
final 1 0.9942522733438669 0.9942522733438669
finally 1 1.8971199848858813 1.8971199848858813
finding 1 1.9661128563728327 1.9661128563728327
first 1 0.1508228897345837 0.1508228897345837
focus 1 2.0402208285265546 2.0402208285265546
folk 1 2.8134107167600364 2.8134107167600364
following 1 0.7133498878774648 0.7133498878774648
forced 1 2.207274913189721 2.207274913189721
forthcoming 1 3.912023005428146 3.912023005428146
found 1 1.2039728043259361 1.2039728043259361
foundation 1 0.0 0.0
free 1 0.0 0.0
french 1 1.3862943611198906 1.3862943611198906
fuse 1 3.506557897319982 3.506557897319982
gary 1 2.120263536200091 2.120263536200091
general 1 0.0 0.0
genre 1 2.207274913189721 2.207274913189721
george 1 1.07880966137193 1.07880966137193
get 1 0.0 0.0
glory 1 2.995732273553991 2.995732273553991
going 1 1.8325814637483102 1.8325814637483102
good 1 1.3093333199837622 1.3093333199837622
greg 1 2.302585092994046 2.302585092994046
grew 1 2.302585092994046 2.302585092994046
group 1 0.8209805520698303 0.8209805520698303
guess 1 3.506557897319982 3.506557897319982
guinness 1 4.605170185988092 4.605170185988092
guitar 1 2.8134107167600364 2.8134107167600364
hair 1 2.5257286443082556 2.5257286443082556
hand 1 1.3862943611198906 1.3862943611198906
harmonica 1 4.605170185988092 4.605170185988092
hated 1 4.605170185988092 4.605170185988092
headlining 1 3.912023005428146 3.912023005428146
heart 1 1.4696759700589417 1.4696759700589417
heavier 1 3.506557897319982 3.506557897319982
help 1 0.0 0.0
hence 1 3.506557897319982 3.506557897319982
hiatus 1 3.506557897319982 3.506557897319982
hidden 1 0.010050335853501506 0.010050335853501506
hide 1 0.0 0.0
history 1 0.0 0.0
hlist 1 0.127833371509885 0.127833371509885
hlistinline 1 0.127833371509885 0.127833371509885
horn 1 3.506557897319982 3.506557897319982
hostetter 1 3.912023005428146 3.912023005428146
houston 1 1.9661128563728327 1.9661128563728327
idlockfree 1 0.0408219945202552 0.0408219945202552
idlockfreeidlockfree 1 0.0408219945202552 0.0408219945202552
idlocklimited 1 0.0408219945202552 0.0408219945202552
idlockregistration 1 0.0408219945202552 0.0408219945202552
idlocksubscription 1 0.0408219945202552 0.0408219945202552
imbue 1 4.605170185988092 4.605170185988092
immediately 1 2.207274913189721 2.207274913189721
inc 1 0.0 0.0
include 1 1.3093333199837622 1.3093333199837622
including 1 0.7133498878774648 0.7133498878774648
indefinite 1 4.605170185988092 4.605170185988092
indie 1 3.2188758248682006 3.2188758248682006
infobox 1 0.3011050927839216 0.3011050927839216
infoboxalbum 1 2.995732273553991 2.995732273553991
infoboxtable 1 0.3147107448397002 0.3147107448397002
information 1 0.0 0.0
instrument 1 2.995732273553991 2.995732273553991
interaction 1 2.659260036932778 2.659260036932778
interrupted 1 3.912023005428146 3.912023005428146
interview 1 1.8325814637483102 1.8325814637483102
intro 1 4.605170185988092 4.605170185988092
introducing 1 2.5257286443082556 2.5257286443082556
involved 1 1.5606477482646683 1.5606477482646683
issue 1 1.1086626245216111 1.1086626245216111
item 1 0.010050335853501506 0.010050335853501506
january 1 0.3424903089467759 0.3424903089467759
jeff 1 1.8325814637483102 1.8325814637483102
jersey 1 2.120263536200091 2.120263536200091
jim 1 1.4696759700589417 1.4696759700589417
johan 1 3.2188758248682006 3.2188758248682006
john 1 0.49429632181478017 0.49429632181478017
joseph 1 1.5141277326297755 1.5141277326297755
july 1 0.43078291609245434 0.43078291609245434
jump 1 0.0 0.0
june 1 0.40047756659712536 0.40047756659712536
justin 1 2.407945608651872 2.407945608651872
kelly 1 2.407945608651872 2.407945608651872
kenny 1 2.995732273553991 2.995732273553991
keyboard 1 3.506557897319982 3.506557897319982
klemash 1 4.605170185988092 4.605170185988092
know 1 1.7147984280919266 1.7147984280919266
kummer 1 4.605170185988092 4.605170185988092
label 1 2.5257286443082556 2.5257286443082556
lack 1 2.120263536200091 2.120263536200091
lacking 1 2.120263536200091 2.120263536200091
language 1 0.0 0.0
last 1 0.0 0.0
later 1 0.5621189181535412 0.5621189181535412
layout 1 2.659260036932778 2.659260036932778
learn 1 0.0 0.0
led 1 1.07880966137193 1.07880966137193
length 1 1.7719568419318754 1.7719568419318754
liaftercontent 1 0.127833371509885 0.127833371509885
license 1 0.0 0.0
life 1 0.5447271754416719 0.5447271754416719
lifetime 1 3.912023005428146 3.912023005428146
like 1 1.2039728043259361 1.2039728043259361
lilac 1 4.605170185988092 4.605170185988092
line 1 1.4696759700589417 1.4696759700589417
link 1 0.0 0.0
listen 1 2.995732273553991 2.995732273553991
listing 1 2.407945608651872 2.407945608651872
little 1 1.4696759700589417 1.4696759700589417
live 1 1.2378743560016172 1.2378743560016172
log 1 0.0 0.0
logged 1 0.0 0.0
long 1 1.1086626245216111 1.1086626245216111
look 1 2.0402208285265546 2.0402208285265546
lose 1 2.995732273553991 2.995732273553991
love 1 1.4271163556401458 1.4271163556401458
lugg 1 4.605170185988092 4.605170185988092
lynsie 1 4.605170185988092 4.605170185988092
lyrical 1 3.506557897319982 3.506557897319982
made 1 0.653926467406664 0.653926467406664
magazine 1 1.8971199848858813 1.8971199848858813
main 1 0.0 0.0
maint 1 1.6607312068216509 1.6607312068216509
make 1 1.0498221244986776 1.0498221244986776
makingof 1 4.605170185988092 4.605170185988092
man 1 1.0498221244986776 1.0498221244986776
march 1 0.3147107448397002 0.3147107448397002
marino 1 3.2188758248682006 3.2188758248682006
marro 1 4.605170185988092 4.605170185988092
mastered 1 3.2188758248682006 3.2188758248682006
mastering 1 3.2188758248682006 3.2188758248682006
matchbook 1 4.605170185988092 4.605170185988092
matt 1 1.8325814637483102 1.8325814637483102
may 1 0.0 0.0
mdy 1 1.3862943611198906 1.3862943611198906
meaning 1 2.5257286443082556 2.5257286443082556
mechanic 1 4.605170185988092 4.605170185988092
medium 1 0.49429632181478017 0.49429632181478017
meg 1 3.912023005428146 3.912023005428146
melee 1 4.605170185988092 4.605170185988092
mellow 1 4.605170185988092 4.605170185988092
melodic 1 3.506557897319982 3.506557897319982
menu 1 0.0 0.0
mess 1 3.912023005428146 3.912023005428146
michelle 1 3.506557897319982 3.506557897319982
microformats 1 2.5257286443082556 2.5257286443082556
mid 1 2.407945608651872 2.407945608651872
midrecord 1 4.605170185988092 4.605170185988092
midrecording 1 4.605170185988092 4.605170185988092
mike 1 1.6094379124341003 1.6094379124341003
minute 1 1.6607312068216509 1.6607312068216509
mix 1 2.659260036932778 2.659260036932778
mixed 1 2.5257286443082556 2.5257286443082556
mixing 1 3.2188758248682006 3.2188758248682006
mle 1 3.912023005428146 3.912023005428146
mobile 1 0.0 0.0
money 1 1.8325814637483102 1.8325814637483102
month 1 0.8915981192837835 0.8915981192837835
mostly 1 2.407945608651872 2.407945608651872
mother 1 1.5141277326297755 1.5141277326297755
move 1 0.0 0.0
multiple 1 1.6607312068216509 1.6607312068216509
music 1 1.3862943611198906 1.3862943611198906
musical 1 1.8971199848858813 1.8971199848858813
musicalesque 1 4.605170185988092 4.605170185988092
musician 1 2.5257286443082556 2.5257286443082556
nakovich 1 4.605170185988092 4.605170185988092
named 1 1.2039728043259361 1.2039728043259361
narrate 1 4.605170185988092 4.605170185988092
natural 1 1.8325814637483102 1.8325814637483102
nature 1 2.0402208285265546 2.0402208285265546
navbar 1 0.23572233352106994 0.23572233352106994
navbarfontsizemedia 1 0.3147107448397002 0.3147107448397002
navbarmini 1 0.23572233352106994 0.23572233352106994
navbox 1 0.1392620673335076 0.1392620673335076
navboximage 1 0.1392620673335076 0.1392620673335076
navboxmusicalartist 1 3.2188758248682006 3.2188758248682006
navboxsubgroup 1 0.1392620673335076 0.1392620673335076
navboxtitle 1 0.1392620673335076 0.1392620673335076
navigation 1 0.0 0.0
nervous 1 3.506557897319982 3.506557897319982
never 1 1.4696759700589417 1.4696759700589417
new 1 0.24846135929849972 0.24846135929849972
next 1 1.1086626245216111 1.1086626245216111
nine 1 1.7719568419318754 1.7719568419318754
nobody 1 3.2188758248682006 3.2188758248682006
nonprofit 1 0.0 0.0
north 1 0.8209805520698303 0.8209805520698303
note 1 0.8209805520698303 0.8209805520698303
november 1 0.3011050927839216 0.3011050927839216
nylon 1 4.605170185988092 4.605170185988092
october 1 0.28768207245178085 0.28768207245178085
ollibeforecontent 1 0.127833371509885 0.127833371509885
one 1 0.23572233352106994 0.23572233352106994
oneal 1 3.506557897319982 3.506557897319982
online 1 1.4696759700589417 1.4696759700589417
opera 1 2.407945608651872 2.407945608651872
organization 1 0.0 0.0
organizationname 1 0.010050335853501506 0.010050335853501506
original 1 0.4155154439616658 0.4155154439616658
orr 1 4.605170185988092 4.605170185988092
others 1 1.1394342831883648 1.1394342831883648
outside 1 1.7147984280919266 1.7147984280919266
page 1 0.0 0.0
part 1 0.6348782724359695 0.6348782724359695
path 1 2.302585092994046 2.302585092994046
paul 1 0.8675005677047231 0.8675005677047231
pdfprintable 1 0.0 0.0
people 1 0.49429632181478017 0.49429632181478017
per 1 1.7147984280919266 1.7147984280919266
percussion 1 3.2188758248682006 3.2188758248682006
permanent 1 0.0 0.0
personal 1 0.0 0.0
personnel 1 2.207274913189721 2.207274913189721
peter 1 1.3093333199837622 1.3093333199837622
piano 1 2.995732273553991 2.995732273553991
place 1 0.653926467406664 0.653926467406664
plain 1 2.659260036932778 2.659260036932778
plainlist 1 0.7339691750802005 0.7339691750802005
plan 1 1.4696759700589417 1.4696759700589417
podcast 1 3.506557897319982 3.506557897319982
policy 1 0.0 0.0
pompton 1 4.605170185988092 4.605170185988092
portal 1 0.0 0.0
portrait 1 2.659260036932778 2.659260036932778
post 1 1.07880966137193 1.07880966137193
posted 1 2.995732273553991 2.995732273553991
postponed 1 2.8134107167600364 2.8134107167600364
potentially 1 3.2188758248682006 3.2188758248682006
predecessor 1 2.5257286443082556 2.5257286443082556
predominantly 1 3.912023005428146 3.912023005428146
premiered 1 3.2188758248682006 3.2188758248682006
presentation 1 2.995732273553991 2.995732273553991
presenting 1 4.605170185988092 4.605170185988092
printbodyns 1 0.09431067947124142 0.09431067947124142
printexport 1 0.0 0.0
privacy 1 0.0 0.0
proclaimed 1 3.912023005428146 3.912023005428146
produced 1 1.7719568419318754 1.7719568419318754
producer 1 2.0402208285265546 2.0402208285265546
producing 1 2.995732273553991 2.995732273553991
product 1 2.302585092994046 2.302585092994046
production 1 1.6607312068216509 1.6607312068216509
professional 1 1.6607312068216509 1.6607312068216509
progression 1 4.605170185988092 4.605170185988092
project 1 0.0 0.0
psychiatrist 1 3.506557897319982 3.506557897319982
psychiatry 1 4.605170185988092 4.605170185988092
punk 1 3.506557897319982 3.506557897319982
punknet 1 4.605170185988092 4.605170185988092
punknewsorg 1 3.912023005428146 3.912023005428146
purchase 1 2.407945608651872 2.407945608651872
quality 1 2.407945608651872 2.407945608651872
rachel 1 2.8134107167600364 2.8134107167600364
random 1 0.0 0.0
range 1 2.5257286443082556 2.5257286443082556
rating 1 2.0402208285265546 2.0402208285265546
read 1 0.0 0.0
recent 1 0.0 0.0
record 1 0.7765287894989963 0.7765287894989963
recorded 1 1.6607312068216509 1.6607312068216509
recording 1 2.5257286443082556 2.5257286443082556
reference 1 0.03045920748470844 0.03045920748470844
reflist 1 0.06187540371808745 0.06187540371808745
reflistcolumns 1 0.06187540371808745 0.06187540371808745
reg 1 0.0 0.0
registered 1 0.0 0.0
reinecker 1 4.605170185988092 4.605170185988092
related 1 0.0 0.0
release 1 1.3093333199837622 1.3093333199837622
released 1 1.2729656758128876 1.2729656758128876
represents 1 2.5257286443082556 2.5257286443082556
rereleased 1 3.912023005428146 3.912023005428146
rest 1 2.0402208285265546 2.0402208285265546
result 1 0.9942522733438669 0.9942522733438669
retrieved 1 0.0 0.0
review 1 1.07880966137193 1.07880966137193
rewarded 1 4.605170185988092 4.605170185988092
reworked 1 3.912023005428146 3.912023005428146
richard 1 1.1394342831883648 1.1394342831883648
rimelis 1 4.605170185988092 4.605170185988092
roark 1 3.912023005428146 3.912023005428146
rob 1 2.8134107167600364 2.8134107167600364
rock 1 1.6094379124341003 1.6094379124341003
rocket 1 3.506557897319982 3.506557897319982
romance 1 2.5257286443082556 2.5257286443082556
room 1 2.207274913189721 2.207274913189721
rumor 1 3.2188758248682006 3.2188758248682006
runaway 1 3.506557897319982 3.506557897319982
sacco 1 4.605170185988092 4.605170185988092
safe 1 2.995732273553991 2.995732273553991
sale 1 1.8971199848858813 1.8971199848858813
save 1 1.8971199848858813 1.8971199848858813
say 1 1.7719568419318754 1.7719568419318754
saying 1 1.8325814637483102 1.8325814637483102
scared 1 3.506557897319982 3.506557897319982
schultz 1 3.506557897319982 3.506557897319982
score 1 1.6607312068216509 1.6607312068216509
scott 1 1.2729656758128876 1.2729656758128876
screen 1 0.010050335853501506 0.010050335853501506
search 1 0.0 0.0
second 1 0.49429632181478017 0.49429632181478017
select 1 2.995732273553991 2.995732273553991
selection 1 2.5257286443082556 2.5257286443082556
sens 1 3.912023005428146 3.912023005428146
september 1 0.43078291609245434 0.43078291609245434
sergio 1 3.2188758248682006 3.2188758248682006
sesame 1 3.912023005428146 3.912023005428146
session 1 2.0402208285265546 2.0402208285265546
seven 1 1.6094379124341003 1.6094379124341003
several 1 0.8209805520698303 0.8209805520698303
shape 1 3.2188758248682006 3.2188758248682006
share 1 0.0 0.0
shmesame 1 4.605170185988092 4.605170185988092
short 1 0.06187540371808745 0.06187540371808745
shortdescription 1 0.2613647641344075 0.2613647641344075
shortened 1 0.0 0.0
showcasing 1 4.605170185988092 4.605170185988092
shultz 1 4.605170185988092 4.605170185988092
side 1 1.4271163556401458 1.4271163556401458
sidebar 1 0.0 0.0
silverstein 1 3.912023005428146 3.912023005428146
singerguitarist 1 4.605170185988092 4.605170185988092
single 1 1.4696759700589417 1.4696759700589417
site 1 0.0 0.0
sketch 1 4.605170185988092 4.605170185988092
skill 1 2.8134107167600364 2.8134107167600364
soft 1 3.506557897319982 3.506557897319982
sold 1 2.0402208285265546 2.0402208285265546
solid 1 0.09431067947124142 0.09431067947124142
solo 1 3.912023005428146 3.912023005428146
something 1 2.302585092994046 2.302585092994046
son 1 1.3093333199837622 1.3093333199837622
song 1 1.3470736479666094 1.3470736479666094
sorenson 1 4.605170185988092 4.605170185988092
sorry 1 3.2188758248682006 3.2188758248682006
sort 1 3.2188758248682006 3.2188758248682006
sound 1 1.7719568419318754 1.7719568419318754
soundscan 1 4.605170185988092 4.605170185988092
source 1 0.5798184952529422 0.5798184952529422
south 1 0.9162907318741551 0.9162907318741551
special 1 0.0 0.0
spin 1 3.912023005428146 3.912023005428146
spinella 1 4.605170185988092 4.605170185988092
split 1 2.407945608651872 2.407945608651872
starting 1 1.8971199848858813 1.8971199848858813
statement 1 0.0 0.0
statistic 1 0.0 0.0
sterling 1 2.8134107167600364 2.8134107167600364
steve 1 1.8971199848858813 1.8971199848858813
story 1 1.5606477482646683 1.5606477482646683
stream 1 3.506557897319982 3.506557897319982
streaming 1 3.2188758248682006 3.2188758248682006
street 1 1.4271163556401458 1.4271163556401458
stress 1 2.995732273553991 2.995732273553991
string 1 2.995732273553991 2.995732273553991
studio 1 1.8971199848858813 1.8971199848858813
submitted 1 2.8134107167600364 2.8134107167600364
summer 1 1.5141277326297755 1.5141277326297755
support 1 1.2729656758128876 1.2729656758128876
supported 1 1.8325814637483102 1.8325814637483102
supportive 1 4.605170185988092 4.605170185988092
sweet 1 3.506557897319982 3.506557897319982
table 1 0.0 0.0
take 1 0.9675840262617057 0.9675840262617057
taking 1 1.6607312068216509 1.6607312068216509
talk 1 0.0 0.0
target 1 3.2188758248682006 3.2188758248682006
tdhlist 1 0.1392620673335076 0.1392620673335076
tdr 1 4.605170185988092 4.605170185988092
technical 1 2.5257286443082556 2.5257286443082556
template 1 0.0 0.0
term 1 0.0 0.0
text 1 0.0 0.0
thbodyskinresponsive 1 0.3147107448397002 0.3147107448397002
theatre 1 2.659260036932778 2.659260036932778
think 1 2.207274913189721 2.207274913189721
third 1 0.9162907318741551 0.9162907318741551
though 1 1.6607312068216509 1.6607312068216509
three 1 0.5798184952529422 0.5798184952529422
thru 1 3.506557897319982 3.506557897319982
timberlake 1 4.605170185988092 4.605170185988092
time 1 0.28768207245178085 0.28768207245178085
title 1 0.9162907318741551 0.9162907318741551
titled 1 2.5257286443082556 2.5257286443082556
toggle 1 0.010050335853501506 0.010050335853501506
took 1 1.171182981502945 1.171182981502945
tool 1 0.0 0.0
top 1 0.010050335853501506 0.010050335853501506
topic 1 0.0 0.0
total 1 0.0 0.0
tour 1 2.5257286443082556 2.5257286443082556
touring 1 3.912023005428146 3.912023005428146
track 1 1.7719568419318754 1.7719568419318754
trademark 1 0.0 0.0
transcends 1 4.605170185988092 4.605170185988092
triple 1 2.302585092994046 2.302585092994046
trombone 1 3.912023005428146 3.912023005428146
trumpet 1 3.2188758248682006 3.2188758248682006
truth 1 2.407945608651872 2.407945608651872
turned 1 2.5257286443082556 2.5257286443082556
two 1 0.43078291609245434 0.43078291609245434
ulpaddingem 1 0.1392620673335076 0.1392620673335076
ultimately 1 2.5257286443082556 2.5257286443082556
unassuming 1 4.605170185988092 4.605170185988092
uncle 1 2.659260036932778 2.659260036932778
uniform 1 2.302585092994046 2.302585092994046
unplugged 1 4.605170185988092 4.605170185988092
upcoming 1 3.506557897319982 3.506557897319982
update 1 2.659260036932778 2.659260036932778
upload 1 0.0 0.0
use 1 0.0 0.0
using 1 0.0 0.0
utc 1 0.0 0.0
var 1 0.0 0.0
vega 1 2.8134107167600364 2.8134107167600364
vein 1 3.912023005428146 3.912023005428146
verdict 1 2.995732273553991 2.995732273553991
verse 1 2.5257286443082556 2.5257286443082556
version 1 0.0 0.0
via 1 1.4271163556401458 1.4271163556401458
video 1 1.3862943611198906 1.3862943611198906
view 1 0.0 0.0
vinyl 1 3.912023005428146 3.912023005428146
viola 1 3.506557897319982 3.506557897319982
violin 1 3.506557897319982 3.506557897319982
vocal 1 2.8134107167600364 2.8134107167600364
voice 1 2.120263536200091 2.120263536200091
wasnt 1 2.995732273553991 2.995732273553991
website 1 1.6094379124341003 1.6094379124341003
week 1 1.2729656758128876 1.2729656758128876
went 1 1.5141277326297755 1.5141277326297755
wide 1 2.5257286443082556 2.5257286443082556
wikidata 1 0.010050335853501506 0.010050335853501506
wikimedia 1 0.0 0.0
wikipedia 1 0.0 0.0
winberg 1 4.605170185988092 4.605170185988092
wippsson 1 4.605170185988092 4.605170185988092
work 1 0.7133498878774648 0.7133498878774648
would 1 0.7550225842780328 0.7550225842780328
writing 1 1.8325814637483102 1.8325814637483102
written 1 0.9416085398584451 0.9416085398584451
year 1 0.3424903089467759 0.3424903089467759
york 1 0.8209805520698303 0.8209805520698303
young 1 1.2378743560016172 1.2378743560016172
