accident 1 2.407945608651872 2.407945608651872
account 1 0.0 0.0
acredale 1 4.605170185988092 4.605170185988092
action 1 0.0 0.0
adam 1 1.5141277326297755 1.5141277326297755
add 1 0.0 0.0
additional 1 0.0 0.0
adventure 1 2.407945608651872 2.407945608651872
agree 1 0.0 0.0
alan 1 2.0402208285265546 2.0402208285265546
alexander 1 1.5141277326297755 1.5141277326297755
alike 1 0.0 0.0
allen 1 2.207274913189721 2.207274913189721
allgaier 1 4.605170185988092 4.605170185988092
allows 1 2.5257286443082556 2.5257286443082556
alsco 1 4.605170185988092 4.605170185988092
also 1 0.127833371509885 0.127833371509885
alternate 1 2.995732273553991 2.995732273553991
amanda 1 2.8134107167600364 2.8134107167600364
america 1 0.8675005677047231 0.8675005677047231
american 1 0.5276327420823719 0.5276327420823719
among 1 1.2378743560016172 1.2378743560016172
amp 1 0.4620354595965586 0.4620354595965586
analyst 1 3.506557897319982 3.506557897319982
andrew 1 1.5141277326297755 1.5141277326297755
andy 1 2.5257286443082556 2.5257286443082556
announce 1 2.659260036932778 2.659260036932778
announcer 1 3.506557897319982 3.506557897319982
annual 1 1.6607312068216509 1.6607312068216509
apparel 1 4.605170185988092 4.605170185988092
appearance 1 0.0 0.0
apply 1 0.0 0.0
approximately 1 2.407945608651872 2.407945608651872
april 1 0.44628710262841953 0.44628710262841953
arca 1 3.912023005428146 3.912023005428146
archived 1 0.47803580094299974 0.47803580094299974
arm 1 2.0402208285265546 2.0402208285265546
armstrong 1 2.8134107167600364 2.8134107167600364
article 1 0.0 0.0
asphalt 1 4.605170185988092 4.605170185988092
associated 1 1.4696759700589417 1.4696759700589417
association 1 1.1394342831883648 1.1394342831883648
attrack 1 4.605170185988092 4.605170185988092
attribution 1 0.0 0.0
austin 1 2.659260036932778 2.659260036932778
auto 1 0.1392620673335076 0.1392620673335076
automation 1 4.605170185988092 4.605170185988092
available 1 0.0 0.0
average 1 2.0402208285265546 2.0402208285265546
axalta 1 3.912023005428146 3.912023005428146
background 1 1.7147984280919266 1.7147984280919266
bargain 1 3.506557897319982 3.506557897319982
based 1 1.07880966137193 1.07880966137193
battery 1 2.995732273553991 2.995732273553991
bayne 1 4.605170185988092 4.605170185988092
beachcom 1 4.605170185988092 4.605170185988092
beau 1 3.912023005428146 3.912023005428146
berggren 1 4.605170185988092 4.605170185988092
black 1 0.8915981192837835 0.8915981192837835
blake 1 2.995732273553991 2.995732273553991
bob 1 1.8971199848858813 1.8971199848858813
bobby 1 2.659260036932778 2.659260036932778
bodine 1 4.605170185988092 4.605170185988092
bonkowski 1 4.605170185988092 4.605170185988092
bonus 1 2.8134107167600364 2.8134107167600364
boost 1 3.912023005428146 3.912023005428146
bowyer 1 4.605170185988092 4.605170185988092
boyd 1 2.407945608651872 2.407945608651872
brad 1 2.407945608651872 2.407945608651872
braille 1 4.605170185988092 4.605170185988092
brake 1 3.506557897319982 3.506557897319982
brand 1 2.302585092994046 2.302585092994046
brandon 1 2.5257286443082556 2.5257286443082556
brandt 1 3.912023005428146 3.912023005428146
brendan 1 3.506557897319982 3.506557897319982
brennan 1 3.2188758248682006 3.2188758248682006
brent 1 3.2188758248682006 3.2188758248682006
brian 1 1.6607312068216509 1.6607312068216509
brighter 1 3.912023005428146 3.912023005428146
broadcaster 1 2.659260036932778 2.659260036932778
bubba 1 3.506557897319982 3.506557897319982
bucked 1 4.605170185988092 4.605170185988092
burton 1 2.995732273553991 2.995732273553991
busick 1 4.605170185988092 4.605170185988092
business 1 1.6094379124341003 1.6094379124341003
byrnes 1 3.912023005428146 3.912023005428146
camping 1 4.605170185988092 4.605170185988092
car 1 1.7147984280919266 1.7147984280919266
care 1 2.120263536200091 2.120263536200091
career 1 1.2729656758128876 1.2729656758128876
carl 1 2.407945608651872 2.407945608651872
carport 1 4.605170185988092 4.605170185988092
cash 1 2.995732273553991 2.995732273553991
casino 1 4.605170185988092 4.605170185988092
category 1 0.0 0.0
cavanna 1 4.605170185988092 4.605170185988092
cellular 1 4.605170185988092 4.605170185988092
centerpx 1 0.0408219945202552 0.0408219945202552
chad 1 2.659260036932778 2.659260036932778
challenge 1 2.302585092994046 2.302585092994046
champion 1 1.3862943611198906 1.3862943611198906
championship 1 1.5606477482646683 1.5606477482646683
change 1 0.0 0.0
channel 1 2.302585092994046 2.302585092994046
charge 1 2.0402208285265546 2.0402208285265546
chastain 1 3.912023005428146 3.912023005428146
chevrolet 1 3.912023005428146 3.912023005428146
chief 1 1.3862943611198906 1.3862943611198906
childress 1 3.912023005428146 3.912023005428146
chip 1 2.8134107167600364 2.8134107167600364
chris 1 1.6607312068216509 1.6607312068216509
citation 1 0.0408219945202552 0.0408219945202552
cite 1 0.0 0.0
citeweb 1 0.5447271754416719 0.5447271754416719
city 1 0.6348782724359695 0.6348782724359695
clements 1 4.605170185988092 4.605170185988092
clint 1 4.605170185988092 4.605170185988092
clip 1 2.659260036932778 2.659260036932778
clotcom 1 4.605170185988092 4.605170185988092
club 1 1.4271163556401458 1.4271163556401458
coca 1 3.2188758248682006 3.2188758248682006
code 1 0.0 0.0
cola 1 3.506557897319982 3.506557897319982
cole 1 2.659260036932778 2.659260036932778
college 1 1.1394342831883648 1.1394342831883648
color 1 2.0402208285265546 2.0402208285265546
commentator 1 2.8134107167600364 2.8134107167600364
common 1 0.0 0.0
compete 1 2.5257286443082556 2.5257286443082556
competing 1 3.2188758248682006 3.2188758248682006
complete 1 1.8325814637483102 1.8325814637483102
conduct 1 0.0 0.0
contact 1 0.0 0.0
content 1 0.0 0.0
context 1 0.010050335853501506 0.010050335853501506
contribute 1 0.0 0.0
contribution 1 0.0 0.0
cookie 1 0.0 0.0
cookiematch 1 0.0 0.0
coon 1 3.506557897319982 3.506557897319982
cope 1 3.2188758248682006 3.2188758248682006
corvette 1 3.912023005428146 3.912023005428146
counterlistitema 1 0.127833371509885 0.127833371509885
county 1 1.6607312068216509 1.6607312068216509
course 1 2.0402208285265546 2.0402208285265546
craven 1 3.506557897319982 3.506557897319982
create 1 0.0 0.0
creative 1 0.0 0.0
crew 1 2.207274913189721 2.207274913189721
csmaintcolorf 1 0.06187540371808745 0.06187540371808745
csmaintcolorfmedia 1 0.0408219945202552 0.0408219945202552
cswsicon 1 0.0408219945202552 0.0408219945202552
cup 1 1.7719568419318754 1.7719568419318754
cure 1 4.605170185988092 4.605170185988092
current 1 0.0 0.0
currentcommentators 1 4.605170185988092 4.605170185988092
currentprograms 1 4.605170185988092 4.605170185988092
custer 1 4.605170185988092 4.605170185988092
czarniak 1 4.605170185988092 4.605170185988092
dakoda 1 4.605170185988092 4.605170185988092
dale 1 3.912023005428146 3.912023005428146
daniel 1 1.3862943611198906 1.3862943611198906
danielle 1 3.2188758248682006 3.2188758248682006
darrell 1 3.912023005428146 3.912023005428146
dash 1 3.2188758248682006 3.2188758248682006
date 1 0.3147107448397002 0.3147107448397002
dave 1 2.302585092994046 2.302585092994046
david 1 0.9942522733438669 0.9942522733438669
day 1 0.5276327420823719 0.5276327420823719
daytona 1 3.912023005428146 3.912023005428146
denny 1 3.912023005428146 3.912023005428146
denotes 1 3.506557897319982 3.506557897319982
derby 1 2.995732273553991 2.995732273553991
derrike 1 4.605170185988092 4.605170185988092
description 1 0.07257069283483537 0.07257069283483537
detail 1 1.6094379124341003 1.6094379124341003
determine 1 2.659260036932778 2.659260036932778
developer 1 0.0 0.0
diabetes 1 3.912023005428146 3.912023005428146
dick 1 2.120263536200091 2.120263536200091
different 1 0.3424903089467759 0.3424903089467759
digger 1 4.605170185988092 4.605170185988092
dillon 1 3.912023005428146 3.912023005428146
dirt 1 4.605170185988092 4.605170185988092
disclaimer 1 0.0 0.0
discount 1 4.605170185988092 4.605170185988092
dispatch 1 3.2188758248682006 3.2188758248682006
distance 1 2.995732273553991 2.995732273553991
dodge 1 3.912023005428146 3.912023005428146
dominate 1 3.912023005428146 3.912023005428146
donate 1 0.0 0.0
doud 1 4.605170185988092 4.605170185988092
download 1 0.0 0.0
drink 1 3.2188758248682006 3.2188758248682006
drive 1 2.0402208285265546 2.0402208285265546
driver 1 2.207274913189721 2.207274913189721
driving 1 2.302585092994046 2.302585092994046
dshaped 1 4.605170185988092 4.605170185988092
dtaftercontent 1 0.127833371509885 0.127833371509885
due 1 0.9416085398584451 0.9416085398584451
dunlap 1 3.912023005428146 3.912023005428146
dustin 1 3.912023005428146 3.912023005428146
earnhardt 1 4.605170185988092 4.605170185988092
earns 1 3.912023005428146 3.912023005428146
eco 1 2.995732273553991 2.995732273553991
eighth 1 2.8134107167600364 2.8134107167600364
eldora 1 4.605170185988092 4.605170185988092
eligibility 1 2.995732273553991 2.995732273553991
eligible 1 2.302585092994046 2.302585092994046
elli 1 2.659260036932778 2.659260036932778
elliott 1 2.8134107167600364 2.8134107167600364
empirecom 1 4.605170185988092 4.605170185988092
encyclopedia 1 0.0 0.0
end 1 0.7985076962177716 0.7985076962177716
energy 1 1.6607312068216509 1.6607312068216509
english 1 0.0 0.0
enhanced 1 3.912023005428146 3.912023005428146
entry 1 1.5606477482646683 1.5606477482646683
eric 1 1.8971199848858813 1.8971199848858813
erik 1 2.5257286443082556 2.5257286443082556
espncom 1 3.506557897319982 3.506557897319982
est 1 3.2188758248682006 3.2188758248682006
ethanol 1 4.605170185988092 4.605170185988092
evenposition 1 4.605170185988092 4.605170185988092
event 1 0.0 0.0
every 1 1.4271163556401458 1.4271163556401458
exp 1 0.0 0.0
facility 1 2.407945608651872 2.407945608651872
fan 1 1.7147984280919266 1.7147984280919266
faster 1 2.995732273553991 2.995732273553991
fastest 1 3.2188758248682006 3.2188758248682006
favorite 1 3.2188758248682006 3.2188758248682006
feature 1 1.4696759700589417 1.4696759700589417
february 1 0.27443684570176036 0.27443684570176036
fenway 1 3.912023005428146 3.912023005428146
field 1 1.0498221244986776 1.0498221244986776
file 1 0.0 0.0
fill 1 3.912023005428146 3.912023005428146
filter 1 3.912023005428146 3.912023005428146
fin 1 2.995732273553991 2.995732273553991
final 1 0.9942522733438669 0.9942522733438669
financial 1 1.8325814637483102 1.8325814637483102
finish 1 2.407945608651872 2.407945608651872
finisher 1 4.605170185988092 4.605170185988092
firecracker 1 4.605170185988092 4.605170185988092
first 1 0.1508228897345837 0.1508228897345837
fitzgerald 1 3.506557897319982 3.506557897319982
florida 1 1.9661128563728327 1.9661128563728327
food 1 1.9661128563728327 1.9661128563728327
ford 1 2.5257286443082556 2.5257286443082556
format 1 2.5257286443082556 2.5257286443082556
formercommentators 1 4.605170185988092 4.605170185988092
formerly 1 1.8325814637483102 1.8325814637483102
foundation 1 0.0 0.0
fox 1 2.407945608651872 2.407945608651872
free 1 0.0 0.0
friend 1 1.3470736479666094 1.3470736479666094
fsannouncers 1 4.605170185988092 4.605170185988092
full 1 1.1086626245216111 1.1086626245216111
fxx 1 4.605170185988092 4.605170185988092
galaxy 1 2.995732273553991 2.995732273553991
gallagher 1 3.912023005428146 3.912023005428146
gaming 1 3.2188758248682006 3.2188758248682006
gamp 1 4.605170185988092 4.605170185988092
ganassi 1 4.605170185988092 4.605170185988092
garrett 1 3.2188758248682006 3.2188758248682006
garrow 1 4.605170185988092 4.605170185988092
gase 1 4.605170185988092 4.605170185988092
gate 1 2.5257286443082556 2.5257286443082556
gaughan 1 4.605170185988092 4.605170185988092
general 1 0.0 0.0
georgia 1 2.302585092994046 2.302585092994046
get 1 0.0 0.0
gibbs 1 3.2188758248682006 3.2188758248682006
giselle 1 4.605170185988092 4.605170185988092
glen 1 2.8134107167600364 2.8134107167600364
glenn 1 2.5257286443082556 2.5257286443082556
glider 1 4.605170185988092 4.605170185988092
gm 1 4.605170185988092 4.605170185988092
gordon 1 2.5257286443082556 2.5257286443082556
grafoid 1 4.605170185988092 4.605170185988092
green 1 1.171182981502945 1.171182981502945
grid 1 2.8134107167600364 2.8134107167600364
groove 1 3.506557897319982 3.506557897319982
guest 1 2.302585092994046 2.302585092994046
gutter 1 4.605170185988092 4.605170185988092
haas 1 3.912023005428146 3.912023005428146
hamlin 1 3.912023005428146 3.912023005428146
hammond 1 3.506557897319982 3.506557897319982
hank 1 2.659260036932778 2.659260036932778
harmon 1 3.912023005428146 3.912023005428146
harrison 1 2.302585092994046 2.302585092994046
harvick 1 4.605170185988092 4.605170185988092
head 1 1.1086626245216111 1.1086626245216111
heat 1 2.5257286443082556 2.5257286443082556
heather 1 2.407945608651872 2.407945608651872
held 1 1.171182981502945 1.171182981502945
hellmanns 1 4.605170185988092 4.605170185988092
help 1 0.0 0.0
henrico 1 4.605170185988092 4.605170185988092
hermie 1 4.605170185988092 4.605170185988092
hero 1 2.207274913189721 2.207274913189721
hidden 1 0.010050335853501506 0.010050335853501506
hide 1 0.0 0.0
high 1 0.9416085398584451 0.9416085398584451
hill 1 1.2039728043259361 1.2039728043259361
hisense 1 4.605170185988092 4.605170185988092
history 1 0.0 0.0
hlist 1 0.127833371509885 0.127833371509885
hlistinline 1 0.127833371509885 0.127833371509885
hold 1 1.3470736479666094 1.3470736479666094
host 1 2.407945608651872 2.407945608651872
hosted 1 2.8134107167600364 2.8134107167600364
hotel 1 2.5257286443082556 2.5257286443082556
hour 1 1.7719568419318754 1.7719568419318754
howe 1 3.506557897319982 3.506557897319982
hub 1 2.995732273553991 2.995732273553991
idlockfree 1 0.0408219945202552 0.0408219945202552
idlockfreeidlockfree 1 0.0408219945202552 0.0408219945202552
idlocklimited 1 0.0408219945202552 0.0408219945202552
idlockregistration 1 0.0408219945202552 0.0408219945202552
idlocksubscription 1 0.0408219945202552 0.0408219945202552
inc 1 0.0 0.0
include 1 1.3093333199837622 1.3093333199837622
included 1 1.3093333199837622 1.3093333199837622
increased 1 2.302585092994046 2.302585092994046
ineligible 1 3.2188758248682006 3.2188758248682006
info 1 2.659260036932778 2.659260036932778
infobox 1 0.3011050927839216 0.3011050927839216
infoboxcols 1 4.605170185988092 4.605170185988092
infoboxtable 1 0.3147107448397002 0.3147107448397002
information 1 0.0 0.0
international 1 0.5978370007556204 0.5978370007556204
item 1 0.010050335853501506 0.010050335853501506
iteration 1 4.605170185988092 4.605170185988092
jamie 1 2.5257286443082556 2.5257286443082556
jarrett 1 4.605170185988092 4.605170185988092
jayskis 1 4.605170185988092 4.605170185988092
jeanne 1 3.912023005428146 3.912023005428146
jeb 1 4.605170185988092 4.605170185988092
jeff 1 1.8325814637483102 1.8325814637483102
jeremy 1 2.407945608651872 2.407945608651872
jerry 1 2.659260036932778 2.659260036932778
jessi 1 3.912023005428146 3.912023005428146
jgl 1 4.605170185988092 4.605170185988092
jim 1 1.4696759700589417 1.4696759700589417
jimmy 1 2.302585092994046 2.302585092994046
joe 1 1.5141277326297755 1.5141277326297755
joey 1 3.506557897319982 3.506557897319982
john 1 0.49429632181478017 0.49429632181478017
joie 1 4.605170185988092 4.605170185988092
jones 1 1.5141277326297755 1.5141277326297755
josh 1 2.120263536200091 2.120263536200091
joy 1 2.659260036932778 2.659260036932778
jump 1 0.0 0.0
junior 1 2.0402208285265546 2.0402208285265546
juniper 1 3.506557897319982 3.506557897319982
justin 1 2.407945608651872 2.407945608651872
kaitlyn 1 4.605170185988092 4.605170185988092
kansa 1 2.207274913189721 2.207274913189721
katerra 1 4.605170185988092 4.605170185988092
katie 1 2.8134107167600364 2.8134107167600364
kaulig 1 3.912023005428146 3.912023005428146
kenny 1 2.995732273553991 2.995732273553991
keselowski 1 4.605170185988092 4.605170185988092
kevin 1 1.5606477482646683 1.5606477482646683
kim 1 2.407945608651872 2.407945608651872
kit 1 3.2188758248682006 3.2188758248682006
kmh 1 3.506557897319982 3.506557897319982
knockout 1 3.2188758248682006 3.2188758248682006
known 1 0.7985076962177716 0.7985076962177716
koch 1 3.912023005428146 3.912023005428146
krista 1 4.605170185988092 4.605170185988092
kvapil 1 4.605170185988092 4.605170185988092
labonte 1 4.605170185988092 4.605170185988092
lane 1 2.120263536200091 2.120263536200091
language 1 0.0 0.0
lap 1 3.2188758248682006 3.2188758248682006
larry 1 2.207274913189721 2.207274913189721
last 1 0.0 0.0
layout 1 2.659260036932778 2.659260036932778
lead 1 1.6607312068216509 1.6607312068216509
leading 1 1.3093333199837622 1.3093333199837622
leaf 1 2.302585092994046 2.302585092994046
learn 1 0.0 0.0
led 1 1.07880966137193 1.07880966137193
lee 1 1.6607312068216509 1.6607312068216509
length 1 1.7719568419318754 1.7719568419318754
leod 1 3.912023005428146 3.912023005428146
liaftercontent 1 0.127833371509885 0.127833371509885
license 1 0.0 0.0
life 1 0.5447271754416719 0.5447271754416719
light 1 1.3862943611198906 1.3862943611198906
lilly 1 3.2188758248682006 3.2188758248682006
limarginbottom 1 0.9675840262617057 0.9675840262617057
lindsay 1 2.8134107167600364 2.8134107167600364
lineup 1 2.8134107167600364 2.8134107167600364
link 1 0.0 0.0
list 1 0.6348782724359695 0.6348782724359695
little 1 1.4696759700589417 1.4696759700589417
located 1 2.407945608651872 2.407945608651872
location 1 1.171182981502945 1.171182981502945
log 1 0.0 0.0
logano 1 4.605170185988092 4.605170185988092
logged 1 0.0 0.0
lone 1 2.995732273553991 2.995732273553991
long 1 1.1086626245216111 1.1086626245216111
losada 1 4.605170185988092 4.605170185988092
lottery 1 4.605170185988092 4.605170185988092
lotto 1 4.605170185988092 4.605170185988092
love 1 1.4271163556401458 1.4271163556401458
main 1 0.0 0.0
make 1 1.0498221244986776 1.0498221244986776
mamba 1 4.605170185988092 4.605170185988092
mark 1 1.1394342831883648 1.1394342831883648
mast 1 3.912023005428146 3.912023005428146
match 1 0.8675005677047231 0.8675005677047231
matt 1 1.8325814637483102 1.8325814637483102
may 1 0.0 0.0
mbm 1 4.605170185988092 4.605170185988092
mdy 1 1.3862943611198906 1.3862943611198906
mean 1 1.7719568419318754 1.7719568419318754
medium 1 0.49429632181478017 0.49429632181478017
melon 1 4.605170185988092 4.605170185988092
menards 1 4.605170185988092 4.605170185988092
menu 1 0.0 0.0
mexico 1 1.5606477482646683 1.5606477482646683
michael 1 1.171182981502945 1.171182981502945
mid 1 2.407945608651872 2.407945608651872
mike 1 1.6094379124341003 1.6094379124341003
mile 1 1.8971199848858813 1.8971199848858813
military 1 1.4696759700589417 1.4696759700589417
minute 1 1.6607312068216509 1.6607312068216509
mobile 1 0.0 0.0
morgan 1 2.207274913189721 2.207274913189721
motorsportcom 1 4.605170185988092 4.605170185988092
motorsports 1 3.506557897319982 3.506557897319982
move 1 0.0 0.0
mph 1 3.506557897319982 3.506557897319982
mrnmotor 1 4.605170185988092 4.605170185988092
murray 1 2.302585092994046 2.302585092994046
music 1 1.3862943611198906 1.3862943611198906
myers 1 3.912023005428146 3.912023005428146
myrtle 1 4.605170185988092 4.605170185988092
name 1 0.5276327420823719 0.5276327420823719
nascar 1 3.912023005428146 3.912023005428146
nascaron 1 4.605170185988092 4.605170185988092
nascarracereport 1 4.605170185988092 4.605170185988092
navbar 1 0.23572233352106994 0.23572233352106994
navbarfontsizemedia 1 0.3147107448397002 0.3147107448397002
navbarmini 1 0.23572233352106994 0.23572233352106994
navbox 1 0.1392620673335076 0.1392620673335076
navboximage 1 0.1392620673335076 0.1392620673335076
navboxsubgroup 1 0.1392620673335076 0.1392620673335076
navboxtitle 1 0.1392620673335076 0.1392620673335076
navigation 1 0.0 0.0
nbc 1 3.2188758248682006 3.2188758248682006
net 1 2.5257286443082556 2.5257286443082556
network 1 1.3470736479666094 1.3470736479666094
neville 1 3.506557897319982 3.506557897319982
news 1 0.843970070294529 0.843970070294529
nextrace 1 4.605170185988092 4.605170185988092
no 1 4.605170185988092 4.605170185988092
nonprofit 1 0.0 0.0
note 1 0.8209805520698303 0.8209805520698303
november 1 0.3011050927839216 0.3011050927839216
nrh 1 4.605170185988092 4.605170185988092
obaika 1 4.605170185988092 4.605170185988092
oddposition 1 4.605170185988092 4.605170185988092
official 1 0.7550225842780328 0.7550225842780328
ohio 1 2.207274913189721 2.207274913189721
ollibeforecontent 1 0.127833371509885 0.127833371509885
ollies 1 3.912023005428146 3.912023005428146
one 1 0.23572233352106994 0.23572233352106994
open 1 1.4696759700589417 1.4696759700589417
oreilly 1 2.995732273553991 2.995732273553991
organization 1 0.0 0.0
organizationname 1 0.010050335853501506 0.010050335853501506
original 1 0.4155154439616658 0.4155154439616658
osborne 1 3.2188758248682006 3.2188758248682006
outlet 1 3.2188758248682006 3.2188758248682006
outside 1 1.7147984280919266 1.7147984280919266
overheating 1 4.605170185988092 4.605170185988092
overtime 1 2.995732273553991 2.995732273553991
pace 1 2.5257286443082556 2.5257286443082556
page 1 0.0 0.0
pagetype 1 1.2729656758128876 1.2729656758128876
parker 1 2.659260036932778 2.659260036932778
parson 1 3.506557897319982 3.506557897319982
part 1 0.6348782724359695 0.6348782724359695
partsnet 1 4.605170185988092 4.605170185988092
pdfprintable 1 0.0 0.0
peck 1 4.605170185988092 4.605170185988092
penske 1 3.506557897319982 3.506557897319982
per 1 1.7147984280919266 1.7147984280919266
permanent 1 0.0 0.0
personal 1 0.0 0.0
petree 1 4.605170185988092 4.605170185988092
petty 1 3.506557897319982 3.506557897319982
phil 1 3.2188758248682006 3.2188758248682006
pit 1 2.995732273553991 2.995732273553991
plainlist 1 0.7339691750802005 0.7339691750802005
playbyplay 1 4.605170185988092 4.605170185988092
playoff 1 2.5257286443082556 2.5257286443082556
po 1 2.407945608651872 2.407945608651872
pockrass 1 4.605170185988092 4.605170185988092
pocono 1 4.605170185988092 4.605170185988092
podium 1 3.2188758248682006 3.2188758248682006
point 1 1.2729656758128876 1.2729656758128876
pole 1 2.995732273553991 2.995732273553991
policy 1 0.0 0.0
poole 1 3.506557897319982 3.506557897319982
portal 1 0.0 0.0
position 1 1.1394342831883648 1.1394342831883648
power 1 1.0216512475319812 1.0216512475319812
practice 1 2.0402208285265546 2.0402208285265546
preece 1 3.912023005428146 3.912023005428146
premier 1 2.5257286443082556 2.5257286443082556
prerace 1 4.605170185988092 4.605170185988092
present 1 0.9675840262617057 0.9675840262617057
press 1 0.7550225842780328 0.7550225842780328
previousrace 1 4.605170185988092 4.605170185988092
printbodyns 1 0.09431067947124142 0.09431067947124142
printexport 1 0.0 0.0
privacy 1 0.0 0.0
proclivity 1 4.605170185988092 4.605170185988092
project 1 0.0 0.0
protection 1 2.407945608651872 2.407945608651872
pt 1 2.659260036932778 2.659260036932778
pulse 1 3.506557897319982 3.506557897319982
qqq 1 4.605170185988092 4.605170185988092
qualifier 1 3.912023005428146 3.912023005428146
qualify 1 2.659260036932778 2.659260036932778
qualifying 1 3.912023005428146 3.912023005428146
race 1 1.7147984280919266 1.7147984280919266
racetrack 1 4.605170185988092 4.605170185988092
raceway 1 4.605170185988092 4.605170185988092
racing 1 2.5257286443082556 2.5257286443082556
radio 1 1.4696759700589417 1.4696759700589417
ragan 1 4.605170185988092 4.605170185988092
ralph 1 2.120263536200091 2.120263536200091
random 1 0.0 0.0
randy 1 2.8134107167600364 2.8134107167600364
ray 1 1.7147984280919266 1.7147984280919266
reach 1 2.302585092994046 2.302585092994046
read 1 0.0 0.0
recent 1 0.0 0.0
reed 1 2.659260036932778 2.659260036932778
reference 1 0.03045920748470844 0.03045920748470844
referenceinfo 1 3.912023005428146 3.912023005428146
reflist 1 0.06187540371808745 0.06187540371808745
reflistcolumns 1 0.06187540371808745 0.06187540371808745
reg 1 0.0 0.0
regan 1 3.506557897319982 3.506557897319982
registered 1 0.0 0.0
related 1 0.0 0.0
repairable 1 4.605170185988092 4.605170185988092
reporter 1 3.2188758248682006 3.2188758248682006
reporteralternate 1 4.605170185988092 4.605170185988092
respectively 1 2.207274913189721 2.207274913189721
restart 1 3.912023005428146 3.912023005428146
result 1 0.9942522733438669 0.9942522733438669
retrieved 1 0.0 0.0
returning 1 2.207274913189721 2.207274913189721
reynolds 1 2.5257286443082556 2.5257286443082556
rhodes 1 3.506557897319982 3.506557897319982
richard 1 1.1394342831883648 1.1394342831883648
richmond 1 2.8134107167600364 2.8134107167600364
rick 1 2.207274913189721 2.207274913189721
ricky 1 2.8134107167600364 2.8134107167600364
rieff 1 4.605170185988092 4.605170185988092
rivera 1 3.912023005428146 3.912023005428146
road 1 1.3862943611198906 1.3862943611198906
robert 1 0.8675005677047231 0.8675005677047231
rookie 1 3.2188758248682006 3.2188758248682006
ross 1 2.0402208285265546 2.0402208285265546
roush 1 4.605170185988092 4.605170185988092
rss 1 4.605170185988092 4.605170185988092
running 1 1.6607312068216509 1.6607312068216509
ruud 1 3.912023005428146 3.912023005428146
ryan 1 1.8325814637483102 1.8325814637483102
sadler 1 4.605170185988092 4.605170185988092
safety 1 2.407945608651872 2.407945608651872
sara 1 3.912023005428146 3.912023005428146
saturday 1 2.407945608651872 2.407945608651872
saving 1 2.407945608651872 2.407945608651872
scheduled 1 2.407945608651872 2.407945608651872
schreer 1 4.605170185988092 4.605170185988092
scott 1 1.2729656758128876 1.2729656758128876
screen 1 0.010050335853501506 0.010050335853501506
scuba 1 4.605170185988092 4.605170185988092
search 1 0.0 0.0
season 1 1.1394342831883648 1.1394342831883648
second 1 0.49429632181478017 0.49429632181478017
series 1 0.8675005677047231 0.8675005677047231
service 1 1.2378743560016172 1.2378743560016172
session 1 2.0402208285265546 2.0402208285265546
set 1 0.9942522733438669 0.9942522733438669
shannon 1 2.5257286443082556 2.5257286443082556
shape 1 3.2188758248682006 3.2188758248682006
shaped 1 3.912023005428146 3.912023005428146
share 1 0.0 0.0
sheheen 1 4.605170185988092 4.605170185988092
shepherd 1 2.995732273553991 2.995732273553991
short 1 0.06187540371808745 0.06187540371808745
shortdescription 1 0.2613647641344075 0.2613647641344075
shortened 1 0.0 0.0
show 1 1.0498221244986776 1.0498221244986776
showdown 1 4.605170185988092 4.605170185988092
sidebar 1 0.0 0.0
sieg 1 4.605170185988092 4.605170185988092
silly 1 4.605170185988092 4.605170185988092
sims 1 3.912023005428146 3.912023005428146
since 1 0.7985076962177716 0.7985076962177716
site 1 0.0 0.0
six 1 1.3470736479666094 1.3470736479666094
smith 1 1.2039728043259361 1.2039728043259361
smithley 1 4.605170185988092 4.605170185988092
sober 1 3.506557897319982 3.506557897319982
social 1 1.3093333199837622 1.3093333199837622
solar 1 2.995732273553991 2.995732273553991
solid 1 0.09431067947124142 0.09431067947124142
south 1 0.9162907318741551 0.9162907318741551
spa 1 3.506557897319982 3.506557897319982
spake 1 4.605170185988092 4.605170185988092
spanish 1 1.7719568419318754 1.7719568419318754
spark 1 2.995732273553991 2.995732273553991
special 1 0.0 0.0
speed 1 2.302585092994046 2.302585092994046
spencer 1 2.659260036932778 2.659260036932778
split 1 2.407945608651872 2.407945608651872
sponsor 1 2.995732273553991 2.995732273553991
sport 1 1.1394342831883648 1.1394342831883648
sprint 1 3.2188758248682006 3.2188758248682006
ssgreen 1 4.605170185988092 4.605170185988092
standing 1 1.8971199848858813 1.8971199848858813
star 1 0.9675840262617057 0.9675840262617057
starting 1 1.8971199848858813 1.8971199848858813
state 1 0.3147107448397002 0.3147107448397002
statement 1 0.0 0.0
statistic 1 0.0 0.0
status 1 1.7719568419318754 1.7719568419318754
steve 1 1.8971199848858813 1.8971199848858813
stewart 1 2.207274913189721 2.207274913189721
stock 1 2.302585092994046 2.302585092994046
stover 1 4.605170185988092 4.605170185988092
striecher 1 4.605170185988092 4.605170185988092
studio 1 1.8971199848858813 1.8971199848858813
subsection 1 0.3424903089467759 0.3424903089467759
subway 1 3.912023005428146 3.912023005428146
surez 1 3.506557897319982 3.506557897319982
suspension 1 2.995732273553991 2.995732273553991
table 1 0.0 0.0
tablenotnotheme 1 2.302585092994046 2.302585092994046
take 1 0.9675840262617057 0.9675840262617057
talk 1 0.0 0.0
tdhlist 1 0.1392620673335076 0.1392620673335076
team 1 1.0498221244986776 1.0498221244986776
technical 1 2.5257286443082556 2.5257286443082556
television 1 1.6607312068216509 1.6607312068216509
template 1 0.0 0.0
term 1 0.0 0.0
text 1 0.0 0.0
thbodyskinresponsive 1 0.3147107448397002 0.3147107448397002
third 1 0.9162907318741551 0.9162907318741551
ticket 1 2.995732273553991 2.995732273553991
tifft 1 4.605170185988092 4.605170185988092
till 1 2.302585092994046 2.302585092994046
time 1 0.28768207245178085 0.28768207245178085
timmy 1 4.605170185988092 4.605170185988092
tire 1 3.2188758248682006 3.2188758248682006
tlc 1 4.605170185988092 4.605170185988092
todd 1 2.5257286443082556 2.5257286443082556
toggle 1 0.010050335853501506 0.010050335853501506
tony 1 1.8325814637483102 1.8325814637483102
took 1 1.171182981502945 1.171182981502945
tool 1 0.0 0.0
top 1 0.010050335853501506 0.010050335853501506
topic 1 0.0 0.0
total 1 0.0 0.0
tougher 1 4.605170185988092 4.605170185988092
toyota 1 3.912023005428146 3.912023005428146
track 1 1.7719568419318754 1.7719568419318754
trademark 1 0.0 0.0
transmission 1 3.2188758248682006 3.2188758248682006
travis 1 2.659260036932778 2.659260036932778
trax 1 3.912023005428146 3.912023005428146
treat 1 3.912023005428146 3.912023005428146
tretow 1 4.605170185988092 4.605170185988092
trevor 1 2.8134107167600364 2.8134107167600364
tri 1 3.506557897319982 3.506557897319982
trioval 1 4.605170185988092 4.605170185988092
trotta 1 4.605170185988092 4.605170185988092
truck 1 2.995732273553991 2.995732273553991
trucking 1 4.605170185988092 4.605170185988092
two 1 0.43078291609245434 0.43078291609245434
ulpaddingem 1 0.1392620673335076 0.1392620673335076
unincorporated 1 4.605170185988092 4.605170185988092
unique 1 2.207274913189721 2.207274913189721
united 1 0.4155154439616658 0.4155154439616658
upload 1 0.0 0.0
usac 1 4.605170185988092 4.605170185988092
use 1 0.0 0.0
using 1 0.0 0.0
utc 1 0.0 0.0
vacation 1 3.2188758248682006 3.2188758248682006
var 1 0.0 0.0
vehiclescom 1 4.605170185988092 4.605170185988092
vending 1 3.912023005428146 3.912023005428146
venture 1 2.995732273553991 2.995732273553991
venue 1 2.407945608651872 2.407945608651872
version 1 0.0 0.0
vfw 1 4.605170185988092 4.605170185988092
victory 1 1.6094379124341003 1.6094379124341003
view 1 0.0 0.0
vince 1 2.995732273553991 2.995732273553991
vincie 1 4.605170185988092 4.605170185988092
virginia 1 1.8971199848858813 1.8971199848858813
visit 1 2.0402208285265546 2.0402208285265546
voda 1 4.605170185988092 4.605170185988092
vroom 1 4.605170185988092 4.605170185988092
vte 1 0.7550225842780328 0.7550225842780328
wallace 1 2.659260036932778 2.659260036932778
walsh 1 2.302585092994046 2.302585092994046
waltrip 1 4.605170185988092 4.605170185988092
ware 1 3.506557897319982 3.506557897319982
water 1 1.5606477482646683 1.5606477482646683
watermelon 1 4.605170185988092 4.605170185988092
welch 1 3.2188758248682006 3.2188758248682006
well 1 0.7765287894989963 0.7765287894989963
wesco 1 3.912023005428146 3.912023005428146
wide 1 2.5257286443082556 2.5257286443082556
wikidata 1 0.010050335853501506 0.010050335853501506
wikimedia 1 0.0 0.0
wikipedia 1 0.0 0.0
win 1 1.1086626245216111 1.1086626245216111
winner 1 1.5141277326297755 1.5141277326297755
wise 1 2.5257286443082556 2.5257286443082556
world 1 0.5108256237659907 0.5108256237659907
would 1 0.7550225842780328 0.7550225842780328
wwwsportingnewscom 1 4.605170185988092 4.605170185988092
xfinity 1 4.605170185988092 4.605170185988092
year 1 0.3424903089467759 0.3424903089467759
yeley 1 4.605170185988092 4.605170185988092
yocum 1 4.605170185988092 4.605170185988092
zachry 1 4.605170185988092 4.605170185988092
zarur 1 4.605170185988092 4.605170185988092
zelasko 1 4.605170185988092 4.605170185988092
zippo 1 4.605170185988092 4.605170185988092
