aamp 1 2.8134107167600364 2.8134107167600364
abandon 1 3.912023005428146 3.912023005428146
absorbed 1 3.2188758248682006 3.2188758248682006
abstracting 1 4.605170185988092 4.605170185988092
abstraction 1 4.605170185988092 4.605170185988092
academic 1 1.8971199848858813 1.8971199848858813
accommodate 1 3.2188758248682006 3.2188758248682006
according 1 1.3093333199837622 1.3093333199837622
account 1 0.0 0.0
across 1 1.8325814637483102 1.8325814637483102
action 1 0.0 0.0
add 1 0.0 0.0
additional 1 0.0 0.0
admitted 1 2.659260036932778 2.659260036932778
advertisement 1 4.605170185988092 4.605170185988092
advertising 1 2.8134107167600364 2.8134107167600364
advises 1 3.912023005428146 3.912023005428146
advocate 1 3.2188758248682006 3.2188758248682006
afterimage 1 4.605170185988092 4.605170185988092
age 1 0.7985076962177716 0.7985076962177716
agency 1 2.120263536200091 2.120263536200091
agi 1 4.605170185988092 4.605170185988092
agree 1 0.0 0.0
aided 1 2.995732273553991 2.995732273553991
aiga 1 4.605170185988092 4.605170185988092
air 1 1.8971199848858813 1.8971199848858813
airbrush 1 4.605170185988092 4.605170185988092
aircraft 1 3.912023005428146 3.912023005428146
airline 1 3.506557897319982 3.506557897319982
airplane 1 3.506557897319982 3.506557897319982
album 1 2.407945608651872 2.407945608651872
alex 1 2.120263536200091 2.120263536200091
alike 1 0.0 0.0
alliance 1 1.8971199848858813 1.8971199848858813
alongside 1 1.9661128563728327 1.9661128563728327
also 1 0.127833371509885 0.127833371509885
alston 1 4.605170185988092 4.605170185988092
alternative 1 2.207274913189721 2.207274913189721
always 1 2.207274913189721 2.207274913189721
america 1 0.8675005677047231 0.8675005677047231
american 1 0.5276327420823719 0.5276327420823719
among 1 1.2378743560016172 1.2378743560016172
amp 1 0.4620354595965586 0.4620354595965586
angeles 1 1.6607312068216509 1.6607312068216509
anita 1 3.506557897319982 3.506557897319982
anton 1 3.506557897319982 3.506557897319982
appearance 1 0.0 0.0
application 1 2.0402208285265546 2.0402208285265546
applied 1 2.659260036932778 2.659260036932778
apply 1 0.0 0.0
appointed 1 1.9661128563728327 1.9661128563728327
apprenticeship 1 3.912023005428146 3.912023005428146
approach 1 1.9661128563728327 1.9661128563728327
arabia 1 2.995732273553991 2.995732273553991
architecture 1 2.5257286443082556 2.5257286443082556
argument 1 2.5257286443082556 2.5257286443082556
army 1 1.6094379124341003 1.6094379124341003
art 1 1.2039728043259361 1.2039728043259361
article 1 0.0 0.0
articulated 1 4.605170185988092 4.605170185988092
artist 1 1.7147984280919266 1.7147984280919266
asked 1 2.120263536200091 2.120263536200091
assertion 1 4.605170185988092 4.605170185988092
assignment 1 2.995732273553991 2.995732273553991
assistant 1 1.7147984280919266 1.7147984280919266
association 1 1.1394342831883648 1.1394342831883648
atmosphere 1 3.506557897319982 3.506557897319982
attack 1 1.7147984280919266 1.7147984280919266
attention 1 2.302585092994046 2.302585092994046
attribution 1 0.0 0.0
ausschlielich 1 4.605170185988092 4.605170185988092
australia 1 1.4696759700589417 1.4696759700589417
austria 1 2.302585092994046 2.302585092994046
austrian 1 2.8134107167600364 2.8134107167600364
austro 1 4.605170185988092 4.605170185988092
authority 1 0.8915981192837835 0.8915981192837835
authoritycontrol 1 2.5257286443082556 2.5257286443082556
auto 1 0.1392620673335076 0.1392620673335076
available 1 0.0 0.0
award 1 1.171182981502945 1.171182981502945
awarded 1 2.207274913189721 2.207274913189721
ballantine 1 4.605170185988092 4.605170185988092
barton 1 4.605170185988092 4.605170185988092
based 1 1.07880966137193 1.07880966137193
beall 1 3.912023005428146 3.912023005428146
became 1 0.7133498878774648 0.7133498878774648
beer 1 3.506557897319982 3.506557897319982
began 1 0.8675005677047231 0.8675005677047231
begin 1 1.7147984280919266 1.7147984280919266
believed 1 2.120263536200091 2.120263536200091
bensdorp 1 4.605170185988092 4.605170185988092
bernhard 1 4.605170185988092 4.605170185988092
berthold 1 4.605170185988092 4.605170185988092
best 1 1.0216512475319812 1.0216512475319812
bestknown 1 3.912023005428146 3.912023005428146
biblical 1 2.995732273553991 2.995732273553991
biennial 1 3.912023005428146 3.912023005428146
binder 1 4.605170185988092 4.605170185988092
biographie 1 2.995732273553991 2.995732273553991
birth 1 1.1394342831883648 1.1394342831883648
black 1 0.8915981192837835 0.8915981192837835
blue 1 1.4696759700589417 1.4696759700589417
boeg 1 4.605170185988092 4.605170185988092
bold 1 2.407945608651872 2.407945608651872
bond 1 2.659260036932778 2.659260036932778
book 1 0.6348782724359695 0.6348782724359695
born 1 1.1394342831883648 1.1394342831883648
bos 1 2.995732273553991 2.995732273553991
bottom 1 2.302585092994046 2.302585092994046
brand 1 2.302585092994046 2.302585092994046
breaking 1 2.659260036932778 2.659260036932778
breakthrough 1 4.605170185988092 4.605170185988092
bright 1 3.912023005428146 3.912023005428146
brigitte 1 4.605170185988092 4.605170185988092
brilliantly 1 3.912023005428146 3.912023005428146
british 1 1.5606477482646683 1.5606477482646683
brochure 1 4.605170185988092 4.605170185988092
brower 1 4.605170185988092 4.605170185988092
bruce 1 2.120263536200091 2.120263536200091
bulletin 1 2.5257286443082556 2.5257286443082556
called 1 0.8209805520698303 0.8209805520698303
capable 1 2.995732273553991 2.995732273553991
career 1 1.2729656758128876 1.2729656758128876
carefully 1 4.605170185988092 4.605170185988092
carla 1 3.912023005428146 3.912023005428146
caroline 1 3.912023005428146 3.912023005428146
case 1 1.3862943611198906 1.3862943611198906
cat 1 1.5606477482646683 1.5606477482646683
category 1 0.0 0.0
caused 1 2.407945608651872 2.407945608651872
caution 1 4.605170185988092 4.605170185988092
celebrated 1 3.506557897319982 3.506557897319982
center 1 1.171182981502945 1.171182981502945
centerpx 1 0.0408219945202552 0.0408219945202552
central 1 1.07880966137193 1.07880966137193
century 1 1.3470736479666094 1.3470736479666094
challenging 1 3.506557897319982 3.506557897319982
championed 1 4.605170185988092 4.605170185988092
change 1 0.0 0.0
changing 1 2.659260036932778 2.659260036932778
chaplain 1 3.2188758248682006 3.2188758248682006
characteristic 1 2.5257286443082556 2.5257286443082556
charles 1 1.171182981502945 1.171182981502945
chicago 1 1.8971199848858813 1.8971199848858813
chief 1 1.3862943611198906 1.3862943611198906
citation 1 0.0408219945202552 0.0408219945202552
cite 1 0.0 0.0
citebook 1 1.8971199848858813 1.8971199848858813
citejournal 1 1.9661128563728327 1.9661128563728327
citeweb 1 0.5447271754416719 0.5447271754416719
citing 1 3.506557897319982 3.506557897319982
citizen 1 1.9661128563728327 1.9661128563728327
city 1 0.6348782724359695 0.6348782724359695
client 1 3.912023005428146 3.912023005428146
closed 1 2.207274913189721 2.207274913189721
club 1 1.4271163556401458 1.4271163556401458
code 1 0.0 0.0
coffee 1 3.506557897319982 3.506557897319982
collection 1 1.8971199848858813 1.8971199848858813
color 1 2.0402208285265546 2.0402208285265546
colorado 1 1.8971199848858813 1.8971199848858813
colored 1 3.912023005428146 3.912023005428146
colour 1 2.5257286443082556 2.5257286443082556
columbia 1 2.207274913189721 2.207274913189721
coming 1 1.7719568419318754 1.7719568419318754
commercial 1 2.0402208285265546 2.0402208285265546
commission 1 1.7147984280919266 1.7147984280919266
common 1 0.0 0.0
companion 1 2.407945608651872 2.407945608651872
company 1 1.2729656758128876 1.2729656758128876
competition 1 1.8971199848858813 1.8971199848858813
completely 1 2.5257286443082556 2.5257286443082556
composed 1 1.8971199848858813 1.8971199848858813
comprehensive 1 2.8134107167600364 2.8134107167600364
concept 1 2.120263536200091 2.120263536200091
conduct 1 0.0 0.0
connects 1 4.605170185988092 4.605170185988092
consider 1 2.407945608651872 2.407945608651872
considered 1 1.3862943611198906 1.3862943611198906
consisted 1 3.912023005428146 3.912023005428146
consistent 1 2.8134107167600364 2.8134107167600364
constructive 1 4.605170185988092 4.605170185988092
contact 1 0.0 0.0
contains 1 2.8134107167600364 2.8134107167600364
contemporary 1 2.5257286443082556 2.5257286443082556
content 1 0.0 0.0
context 1 0.010050335853501506 0.010050335853501506
continued 1 1.5141277326297755 1.5141277326297755
continues 1 2.302585092994046 2.302585092994046
contrast 1 2.995732273553991 2.995732273553991
contribute 1 0.0 0.0
contribution 1 0.0 0.0
control 1 0.7765287894989963 0.7765287894989963
conviction 1 2.995732273553991 2.995732273553991
cookie 1 0.0 0.0
cookiematch 1 0.0 0.0
corp 1 2.302585092994046 2.302585092994046
counterbalance 1 4.605170185988092 4.605170185988092
counterlistitema 1 0.127833371509885 0.127833371509885
country 1 0.843970070294529 0.843970070294529
cover 1 1.6094379124341003 1.6094379124341003
craft 1 3.2188758248682006 3.2188758248682006
craig 1 2.5257286443082556 2.5257286443082556
create 1 0.0 0.0
created 1 1.5606477482646683 1.5606477482646683
creating 1 2.0402208285265546 2.0402208285265546
creative 1 0.0 0.0
cross 1 1.8325814637483102 1.8325814637483102
csmaintcolorf 1 0.06187540371808745 0.06187540371808745
csmaintcolorfmedia 1 0.0408219945202552 0.0408219945202552
cswsicon 1 0.0408219945202552 0.0408219945202552
cubist 1 4.605170185988092 4.605170185988092
current 1 0.0 0.0
cut 1 1.9661128563728327 1.9661128563728327
da 1 3.506557897319982 3.506557897319982
daily 1 1.4271163556401458 1.4271163556401458
data 1 1.3862943611198906 1.3862943611198906
database 1 0.9675840262617057 0.9675840262617057
day 1 0.5276327420823719 0.5276327420823719
ddbother 1 2.995732273553991 2.995732273553991
deat 1 4.605170185988092 4.605170185988092
death 1 1.171182981502945 1.171182981502945
decision 1 1.8971199848858813 1.8971199848858813
deco 1 4.605170185988092 4.605170185988092
defense 1 1.7719568419318754 1.7719568419318754
defined 1 2.207274913189721 2.207274913189721
defining 1 4.605170185988092 4.605170185988092
denscher 1 4.605170185988092 4.605170185988092
depict 1 3.506557897319982 3.506557897319982
depicted 1 2.995732273553991 2.995732273553991
depicts 1 3.2188758248682006 3.2188758248682006
depth 1 2.8134107167600364 2.8134107167600364
description 1 0.07257069283483537 0.07257069283483537
design 1 1.8971199848858813 1.8971199848858813
designaustria 1 4.605170185988092 4.605170185988092
designed 1 2.5257286443082556 2.5257286443082556
designer 1 2.659260036932778 2.659260036932778
destination 1 3.2188758248682006 3.2188758248682006
detail 1 1.6094379124341003 1.6094379124341003
deutsch 1 0.9416085398584451 0.9416085398584451
deutsche 1 2.5257286443082556 2.5257286443082556
developed 1 1.7147984280919266 1.7147984280919266
developer 1 0.0 0.0
developing 1 2.995732273553991 2.995732273553991
died 1 1.3093333199837622 1.3093333199837622
different 1 0.3424903089467759 0.3424903089467759
directly 1 2.659260036932778 2.659260036932778
director 1 1.4271163556401458 1.4271163556401458
disclaimer 1 0.0 0.0
discourse 1 3.506557897319982 3.506557897319982
displayed 1 3.506557897319982 3.506557897319982
disposition 1 3.912023005428146 3.912023005428146
distinctly 1 3.912023005428146 3.912023005428146
distinguished 1 3.506557897319982 3.506557897319982
division 1 1.2729656758128876 1.2729656758128876
doi 1 2.0402208285265546 2.0402208285265546
domain 1 2.5257286443082556 2.5257286443082556
dominates 1 4.605170185988092 4.605170185988092
dominating 1 4.605170185988092 4.605170185988092
donate 1 0.0 0.0
done 1 2.302585092994046 2.302585092994046
download 1 0.0 0.0
dramatic 1 3.2188758248682006 3.2188758248682006
drawing 1 2.659260036932778 2.659260036932778
dtaftercontent 1 0.127833371509885 0.127833371509885
dynamic 1 3.506557897319982 3.506557897319982
early 1 0.6348782724359695 0.6348782724359695
eberle 1 4.605170185988092 4.605170185988092
eded 1 4.605170185988092 4.605170185988092
edge 1 2.120263536200091 2.120263536200091
education 1 1.3470736479666094 1.3470736479666094
effect 1 2.0402208285265546 2.0402208285265546
effort 1 1.5141277326297755 1.5141277326297755
eight 1 1.8971199848858813 1.8971199848858813
element 1 1.9661128563728327 1.9661128563728327
emblazoned 1 4.605170185988092 4.605170185988092
emblem 1 2.995732273553991 2.995732273553991
emigrant 1 2.8134107167600364 2.8134107167600364
emigrated 1 3.912023005428146 3.912023005428146
employed 1 3.2188758248682006 3.2188758248682006
employee 1 2.0402208285265546 2.0402208285265546
encyclopedia 1 0.0 0.0
end 1 0.7985076962177716 0.7985076962177716
english 1 0.0 0.0
englishlanguage 1 3.2188758248682006 3.2188758248682006
enrolled 1 2.995732273553991 2.995732273553991
entire 1 2.0402208285265546 2.0402208285265546
entry 1 1.5606477482646683 1.5606477482646683
esbeta 1 4.605170185988092 4.605170185988092
escape 1 2.5257286443082556 2.5257286443082556
essay 1 2.5257286443082556 2.5257286443082556
established 1 1.1086626245216111 1.1086626245216111
estate 1 2.120263536200091 2.120263536200091
europe 1 1.5141277326297755 1.5141277326297755
european 1 1.3093333199837622 1.3093333199837622
even 1 1.1394342831883648 1.1394342831883648
event 1 0.0 0.0
example 1 1.8325814637483102 1.8325814637483102
exhibition 1 3.2188758248682006 3.2188758248682006
exp 1 0.0 0.0
express 1 1.9661128563728327 1.9661128563728327
eye 1 1.6607312068216509 1.6607312068216509
fact 1 1.5141277326297755 1.5141277326297755
factor 1 2.5257286443082556 2.5257286443082556
fair 1 2.5257286443082556 2.5257286443082556
featured 1 2.120263536200091 2.120263536200091
february 1 0.27443684570176036 0.27443684570176036
federal 1 1.8971199848858813 1.8971199848858813
festival 1 2.207274913189721 2.207274913189721
field 1 1.0498221244986776 1.0498221244986776
file 1 0.0 0.0
first 1 0.1508228897345837 0.1508228897345837
firsted 1 4.605170185988092 4.605170185988092
flat 1 2.995732273553991 2.995732273553991
fleet 1 2.995732273553991 2.995732273553991
fly 1 2.659260036932778 2.659260036932778
focus 1 2.0402208285265546 2.0402208285265546
followed 1 1.3093333199837622 1.3093333199837622
force 1 1.2378743560016172 1.2378743560016172
foremost 1 4.605170185988092 4.605170185988092
form 1 1.3470736479666094 1.3470736479666094
formation 1 2.407945608651872 2.407945608651872
forth 1 3.2188758248682006 3.2188758248682006
fortune 1 2.302585092994046 2.302585092994046
forward 1 2.207274913189721 2.207274913189721
found 1 1.2039728043259361 1.2039728043259361
foundation 1 0.0 0.0
founder 1 1.8971199848858813 1.8971199848858813
founding 1 2.302585092994046 2.302585092994046
four 1 0.7985076962177716 0.7985076962177716
franais 1 0.8675005677047231 0.8675005677047231
france 1 1.2039728043259361 1.2039728043259361
francisco 1 1.7719568419318754 1.7719568419318754
free 1 0.0 0.0
friedman 1 4.605170185988092 4.605170185988092
friend 1 1.3470736479666094 1.3470736479666094
fueled 1 4.605170185988092 4.605170185988092
functional 1 3.2188758248682006 3.2188758248682006
funded 1 3.2188758248682006 3.2188758248682006
gallery 1 2.659260036932778 2.659260036932778
garden 1 2.407945608651872 2.407945608651872
garnered 1 3.506557897319982 3.506557897319982
gebrauchsgraphik 1 4.605170185988092 4.605170185988092
general 1 0.0 0.0
geometric 1 4.605170185988092 4.605170185988092
german 1 1.7147984280919266 1.7147984280919266
germanlanguage 1 2.995732273553991 2.995732273553991
germany 1 1.4271163556401458 1.4271163556401458
get 1 0.0 0.0
giovannini 1 4.605170185988092 4.605170185988092
glowing 1 4.605170185988092 4.605170185988092
goethe 1 3.506557897319982 3.506557897319982
gold 1 1.6094379124341003 1.6094379124341003
graphic 1 3.2188758248682006 3.2188758248682006
graphik 1 4.605170185988092 4.605170185988092
graphique 1 4.605170185988092 4.605170185988092
graphis 1 4.605170185988092 4.605170185988092
green 1 1.171182981502945 1.171182981502945
grow 1 3.506557897319982 3.506557897319982
guptill 1 4.605170185988092 4.605170185988092
hanns 1 4.605170185988092 4.605170185988092
hard 1 2.302585092994046 2.302585092994046
harmony 1 3.912023005428146 3.912023005428146
hat 1 3.2188758248682006 3.2188758248682006
head 1 1.1086626245216111 1.1086626245216111
heart 1 1.4696759700589417 1.4696759700589417
heightened 1 3.912023005428146 3.912023005428146
held 1 1.171182981502945 1.171182981502945
heller 1 4.605170185988092 4.605170185988092
help 1 0.0 0.0
hidden 1 0.010050335853501506 0.010050335853501506
hide 1 0.0 0.0
highimpact 1 4.605170185988092 4.605170185988092
highlighting 1 3.912023005428146 3.912023005428146
highly 1 2.120263536200091 2.120263536200091
historical 1 1.8325814637483102 1.8325814637483102
history 1 0.0 0.0
hlist 1 0.127833371509885 0.127833371509885
hlistinline 1 0.127833371509885 0.127833371509885
hoboken 1 4.605170185988092 4.605170185988092
hold 1 1.3470736479666094 1.3470736479666094
home 1 0.7339691750802005 0.7339691750802005
honor 1 1.8325814637483102 1.8325814637483102
honorary 1 3.912023005428146 3.912023005428146
house 1 1.0216512475319812 1.0216512475319812
hudson 1 2.207274913189721 2.207274913189721
human 1 1.3862943611198906 1.3862943611198906
hungarian 1 3.2188758248682006 3.2188758248682006
idea 1 1.8325814637483102 1.8325814637483102
identity 1 2.207274913189721 2.207274913189721
idlockfree 1 0.0408219945202552 0.0408219945202552
idlockfreeidlockfree 1 0.0408219945202552 0.0408219945202552
idlocklimited 1 0.0408219945202552 0.0408219945202552
idlockregistration 1 0.0408219945202552 0.0408219945202552
idlocksubscription 1 0.0408219945202552 0.0408219945202552
illusion 1 3.912023005428146 3.912023005428146
illustrate 1 3.912023005428146 3.912023005428146
illustrated 1 2.659260036932778 2.659260036932778
illustration 1 3.912023005428146 3.912023005428146
illustrator 1 3.506557897319982 3.506557897319982
image 1 2.120263536200091 2.120263536200091
important 1 1.8325814637483102 1.8325814637483102
importer 1 4.605170185988092 4.605170185988092
inc 1 0.0 0.0
include 1 1.3093333199837622 1.3093333199837622
included 1 1.3093333199837622 1.3093333199837622
including 1 0.7133498878774648 0.7133498878774648
incorporated 1 2.120263536200091 2.120263536200091
increasing 1 3.2188758248682006 3.2188758248682006
increasingly 1 2.659260036932778 2.659260036932778
influenced 1 3.2188758248682006 3.2188758248682006
information 1 0.0 0.0
initial 1 2.120263536200091 2.120263536200091
innermost 1 3.912023005428146 3.912023005428146
installing 1 4.605170185988092 4.605170185988092
institute 1 1.5141277326297755 1.5141277326297755
interessiert 1 4.605170185988092 4.605170185988092
interest 1 1.6607312068216509 1.6607312068216509
interested 1 2.995732273553991 2.995732273553991
international 1 0.5978370007556204 0.5978370007556204
internationale 1 4.605170185988092 4.605170185988092
interpretation 1 3.2188758248682006 3.2188758248682006
introduced 1 1.5606477482646683 1.5606477482646683
invented 1 3.912023005428146 3.912023005428146
inventor 1 4.605170185988092 4.605170185988092
invited 1 2.5257286443082556 2.5257286443082556
isbn 1 0.9942522733438669 0.9942522733438669
isniviaffastworld 1 2.407945608651872 2.407945608651872
issn 1 1.8971199848858813 1.8971199848858813
issue 1 1.1086626245216111 1.1086626245216111
item 1 0.010050335853501506 0.010050335853501506
james 1 1.0498221244986776 1.0498221244986776
jantzen 1 4.605170185988092 4.605170185988092
january 1 0.3424903089467759 0.3424903089467759
joseph 1 1.5141277326297755 1.5141277326297755
journal 1 1.3093333199837622 1.3093333199837622
jstor 1 1.5141277326297755 1.5141277326297755
julius 1 3.2188758248682006 3.2188758248682006
jump 1 0.0 0.0
june 1 0.40047756659712536 0.40047756659712536
kat 1 2.995732273553991 2.995732273553991
kauffer 1 4.605170185988092 4.605170185988092
kern 1 3.912023005428146 3.912023005428146
kevin 1 1.5606477482646683 1.5606477482646683
key 1 1.6094379124341003 1.6094379124341003
kln 1 4.605170185988092 4.605170185988092
knight 1 2.0402208285265546 2.0402208285265546
known 1 0.7985076962177716 0.7985076962177716
koloman 1 4.605170185988092 4.605170185988092
kunstgewerbeschle 1 4.605170185988092 4.605170185988092
language 1 0.0 0.0
last 1 0.0 0.0
late 1 1.3093333199837622 1.3093333199837622
later 1 0.5621189181535412 0.5621189181535412
leading 1 1.3093333199837622 1.3093333199837622
learn 1 0.0 0.0
lecture 1 3.912023005428146 3.912023005428146
legacy 1 2.0402208285265546 2.0402208285265546
legend 1 1.8325814637483102 1.8325814637483102
lester 1 3.912023005428146 3.912023005428146
letterhead 1 3.912023005428146 3.912023005428146
lffler 1 4.605170185988092 4.605170185988092
liaftercontent 1 0.127833371509885 0.127833371509885
license 1 0.0 0.0
life 1 0.5447271754416719 0.5447271754416719
lifestyle 1 2.659260036932778 2.659260036932778
like 1 1.2039728043259361 1.2039728043259361
lincoln 1 2.5257286443082556 2.5257286443082556
liner 1 4.605170185988092 4.605170185988092
link 1 0.0 0.0
lithographic 1 4.605170185988092 4.605170185988092
lithography 1 4.605170185988092 4.605170185988092
location 1 1.171182981502945 1.171182981502945
log 1 0.0 0.0
logged 1 0.0 0.0
logo 1 2.302585092994046 2.302585092994046
london 1 1.5141277326297755 1.5141277326297755
los 1 1.5141277326297755 1.5141277326297755
loupot 1 4.605170185988092 4.605170185988092
lozenge 1 4.605170185988092 4.605170185988092
lucien 1 3.506557897319982 3.506557897319982
lukts 1 4.605170185988092 4.605170185988092
machine 1 1.4696759700589417 1.4696759700589417
magazine 1 1.8971199848858813 1.8971199848858813
main 1 0.0 0.0
mainother 1 1.5141277326297755 1.5141277326297755
maint 1 1.6607312068216509 1.6607312068216509
major 1 1.1086626245216111 1.1086626245216111
mak 1 4.605170185988092 4.605170185988092
manifestation 1 3.506557897319982 3.506557897319982
many 1 0.7550225842780328 0.7550225842780328
march 1 0.3147107448397002 0.3147107448397002
marked 1 2.207274913189721 2.207274913189721
market 1 2.120263536200091 2.120263536200091
married 1 1.5141277326297755 1.5141277326297755
mastered 1 3.2188758248682006 3.2188758248682006
may 1 0.0 0.0
mean 1 1.7719568419318754 1.7719568419318754
medal 1 2.5257286443082556 2.5257286443082556
medalist 1 3.2188758248682006 3.2188758248682006
meggs 1 4.605170185988092 4.605170185988092
meinl 1 4.605170185988092 4.605170185988092
member 1 0.6733445532637655 0.6733445532637655
memorable 1 3.506557897319982 3.506557897319982
memorial 1 2.0402208285265546 2.0402208285265546
menu 1 0.0 0.0
met 1 1.8325814637483102 1.8325814637483102
mildred 1 4.605170185988092 4.605170185988092
minimalist 1 3.912023005428146 3.912023005428146
ministry 1 2.120263536200091 2.120263536200091
minneapolis 1 2.995732273553991 2.995732273553991
missing 1 1.8971199848858813 1.8971199848858813
mobile 1 0.0 0.0
modern 1 1.5606477482646683 1.5606477482646683
moderne 1 4.605170185988092 4.605170185988092
modernism 1 4.605170185988092 4.605170185988092
modernist 1 3.912023005428146 3.912023005428146
modified 1 3.506557897319982 3.506557897319982
mood 1 2.995732273553991 2.995732273553991
moser 1 3.506557897319982 3.506557897319982
move 1 0.0 0.0
moving 1 2.407945608651872 2.407945608651872
multiple 1 1.6607312068216509 1.6607312068216509
museum 1 2.302585092994046 2.302585092994046
music 1 1.3862943611198906 1.3862943611198906
must 1 2.0402208285265546 2.0402208285265546
named 1 1.2039728043259361 1.2039728043259361
nation 1 1.2729656758128876 1.2729656758128876
national 1 0.5108256237659907 0.5108256237659907
natural 1 1.8325814637483102 1.8325814637483102
nature 1 2.0402208285265546 2.0402208285265546
navbox 1 0.1392620673335076 0.1392620673335076
navboximage 1 0.1392620673335076 0.1392620673335076
navboxsubgroup 1 0.1392620673335076 0.1392620673335076
navboxtitle 1 0.1392620673335076 0.1392620673335076
navigation 1 0.0 0.0
navy 1 2.207274913189721 2.207274913189721
need 1 1.2039728043259361 1.2039728043259361
needed 1 1.3862943611198906 1.3862943611198906
neuschil 1 4.605170185988092 4.605170185988092
never 1 1.4696759700589417 1.4696759700589417
new 1 0.24846135929849972 0.24846135929849972
newton 1 2.8134107167600364 2.8134107167600364
night 1 1.7719568419318754 1.7719568419318754
nii 1 2.8134107167600364 2.8134107167600364
nine 1 1.7719568419318754 1.7719568419318754
nonobjective 1 4.605170185988092 4.605170185988092
nonprofit 1 0.0 0.0
norway 1 2.120263536200091 2.120263536200091
notable 1 1.7719568419318754 1.7719568419318754
noted 1 2.120263536200091 2.120263536200091
notice 1 2.8134107167600364 2.8134107167600364
november 1 0.3011050927839216 0.3011050927839216
numerous 1 1.9661128563728327 1.9661128563728327
object 1 2.659260036932778 2.659260036932778
ocean 1 2.407945608651872 2.407945608651872
oclc 1 2.5257286443082556 2.5257286443082556
oclccite 1 3.506557897319982 3.506557897319982
offer 1 2.302585092994046 2.302585092994046
official 1 0.7550225842780328 0.7550225842780328
officially 1 2.8134107167600364 2.8134107167600364
ollibeforecontent 1 0.127833371509885 0.127833371509885
one 1 0.23572233352106994 0.23572233352106994
operated 1 2.995732273553991 2.995732273553991
operator 1 2.8134107167600364 2.8134107167600364
optical 1 4.605170185988092 4.605170185988092
organization 1 0.0 0.0
organizationname 1 0.010050335853501506 0.010050335853501506
orientation 1 3.912023005428146 3.912023005428146
others 1 1.1394342831883648 1.1394342831883648
packaging 1 3.506557897319982 3.506557897319982
page 1 0.0 0.0
pagetype 1 1.2729656758128876 1.2729656758128876
painter 1 3.2188758248682006 3.2188758248682006
painting 1 2.8134107167600364 2.8134107167600364
park 1 1.3093333199837622 1.3093333199837622
part 1 0.6348782724359695 0.6348782724359695
paul 1 0.8675005677047231 0.8675005677047231
pdfprintable 1 0.0 0.0
people 1 0.49429632181478017 0.49429632181478017
period 1 1.4271163556401458 1.4271163556401458
perishphere 1 4.605170185988092 4.605170185988092
permanent 1 0.0 0.0
personal 1 0.0 0.0
perspective 1 2.8134107167600364 2.8134107167600364
philip 1 1.7147984280919266 1.7147984280919266
photographer 1 3.506557897319982 3.506557897319982
photography 1 3.2188758248682006 3.2188758248682006
physical 1 2.5257286443082556 2.5257286443082556
pictorial 1 3.2188758248682006 3.2188758248682006
pioneer 1 2.659260036932778 2.659260036932778
place 1 0.653926467406664 0.653926467406664
plane 1 3.912023005428146 3.912023005428146
plate 1 2.995732273553991 2.995732273553991
play 1 1.2039728043259361 1.2039728043259361
policy 1 0.0 0.0
portal 1 0.0 0.0
portrayed 1 2.5257286443082556 2.5257286443082556
position 1 1.1394342831883648 1.1394342831883648
poster 1 2.407945608651872 2.407945608651872
posterpainters 1 4.605170185988092 4.605170185988092
postwar 1 3.912023005428146 3.912023005428146
practical 1 2.995732273553991 2.995732273553991
premium 1 3.912023005428146 3.912023005428146
presence 1 2.207274913189721 2.207274913189721
present 1 0.9675840262617057 0.9675840262617057
prevalent 1 3.912023005428146 3.912023005428146
principal 1 2.8134107167600364 2.8134107167600364
print 1 3.912023005428146 3.912023005428146
printbodyns 1 0.09431067947124142 0.09431067947124142
printed 1 2.659260036932778 2.659260036932778
printer 1 3.912023005428146 3.912023005428146
printexport 1 0.0 0.0
printmagcom 1 4.605170185988092 4.605170185988092
privacy 1 0.0 0.0
prize 1 2.659260036932778 2.659260036932778
produced 1 1.7719568419318754 1.7719568419318754
producing 1 2.995732273553991 2.995732273553991
professorship 1 4.605170185988092 4.605170185988092
project 1 0.0 0.0
prominently 1 3.912023005428146 3.912023005428146
promoted 1 2.407945608651872 2.407945608651872
proof 1 2.995732273553991 2.995732273553991
prowess 1 3.912023005428146 3.912023005428146
psychological 1 3.2188758248682006 3.2188758248682006
publication 1 1.3862943611198906 1.3862943611198906
published 1 1.3862943611198906 1.3862943611198906
publisher 1 1.8325814637483102 1.8325814637483102
punctuated 1 3.912023005428146 3.912023005428146
purvis 1 4.605170185988092 4.605170185988092
rand 1 3.912023005428146 3.912023005428146
random 1 0.0 0.0
read 1 0.0 0.0
reagan 1 3.912023005428146 3.912023005428146
realism 1 3.912023005428146 3.912023005428146
realistic 1 4.605170185988092 4.605170185988092
receive 1 2.207274913189721 2.207274913189721
recent 1 0.0 0.0
recognition 1 2.5257286443082556 2.5257286443082556
recognized 1 2.659260036932778 2.659260036932778
record 1 0.7765287894989963 0.7765287894989963
recorded 1 1.6607312068216509 1.6607312068216509
recruiting 1 3.2188758248682006 3.2188758248682006
red 1 1.07880966137193 1.07880966137193
reduction 1 2.8134107167600364 2.8134107167600364
ref 1 1.8971199848858813 1.8971199848858813
reference 1 0.03045920748470844 0.03045920748470844
refined 1 3.912023005428146 3.912023005428146
reflect 1 2.5257286443082556 2.5257286443082556
reg 1 0.0 0.0
regarding 1 2.659260036932778 2.659260036932778
registered 1 0.0 0.0
related 1 0.0 0.0
religious 1 2.0402208285265546 2.0402208285265546
remainder 1 4.605170185988092 4.605170185988092
rendered 1 3.506557897319982 3.506557897319982
replaced 1 1.8971199848858813 1.8971199848858813
reported 1 1.8325814637483102 1.8325814637483102
representation 1 2.8134107167600364 2.8134107167600364
represented 1 1.7719568419318754 1.7719568419318754
reputation 1 3.2188758248682006 3.2188758248682006
residence 1 2.5257286443082556 2.5257286443082556
resulted 1 2.120263536200091 2.120263536200091
resulting 1 2.407945608651872 2.407945608651872
retail 1 3.2188758248682006 3.2188758248682006
retired 1 1.7719568419318754 1.7719568419318754
retrieved 1 0.0 0.0
san 1 1.2378743560016172 1.2378743560016172
scale 1 2.8134107167600364 2.8134107167600364
scene 1 2.0402208285265546 2.0402208285265546
school 1 0.7765287894989963 0.7765287894989963
schroll 1 4.605170185988092 4.605170185988092
screen 1 0.010050335853501506 0.010050335853501506
sdcat 1 2.995732273553991 2.995732273553991
search 1 0.0 0.0
secessionist 1 3.506557897319982 3.506557897319982
second 1 0.49429632181478017 0.49429632181478017
secondary 1 2.659260036932778 2.659260036932778
section 1 1.8325814637483102 1.8325814637483102
seminal 1 4.605170185988092 4.605170185988092
semperit 1 4.605170185988092 4.605170185988092
sense 1 2.995732273553991 2.995732273553991
sensibility 1 3.912023005428146 3.912023005428146
series 1 0.8675005677047231 0.8675005677047231
served 1 1.4696759700589417 1.4696759700589417
set 1 0.9942522733438669 0.9942522733438669
several 1 0.8209805520698303 0.8209805520698303
share 1 0.0 0.0
ship 1 2.0402208285265546 2.0402208285265546
short 1 0.06187540371808745 0.06187540371808745
shortdescription 1 0.2613647641344075 0.2613647641344075
shortened 1 0.0 0.0
show 1 1.0498221244986776 1.0498221244986776
sich 1 4.605170185988092 4.605170185988092
sidebar 1 0.0 0.0
sight 1 3.506557897319982 3.506557897319982
simplicity 1 4.605170185988092 4.605170185988092
simplification 1 4.605170185988092 4.605170185988092
since 1 0.7985076962177716 0.7985076962177716
site 1 0.0 0.0
sixthed 1 4.605170185988092 4.605170185988092
skyline 1 3.912023005428146 3.912023005428146
smithsonian 1 3.506557897319982 3.506557897319982
smooth 1 3.912023005428146 3.912023005428146
society 1 1.4271163556401458 1.4271163556401458
softened 1 4.605170185988092 4.605170185988092
solid 1 0.09431067947124142 0.09431067947124142
source 1 0.5798184952529422 0.5798184952529422
south 1 0.9162907318741551 0.9162907318741551
special 1 0.0 0.0
spirit 1 1.7147984280919266 1.7147984280919266
sponge 1 3.912023005428146 3.912023005428146
sponsored 1 2.8134107167600364 2.8134107167600364
star 1 0.9675840262617057 0.9675840262617057
state 1 0.3147107448397002 0.3147107448397002
statement 1 0.0 0.0
statistic 1 0.0 0.0
steinweiss 1 4.605170185988092 4.605170185988092
steven 1 2.207274913189721 2.207274913189721
still 1 0.9416085398584451 0.9416085398584451
striking 1 3.506557897319982 3.506557897319982
student 1 1.3862943611198906 1.3862943611198906
studied 1 2.8134107167600364 2.8134107167600364
studio 1 1.8971199848858813 1.8971199848858813
study 1 1.2729656758128876 1.2729656758128876
style 1 1.8325814637483102 1.8325814637483102
stylization 1 4.605170185988092 4.605170185988092
stylized 1 4.605170185988092 4.605170185988092
stylizing 1 4.605170185988092 4.605170185988092
submitted 1 2.8134107167600364 2.8134107167600364
subsection 1 0.3424903089467759 0.3424903089467759
success 1 1.8325814637483102 1.8325814637483102
sucrets 1 4.605170185988092 4.605170185988092
suggests 1 2.659260036932778 2.659260036932778
suit 1 2.995732273553991 2.995732273553991
supply 1 2.5257286443082556 2.5257286443082556
support 1 1.2729656758128876 1.2729656758128876
supported 1 1.8325814637483102 1.8325814637483102
surprise 1 3.506557897319982 3.506557897319982
survey 1 2.5257286443082556 2.5257286443082556
swimsuit 1 4.605170185988092 4.605170185988092
symbol 1 2.0402208285265546 2.0402208285265546
table 1 0.0 0.0
take 1 0.9675840262617057 0.9675840262617057
taking 1 1.6607312068216509 1.6607312068216509
talk 1 0.0 0.0
taschen 1 4.605170185988092 4.605170185988092
taught 1 2.659260036932778 2.659260036932778
tdhlist 1 0.1392620673335076 0.1392620673335076
tea 1 3.2188758248682006 3.2188758248682006
technique 1 2.5257286443082556 2.5257286443082556
technological 1 4.605170185988092 4.605170185988092
template 1 0.0 0.0
term 1 0.0 0.0
text 1 0.0 0.0
thames 1 3.506557897319982 3.506557897319982
theater 1 3.506557897319982 3.506557897319982
theme 1 2.302585092994046 2.302585092994046
theory 1 2.302585092994046 2.302585092994046
thirty 1 2.407945608651872 2.407945608651872
thonet 1 4.605170185988092 4.605170185988092
thought 1 1.8971199848858813 1.8971199848858813
throat 1 4.605170185988092 4.605170185988092
throughout 1 1.171182981502945 1.171182981502945
time 1 0.28768207245178085 0.28768207245178085
tiny 1 3.912023005428146 3.912023005428146
tippedin 1 4.605170185988092 4.605170185988092
today 1 1.4696759700589417 1.4696759700589417
toggle 1 0.010050335853501506 0.010050335853501506
tokyo 1 3.2188758248682006 3.2188758248682006
took 1 1.171182981502945 1.171182981502945
tool 1 0.0 0.0
top 1 0.010050335853501506 0.010050335853501506
topic 1 0.0 0.0
total 1 0.0 0.0
tour 1 2.5257286443082556 2.5257286443082556
trademark 1 0.0 0.0
train 1 2.8134107167600364 2.8134107167600364
translation 1 2.302585092994046 2.302585092994046
travel 1 1.9661128563728327 1.9661128563728327
trove 1 2.995732273553991 2.995732273553991
trylon 1 4.605170185988092 4.605170185988092
turbulence 1 3.912023005428146 3.912023005428146
turned 1 2.5257286443082556 2.5257286443082556
tutored 1 4.605170185988092 4.605170185988092
twentieth 1 3.506557897319982 3.506557897319982
two 1 0.43078291609245434 0.43078291609245434
type 1 1.2729656758128876 1.2729656758128876
ulanrkd 1 3.912023005428146 3.912023005428146
ulpaddingem 1 0.1392620673335076 0.1392620673335076
uniform 1 2.302585092994046 2.302585092994046
united 1 0.4155154439616658 0.4155154439616658
upload 1 0.0 0.0
urged 1 3.506557897319982 3.506557897319982
usa 1 1.9661128563728327 1.9661128563728327
use 1 0.0 0.0
used 1 0.8675005677047231 0.8675005677047231
using 1 0.0 0.0
utc 1 0.0 0.0
var 1 0.0 0.0
version 1 0.0 0.0
vibrant 1 3.506557897319982 3.506557897319982
vienna 1 3.506557897319982 3.506557897319982
viennese 1 4.605170185988092 4.605170185988092
view 1 0.0 0.0
viewed 1 3.506557897319982 3.506557897319982
viewer 1 2.8134107167600364 2.8134107167600364
visual 1 3.506557897319982 3.506557897319982
von 1 2.120263536200091 2.120263536200091
wagula 1 4.605170185988092 4.605170185988092
waldheim 1 4.605170185988092 4.605170185988092
walker 1 2.207274913189721 2.207274913189721
war 1 0.7985076962177716 0.7985076962177716
washington 1 1.2378743560016172 1.2378743560016172
watson 1 2.659260036932778 2.659260036932778
way 1 1.1086626245216111 1.1086626245216111
well 1 0.7765287894989963 0.7765287894989963
wiener 1 4.605170185988092 4.605170185988092
wikidata 1 0.010050335853501506 0.010050335853501506
wikimedia 1 0.0 0.0
wikipedia 1 0.0 0.0
wikipedias 1 2.5257286443082556 2.5257286443082556
willinger 1 4.605170185988092 4.605170185988092
wing 1 2.5257286443082556 2.5257286443082556
winning 1 1.8971199848858813 1.8971199848858813
womens 1 2.0402208285265546 2.0402208285265546
word 1 1.6094379124341003 1.6094379124341003
work 1 0.7133498878774648 0.7133498878774648
working 1 1.8971199848858813 1.8971199848858813
world 1 0.5108256237659907 0.5108256237659907
would 1 0.7550225842780328 0.7550225842780328
writing 1 1.8325814637483102 1.8325814637483102
wrote 1 1.3470736479666094 1.3470736479666094
wwwaigaorg 1 4.605170185988092 4.605170185988092
year 1 0.3424903089467759 0.3424903089467759
yellow 1 1.9661128563728327 1.9661128563728327
york 1 0.8209805520698303 0.8209805520698303
young 1 1.2378743560016172 1.2378743560016172
