aaron 1 2.207274913189721 2.207274913189721
able 1 1.7719568419318754 1.7719568419318754
absolute 1 2.5257286443082556 2.5257286443082556
academy 1 1.8325814637483102 1.8325814637483102
accidental 1 3.912023005428146 3.912023005428146
accomplishment 1 4.605170185988092 4.605170185988092
account 1 0.0 0.0
action 1 0.0 0.0
activepresent 1 4.605170185988092 4.605170185988092
add 1 0.0 0.0
additional 1 0.0 0.0
adult 1 2.659260036932778 2.659260036932778
age 1 0.7985076962177716 0.7985076962177716
agree 1 0.0 0.0
alike 1 0.0 0.0
america 1 0.8675005677047231 0.8675005677047231
american 1 0.5276327420823719 0.5276327420823719
amp 1 0.4620354595965586 0.4620354595965586
andenilson 1 4.605170185988092 4.605170185988092
angeles 1 1.6607312068216509 1.6607312068216509
announced 1 1.2039728043259361 1.2039728043259361
anthony 1 1.5141277326297755 1.5141277326297755
appearance 1 0.0 0.0
apply 1 0.0 0.0
archived 1 0.47803580094299974 0.47803580094299974
arm 1 2.0402208285265546 2.0402208285265546
armbar 1 4.605170185988092 4.605170185988092
armtriangle 1 4.605170185988092 4.605170185988092
art 1 1.2039728043259361 1.2039728043259361
article 1 0.0 0.0
artist 1 1.7147984280919266 1.7147984280919266
association 1 1.1394342831883648 1.1394342831883648
assurio 1 4.605170185988092 4.605170185988092
attribution 1 0.0 0.0
august 1 0.3424903089467759 0.3424903089467759
australia 1 1.4696759700589417 1.4696759700589417
available 1 0.0 0.0
awarded 1 2.207274913189721 2.207274913189721
background 1 1.7147984280919266 1.7147984280919266
barbosa 1 3.912023005428146 3.912023005428146
barra 1 4.605170185988092 4.605170185988092
battle 1 1.3862943611198906 1.3862943611198906
bay 1 1.6094379124341003 1.6094379124341003
bebeo 1 4.605170185988092 4.605170185988092
began 1 0.8675005677047231 0.8675005677047231
belt 1 3.2188758248682006 3.2188758248682006
bfw 1 4.605170185988092 4.605170185988092
birth 1 1.1394342831883648 1.1394342831883648
bjj 1 4.605170185988092 4.605170185988092
bjjpresent 1 4.605170185988092 4.605170185988092
bjjreachin 1 4.605170185988092 4.605170185988092
black 1 0.8915981192837835 0.8915981192837835
blow 1 3.2188758248682006 3.2188758248682006
born 1 1.1394342831883648 1.1394342831883648
bowman 1 3.912023005428146 3.912023005428146
brace 1 3.506557897319982 3.506557897319982
brad 1 2.407945608651872 2.407945608651872
braker 1 4.605170185988092 4.605170185988092
brandon 1 2.5257286443082556 2.5257286443082556
brazil 1 2.120263536200091 2.120263536200091
brazilian 1 2.8134107167600364 2.8134107167600364
breakdown 1 2.659260036932778 2.659260036932778
brian 1 1.6607312068216509 1.6607312068216509
brink 1 3.506557897319982 3.506557897319982
bryansk 1 4.605170185988092 4.605170185988092
btt 1 4.605170185988092 4.605170185988092
buga 1 4.605170185988092 4.605170185988092
bustamante 1 4.605170185988092 4.605170185988092
byknockout 1 4.605170185988092 4.605170185988092
bysubmission 1 4.605170185988092 4.605170185988092
cage 1 3.912023005428146 3.912023005428146
california 1 1.4696759700589417 1.4696759700589417
canvas 1 3.912023005428146 3.912023005428146
career 1 1.2729656758128876 1.2729656758128876
carlson 1 3.2188758248682006 3.2188758248682006
carnage 1 4.605170185988092 4.605170185988092
catc 1 4.605170185988092 4.605170185988092
category 1 0.0 0.0
centerpx 1 0.0408219945202552 0.0408219945202552
challenge 1 2.302585092994046 2.302585092994046
championship 1 1.5606477482646683 1.5606477482646683
change 1 0.0 0.0
check 1 2.302585092994046 2.302585092994046
choke 1 4.605170185988092 4.605170185988092
citation 1 0.0408219945202552 0.0408219945202552
cite 1 0.0 0.0
citeweb 1 0.5447271754416719 0.5447271754416719
city 1 0.6348782724359695 0.6348782724359695
clarification 1 3.912023005428146 3.912023005428146
clarify 1 3.912023005428146 3.912023005428146
clark 1 1.6607312068216509 1.6607312068216509
clementino 1 4.605170185988092 4.605170185988092
code 1 0.0 0.0
collide 1 4.605170185988092 4.605170185988092
combat 1 2.120263536200091 2.120263536200091
coming 1 1.7719568419318754 1.7719568419318754
common 1 0.0 0.0
competitor 1 2.8134107167600364 2.8134107167600364
conduct 1 0.0 0.0
connecting 1 3.2188758248682006 3.2188758248682006
contact 1 0.0 0.0
content 1 0.0 0.0
contest 1 3.2188758248682006 3.2188758248682006
context 1 0.010050335853501506 0.010050335853501506
continue 1 2.207274913189721 2.207274913189721
continued 1 1.5141277326297755 1.5141277326297755
contribute 1 0.0 0.0
contribution 1 0.0 0.0
cookie 1 0.0 0.0
cookiematch 1 0.0 0.0
could 1 1.2378743560016172 1.2378743560016172
countdown 1 3.506557897319982 3.506557897319982
create 1 0.0 0.0
creative 1 0.0 0.0
creek 1 2.995732273553991 2.995732273553991
crosstraining 1 4.605170185988092 4.605170185988092
csmaintcolorf 1 0.06187540371808745 0.06187540371808745
csmaintcolorfmedia 1 0.0408219945202552 0.0408219945202552
cswsicon 1 0.0408219945202552 0.0408219945202552
current 1 0.0 0.0
cut 1 1.9661128563728327 1.9661128563728327
database 1 0.9675840262617057 0.9675840262617057
date 1 0.3147107448397002 0.3147107448397002
debut 1 1.8325814637483102 1.8325814637483102
december 1 0.37106368139083196 0.37106368139083196
decorah 1 4.605170185988092 4.605170185988092
defeat 1 1.9661128563728327 1.9661128563728327
degree 1 1.7719568419318754 1.7719568419318754
demian 1 4.605170185988092 4.605170185988092
desafio 1 4.605170185988092 4.605170185988092
descent 1 2.659260036932778 2.659260036932778
description 1 0.07257069283483537 0.07257069283483537
desne 1 4.605170185988092 4.605170185988092
develop 1 2.659260036932778 2.659260036932778
developer 1 0.0 0.0
dierley 1 4.605170185988092 4.605170185988092
different 1 0.3424903089467759 0.3424903089467759
disclaimer 1 0.0 0.0
division 1 1.2729656758128876 1.2729656758128876
doctor 1 1.6607312068216509 1.6607312068216509
donate 1 0.0 0.0
download 1 0.0 0.0
dropped 1 2.0402208285265546 2.0402208285265546
dropping 1 3.912023005428146 3.912023005428146
duarte 1 3.912023005428146 3.912023005428146
due 1 0.9416085398584451 0.9416085398584451
early 1 0.6348782724359695 0.6348782724359695
east 1 1.0498221244986776 1.0498221244986776
easy 1 2.659260036932778 2.659260036932778
encyclopedia 1 0.0 0.0
end 1 0.7985076962177716 0.7985076962177716
england 1 1.6607312068216509 1.6607312068216509
english 1 0.0 0.0
entered 1 1.9661128563728327 1.9661128563728327
error 1 2.407945608651872 2.407945608651872
event 1 0.0 0.0
exp 1 0.0 0.0
external 1 0.44628710262841953 0.44628710262841953
fabiano 1 4.605170185988092 4.605170185988092
faced 1 2.659260036932778 2.659260036932778
falco 1 3.506557897319982 3.506557897319982
falling 1 2.8134107167600364 2.8134107167600364
fast 1 2.5257286443082556 2.5257286443082556
fcc 1 4.605170185988092 4.605170185988092
february 1 0.27443684570176036 0.27443684570176036
fellow 1 2.120263536200091 2.120263536200091
fight 1 1.8325814637483102 1.8325814637483102
fighter 1 3.506557897319982 3.506557897319982
fighting 1 2.207274913189721 2.207274913189721
file 1 0.0 0.0
final 1 0.9942522733438669 0.9942522733438669
finish 1 2.407945608651872 2.407945608651872
first 1 0.1508228897345837 0.1508228897345837
fixspan 1 3.506557897319982 3.506557897319982
floor 1 2.207274913189721 2.207274913189721
florida 1 1.9661128563728327 1.9661128563728327
followed 1 1.3093333199837622 1.3093333199837622
following 1 0.7133498878774648 0.7133498878774648
forehead 1 4.605170185988092 4.605170185988092
fought 1 2.995732273553991 2.995732273553991
foundation 1 0.0 0.0
founding 1 2.302585092994046 2.302585092994046
four 1 0.7985076962177716 0.7985076962177716
free 1 0.0 0.0
freestyle 1 4.605170185988092 4.605170185988092
freight 1 4.605170185988092 4.605170185988092
gabriel 1 2.659260036932778 2.659260036932778
galaxy 1 2.995732273553991 2.995732273553991
garden 1 2.407945608651872 2.407945608651872
gave 1 1.5606477482646683 1.5606477482646683
general 1 0.0 0.0
german 1 1.7147984280919266 1.7147984280919266
get 1 0.0 0.0
gilbert 1 2.995732273553991 2.995732273553991
gonzaga 1 4.605170185988092 4.605170185988092
gracie 1 3.912023005428146 3.912023005428146
grande 1 3.912023005428146 3.912023005428146
great 1 0.9675840262617057 0.9675840262617057
groin 1 4.605170185988092 4.605170185988092
guess 1 3.506557897319982 3.506557897319982
guillotine 1 4.605170185988092 4.605170185988092
hamilton 1 2.120263536200091 2.120263536200091
hammerfists 1 4.605170185988092 4.605170185988092
hammond 1 3.506557897319982 3.506557897319982
hawaii 1 2.302585092994046 2.302585092994046
hayes 1 2.5257286443082556 2.5257286443082556
headbutt 1 4.605170185988092 4.605170185988092
heavy 1 2.407945608651872 2.407945608651872
heavyweight 1 4.605170185988092 4.605170185988092
help 1 0.0 0.0
hero 1 2.207274913189721 2.207274913189721
hidden 1 0.010050335853501506 0.010050335853501506
hide 1 0.0 0.0
history 1 0.0 0.0
honolulu 1 2.995732273553991 2.995732273553991
hookn 1 4.605170185988092 4.605170185988092
hughes 1 3.2188758248682006 3.2188758248682006
ibjjf 1 4.605170185988092 4.605170185988092
idlockfree 1 0.0408219945202552 0.0408219945202552
idlockfreeidlockfree 1 0.0408219945202552 0.0408219945202552
idlocklimited 1 0.0408219945202552 0.0408219945202552
idlockregistration 1 0.0408219945202552 0.0408219945202552
idlocksubscription 1 0.0408219945202552 0.0408219945202552
ifc 1 4.605170185988092 4.605170185988092
ifl 1 4.605170185988092 4.605170185988092
illegal 1 3.2188758248682006 3.2188758248682006
immediate 1 2.995732273553991 2.995732273553991
impact 1 2.302585092994046 2.302585092994046
inc 1 0.0 0.0
infobox 1 0.3011050927839216 0.3011050927839216
infoboxmartialartist 1 4.605170185988092 4.605170185988092
infoboxtable 1 0.3147107448397002 0.3147107448397002
information 1 0.0 0.0
informed 1 2.659260036932778 2.659260036932778
injured 1 2.407945608651872 2.407945608651872
injury 1 2.659260036932778 2.659260036932778
instructor 1 2.8134107167600364 2.8134107167600364
international 1 0.5978370007556204 0.5978370007556204
introduced 1 1.5606477482646683 1.5606477482646683
invited 1 2.5257286443082556 2.5257286443082556
iska 1 4.605170185988092 4.605170185988092
issue 1 1.1086626245216111 1.1086626245216111
item 1 0.010050335853501506 0.010050335853501506
janeiro 1 3.912023005428146 3.912023005428146
january 1 0.3424903089467759 0.3424903089467759
jeff 1 1.8325814637483102 1.8325814637483102
jitsu 1 4.605170185988092 4.605170185988092
jiu 1 4.605170185988092 4.605170185988092
jiujitsu 1 4.605170185988092 4.605170185988092
josh 1 2.120263536200091 2.120263536200091
journeyman 1 3.912023005428146 3.912023005428146
july 1 0.43078291609245434 0.43078291609245434
jump 1 0.0 0.0
june 1 0.40047756659712536 0.40047756659712536
jungle 1 3.506557897319982 3.506557897319982
junk 1 3.912023005428146 3.912023005428146
karate 1 4.605170185988092 4.605170185988092
kick 1 2.8134107167600364 2.8134107167600364
knee 1 3.2188758248682006 3.2188758248682006
knocked 1 2.995732273553991 2.995732273553991
knockout 1 3.2188758248682006 3.2188758248682006
kotc 1 4.605170185988092 4.605170185988092
la 1 2.407945608651872 2.407945608651872
laid 1 2.8134107167600364 2.8134107167600364
landed 1 3.2188758248682006 3.2188758248682006
language 1 0.0 0.0
last 1 0.0 0.0
lastmanstanding 1 4.605170185988092 4.605170185988092
late 1 1.3093333199837622 1.3093333199837622
later 1 0.5621189181535412 0.5621189181535412
learn 1 0.0 0.0
leaving 1 1.7147984280919266 1.7147984280919266
less 1 1.5141277326297755 1.5141277326297755
leve 1 4.605170185988092 4.605170185988092
liborio 1 4.605170185988092 4.605170185988092
license 1 0.0 0.0
lincoln 1 2.5257286443082556 2.5257286443082556
linderman 1 4.605170185988092 4.605170185988092
link 1 0.0 0.0
living 1 1.07880966137193 1.07880966137193
location 1 1.171182981502945 1.171182981502945
log 1 0.0 0.0
logged 1 0.0 0.0
london 1 1.5141277326297755 1.5141277326297755
long 1 1.1086626245216111 1.1086626245216111
lopez 1 3.506557897319982 3.506557897319982
los 1 1.5141277326297755 1.5141277326297755
losing 1 2.120263536200091 2.120263536200091
loss 1 1.7147984280919266 1.7147984280919266
lost 1 1.171182981502945 1.171182981502945
low 1 1.9661128563728327 1.9661128563728327
luis 1 2.659260036932778 2.659260036932778
made 1 0.653926467406664 0.653926467406664
main 1 0.0 0.0
maiquel 1 4.605170185988092 4.605170185988092
male 1 1.6607312068216509 1.6607312068216509
man 1 1.0498221244986776 1.0498221244986776
manaus 1 4.605170185988092 4.605170185988092
manson 1 3.2188758248682006 3.2188758248682006
marcelo 1 3.506557897319982 3.506557897319982
march 1 0.3147107448397002 0.3147107448397002
mario 1 2.407945608651872 2.407945608651872
martial 1 3.2188758248682006 3.2188758248682006
master 1 1.3093333199837622 1.3093333199837622
match 1 0.8675005677047231 0.8675005677047231
may 1 0.0 0.0
mayhem 1 4.605170185988092 4.605170185988092
meca 1 4.605170185988092 4.605170185988092
medal 1 2.5257286443082556 2.5257286443082556
member 1 0.6733445532637655 0.6733445532637655
menu 1 0.0 0.0
method 1 1.8971199848858813 1.8971199848858813
mick 1 3.506557897319982 3.506557897319982
mike 1 1.6094379124341003 1.6094379124341003
minakov 1 4.605170185988092 4.605170185988092
minute 1 1.6607312068216509 1.6607312068216509
mixed 1 2.5257286443082556 2.5257286443082556
mma 1 4.605170185988092 4.605170185988092
mmamixed 1 4.605170185988092 4.605170185988092
mmaweeklycom 1 4.605170185988092 4.605170185988092
mobile 1 0.0 0.0
monson 1 4.605170185988092 4.605170185988092
month 1 0.8915981192837835 0.8915981192837835
morris 1 2.659260036932778 2.659260036932778
mounted 1 3.506557897319982 3.506557897319982
move 1 0.0 0.0
much 1 1.171182981502945 1.171182981502945
multiple 1 1.6607312068216509 1.6607312068216509
murilo 1 4.605170185988092 4.605170185988092
mychal 1 4.605170185988092 4.605170185988092
naked 1 3.506557897319982 3.506557897319982
name 1 0.5276327420823719 0.5276327420823719
national 1 0.5108256237659907 0.5108256237659907
navbarfontsizemedia 1 0.3147107448397002 0.3147107448397002
navigation 1 0.0 0.0
neck 1 3.2188758248682006 3.2188758248682006
needed 1 1.3862943611198906 1.3862943611198906
needing 1 1.8971199848858813 1.8971199848858813
nelson 1 2.407945608651872 2.407945608651872
nevada 1 2.995732273553991 2.995732273553991
news 1 0.843970070294529 0.843970070294529
next 1 1.1086626245216111 1.1086626245216111
nick 1 2.120263536200091 2.120263536200091
night 1 1.7719568419318754 1.7719568419318754
nine 1 1.7719568419318754 1.7719568419318754
nocontests 1 4.605170185988092 4.605170185988092
nogi 1 4.605170185988092 4.605170185988092
nonprofit 1 0.0 0.0
note 1 0.8209805520698303 0.8209805520698303
november 1 0.3011050927839216 0.3011050927839216
oblast 1 4.605170185988092 4.605170185988092
october 1 0.28768207245178085 0.28768207245178085
official 1 0.7550225842780328 0.7550225842780328
ogilvie 1 4.605170185988092 4.605170185988092
olympia 1 3.506557897319982 3.506557897319982
one 1 0.23572233352106994 0.23572233352106994
opened 1 2.407945608651872 2.407945608651872
opponent 1 2.8134107167600364 2.8134107167600364
oregon 1 2.407945608651872 2.407945608651872
orem 1 4.605170185988092 4.605170185988092
organization 1 0.0 0.0
organizationname 1 0.010050335853501506 0.010050335853501506
original 1 0.4155154439616658 0.4155154439616658
orthodox 1 2.995732273553991 2.995732273553991
overhand 1 4.605170185988092 4.605170185988092
page 1 0.0 0.0
pagetype 1 1.2729656758128876 1.2729656758128876
pan 1 2.659260036932778 2.659260036932778
passos 1 4.605170185988092 4.605170185988092
pdf 1 1.0498221244986776 1.0498221244986776
pdfprintable 1 0.0 0.0
pega 1 4.605170185988092 4.605170185988092
people 1 0.49429632181478017 0.49429632181478017
permanent 1 0.0 0.0
personal 1 0.0 0.0
policy 1 0.0 0.0
portal 1 0.0 0.0
portland 1 2.8134107167600364 2.8134107167600364
position 1 1.1394342831883648 1.1394342831883648
post 1 1.07880966137193 1.07880966137193
practitioner 1 3.2188758248682006 3.2188758248682006
printexport 1 0.0 0.0
privacy 1 0.0 0.0
pro 1 1.6607312068216509 1.6607312068216509
professional 1 1.6607312068216509 1.6607312068216509
project 1 0.0 0.0
prompted 1 3.506557897319982 3.506557897319982
prospect 1 2.407945608651872 2.407945608651872
providing 1 2.8134107167600364 2.8134107167600364
pulled 1 3.912023005428146 3.912023005428146
punch 1 4.605170185988092 4.605170185988092
purple 1 3.506557897319982 3.506557897319982
quest 1 2.5257286443082556 2.5257286443082556
racking 1 4.605170185988092 4.605170185988092
rage 1 3.506557897319982 3.506557897319982
random 1 0.0 0.0
rank 1 2.5257286443082556 2.5257286443082556
rankth 1 4.605170185988092 4.605170185988092
re 1 4.605170185988092 4.605170185988092
read 1 0.0 0.0
rear 1 2.8134107167600364 2.8134107167600364
rearnaked 1 4.605170185988092 4.605170185988092
received 1 1.1394342831883648 1.1394342831883648
recent 1 0.0 0.0
record 1 0.7765287894989963 0.7765287894989963
referee 1 2.8134107167600364 2.8134107167600364
reference 1 0.03045920748470844 0.03045920748470844
reflist 1 0.06187540371808745 0.06187540371808745
reflistcolumns 1 0.06187540371808745 0.06187540371808745
reg 1 0.0 0.0
registered 1 0.0 0.0
related 1 0.0 0.0
released 1 1.2729656758128876 1.2729656758128876
renouard 1 4.605170185988092 4.605170185988092
replaced 1 1.8971199848858813 1.8971199848858813
residence 1 2.5257286443082556 2.5257286443082556
result 1 0.9942522733438669 0.9942522733438669
retrieved 1 0.0 0.0
returned 1 1.4271163556401458 1.4271163556401458
ricardo 1 2.995732273553991 2.995732273553991
right 1 0.9675840262617057 0.9675840262617057
ring 1 1.8971199848858813 1.8971199848858813
ringside 1 4.605170185988092 4.605170185988092
rio 1 2.995732273553991 2.995732273553991
roberto 1 2.8134107167600364 2.8134107167600364
rock 1 1.6094379124341003 1.6094379124341003
rodriguez 1 2.995732273553991 2.995732273553991
rose 1 1.8325814637483102 1.8325814637483102
rosenthal 1 4.605170185988092 4.605170185988092
rotr 1 4.605170185988092 4.605170185988092
round 1 1.3862943611198906 1.3862943611198906
roy 1 2.120263536200091 2.120263536200091
ruled 1 2.8134107167600364 2.8134107167600364
rumble 1 3.912023005428146 3.912023005428146
rumor 1 3.2188758248682006 3.2188758248682006
rupp 1 3.506557897319982 3.506557897319982
russia 1 2.0402208285265546 2.0402208285265546
samurai 1 3.912023005428146 3.912023005428146
scene 1 2.0402208285265546 2.0402208285265546
scheduled 1 2.407945608651872 2.407945608651872
scherner 1 4.605170185988092 4.605170185988092
scherners 1 4.605170185988092 4.605170185988092
scott 1 1.2729656758128876 1.2729656758128876
screen 1 0.010050335853501506 0.010050335853501506
search 1 0.0 0.0
sebastian 1 2.5257286443082556 2.5257286443082556
second 1 0.49429632181478017 0.49429632181478017
senior 1 2.0402208285265546 2.0402208285265546
september 1 0.43078291609245434 0.43078291609245434
several 1 0.8209805520698303 0.8209805520698303
sfc 1 4.605170185988092 4.605170185988092
share 1 0.0 0.0
shelton 1 3.912023005428146 3.912023005428146
sherdog 1 4.605170185988092 4.605170185988092
shoot 1 2.8134107167600364 2.8134107167600364
short 1 0.06187540371808745 0.06187540371808745
shortdescription 1 0.2613647641344075 0.2613647641344075
shortened 1 0.0 0.0
shortly 1 2.207274913189721 2.207274913189721
show 1 1.0498221244986776 1.0498221244986776
sidebar 1 0.0 0.0
silva 1 3.2188758248682006 3.2188758248682006
site 1 0.0 0.0
skill 1 2.8134107167600364 2.8134107167600364
snoqualmie 1 4.605170185988092 4.605170185988092
special 1 0.0 0.0
sperry 1 4.605170185988092 4.605170185988092
sport 1 1.1394342831883648 1.1394342831883648
sportfight 1 4.605170185988092 4.605170185988092
springdale 1 4.605170185988092 4.605170185988092
staff 1 1.6607312068216509 1.6607312068216509
stage 1 1.9661128563728327 1.9661128563728327
stance 1 3.506557897319982 3.506557897319982
standing 1 1.8971199848858813 1.8971199848858813
start 1 1.4271163556401458 1.4271163556401458
started 1 1.6094379124341003 1.6094379124341003
state 1 0.3147107448397002 0.3147107448397002
statement 1 0.0 0.0
statistic 1 0.0 0.0
stop 1 2.120263536200091 2.120263536200091
storm 1 2.302585092994046 2.302585092994046
strike 1 2.207274913189721 2.207274913189721
stromberg 1 4.605170185988092 4.605170185988092
student 1 1.3862943611198906 1.3862943611198906
style 1 1.8325814637483102 1.8325814637483102
submission 1 2.995732273553991 2.995732273553991
submitted 1 2.8134107167600364 2.8134107167600364
subsection 1 0.3424903089467759 0.3424903089467759
sug 1 4.605170185988092 4.605170185988092
sul 1 4.605170185988092 4.605170185988092
table 1 0.0 0.0
take 1 0.9675840262617057 0.9675840262617057
talk 1 0.0 0.0
teaching 1 2.302585092994046 2.302585092994046
team 1 1.0498221244986776 1.0498221244986776
template 1 0.0 0.0
term 1 0.0 0.0
text 1 0.0 0.0
thbodyskinresponsive 1 0.3147107448397002 0.3147107448397002
three 1 0.5798184952529422 0.5798184952529422
throw 1 3.2188758248682006 3.2188758248682006
time 1 0.28768207245178085 0.28768207245178085
tko 1 3.912023005428146 3.912023005428146
toggle 1 0.010050335853501506 0.010050335853501506
tony 1 1.8325814637483102 1.8325814637483102
tool 1 0.0 0.0
top 1 0.010050335853501506 0.010050335853501506
topic 1 0.0 0.0
total 1 0.0 0.0
tournament 1 2.8134107167600364 2.8134107167600364
tracy 1 2.995732273553991 2.995732273553991
trademark 1 0.0 0.0
train 1 2.8134107167600364 2.8134107167600364
training 1 1.6094379124341003 1.6094379124341003
travel 1 1.9661128563728327 1.9661128563728327
tres 1 3.912023005428146 3.912023005428146
triangle 1 3.912023005428146 3.912023005428146
tube 1 1.8971199848858813 1.8971199848858813
tudo 1 4.605170185988092 4.605170185988092
tyler 1 2.8134107167600364 2.8134107167600364
ufc 1 4.605170185988092 4.605170185988092
ultimate 1 2.302585092994046 2.302585092994046
ultra 1 4.605170185988092 4.605170185988092
underground 1 2.5257286443082556 2.5257286443082556
unintentional 1 4.605170185988092 4.605170185988092
united 1 0.4155154439616658 0.4155154439616658
upload 1 0.0 0.0
use 1 0.0 0.0
usheightft 1 3.912023005428146 3.912023005428146
using 1 0.0 0.0
usteam 1 4.605170185988092 4.605170185988092
utah 1 2.302585092994046 2.302585092994046
utc 1 0.0 0.0
utilizing 1 3.2188758248682006 3.2188758248682006
vale 1 3.506557897319982 3.506557897319982
value 1 1.9661128563728327 1.9661128563728327
var 1 0.0 0.0
vega 1 2.8134107167600364 2.8134107167600364
vera 1 3.506557897319982 3.506557897319982
version 1 0.0 0.0
veteran 1 2.5257286443082556 2.5257286443082556
via 1 1.4271163556401458 1.4271163556401458
video 1 1.3862943611198906 1.3862943611198906
view 1 0.0 0.0
vitaly 1 3.912023005428146 3.912023005428146
war 1 0.7985076962177716 0.7985076962177716
washington 1 1.2378743560016172 1.2378743560016172
wcfc 1 4.605170185988092 4.605170185988092
web 1 1.4696759700589417 1.4696759700589417
weightlb 1 3.506557897319982 3.506557897319982
who 1 2.659260036932778 2.659260036932778
wikidata 1 0.010050335853501506 0.010050335853501506
wikimedia 1 0.0 0.0
wikipedia 1 0.0 0.0
willis 1 2.995732273553991 2.995732273553991
win 1 1.1086626245216111 1.1086626245216111
winner 1 1.5141277326297755 1.5141277326297755
winning 1 1.8971199848858813 1.8971199848858813
wipeout 1 4.605170185988092 4.605170185988092
wisconsin 1 3.2188758248682006 3.2188758248682006
worked 1 1.6607312068216509 1.6607312068216509
world 1 0.5108256237659907 0.5108256237659907
year 1 0.3424903089467759 0.3424903089467759
yogi 1 3.2188758248682006 3.2188758248682006
younger 1 2.120263536200091 2.120263536200091
yvel 1 4.605170185988092 4.605170185988092
