abc 1 2.5257286443082556 2.5257286443082556
account 1 0.0 0.0
action 1 0.0 0.0
add 1 0.0 0.0
additional 1 0.0 0.0
adventure 1 2.407945608651872 2.407945608651872
agree 1 0.0 0.0
aired 1 2.8134107167600364 2.8134107167600364
album 1 2.407945608651872 2.407945608651872
albumby 1 2.995732273553991 2.995732273553991
alert 1 2.995732273553991 2.995732273553991
alike 1 0.0 0.0
alive 1 2.407945608651872 2.407945608651872
also 1 0.127833371509885 0.127833371509885
alt 1 2.995732273553991 2.995732273553991
amnesia 1 4.605170185988092 4.605170185988092
amp 1 0.4620354595965586 0.4620354595965586
angelina 1 3.912023005428146 3.912023005428146
animal 1 2.407945608651872 2.407945608651872
animated 1 2.8134107167600364 2.8134107167600364
animation 1 3.2188758248682006 3.2188758248682006
anthony 1 1.5141277326297755 1.5141277326297755
antic 1 4.605170185988092 4.605170185988092
appearance 1 0.0 0.0
apply 1 0.0 0.0
approach 1 1.9661128563728327 1.9661128563728327
april 1 0.44628710262841953 0.44628710262841953
archive 1 1.6094379124341003 1.6094379124341003
archived 1 0.47803580094299974 0.47803580094299974
arithmetic 1 4.605170185988092 4.605170185988092
around 1 1.0216512475319812 1.0216512475319812
art 1 1.2039728043259361 1.2039728043259361
article 1 0.0 0.0
artist 1 1.7147984280919266 1.7147984280919266
asks 1 2.659260036932778 2.659260036932778
assigning 1 4.605170185988092 4.605170185988092
assistant 1 1.7147984280919266 1.7147984280919266
attribution 1 0.0 0.0
aud 1 4.605170185988092 4.605170185988092
audio 1 2.207274913189721 2.207274913189721
australia 1 1.4696759700589417 1.4696759700589417
australian 1 1.9661128563728327 1.9661128563728327
auto 1 0.1392620673335076 0.1392620673335076
available 1 0.0 0.0
baby 1 2.407945608651872 2.407945608651872
back 1 1.0216512475319812 1.0216512475319812
ballad 1 3.2188758248682006 3.2188758248682006
bambaloo 1 4.605170185988092 4.605170185988092
bark 1 3.506557897319982 3.506557897319982
based 1 1.07880966137193 1.07880966137193
battle 1 1.3862943611198906 1.3862943611198906
bed 1 2.659260036932778 2.659260036932778
bedroom 1 3.506557897319982 3.506557897319982
bennett 1 2.659260036932778 2.659260036932778
best 1 1.0216512475319812 1.0216512475319812
bill 1 1.171182981502945 1.171182981502945
blinky 1 4.605170185988092 4.605170185988092
blinkys 1 4.605170185988092 4.605170185988092
bobin 1 4.605170185988092 4.605170185988092
book 1 0.6348782724359695 0.6348782724359695
bos 1 2.995732273553991 2.995732273553991
box 1 2.5257286443082556 2.5257286443082556
boy 1 1.8325814637483102 1.8325814637483102
break 1 2.407945608651872 2.407945608651872
bright 1 3.912023005428146 3.912023005428146
broadcasting 1 2.659260036932778 2.659260036932778
bros 1 3.912023005428146 3.912023005428146
bunny 1 4.605170185988092 4.605170185988092
bush 1 2.5257286443082556 2.5257286443082556
bushtown 1 4.605170185988092 4.605170185988092
buzzsaw 1 4.605170185988092 4.605170185988092
call 1 1.7719568419318754 1.7719568419318754
camel 1 3.506557897319982 3.506557897319982
captivity 1 3.506557897319982 3.506557897319982
carrying 1 2.8134107167600364 2.8134107167600364
cast 1 1.8971199848858813 1.8971199848858813
category 1 0.0 0.0
caused 1 2.407945608651872 2.407945608651872
causing 1 2.659260036932778 2.659260036932778
cave 1 2.8134107167600364 2.8134107167600364
centerpx 1 0.0408219945202552 0.0408219945202552
chain 1 3.506557897319982 3.506557897319982
change 1 0.0 0.0
chaos 1 2.995732273553991 2.995732273553991
chaotic 1 3.506557897319982 3.506557897319982
character 1 1.7147984280919266 1.7147984280919266
charm 1 3.912023005428146 3.912023005428146
child 1 1.07880966137193 1.07880966137193
childhood 1 2.8134107167600364 2.8134107167600364
childrens 1 2.207274913189721 2.207274913189721
chimney 1 4.605170185988092 4.605170185988092
chip 1 2.8134107167600364 2.8134107167600364
christmas 1 2.302585092994046 2.302585092994046
cinematography 1 3.506557897319982 3.506557897319982
circular 1 3.506557897319982 3.506557897319982
citation 1 0.0408219945202552 0.0408219945202552
cite 1 0.0 0.0
citeweb 1 0.5447271754416719 0.5447271754416719
claire 1 3.2188758248682006 3.2188758248682006
claires 1 4.605170185988092 4.605170185988092
clearing 1 4.605170185988092 4.605170185988092
climb 1 3.506557897319982 3.506557897319982
climbing 1 4.605170185988092 4.605170185988092
cluster 1 3.912023005428146 3.912023005428146
code 1 0.0 0.0
comedy 1 2.8134107167600364 2.8134107167600364
common 1 0.0 0.0
commotion 1 4.605170185988092 4.605170185988092
company 1 1.2729656758128876 1.2729656758128876
complete 1 1.8325814637483102 1.8325814637483102
composed 1 1.8971199848858813 1.8971199848858813
conduct 1 0.0 0.0
confused 1 2.8134107167600364 2.8134107167600364
contact 1 0.0 0.0
content 1 0.0 0.0
context 1 0.010050335853501506 0.010050335853501506
contribute 1 0.0 0.0
contribution 1 0.0 0.0
convict 1 4.605170185988092 4.605170185988092
cookie 1 0.0 0.0
cookiematch 1 0.0 0.0
corporation 1 1.8971199848858813 1.8971199848858813
counterlistitema 1 0.127833371509885 0.127833371509885
country 1 0.843970070294529 0.843970070294529
cover 1 1.6094379124341003 1.6094379124341003
create 1 0.0 0.0
creative 1 0.0 0.0
cry 1 2.302585092994046 2.302585092994046
csmaintcolorf 1 0.06187540371808745 0.06187540371808745
csmaintcolorfmedia 1 0.0408219945202552 0.0408219945202552
cswsicon 1 0.0408219945202552 0.0408219945202552
cupboard 1 4.605170185988092 4.605170185988092
current 1 0.0 0.0
cut 1 1.9661128563728327 1.9661128563728327
danger 1 2.407945608651872 2.407945608651872
danglin 1 4.605170185988092 4.605170185988092
date 1 0.3147107448397002 0.3147107448397002
daughter 1 1.5141277326297755 1.5141277326297755
dazed 1 4.605170185988092 4.605170185988092
dead 1 1.5606477482646683 1.5606477482646683
deadly 1 2.8134107167600364 2.8134107167600364
december 1 0.37106368139083196 0.37106368139083196
decides 1 2.995732273553991 2.995732273553991
department 1 1.7719568419318754 1.7719568419318754
description 1 0.07257069283483537 0.07257069283483537
destruction 1 2.659260036932778 2.659260036932778
deutsch 1 0.9416085398584451 0.9416085398584451
developer 1 0.0 0.0
different 1 0.3424903089467759 0.3424903089467759
directed 1 2.120263536200091 2.120263536200091
direction 1 2.8134107167600364 2.8134107167600364
discipline 1 2.8134107167600364 2.8134107167600364
disclaimer 1 0.0 0.0
dislike 1 4.605170185988092 4.605170185988092
distributed 1 2.995732273553991 2.995732273553991
distributor 1 3.912023005428146 3.912023005428146
dmy 1 1.4271163556401458 1.4271163556401458
dog 1 2.995732273553991 2.995732273553991
donate 1 0.0 0.0
dont 1 1.9661128563728327 1.9661128563728327
dorothy 1 3.2188758248682006 3.2188758248682006
dot 1 3.506557897319982 3.506557897319982
download 1 0.0 0.0
dreamer 1 3.912023005428146 3.912023005428146
dtaftercontent 1 0.127833371509885 0.127833371509885
dumb 1 3.912023005428146 3.912023005428146
dunn 1 2.659260036932778 2.659260036932778
dvd 1 2.407945608651872 2.407945608651872
encountered 1 3.912023005428146 3.912023005428146
encyclopedia 1 0.0 0.0
end 1 0.7985076962177716 0.7985076962177716
english 1 0.0 0.0
englishlanguage 1 3.2188758248682006 3.2188758248682006
entertainment 1 1.8325814637483102 1.8325814637483102
entire 1 2.0402208285265546 2.0402208285265546
epic 1 3.2188758248682006 3.2188758248682006
episode 1 1.6094379124341003 1.6094379124341003
escape 1 2.5257286443082556 2.5257286443082556
escaped 1 3.2188758248682006 3.2188758248682006
escaping 1 3.912023005428146 3.912023005428146
evacuate 1 3.912023005428146 3.912023005428146
event 1 0.0 0.0
every 1 1.4271163556401458 1.4271163556401458
everyday 1 4.605170185988092 4.605170185988092
except 1 2.659260036932778 2.659260036932778
existence 1 2.995732273553991 2.995732273553991
exp 1 0.0 0.0
explains 1 2.302585092994046 2.302585092994046
external 1 0.44628710262841953 0.44628710262841953
fact 1 1.5141277326297755 1.5141277326297755
fairy 1 3.912023005428146 3.912023005428146
fall 1 1.07880966137193 1.07880966137193
fallen 1 2.659260036932778 2.659260036932778
family 1 0.9162907318741551 0.9162907318741551
far 1 1.6607312068216509 1.6607312068216509
farm 1 2.659260036932778 2.659260036932778
fat 1 3.912023005428146 3.912023005428146
father 1 1.3093333199837622 1.3093333199837622
feature 1 1.4696759700589417 1.4696759700589417
february 1 0.27443684570176036 0.27443684570176036
feeling 1 2.5257286443082556 2.5257286443082556
fell 1 2.5257286443082556 2.5257286443082556
female 1 2.207274913189721 2.207274913189721
fend 1 4.605170185988092 4.605170185988092
fight 1 1.8325814637483102 1.8325814637483102
file 1 0.0 0.0
film 1 1.4696759700589417 1.4696759700589417
filmed 1 2.659260036932778 2.659260036932778
filmography 1 2.995732273553991 2.995732273553991
filmss 1 3.912023005428146 3.912023005428146
finally 1 1.8971199848858813 1.8971199848858813
find 1 1.3093333199837622 1.3093333199837622
flap 1 3.912023005428146 3.912023005428146
flipper 1 4.605170185988092 4.605170185988092
flo 1 3.912023005428146 3.912023005428146
flos 1 4.605170185988092 4.605170185988092
flying 1 3.2188758248682006 3.2188758248682006
followed 1 1.3093333199837622 1.3093333199837622
follows 1 2.302585092994046 2.302585092994046
footage 1 2.8134107167600364 2.8134107167600364
forcing 1 3.506557897319982 3.506557897319982
forest 1 2.302585092994046 2.302585092994046
form 1 1.3470736479666094 1.3470736479666094
former 1 0.9675840262617057 0.9675840262617057
foundation 1 0.0 0.0
frank 1 1.7147984280919266 1.7147984280919266
free 1 0.0 0.0
friend 1 1.3470736479666094 1.3470736479666094
frilledneck 1 4.605170185988092 4.605170185988092
frog 1 3.506557897319982 3.506557897319982
gang 1 2.5257286443082556 2.5257286443082556
general 1 0.0 0.0
genre 1 2.207274913189721 2.207274913189721
geoff 1 3.2188758248682006 3.2188758248682006
get 1 0.0 0.0
girl 1 1.7719568419318754 1.7719568419318754
glennys 1 4.605170185988092 4.605170185988092
gloop 1 4.605170185988092 4.605170185988092
go 1 2.120263536200091 2.120263536200091
goodbye 1 3.2188758248682006 3.2188758248682006
granny 1 4.605170185988092 4.605170185988092
greater 1 2.302585092994046 2.302585092994046
greenpatch 1 4.605170185988092 4.605170185988092
gribbit 1 4.605170185988092 4.605170185988092
grief 1 4.605170185988092 4.605170185988092
gross 1 2.995732273553991 2.995732273553991
grossed 1 4.605170185988092 4.605170185988092
ground 1 1.8325814637483102 1.8325814637483102
grunty 1 4.605170185988092 4.605170185988092
guilty 1 2.8134107167600364 2.8134107167600364
guy 1 2.407945608651872 2.407945608651872
hammond 1 3.506557897319982 3.506557897319982
happened 1 2.5257286443082556 2.5257286443082556
happy 1 2.659260036932778 2.659260036932778
hardofhearing 1 4.605170185988092 4.605170185988092
harry 1 2.120263536200091 2.120263536200091
harrys 1 4.605170185988092 4.605170185988092
hate 1 3.912023005428146 3.912023005428146
hatnote 1 0.843970070294529 0.843970070294529
help 1 0.0 0.0
helper 1 4.605170185988092 4.605170185988092
hidden 1 0.010050335853501506 0.010050335853501506
hide 1 0.0 0.0
hiding 1 3.912023005428146 3.912023005428146
higgins 1 3.506557897319982 3.506557897319982
history 1 0.0 0.0
hlist 1 0.127833371509885 0.127833371509885
hlistinline 1 0.127833371509885 0.127833371509885
hollywood 1 2.8134107167600364 2.8134107167600364
home 1 0.7339691750802005 0.7339691750802005
homeless 1 3.506557897319982 3.506557897319982
hotel 1 2.5257286443082556 2.5257286443082556
house 1 1.0216512475319812 1.0216512475319812
human 1 1.3862943611198906 1.3862943611198906
husband 1 1.9661128563728327 1.9661128563728327
idlockfree 1 0.0408219945202552 0.0408219945202552
idlockfreeidlockfree 1 0.0408219945202552 0.0408219945202552
idlocklimited 1 0.0408219945202552 0.0408219945202552
idlockregistration 1 0.0408219945202552 0.0408219945202552
idlocksubscription 1 0.0408219945202552 0.0408219945202552
ignoring 1 3.506557897319982 3.506557897319982
imdb 1 2.302585092994046 2.302585092994046
imdbtitle 1 4.605170185988092 4.605170185988092
imgsrc 1 1.3862943611198906 1.3862943611198906
immediately 1 2.207274913189721 2.207274913189721
inc 1 0.0 0.0
including 1 0.7133498878774648 0.7133498878774648
indicated 1 2.5257286443082556 2.5257286443082556
infobox 1 0.3011050927839216 0.3011050927839216
infoboxalbum 1 2.995732273553991 2.995732273553991
infoboxfilm 1 3.912023005428146 3.912023005428146
infoboxtable 1 0.3147107448397002 0.3147107448397002
information 1 0.0 0.0
instead 1 1.6607312068216509 1.6607312068216509
investigate 1 2.8134107167600364 2.8134107167600364
item 1 0.010050335853501506 0.010050335853501506
jacko 1 4.605170185988092 4.605170185988092
jerzy 1 4.605170185988092 4.605170185988092
joe 1 1.5141277326297755 1.5141277326297755
joes 1 4.605170185988092 4.605170185988092
john 1 0.49429632181478017 0.49429632181478017
join 1 1.6607312068216509 1.6607312068216509
joseph 1 1.5141277326297755 1.5141277326297755
julie 1 2.5257286443082556 2.5257286443082556
july 1 0.43078291609245434 0.43078291609245434
jump 1 0.0 0.0
june 1 0.40047756659712536 0.40047756659712536
kangaroo 1 3.912023005428146 3.912023005428146
keep 1 1.7719568419318754 1.7719568419318754
keeto 1 4.605170185988092 4.605170185988092
keith 1 2.407945608651872 2.407945608651872
kevin 1 1.5606477482646683 1.5606477482646683
kid 1 1.8971199848858813 1.8971199848858813
kidnapped 1 3.506557897319982 3.506557897319982
knock 1 3.2188758248682006 3.2188758248682006
known 1 0.7985076962177716 0.7985076962177716
koala 1 4.605170185988092 4.605170185988092
koalapermanent 1 4.605170185988092 4.605170185988092
kookaburra 1 4.605170185988092 4.605170185988092
label 1 2.5257286443082556 2.5257286443082556
lacking 1 2.120263536200091 2.120263536200091
language 1 0.0 0.0
last 1 0.0 0.0
latter 1 1.6607312068216509 1.6607312068216509
laugh 1 3.912023005428146 3.912023005428146
layout 1 2.659260036932778 2.659260036932778
leaking 1 4.605170185988092 4.605170185988092
learn 1 0.0 0.0
leave 1 2.407945608651872 2.407945608651872
lee 1 1.6607312068216509 1.6607312068216509
left 1 1.171182981502945 1.171182981502945
length 1 1.7719568419318754 1.7719568419318754
leo 1 2.8134107167600364 2.8134107167600364
leonard 1 2.659260036932778 2.659260036932778
less 1 1.5141277326297755 1.5141277326297755
let 1 1.8325814637483102 1.8325814637483102
liaftercontent 1 0.127833371509885 0.127833371509885
license 1 0.0 0.0
life 1 0.5447271754416719 0.5447271754416719
light 1 1.3862943611198906 1.3862943611198906
like 1 1.2039728043259361 1.2039728043259361
limarginbottom 1 0.9675840262617057 0.9675840262617057
line 1 1.4696759700589417 1.4696759700589417
link 1 0.0 0.0
list 1 0.6348782724359695 0.6348782724359695
listing 1 2.407945608651872 2.407945608651872
little 1 1.4696759700589417 1.4696759700589417
live 1 1.2378743560016172 1.2378743560016172
liveaction 1 3.2188758248682006 3.2188758248682006
lizard 1 3.912023005428146 3.912023005428146
local 1 1.4696759700589417 1.4696759700589417
locates 1 4.605170185988092 4.605170185988092
location 1 1.171182981502945 1.171182981502945
locked 1 3.912023005428146 3.912023005428146
log 1 0.0 0.0
logged 1 0.0 0.0
lopaka 1 4.605170185988092 4.605170185988092
lyric 1 2.8134107167600364 2.8134107167600364
machine 1 1.4696759700589417 1.4696759700589417
magic 1 2.659260036932778 2.659260036932778
magpie 1 4.605170185988092 4.605170185988092
magyar 1 2.0402208285265546 2.0402208285265546
main 1 0.0 0.0
make 1 1.0498221244986776 1.0498221244986776
man 1 1.0498221244986776 1.0498221244986776
manages 1 3.912023005428146 3.912023005428146
many 1 0.7550225842780328 0.7550225842780328
marcia 1 4.605170185988092 4.605170185988092
marsupial 1 4.605170185988092 4.605170185988092
mattie 1 4.605170185988092 4.605170185988092
may 1 0.0 0.0
mayor 1 2.8134107167600364 2.8134107167600364
meanwhile 1 2.8134107167600364 2.8134107167600364
medium 1 0.49429632181478017 0.49429632181478017
meet 1 1.6607312068216509 1.6607312068216509
men 1 1.2039728043259361 1.2039728043259361
mentor 1 3.506557897319982 3.506557897319982
menu 1 0.0 0.0
microformats 1 2.5257286443082556 2.5257286443082556
mill 1 2.302585092994046 2.302585092994046
million 1 1.6094379124341003 1.6094379124341003
minute 1 1.6607312068216509 1.6607312068216509
mischief 1 4.605170185988092 4.605170185988092
mischievous 1 4.605170185988092 4.605170185988092
miss 1 2.302585092994046 2.302585092994046
mobile 1 0.0 0.0
moore 1 2.120263536200091 2.120263536200091
morning 1 1.8325814637483102 1.8325814637483102
mother 1 1.5141277326297755 1.5141277326297755
motherhood 1 4.605170185988092 4.605170185988092
mouse 1 3.506557897319982 3.506557897319982
move 1 0.0 0.0
movie 1 1.7719568419318754 1.7719568419318754
mr 1 2.5257286443082556 2.5257286443082556
music 1 1.3862943611198906 1.3862943611198906
musical 1 1.8971199848858813 1.8971199848858813
named 1 1.2039728043259361 1.2039728043259361
narrowly 1 3.2188758248682006 3.2188758248682006
national 1 0.5108256237659907 0.5108256237659907
navbar 1 0.23572233352106994 0.23572233352106994
navbarfontsizemedia 1 0.3147107448397002 0.3147107448397002
navbarmini 1 0.23572233352106994 0.23572233352106994
navbox 1 0.1392620673335076 0.1392620673335076
navboximage 1 0.1392620673335076 0.1392620673335076
navboxsubgroup 1 0.1392620673335076 0.1392620673335076
navboxtitle 1 0.1392620673335076 0.1392620673335076
navigation 1 0.0 0.0
network 1 1.3470736479666094 1.3470736479666094
new 1 0.24846135929849972 0.24846135929849972
newfound 1 3.912023005428146 3.912023005428146
news 1 0.843970070294529 0.843970070294529
next 1 1.1086626245216111 1.1086626245216111
nicholai 1 4.605170185988092 4.605170185988092
night 1 1.7719568419318754 1.7719568419318754
nina 1 3.912023005428146 3.912023005428146
nonprofit 1 0.0 0.0
normal 1 2.995732273553991 2.995732273553991
north 1 0.8209805520698303 0.8209805520698303
note 1 0.8209805520698303 0.8209805520698303
nothing 1 2.5257286443082556 2.5257286443082556
novel 1 2.5257286443082556 2.5257286443082556
november 1 0.3011050927839216 0.3011050927839216
nowhere 1 3.912023005428146 3.912023005428146
nurse 1 3.2188758248682006 3.2188758248682006
nutsy 1 4.605170185988092 4.605170185988092
nutsys 1 4.605170185988092 4.605170185988092
october 1 0.28768207245178085 0.28768207245178085
office 1 1.1086626245216111 1.1086626245216111
often 1 1.6607312068216509 1.6607312068216509
old 1 1.07880966137193 1.07880966137193
ollibeforecontent 1 0.127833371509885 0.127833371509885
one 1 0.23572233352106994 0.23572233352106994
order 1 1.171182981502945 1.171182981502945
organization 1 0.0 0.0
organizationname 1 0.010050335853501506 0.010050335853501506
original 1 0.4155154439616658 0.4155154439616658
others 1 1.1394342831883648 1.1394342831883648
ozerski 1 4.605170185988092 4.605170185988092
ozmovies 1 4.605170185988092 4.605170185988092
page 1 0.0 0.0
palmer 1 2.995732273553991 2.995732273553991
paradrop 1 4.605170185988092 4.605170185988092
parameter 1 2.120263536200091 2.120263536200091
parent 1 1.9661128563728327 1.9661128563728327
party 1 1.2378743560016172 1.2378743560016172
paul 1 0.8675005677047231 0.8675005677047231
pdf 1 1.0498221244986776 1.0498221244986776
pdfprintable 1 0.0 0.0
peace 1 2.0402208285265546 2.0402208285265546
pelican 1 3.912023005428146 3.912023005428146
performance 1 1.7719568419318754 1.7719568419318754
permanent 1 0.0 0.0
permanently 1 2.5257286443082556 2.5257286443082556
personal 1 0.0 0.0
place 1 0.653926467406664 0.653926467406664
plainlist 1 0.7339691750802005 0.7339691750802005
platypus 1 4.605170185988092 4.605170185988092
pleased 1 3.506557897319982 3.506557897319982
plot 1 2.5257286443082556 2.5257286443082556
police 1 1.7719568419318754 1.7719568419318754
policy 1 0.0 0.0
porges 1 4.605170185988092 4.605170185988092
portal 1 0.0 0.0
poster 1 2.407945608651872 2.407945608651872
pound 1 3.2188758248682006 3.2188758248682006
pride 1 2.8134107167600364 2.8134107167600364
printbodyns 1 0.09431067947124142 0.09431067947124142
printexport 1 0.0 0.0
privacy 1 0.0 0.0
produced 1 1.7719568419318754 1.7719568419318754
producer 1 2.0402208285265546 2.0402208285265546
production 1 1.6607312068216509 1.6607312068216509
productioncompany 1 4.605170185988092 4.605170185988092
project 1 0.0 0.0
protect 1 3.2188758248682006 3.2188758248682006
pym 1 3.912023005428146 3.912023005428146
rally 1 2.659260036932778 2.659260036932778
rampaging 1 4.605170185988092 4.605170185988092
random 1 0.0 0.0
read 1 0.0 0.0
real 1 1.4271163556401458 1.4271163556401458
receiving 1 1.8971199848858813 1.8971199848858813
recent 1 0.0 0.0
recorded 1 1.6607312068216509 1.6607312068216509
reducing 1 2.995732273553991 2.995732273553991
reference 1 0.03045920748470844 0.03045920748470844
reflist 1 0.06187540371808745 0.06187540371808745
reflistcolumns 1 0.06187540371808745 0.06187540371808745
refused 1 2.659260036932778 2.659260036932778
reg 1 0.0 0.0
registered 1 0.0 0.0
related 1 0.0 0.0
release 1 1.3093333199837622 1.3093333199837622
released 1 1.2729656758128876 1.2729656758128876
rescue 1 2.659260036932778 2.659260036932778
retrieved 1 0.0 0.0
riddle 1 4.605170185988092 4.605170185988092
river 1 1.4271163556401458 1.4271163556401458
riverbank 1 4.605170185988092 4.605170185988092
roadshow 1 3.912023005428146 3.912023005428146
robertson 1 2.659260036932778 2.659260036932778
robyn 1 4.605170185988092 4.605170185988092
robyne 1 3.912023005428146 3.912023005428146
ross 1 2.0402208285265546 2.0402208285265546
ruff 1 4.605170185988092 4.605170185988092
run 1 1.171182981502945 1.171182981502945
running 1 1.6607312068216509 1.6607312068216509
samuel 1 2.302585092994046 2.302585092994046
sarah 1 2.302585092994046 2.302585092994046
save 1 1.8971199848858813 1.8971199848858813
sawdust 1 4.605170185988092 4.605170185988092
school 1 0.7765287894989963 0.7765287894989963
scolding 1 4.605170185988092 4.605170185988092
scored 1 2.302585092994046 2.302585092994046
scott 1 1.2729656758128876 1.2729656758128876
screen 1 0.010050335853501506 0.010050335853501506
search 1 0.0 0.0
seaside 1 3.912023005428146 3.912023005428146
season 1 1.1394342831883648 1.1394342831883648
security 1 1.6607312068216509 1.6607312068216509
see 1 0.40047756659712536 0.40047756659712536
september 1 0.43078291609245434 0.43078291609245434
series 1 0.8675005677047231 0.8675005677047231
set 1 0.9942522733438669 0.9942522733438669
seven 1 1.6094379124341003 1.6094379124341003
share 1 0.0 0.0
shattered 1 4.605170185988092 4.605170185988092
sherman 1 2.995732273553991 2.995732273553991
shirt 1 3.506557897319982 3.506557897319982
shopkeeper 1 3.912023005428146 3.912023005428146
short 1 0.06187540371808745 0.06187540371808745
shortdescription 1 0.2613647641344075 0.2613647641344075
shortened 1 0.0 0.0
sidebar 1 0.0 0.0
sideboxmarginpx 1 1.3862943611198906 1.3862943611198906
sideboxtextpaddingem 1 1.3862943611198906 1.3862943611198906
sight 1 3.506557897319982 3.506557897319982
sing 1 3.912023005428146 3.912023005428146
sistersitebox 1 1.3862943611198906 1.3862943611198906
site 1 0.0 0.0
sixyearold 1 4.605170185988092 4.605170185988092
skippy 1 4.605170185988092 4.605170185988092
sleep 1 3.2188758248682006 3.2188758248682006
slingshot 1 4.605170185988092 4.605170185988092
slip 1 3.506557897319982 3.506557897319982
smith 1 1.2039728043259361 1.2039728043259361
smuggler 1 4.605170185988092 4.605170185988092
snake 1 3.2188758248682006 3.2188758248682006
sneak 1 3.506557897319982 3.506557897319982
solid 1 0.09431067947124142 0.09431067947124142
song 1 1.3470736479666094 1.3470736479666094
sort 1 3.2188758248682006 3.2188758248682006
sound 1 1.7719568419318754 1.7719568419318754
soundtrack 1 2.659260036932778 2.659260036932778
space 1 1.7719568419318754 1.7719568419318754
spark 1 2.995732273553991 2.995732273553991
special 1 0.0 0.0
splodge 1 4.605170185988092 4.605170185988092
start 1 1.4271163556401458 1.4271163556401458
startup 1 3.912023005428146 3.912023005428146
statement 1 0.0 0.0
statistic 1 0.0 0.0
stay 1 2.0402208285265546 2.0402208285265546
store 1 2.5257286443082556 2.5257286443082556
story 1 1.5606477482646683 1.5606477482646683
studio 1 1.8971199848858813 1.8971199848858813
subsection 1 0.3424903089467759 0.3424903089467759
sung 1 2.995732273553991 2.995732273553991
sunrise 1 3.506557897319982 3.506557897319982
superimposed 1 4.605170185988092 4.605170185988092
superior 1 2.8134107167600364 2.8134107167600364
sydneybased 1 4.605170185988092 4.605170185988092
tabaluga 1 4.605170185988092 4.605170185988092
table 1 0.0 0.0
take 1 0.9675840262617057 0.9675840262617057
taking 1 1.6607312068216509 1.6607312068216509
tale 1 3.2188758248682006 3.2188758248682006
talk 1 0.0 0.0
talking 1 2.8134107167600364 2.8134107167600364
tank 1 2.5257286443082556 2.5257286443082556
tdhlist 1 0.1392620673335076 0.1392620673335076
teacher 1 1.9661128563728327 1.9661128563728327
tearfully 1 4.605170185988092 4.605170185988092
television 1 1.6607312068216509 1.6607312068216509
tell 1 2.407945608651872 2.407945608651872
template 1 0.0 0.0
temporarily 1 3.506557897319982 3.506557897319982
term 1 0.0 0.0
text 1 0.0 0.0
thbodyskinresponsive 1 0.3147107448397002 0.3147107448397002
theatrical 1 3.2188758248682006 3.2188758248682006
three 1 0.5798184952529422 0.5798184952529422
time 1 0.28768207245178085 0.28768207245178085
title 1 0.9162907318741551 0.9162907318741551
titular 1 3.2188758248682006 3.2188758248682006
toggle 1 0.010050335853501506 0.010050335853501506
tom 1 1.2378743560016172 1.2378743560016172
tomboyish 1 4.605170185988092 4.605170185988092
tonight 1 3.2188758248682006 3.2188758248682006
tool 1 0.0 0.0
top 1 0.010050335853501506 0.010050335853501506
topic 1 0.0 0.0
total 1 0.0 0.0
towards 1 2.120263536200091 2.120263536200091
track 1 1.7719568419318754 1.7719568419318754
tracklist 1 2.995732273553991 2.995732273553991
tracklisttotallength 1 2.995732273553991 2.995732273553991
tractor 1 4.605170185988092 4.605170185988092
trademark 1 0.0 0.0
tragic 1 2.8134107167600364 2.8134107167600364
trapped 1 3.2188758248682006 3.2188758248682006
tree 1 2.5257286443082556 2.5257286443082556
trouble 1 2.995732273553991 2.995732273553991
truck 1 2.995732273553991 2.995732273553991
try 1 2.5257286443082556 2.5257286443082556
two 1 0.43078291609245434 0.43078291609245434
ulpaddingem 1 0.1392620673335076 0.1392620673335076
umbrella 1 4.605170185988092 4.605170185988092
unconscious 1 3.912023005428146 3.912023005428146
underwater 1 4.605170185988092 4.605170185988092
unfortunately 1 3.2188758248682006 3.2188758248682006
uniform 1 2.302585092994046 2.302585092994046
union 1 1.07880966137193 1.07880966137193
unknown 1 2.207274913189721 2.207274913189721
upload 1 0.0 0.0
urge 1 3.2188758248682006 3.2188758248682006
use 1 0.0 0.0
using 1 0.0 0.0
utc 1 0.0 0.0
var 1 0.0 0.0
version 1 0.0 0.0
vhs 1 3.506557897319982 3.506557897319982
victoria 1 2.407945608651872 2.407945608651872
view 1 0.0 0.0
vte 1 0.7550225842780328 0.7550225842780328
waiting 1 3.2188758248682006 3.2188758248682006
wake 1 2.407945608651872 2.407945608651872
wall 1 1.9661128563728327 1.9661128563728327
wallaby 1 4.605170185988092 4.605170185988092
water 1 1.5606477482646683 1.5606477482646683
wave 1 2.995732273553991 2.995732273553991
way 1 1.1086626245216111 1.1086626245216111
wayback 1 1.8971199848858813 1.8971199848858813
wear 1 2.302585092994046 2.302585092994046
webarchive 1 2.0402208285265546 2.0402208285265546
whale 1 3.912023005428146 3.912023005428146
whistle 1 3.506557897319982 3.506557897319982
white 1 1.171182981502945 1.171182981502945
who 1 2.659260036932778 2.659260036932778
wife 1 1.7719568419318754 1.7719568419318754
wikidata 1 0.010050335853501506 0.010050335853501506
wikimedia 1 0.0 0.0
wikipedia 1 0.0 0.0
wild 1 2.302585092994046 2.302585092994046
witness 1 2.407945608651872 2.407945608651872
wombat 1 4.605170185988092 4.605170185988092
wombo 1 4.605170185988092 4.605170185988092
wood 1 1.7147984280919266 1.7147984280919266
woodcutter 1 4.605170185988092 4.605170185988092
woodlanders 1 4.605170185988092 4.605170185988092
world 1 0.5108256237659907 0.5108256237659907
written 1 0.9416085398584451 0.9416085398584451
yellow 1 1.9661128563728327 1.9661128563728327
yoram 1 4.605170185988092 4.605170185988092
young 1 1.2378743560016172 1.2378743560016172
